0 0.707320 0.884401 0.036224 0.022420
0 0.498209 0.262136 0.033638 0.030206
0 0.499926 0.363841 0.035036 0.036485
0 0.828621 0.880327 0.028305 0.030130
0 0.857944 0.879127 0.028354 0.034825
0 0.829590 0.845099 0.025622 0.028528
0 0.499198 0.293423 0.032305 0.030187
0 0.870896 0.842164 0.036369 0.036504
0 0.704276 0.525263 0.037702 0.036523
0 0.884601 0.877965 0.028338 0.033260
0 0.705368 0.630889 0.035020 0.034920
0 0.856480 0.737510 0.028338 0.033260
0 0.498471 0.223006 0.032273 0.027058
0 0.804251 0.844678 0.028338 0.033260
0 0.882470 0.736357 0.027021 0.034806
0 0.500306 0.400614 0.029654 0.031714
0 0.869518 0.773320 0.037670 0.033393
0 0.868742 0.698209 0.035036 0.036485
0 0.498678 0.436634 0.031020 0.034863
0 0.828110 0.701918 0.028305 0.030130
0 0.702376 0.341396 0.029654 0.031714
0 0.650264 0.524467 0.036305 0.030244
0 0.825863 0.484406 0.028305 0.030130
0 0.869866 0.806965 0.035020 0.034920
0 0.828034 0.629925 0.026972 0.030111
0 0.496847 0.194858 0.032305 0.030187
0 0.865984 0.302288 0.035036 0.036485
0 0.867348 0.627801 0.033670 0.033336
0 0.706499 0.740427 0.035020 0.034920
0 0.704803 0.705238 0.032370 0.036447
0 0.867703 0.662227 0.033702 0.036466
0 0.811407 0.375840 0.036353 0.034939
0 0.825794 0.413196 0.026988 0.031676
0 0.799517 0.451132 0.029687 0.034844
0 0.811035 0.339849 0.036353 0.034939
0 0.760495 0.739659 0.031020 0.034863
0 0.797788 0.412813 0.027005 0.033241
0 0.594563 0.489263 0.032337 0.033317
0 0.800408 0.666315 0.027005 0.033241
0 0.707227 0.810845 0.032353 0.034882
0 0.652790 0.704413 0.032337 0.033317
0 0.706306 0.850767 0.035069 0.039615
0 0.812600 0.555805 0.032353 0.034882
0 0.825499 0.449197 0.028354 0.034825
0 0.704175 0.450924 0.030988 0.031733
0 0.815824 0.738871 0.035053 0.038050
0 0.703880 0.486925 0.035053 0.038050
0 0.595617 0.526810 0.036434 0.042763
0 0.759659 0.594120 0.035053 0.038050
0 0.646667 0.305410 0.036402 0.039634
0 0.757868 0.485373 0.033702 0.036466
0 0.756077 0.376628 0.032386 0.038012
0 0.651000 0.595667 0.036418 0.041198
0 0.757132 0.414174 0.031053 0.037993
0 0.702663 0.304613 0.036402 0.039634
0 0.758248 0.522148 0.033719 0.038031
0 0.594105 0.380499 0.036385 0.038069
0 0.650612 0.558110 0.036353 0.034939
0 0.759744 0.666894 0.033702 0.036466
0 0.648404 0.344511 0.036369 0.036504
0 0.649233 0.489268 0.035085 0.041179
0 0.705081 0.667672 0.033702 0.036466
0 0.760047 0.631676 0.035020 0.034920
0 0.759465 0.704460 0.032370 0.036447
0 0.592663 0.305396 0.035053 0.038050
0 0.867651 0.592583 0.035053 0.038050
0 0.595152 0.417263 0.035036 0.036485
0 0.865419 0.376637 0.035020 0.034920
0 0.706871 0.776419 0.035020 0.034920
0 0.701415 0.377406 0.032386 0.038012
0 0.704979 0.593333 0.035020 0.034920
0 0.648776 0.380503 0.033702 0.036466
0 0.648845 0.451712 0.035020 0.034920
0 0.705291 0.558897 0.036321 0.031809
0 0.758155 0.448591 0.032321 0.031752
0 0.761890 0.810067 0.035020 0.034920
0 0.593725 0.343724 0.033702 0.036466
0 0.652208 0.777197 0.035085 0.041179
0 0.651388 0.633223 0.036353 0.034939
0 0.865116 0.411854 0.033670 0.033336
0 0.866216 0.518263 0.036369 0.036504
0 0.651751 0.668431 0.036369 0.036504
0 0.758620 0.558138 0.030988 0.031733
0 0.756000 0.304636 0.033719 0.038031
0 0.827739 0.665926 0.031037 0.036428
0 0.594857 0.453263 0.033702 0.036466
0 0.812228 0.519814 0.035053 0.038050
0 0.800694 0.629532 0.028354 0.034825
0 0.760851 0.774085 0.033686 0.034901
0 0.811313 0.302283 0.037718 0.038088
0 0.816188 0.774080 0.035004 0.033355
0 0.866139 0.446271 0.032337 0.033317
0 0.653263 0.814743 0.036353 0.034939
0 0.812980 0.592579 0.037702 0.036523
0 0.761595 0.846067 0.033686 0.034901
0 0.867263 0.555026 0.035020 0.034920
0 0.866503 0.481480 0.035020 0.034920
0 0.701803 0.414961 0.035020 0.034920
0 0.654960 0.849933 0.036369 0.036504
0 0.865047 0.340645 0.035053 0.038050
0 0.655332 0.885923 0.036369 0.036504
0 0.763300 0.882039 0.033719 0.038031
0 0.757031 0.339835 0.032337 0.033317
0 0.816568 0.810853 0.037686 0.034958
0 0.652487 0.739631 0.033686 0.034901
0 0.648481 0.416503 0.035036 0.036485
