0 0.510100 0.293284 0.031086 0.032092
0 0.506182 0.378330 0.027946 0.024075
0 0.505102 0.363356 0.029757 0.031979
0 0.485133 0.783858 0.025478 0.026966
0 0.511410 0.261279 0.032513 0.033764
0 0.504072 0.401650 0.026422 0.020845
0 0.177260 0.714649 0.035461 0.038665
0 0.502869 0.421131 0.029371 0.025747
0 0.231833 0.718497 0.030046 0.036655
0 0.123209 0.713195 0.028620 0.034984
0 0.282739 0.619422 0.033843 0.033877
0 0.291078 0.473653 0.040396 0.032882
0 0.292483 0.440092 0.039354 0.037445
0 0.772792 0.260746 0.037177 0.045012
0 0.214636 0.834532 0.037273 0.046570
0 0.288053 0.511778 0.039932 0.046796
0 0.296914 0.368403 0.039162 0.034328
0 0.869859 0.453058 0.040685 0.037558
0 0.871978 0.418773 0.040685 0.037558
0 0.159688 0.825952 0.043440 0.039342
0 0.514434 0.223155 0.031086 0.032092
0 0.294987 0.399572 0.039162 0.034328
0 0.165023 0.750426 0.039739 0.043679
0 0.161999 0.788550 0.043440 0.039342
0 0.285030 0.549904 0.040588 0.036000
0 0.818023 0.415760 0.036695 0.037220
0 0.516168 0.195103 0.030894 0.028975
0 0.220116 0.756667 0.035750 0.043340
0 0.284192 0.585081 0.040685 0.037558
0 0.217188 0.793234 0.039450 0.039003
0 0.104595 0.819711 0.045348 0.048805
0 0.877218 0.344804 0.039643 0.042120
0 0.867548 0.490460 0.038025 0.037332
0 0.184322 0.394881 0.039354 0.037445
0 0.108977 0.748803 0.042399 0.043905
0 0.875426 0.384601 0.038025 0.037332
0 0.823927 0.341849 0.039450 0.039003
0 0.279859 0.655210 0.043536 0.040901
0 0.820286 0.379138 0.036791 0.038777
0 0.192757 0.247554 0.040588 0.036000
0 0.186585 0.358257 0.039450 0.039003
0 0.825005 0.302775 0.039643 0.042120
0 0.246155 0.292034 0.041263 0.046909
0 0.190446 0.284956 0.040781 0.039116
0 0.195782 0.209428 0.042399 0.043905
0 0.189512 0.321692 0.040877 0.040675
0 0.298512 0.331725 0.043633 0.042459
0 0.301681 0.291263 0.042303 0.042346
0 0.514162 0.242715 0.027008 0.009330
