0 0.240000 0.789474 0.033333 0.039474
0 0.499567 0.347574 0.047378 0.032418
0 0.499444 0.311513 0.043333 0.038158
0 0.499444 0.379441 0.043333 0.032237
0 0.498333 0.493421 0.043333 0.029605
0 0.909444 0.499178 0.034444 0.037829
0 0.499444 0.146382 0.041111 0.032895
0 0.908889 0.333059 0.035556 0.037829
0 0.806111 0.499178 0.032222 0.041118
0 0.498333 0.278783 0.041111 0.027961
0 0.238333 0.500822 0.032222 0.037829
0 0.511111 0.746711 0.024444 0.029605
0 0.238889 0.374178 0.035556 0.024671
0 0.499444 0.178454 0.041111 0.037829
0 0.498889 0.212171 0.044444 0.029605
0 0.910556 0.915296 0.032222 0.047697
0 0.239444 0.750822 0.034444 0.041118
0 0.807222 0.872533 0.034444 0.037829
0 0.241111 0.917763 0.035556 0.046053
0 0.240556 0.877467 0.034444 0.037829
0 0.807222 0.788651 0.034444 0.044408
0 0.911667 0.871711 0.034444 0.036184
0 0.705000 0.872533 0.032222 0.041118
0 0.394444 0.460526 0.035556 0.049342
0 0.600556 0.332237 0.036667 0.046053
0 0.807222 0.748355 0.034444 0.039474
0 0.081667 0.586349 0.032222 0.044408
0 0.600556 0.417763 0.032222 0.036184
0 0.653333 0.871711 0.033333 0.036184
0 0.909444 0.579770 0.034444 0.037829
0 0.497778 0.245066 0.042222 0.039474
0 0.806111 0.333882 0.034444 0.042763
0 0.910000 0.620066 0.033333 0.042763
0 0.910000 0.661184 0.031111 0.039474
0 0.136111 0.583882 0.034444 0.042763
0 0.240000 0.666118 0.033333 0.039474
0 0.806667 0.707237 0.033333 0.042763
0 0.241111 0.833882 0.035556 0.049342
0 0.652778 0.747533 0.034444 0.037829
0 0.082778 0.293586 0.034444 0.037829
0 0.908333 0.458882 0.034444 0.042763
0 0.806111 0.912007 0.034444 0.041118
0 0.239444 0.583059 0.034444 0.041118
0 0.081667 0.208059 0.036667 0.047697
0 0.910556 0.746711 0.036667 0.036184
0 0.237778 0.162007 0.033333 0.050987
0 0.135000 0.159539 0.034444 0.042763
0 0.549444 0.746711 0.030000 0.039474
0 0.703889 0.665296 0.032222 0.041118
0 0.702778 0.499178 0.032222 0.044408
0 0.910556 0.787829 0.034444 0.046053
0 0.806667 0.581414 0.033333 0.041118
0 0.081667 0.254934 0.038889 0.042763
0 0.239444 0.625000 0.034444 0.042763
0 0.908889 0.415296 0.033333 0.041118
0 0.806667 0.625000 0.033333 0.039474
0 0.755556 0.705592 0.035556 0.039474
0 0.395556 0.332237 0.031111 0.039474
0 0.909444 0.540296 0.034444 0.041118
0 0.807222 0.832237 0.034444 0.042763
0 0.135000 0.502467 0.034444 0.041118
0 0.756111 0.872533 0.034444 0.041118
0 0.908889 0.160362 0.035556 0.044408
0 0.806111 0.664474 0.034444 0.042763
0 0.240556 0.708882 0.034444 0.046053
0 0.756667 0.790296 0.033333 0.044408
0 0.549444 0.917763 0.036667 0.042763
0 0.653333 0.541118 0.031111 0.032895
0 0.136111 0.543586 0.032222 0.041118
0 0.083333 0.417763 0.035556 0.042763
0 0.705000 0.914474 0.034444 0.042763
0 0.805000 0.159539 0.032222 0.046053
0 0.705000 0.579770 0.030000 0.041118
0 0.704444 0.832237 0.035556 0.039474
0 0.705000 0.749178 0.034444 0.041118
0 0.550000 0.331414 0.033333 0.037829
0 0.185000 0.291941 0.030000 0.044408
0 0.910000 0.833059 0.035556 0.041118
0 0.082222 0.161184 0.037778 0.046053
0 0.652222 0.457237 0.033333 0.032895
0 0.702778 0.333059 0.034444 0.041118
0 0.083333 0.546053 0.033333 0.039474
0 0.653333 0.706414 0.033333 0.047697
0 0.237778 0.205592 0.031111 0.036184
0 0.394444 0.416941 0.031111 0.041118
0 0.133889 0.203947 0.036667 0.046053
0 0.653333 0.833059 0.035556 0.041118
0 0.806667 0.541118 0.033333 0.039474
0 0.911111 0.705592 0.035556 0.046053
0 0.135000 0.419408 0.034444 0.042763
0 0.550556 0.157072 0.034444 0.047697
0 0.755556 0.832237 0.033333 0.039474
0 0.549444 0.248355 0.032222 0.046053
0 0.855556 0.203947 0.035556 0.046053
0 0.548333 0.706414 0.032222 0.041118
0 0.548889 0.831414 0.035556 0.037829
0 0.548333 0.872533 0.034444 0.044408
0 0.755000 0.621711 0.034444 0.042763
0 0.806667 0.375000 0.031111 0.039474
0 0.805000 0.415296 0.034444 0.041118
0 0.344444 0.157895 0.033333 0.046053
0 0.856667 0.290296 0.031111 0.041118
0 0.135000 0.377467 0.032222 0.041118
0 0.395000 0.373355 0.030000 0.042763
0 0.756667 0.915296 0.037778 0.044408
0 0.237778 0.333882 0.033333 0.042763
0 0.908889 0.294408 0.035556 0.039474
0 0.652778 0.664474 0.034444 0.039474
0 0.651667 0.374178 0.034444 0.041118
0 0.754444 0.376645 0.033333 0.039474
0 0.238889 0.541118 0.033333 0.042763
0 0.238889 0.414474 0.035556 0.046053
0 0.755000 0.541118 0.034444 0.042763
0 0.755556 0.580592 0.033333 0.039474
0 0.703889 0.708059 0.034444 0.041118
0 0.600556 0.455592 0.030000 0.039474
0 0.805556 0.250000 0.035556 0.042763
0 0.754444 0.664474 0.035556 0.042763
0 0.082778 0.461349 0.034444 0.044408
0 0.292222 0.159539 0.035556 0.046053
0 0.395556 0.159539 0.035556 0.046053
0 0.083333 0.504934 0.035556 0.042763
0 0.135556 0.461349 0.035556 0.041118
0 0.550000 0.293586 0.033333 0.041118
0 0.343889 0.289474 0.032222 0.039474
0 0.856667 0.247533 0.035556 0.041118
0 0.856111 0.158717 0.034444 0.044408
0 0.498333 0.451480 0.038889 0.047697
0 0.856667 0.418586 0.033333 0.047697
0 0.805556 0.291941 0.035556 0.041118
0 0.704444 0.539474 0.033333 0.036184
0 0.134444 0.250822 0.035556 0.044408
0 0.652778 0.789474 0.036667 0.046053
0 0.703889 0.623355 0.032222 0.042763
0 0.135000 0.334704 0.034444 0.041118
0 0.806111 0.458059 0.032222 0.044408
0 0.343333 0.249178 0.033333 0.041118
0 0.082222 0.334704 0.035556 0.044408
0 0.909444 0.207237 0.036667 0.042763
0 0.651111 0.288651 0.033333 0.047697
0 0.550556 0.624178 0.034444 0.041118
0 0.705000 0.791118 0.034444 0.042763
0 0.907778 0.252467 0.035556 0.044408
0 0.653333 0.914474 0.037778 0.049342
0 0.702778 0.458059 0.032222 0.037829
0 0.908889 0.373355 0.035556 0.042763
0 0.550000 0.664474 0.033333 0.042763
0 0.446111 0.334704 0.032222 0.044408
0 0.754444 0.456414 0.035556 0.041118
0 0.237778 0.247533 0.033333 0.044408
0 0.082778 0.378289 0.034444 0.042763
0 0.755000 0.748355 0.036667 0.042763
0 0.135000 0.293586 0.034444 0.041118
0 0.601111 0.287829 0.033333 0.046053
0 0.805556 0.207237 0.033333 0.042763
0 0.550000 0.459704 0.033333 0.041118
0 0.754444 0.416118 0.035556 0.039474
0 0.549444 0.790296 0.036667 0.044408
0 0.290556 0.375822 0.034444 0.044408
0 0.343333 0.331414 0.033333 0.044408
0 0.857222 0.332237 0.034444 0.042763
0 0.550000 0.540296 0.033333 0.041118
0 0.652778 0.624178 0.034444 0.044408
0 0.395556 0.205592 0.035556 0.042763
0 0.550556 0.203125 0.034444 0.044408
0 0.702778 0.373355 0.032222 0.039474
0 0.755000 0.497533 0.034444 0.041118
0 0.549444 0.500000 0.034444 0.039474
0 0.856667 0.373355 0.033333 0.042763
0 0.238333 0.459704 0.034444 0.044408
0 0.651667 0.332237 0.034444 0.042763
0 0.549444 0.582237 0.034444 0.042763
0 0.292222 0.206414 0.035556 0.044408
0 0.754444 0.289474 0.031111 0.046053
0 0.394444 0.248355 0.035556 0.042763
0 0.754444 0.334704 0.033333 0.044408
0 0.702222 0.415296 0.033333 0.044408
0 0.652222 0.580592 0.035556 0.042763
0 0.446667 0.289474 0.033333 0.046053
0 0.343333 0.375822 0.033333 0.041118
0 0.601667 0.376645 0.036667 0.046053
0 0.702778 0.288651 0.032222 0.047697
0 0.550000 0.373355 0.031111 0.042763
0 0.292222 0.249178 0.035556 0.041118
0 0.291111 0.333882 0.035556 0.042763
0 0.237778 0.291118 0.033333 0.042763
0 0.343333 0.205592 0.035556 0.046053
0 0.652222 0.499178 0.035556 0.047697
0 0.343889 0.417763 0.034444 0.046053
0 0.292222 0.291941 0.037778 0.044408
0 0.396111 0.291118 0.034444 0.042763
0 0.651667 0.416941 0.034444 0.044408
0 0.549444 0.417763 0.032222 0.042763
