0 0.398427 0.892743 0.043013 0.059437
0 0.503660 0.453527 0.045927 0.057028
0 0.049270 0.758669 0.040801 0.049466
0 0.096185 0.816156 0.037701 0.050258
0 0.044432 0.800690 0.043736 0.056479
0 0.534727 0.188609 0.045534 0.044373
0 0.519106 0.319383 0.044810 0.047331
0 0.353785 0.839983 0.039706 0.049191
0 0.052372 0.717045 0.039892 0.050807
0 0.297742 0.866675 0.042827 0.057820
0 0.349226 0.879580 0.039892 0.050807
0 0.145386 0.829320 0.040078 0.052423
0 0.409293 0.808169 0.042827 0.057820
0 0.358810 0.796346 0.042641 0.056205
0 0.253286 0.812299 0.039892 0.050807
0 0.150318 0.786490 0.039892 0.050807
0 0.195134 0.842621 0.041360 0.054314
0 0.104953 0.730224 0.040264 0.054040
0 0.204088 0.755071 0.039168 0.053765
0 0.154794 0.742716 0.041360 0.054314
0 0.307511 0.781826 0.040450 0.055656
0 0.247073 0.856470 0.042269 0.052972
0 0.257577 0.770142 0.039540 0.056997
0 0.303221 0.823984 0.038238 0.045684
0 0.250821 0.726045 0.025816 0.039431
0 0.301851 0.738005 0.024535 0.037541
0 0.528379 0.253531 0.048096 0.048155
0 0.510753 0.382140 0.044066 0.040867
0 0.147945 0.699429 0.023439 0.037266
0 0.522735 0.287867 0.044252 0.042483
0 0.046164 0.673087 0.025816 0.039431
0 0.537994 0.155340 0.046443 0.043032
0 0.097101 0.685854 0.024721 0.039156
0 0.352147 0.751442 0.026911 0.039705
0 0.513916 0.354665 0.044066 0.040867
0 0.458952 0.734148 0.024535 0.037541
0 0.100383 0.774806 0.038982 0.052148
0 0.403724 0.763539 0.026725 0.038090
0 0.531099 0.220124 0.044975 0.039524
0 0.199518 0.799654 0.040078 0.052423
0 0.199976 0.712471 0.026725 0.038090
