0 0.462898 0.622530 0.023038 0.024935
0 0.488410 0.558397 0.035695 0.025106
0 0.521471 0.382044 0.039600 0.033687
0 0.456857 0.660233 0.022725 0.025713
0 0.461028 0.642784 0.024139 0.024685
0 0.811470 0.959540 0.037361 0.046236
0 0.496246 0.516598 0.034966 0.033458
0 0.527053 0.348838 0.038124 0.031936
0 0.700924 0.634347 0.034096 0.034940
0 0.449741 0.699564 0.025933 0.028129
0 0.338077 0.465998 0.036817 0.037210
0 0.116858 0.429633 0.035889 0.038384
0 0.752600 0.968608 0.037105 0.038749
0 0.780853 0.814472 0.039476 0.045273
0 0.847303 0.771824 0.037971 0.043368
0 0.705109 0.612024 0.040280 0.055684
0 0.875412 0.618458 0.034034 0.040733
0 0.083987 0.608401 0.034673 0.038019
0 0.852179 0.742389 0.036755 0.043003
0 0.290016 0.417411 0.037456 0.034496
0 0.507079 0.767199 0.038610 0.040655
0 0.132337 0.655449 0.038899 0.042194
0 0.333109 0.485646 0.042135 0.053336
0 0.880462 0.591516 0.036178 0.039924
0 0.176608 0.415869 0.037394 0.040289
0 0.467171 0.603161 0.021995 0.025494
0 0.425477 0.842701 0.023212 0.025859
0 0.857518 0.713908 0.037745 0.036036
0 0.055126 0.762353 0.040115 0.042559
0 0.171443 0.446843 0.038610 0.040655
0 0.447277 0.791519 0.033168 0.036114
0 0.137501 0.624475 0.040115 0.042559
0 0.512706 0.737179 0.035889 0.038384
0 0.505741 0.465948 0.039187 0.043733
0 0.079431 0.639557 0.040115 0.042559
0 0.501162 0.798760 0.039476 0.045273
0 0.300952 0.355647 0.037394 0.040289
0 0.471531 0.583330 0.023789 0.028938
0 0.554645 0.811573 0.037683 0.041829
0 0.774793 0.846802 0.038899 0.042194
0 0.703962 0.923100 0.036466 0.041463
0 0.786832 0.789436 0.036178 0.039924
0 0.159580 0.506702 0.036817 0.037210
0 0.864218 0.685023 0.038899 0.042194
0 0.066670 0.700772 0.039538 0.039480
0 0.061187 0.730023 0.040115 0.042559
0 0.517293 0.709285 0.034673 0.038019
0 0.114268 0.748406 0.036817 0.037210
0 0.088574 0.580506 0.038322 0.039115
0 0.418571 0.865833 0.024077 0.030477
0 0.495679 0.828011 0.035889 0.038384
0 0.185995 0.670753 0.038610 0.040655
0 0.568346 0.433527 0.035889 0.038384
0 0.616232 0.479623 0.038610 0.040655
0 0.598916 0.571994 0.035601 0.036845
0 0.222945 0.778612 0.037683 0.041829
0 0.377859 0.856856 0.037394 0.040289
0 0.358545 0.658347 0.037105 0.038749
0 0.825124 0.574893 0.037394 0.040289
0 0.716259 0.860932 0.039827 0.041020
0 0.422562 0.614968 0.035601 0.036845
0 0.743935 0.709875 0.035601 0.036845
0 0.837565 0.511956 0.039765 0.046813
0 0.099830 0.520465 0.041331 0.042925
0 0.229977 0.432713 0.037105 0.038749
0 0.245745 0.656989 0.037105 0.038749
0 0.174451 0.732334 0.038610 0.040655
0 0.395495 0.766207 0.038610 0.040655
0 0.169142 0.764077 0.040115 0.042559
0 0.329509 0.809809 0.038610 0.040655
0 0.340909 0.748997 0.038322 0.039115
0 0.355043 0.368642 0.037394 0.040289
0 0.139977 0.309733 0.040115 0.042559
0 0.545721 0.557642 0.037394 0.040289
0 0.250620 0.627556 0.036466 0.041463
0 0.444033 0.497011 0.037105 0.038749
0 0.574871 0.402149 0.037971 0.043368
0 0.668373 0.814836 0.040115 0.042559
0 0.761426 0.619996 0.037105 0.038749
0 0.723549 0.510232 0.036178 0.039924
0 0.271903 0.825843 0.037105 0.038749
0 0.717632 0.541792 0.037044 0.044542
0 0.685256 0.724774 0.037394 0.040289
0 0.803252 0.698421 0.037394 0.040289
0 0.383023 0.825883 0.036178 0.039924
0 0.814796 0.636840 0.037394 0.040289
0 0.696193 0.663010 0.036178 0.039924
0 0.679020 0.754612 0.038899 0.042194
0 0.610780 0.512135 0.037394 0.040289
0 0.218866 0.491985 0.039249 0.037941
0 0.267504 0.537493 0.038033 0.037575
0 0.241810 0.369593 0.037105 0.038749
0 0.737698 0.739714 0.037683 0.041829
0 0.228717 0.747821 0.037105 0.038749
0 0.755798 0.650017 0.037394 0.040289
0 0.310370 0.613792 0.037394 0.040289
0 0.605616 0.543108 0.036178 0.039924
0 0.732534 0.770686 0.038899 0.042194
0 0.182235 0.385849 0.039538 0.039480
0 0.749418 0.680624 0.038610 0.040655
0 0.523066 0.678494 0.035250 0.041098
0 0.224957 0.462917 0.038610 0.040655
0 0.324345 0.840781 0.037394 0.040289
0 0.777527 0.527258 0.037105 0.038749
0 0.246830 0.339390 0.038610 0.040655
0 0.587516 0.632805 0.038322 0.039115
0 0.658377 0.559770 0.037105 0.038749
0 0.278152 0.477270 0.037394 0.040289
0 0.326038 0.523365 0.037105 0.038749
0 0.292559 0.701949 0.037105 0.038749
0 0.449949 0.465452 0.037971 0.043368
0 0.571704 0.724003 0.038899 0.042194
0 0.622757 0.448245 0.040115 0.042559
0 0.414938 0.354108 0.036755 0.043003
0 0.468596 0.369413 0.038899 0.042194
0 0.346392 0.719747 0.035889 0.038384
0 0.653357 0.589974 0.038610 0.040655
0 0.509913 0.440027 0.033835 0.025156
0 0.514647 0.423617 0.035253 0.027456
0 0.516154 0.403791 0.037840 0.030733
0 0.524238 0.369507 0.035129 0.026795
0 0.492196 0.539710 0.030852 0.027921
0 0.452781 0.680336 0.023263 0.023565
0 0.577157 0.691490 0.037105 0.038749
0 0.165527 0.478403 0.038899 0.042194
0 0.825111 0.893629 0.038610 0.040655
0 0.142840 0.595994 0.039249 0.037941
0 0.126420 0.687008 0.036178 0.039924
0 0.196962 0.612251 0.038610 0.040655
0 0.560129 0.782322 0.040115 0.042559
0 0.122774 0.398073 0.036178 0.039924
0 0.191479 0.641502 0.038610 0.040655
0 0.094202 0.550486 0.038610 0.040655
0 0.819050 0.925959 0.039187 0.043733
0 0.697582 0.953708 0.037105 0.038749
0 0.770236 0.877959 0.041331 0.042925
0 0.284357 0.444170 0.040692 0.045638
0 0.836367 0.833587 0.035601 0.036845
0 0.792429 0.756153 0.034673 0.038019
0 0.108032 0.778245 0.038322 0.039115
0 0.162762 0.794685 0.040754 0.039845
0 0.489906 0.858802 0.038322 0.039115
0 0.673537 0.783863 0.038322 0.039115
0 0.726587 0.798986 0.036817 0.037210
0 0.548729 0.843133 0.039827 0.041020
0 0.536576 0.904531 0.041043 0.041385
0 0.709301 0.894619 0.039187 0.043733
0 0.830883 0.862838 0.038610 0.040655
0 0.154240 0.535183 0.037105 0.038749
0 0.483670 0.888639 0.037394 0.040289
0 0.841995 0.803566 0.036466 0.041463
0 0.643748 0.935911 0.043187 0.040576
0 0.757940 0.940126 0.040404 0.044099
0 0.072154 0.671521 0.040115 0.042559
0 0.199058 0.289262 0.037971 0.043368
0 0.389259 0.796044 0.034673 0.038019
0 0.106066 0.490627 0.039249 0.037941
0 0.830752 0.544873 0.037105 0.038749
0 0.201838 0.582818 0.037394 0.040289
0 0.180367 0.700774 0.038899 0.042194
0 0.305784 0.641686 0.035601 0.036845
0 0.649696 0.907612 0.039827 0.041020
0 0.120040 0.717616 0.037394 0.040289
0 0.798232 0.728625 0.036466 0.041463
0 0.886379 0.559955 0.038899 0.042194
0 0.217028 0.810172 0.037394 0.040289
0 0.462071 0.400791 0.037394 0.040289
0 0.712788 0.574488 0.035889 0.038384
0 0.808879 0.668400 0.037683 0.041829
0 0.581744 0.663596 0.038899 0.042194
0 0.134350 0.339753 0.039249 0.037941
0 0.111086 0.460423 0.038899 0.042194
0 0.128402 0.368052 0.038899 0.042194
0 0.255785 0.596582 0.037105 0.038749
0 0.194532 0.323681 0.038610 0.040655
0 0.542812 0.874694 0.040115 0.042559
0 0.662137 0.844675 0.038610 0.040655
0 0.730331 0.474053 0.039476 0.045273
0 0.438694 0.525493 0.036817 0.037210
0 0.213526 0.520466 0.037105 0.038749
0 0.233737 0.717618 0.038610 0.040655
0 0.655612 0.876052 0.037683 0.041829
0 0.207610 0.552027 0.037394 0.040289
0 0.146935 0.276046 0.041908 0.046003
0 0.306116 0.324674 0.042774 0.050622
0 0.764609 0.907979 0.041043 0.041385
0 0.566220 0.753254 0.038322 0.039115
0 0.646977 0.620581 0.040404 0.044099
0 0.628210 0.415732 0.038899 0.042194
0 0.540557 0.588615 0.036178 0.039924
0 0.282231 0.763895 0.037105 0.038749
0 0.239365 0.687598 0.038899 0.042194
0 0.272844 0.509012 0.038322 0.039115
0 0.187544 0.354105 0.038610 0.040655
0 0.315246 0.584358 0.038033 0.037575
0 0.593288 0.602015 0.038899 0.042194
0 0.335137 0.779787 0.038899 0.042194
0 0.370265 0.599259 0.035601 0.036845
0 0.767054 0.589975 0.037394 0.040289
0 0.784340 0.494341 0.039187 0.043733
0 0.528838 0.647704 0.037105 0.038749
0 0.870423 0.651923 0.039187 0.043733
0 0.147716 0.566561 0.039187 0.043733
0 0.534321 0.618453 0.034673 0.038019
0 0.379840 0.537900 0.037105 0.038749
0 0.690421 0.693800 0.036178 0.039924
0 0.288003 0.733105 0.037683 0.041829
0 0.298939 0.671342 0.036466 0.041463
0 0.277067 0.794869 0.036466 0.041463
0 0.664149 0.528980 0.037683 0.041829
0 0.819641 0.604144 0.037394 0.040289
0 0.428221 0.588209 0.037105 0.038749
0 0.391704 0.478041 0.038322 0.039115
0 0.720815 0.829776 0.040404 0.044099
0 0.262021 0.566745 0.038610 0.040655
0 0.235894 0.401154 0.037971 0.043368
0 0.675982 0.465859 0.040115 0.042559
0 0.360960 0.337082 0.037683 0.041829
0 0.406287 0.705213 0.037105 0.038749
0 0.349590 0.401155 0.039187 0.043733
0 0.556802 0.495108 0.035889 0.038384
0 0.893192 0.527038 0.040404 0.044099
0 0.401123 0.736186 0.038899 0.042194
0 0.352165 0.688956 0.038899 0.042194
0 0.396724 0.447837 0.037394 0.040289
0 0.363421 0.628914 0.036466 0.041463
0 0.407516 0.386843 0.036466 0.041463
0 0.402496 0.417047 0.034962 0.039559
0 0.669458 0.497237 0.038610 0.040655
0 0.294603 0.389517 0.040404 0.044099
0 0.416790 0.645758 0.036178 0.039924
0 0.387757 0.509379 0.042548 0.043290
0 0.433674 0.555696 0.038899 0.042194
0 0.320266 0.554155 0.037683 0.041829
0 0.412378 0.676145 0.035889 0.038384
0 0.682940 0.432172 0.041908 0.046003
0 0.455866 0.433891 0.037683 0.041829
0 0.772363 0.558232 0.036466 0.041463
0 0.343674 0.432716 0.038899 0.042194
0 0.562430 0.465088 0.036178 0.039924
0 0.374068 0.568690 0.037105 0.038749
0 0.551494 0.526851 0.037394 0.040289
0 0.253035 0.306290 0.041908 0.046003
