0 0.212500 0.340190 0.020000 0.025316
0 0.116875 0.726266 0.038750 0.028481
0 0.490000 0.583070 0.022500 0.020570
0 0.225625 0.435127 0.031250 0.028481
0 0.228125 0.851266 0.036250 0.034810
0 0.186875 0.722310 0.021250 0.026899
0 0.295000 0.500791 0.022500 0.026899
0 0.239375 0.341772 0.021250 0.025316
0 0.226875 0.819620 0.036250 0.034810
0 0.185000 0.690665 0.022500 0.026899
0 0.718750 0.435127 0.032500 0.034810
0 0.158125 0.371835 0.021250 0.028481
0 0.719375 0.409019 0.033750 0.039557
0 0.499375 0.510285 0.028750 0.023734
0 0.227500 0.784810 0.035000 0.031646
0 0.227500 0.882911 0.037500 0.031646
0 0.157500 0.500791 0.022500 0.030063
0 0.268750 0.501582 0.020000 0.028481
0 0.720000 0.469146 0.032500 0.036392
0 0.225625 0.689082 0.033750 0.036392
0 0.501250 0.338608 0.030000 0.031646
0 0.158125 0.466772 0.018750 0.025316
0 0.172500 0.818829 0.035000 0.033228
0 0.185000 0.657437 0.022500 0.026899
0 0.225625 0.469146 0.036250 0.036392
0 0.720625 0.596519 0.033750 0.028481
0 0.226250 0.753956 0.035000 0.030063
0 0.173125 0.786392 0.031250 0.031646
0 0.500000 0.403481 0.030000 0.037975
0 0.281875 0.469937 0.036250 0.031646
0 0.886875 0.848101 0.033750 0.031646
0 0.499375 0.368671 0.031250 0.028481
0 0.663750 0.434335 0.035000 0.030063
0 0.173750 0.852057 0.035000 0.036392
0 0.337500 0.785601 0.035000 0.030063
0 0.172500 0.753165 0.030000 0.034810
0 0.212500 0.658228 0.022500 0.028481
0 0.885625 0.369462 0.033750 0.036392
0 0.888750 0.658228 0.032500 0.034810
0 0.887500 0.816456 0.032500 0.031646
0 0.832500 0.720728 0.030000 0.030063
0 0.393125 0.469146 0.033750 0.033228
0 0.157500 0.565665 0.020000 0.026899
0 0.185000 0.404272 0.020000 0.026899
0 0.115625 0.660601 0.036250 0.033228
0 0.158125 0.595728 0.021250 0.026899
0 0.185000 0.627373 0.022500 0.026899
0 0.392500 0.818829 0.035000 0.030063
0 0.718750 0.500000 0.032500 0.031646
0 0.116875 0.439082 0.031250 0.030063
0 0.240625 0.626582 0.021250 0.028481
0 0.158125 0.436709 0.021250 0.028481
0 0.888125 0.468354 0.036250 0.031646
0 0.115625 0.628956 0.036250 0.033228
0 0.225625 0.722310 0.033750 0.036392
0 0.116250 0.693038 0.037500 0.034810
0 0.888125 0.751582 0.033750 0.031646
0 0.393125 0.849684 0.036250 0.031646
0 0.115625 0.566456 0.028750 0.031646
0 0.212500 0.627373 0.022500 0.026899
0 0.212500 0.594937 0.022500 0.025316
0 0.340000 0.852057 0.035000 0.030063
0 0.830625 0.499209 0.031250 0.030063
0 0.888125 0.784810 0.033750 0.031646
0 0.555625 0.754747 0.033750 0.031646
0 0.338750 0.723101 0.035000 0.034810
0 0.392500 0.787184 0.035000 0.033228
0 0.776250 0.657437 0.035000 0.033228
0 0.611250 0.852848 0.035000 0.031646
0 0.666250 0.852057 0.035000 0.033228
0 0.392500 0.439082 0.035000 0.033228
0 0.555000 0.883703 0.032500 0.033228
0 0.666250 0.884494 0.037500 0.031646
0 0.831250 0.404272 0.032500 0.033228
0 0.337500 0.626582 0.035000 0.031646
0 0.553125 0.369462 0.033750 0.036392
0 0.116250 0.406646 0.035000 0.034810
0 0.831250 0.561709 0.032500 0.031646
0 0.723125 0.787184 0.033750 0.033228
0 0.775000 0.594937 0.035000 0.031646
0 0.610000 0.756329 0.035000 0.028481
0 0.393750 0.693038 0.032500 0.031646
0 0.777500 0.755538 0.035000 0.033228
0 0.830625 0.434335 0.033750 0.030063
0 0.555000 0.723892 0.032500 0.030063
0 0.663750 0.371044 0.035000 0.036392
0 0.608750 0.466772 0.032500 0.031646
0 0.554375 0.659810 0.033750 0.031646
0 0.611250 0.884494 0.037500 0.031646
0 0.887500 0.626582 0.035000 0.031646
0 0.666875 0.788766 0.036250 0.036392
0 0.115625 0.501582 0.033750 0.031646
0 0.337500 0.467563 0.032500 0.030063
0 0.393750 0.723892 0.035000 0.033228
0 0.831250 0.467563 0.032500 0.033228
0 0.666250 0.658228 0.035000 0.034810
0 0.832500 0.689873 0.035000 0.031646
0 0.446250 0.818038 0.032500 0.031646
0 0.337500 0.564873 0.030000 0.031646
0 0.664375 0.564082 0.033750 0.033228
0 0.721875 0.724684 0.033750 0.031646
0 0.393750 0.627373 0.032500 0.030063
0 0.446875 0.628956 0.031250 0.030063
0 0.610000 0.564873 0.032500 0.031646
0 0.775625 0.435127 0.033750 0.031646
0 0.447500 0.754747 0.032500 0.031646
0 0.554375 0.530854 0.033750 0.033228
0 0.610000 0.786392 0.035000 0.031646
0 0.268125 0.533228 0.023750 0.028481
0 0.395000 0.659019 0.035000 0.033228
0 0.447500 0.469146 0.032500 0.030063
0 0.886875 0.562500 0.036250 0.033228
0 0.115625 0.534019 0.036250 0.033228
0 0.393125 0.597310 0.033750 0.030063
0 0.336875 0.436709 0.033750 0.031646
0 0.281875 0.439082 0.033750 0.033228
0 0.336250 0.405854 0.035000 0.033228
0 0.721875 0.884494 0.038750 0.031646
0 0.447500 0.786392 0.032500 0.031646
0 0.775625 0.403481 0.033750 0.031646
0 0.610625 0.625791 0.033750 0.030063
0 0.555625 0.819620 0.036250 0.034810
0 0.280625 0.406646 0.033750 0.031646
0 0.665000 0.596519 0.035000 0.031646
0 0.776250 0.467563 0.032500 0.036392
0 0.721250 0.625791 0.035000 0.033228
0 0.610625 0.594937 0.033750 0.031646
0 0.392500 0.406646 0.035000 0.031646
0 0.555000 0.692247 0.035000 0.033228
0 0.666250 0.499209 0.035000 0.033228
0 0.664375 0.530854 0.033750 0.033228
0 0.336875 0.371835 0.033750 0.034810
0 0.775625 0.563291 0.033750 0.031646
0 0.610000 0.658228 0.032500 0.034810
0 0.666250 0.723892 0.035000 0.033228
0 0.720625 0.659019 0.033750 0.033228
0 0.831875 0.626582 0.031250 0.031646
0 0.722500 0.852057 0.035000 0.033228
0 0.608750 0.371044 0.035000 0.036392
0 0.338125 0.532437 0.031250 0.030063
0 0.280625 0.341772 0.033750 0.034810
0 0.609375 0.436709 0.036250 0.031646
0 0.446250 0.850475 0.032500 0.033228
0 0.610000 0.725475 0.032500 0.033228
0 0.665625 0.691456 0.036250 0.031646
0 0.718750 0.531646 0.035000 0.031646
0 0.666875 0.756329 0.036250 0.031646
0 0.554375 0.469146 0.033750 0.033228
0 0.447500 0.659810 0.032500 0.034810
0 0.776875 0.691456 0.033750 0.034810
0 0.831875 0.594146 0.033750 0.033228
0 0.609375 0.497627 0.031250 0.033228
0 0.446875 0.405854 0.033750 0.030063
0 0.610625 0.820411 0.036250 0.036392
0 0.393125 0.533228 0.033750 0.031646
0 0.720625 0.692247 0.033750 0.033228
0 0.608750 0.405854 0.035000 0.033228
0 0.446875 0.692247 0.033750 0.033228
0 0.338125 0.499209 0.031250 0.033228
0 0.280625 0.375000 0.033750 0.031646
0 0.718750 0.564873 0.035000 0.034810
0 0.448125 0.501582 0.031250 0.031646
0 0.393750 0.500791 0.035000 0.033228
0 0.447500 0.564082 0.032500 0.030063
0 0.446875 0.438291 0.033750 0.034810
0 0.609375 0.531646 0.033750 0.034810
0 0.392500 0.565665 0.035000 0.033228
0 0.776250 0.531646 0.032500 0.034810
0 0.393125 0.371044 0.036250 0.036392
0 0.448125 0.534810 0.031250 0.031646
0 0.553750 0.597310 0.032500 0.033228
0 0.554375 0.564082 0.033750 0.033228
0 0.553750 0.404272 0.035000 0.033228
0 0.553750 0.437500 0.032500 0.030063
0 0.446875 0.371835 0.036250 0.037975
0 0.446875 0.596519 0.033750 0.034810
0 0.776875 0.723892 0.033750 0.030063
0 0.663750 0.404272 0.035000 0.033228
0 0.239375 0.564082 0.021250 0.033228
0 0.338125 0.690665 0.033750 0.030063
0 0.832500 0.753165 0.035000 0.034810
0 0.338750 0.818038 0.035000 0.034810
0 0.116250 0.596519 0.032500 0.031646
0 0.226250 0.503165 0.035000 0.028481
0 0.831250 0.530854 0.032500 0.033228
0 0.555625 0.852057 0.033750 0.030063
0 0.832500 0.786392 0.035000 0.031646
0 0.488138 0.604430 0.021000 0.021329
0 0.488263 0.645111 0.020225 0.019367
0 0.487481 0.663647 0.018663 0.017073
0 0.721250 0.818829 0.032500 0.033228
0 0.338125 0.756329 0.033750 0.031646
0 0.720000 0.371835 0.032500 0.034810
0 0.833125 0.818038 0.036250 0.031646
0 0.500187 0.438766 0.032625 0.035759
0 0.775625 0.498418 0.031250 0.028481
0 0.886875 0.435127 0.036250 0.034810
0 0.831250 0.369462 0.032500 0.033228
0 0.116250 0.340190 0.035000 0.034810
0 0.775625 0.369462 0.033750 0.033228
0 0.888750 0.689873 0.032500 0.031646
0 0.775625 0.626582 0.033750 0.031646
0 0.158125 0.404272 0.021250 0.026899
0 0.223750 0.405854 0.030000 0.033228
0 0.499375 0.536392 0.031250 0.028481
0 0.488750 0.625000 0.020000 0.022152
0 0.223750 0.371044 0.035000 0.030063
0 0.500000 0.795095 0.032500 0.026899
0 0.831250 0.882120 0.037500 0.033228
0 0.888750 0.721519 0.035000 0.031646
0 0.184375 0.594937 0.021250 0.028481
0 0.887500 0.530063 0.037500 0.031646
0 0.156875 0.533228 0.021250 0.031646
0 0.666250 0.820411 0.035000 0.030063
0 0.225625 0.531646 0.033750 0.028481
0 0.240000 0.596519 0.022500 0.028481
0 0.183125 0.372627 0.021250 0.030063
0 0.296250 0.532437 0.022500 0.030063
0 0.888750 0.498418 0.037500 0.031646
0 0.775625 0.883703 0.036250 0.033228
0 0.555000 0.786392 0.035000 0.031646
0 0.886250 0.882120 0.040000 0.036392
0 0.446875 0.723892 0.031250 0.030063
0 0.777500 0.787975 0.035000 0.031646
0 0.831875 0.658228 0.033750 0.034810
0 0.393125 0.882911 0.036250 0.034810
0 0.337500 0.595728 0.032500 0.030063
0 0.721875 0.755538 0.031250 0.033228
0 0.185000 0.468354 0.022500 0.028481
0 0.886875 0.402690 0.036250 0.033228
0 0.611250 0.692247 0.030000 0.030063
0 0.776250 0.850475 0.035000 0.033228
0 0.115625 0.375000 0.033750 0.031646
0 0.665625 0.627373 0.033750 0.030063
0 0.776875 0.818829 0.033750 0.030063
0 0.665625 0.465190 0.036250 0.034810
0 0.392500 0.754747 0.032500 0.031646
0 0.554375 0.500791 0.033750 0.030063
0 0.116250 0.469146 0.032500 0.033228
0 0.185000 0.499209 0.020000 0.030063
0 0.446875 0.882120 0.031250 0.030063
0 0.211250 0.565665 0.025000 0.033228
0 0.553750 0.628956 0.032500 0.030063
0 0.185000 0.564873 0.022500 0.028481
0 0.337500 0.658228 0.035000 0.034810
0 0.338125 0.882911 0.031250 0.031646
0 0.185000 0.438291 0.020000 0.025316
0 0.185000 0.531646 0.022500 0.028481
0 0.831875 0.850475 0.036250 0.033228
0 0.886875 0.594146 0.033750 0.033228
