0 0.497222 0.494243 0.038889 0.031250
0 0.136667 0.867599 0.035556 0.041118
0 0.237222 0.870888 0.036667 0.041118
0 0.483333 0.747533 0.022222 0.027961
0 0.542778 0.790296 0.025556 0.041118
0 0.908889 0.499178 0.035556 0.041118
0 0.494444 0.344572 0.042222 0.031250
0 0.137222 0.332237 0.036667 0.042763
0 0.908889 0.329770 0.033333 0.041118
0 0.496111 0.212171 0.043333 0.029605
0 0.495556 0.278783 0.040000 0.031250
0 0.238889 0.704770 0.035556 0.044408
0 0.136667 0.828947 0.033333 0.039474
0 0.547778 0.581414 0.033333 0.037829
0 0.806667 0.791118 0.035556 0.046053
0 0.806111 0.328125 0.034444 0.034539
0 0.688889 0.412007 0.020000 0.031250
0 0.494444 0.376645 0.044444 0.036184
0 0.495556 0.180921 0.042222 0.036184
0 0.137778 0.705592 0.033333 0.042763
0 0.237778 0.788651 0.035556 0.041118
0 0.445000 0.245888 0.030000 0.037829
0 0.136111 0.912829 0.036667 0.046053
0 0.237778 0.829770 0.035556 0.041118
0 0.138333 0.617599 0.034444 0.037829
0 0.909444 0.200658 0.036667 0.046053
0 0.187778 0.868421 0.037778 0.042763
0 0.239444 0.620066 0.034444 0.039474
0 0.496667 0.245066 0.042222 0.039474
0 0.188889 0.578947 0.033333 0.042763
0 0.136667 0.746711 0.035556 0.039474
0 0.136667 0.786184 0.035556 0.042763
0 0.714444 0.328125 0.022222 0.034539
0 0.188889 0.455592 0.033333 0.036184
0 0.702778 0.453947 0.030000 0.039474
0 0.187778 0.829770 0.035556 0.037829
0 0.138333 0.496711 0.034444 0.039474
0 0.547222 0.622533 0.032222 0.041118
0 0.137222 0.662007 0.034444 0.047697
0 0.689444 0.370888 0.021111 0.034539
0 0.806111 0.747533 0.032222 0.041118
0 0.496111 0.144737 0.041111 0.032895
0 0.138333 0.537007 0.034444 0.041118
0 0.137778 0.371711 0.033333 0.036184
0 0.689444 0.291118 0.021111 0.036184
0 0.240556 0.332237 0.032222 0.039474
0 0.494444 0.310855 0.042222 0.039474
0 0.394444 0.246711 0.031111 0.039474
0 0.237778 0.912829 0.037778 0.042763
0 0.651111 0.707237 0.028889 0.036184
0 0.806667 0.415296 0.033333 0.037829
0 0.137778 0.288651 0.033333 0.044408
0 0.651111 0.746711 0.028889 0.042763
0 0.650556 0.830592 0.034444 0.036184
0 0.703333 0.497533 0.031111 0.044408
0 0.187778 0.912829 0.035556 0.042763
0 0.715556 0.290296 0.022222 0.037829
0 0.689444 0.328947 0.023333 0.036184
0 0.190000 0.329770 0.035556 0.044408
0 0.138889 0.153783 0.035556 0.050987
0 0.497222 0.450658 0.038889 0.049342
0 0.292778 0.245888 0.032222 0.041118
0 0.547222 0.664474 0.036667 0.042763
0 0.188889 0.416118 0.035556 0.039474
0 0.857778 0.330592 0.033333 0.039474
0 0.908889 0.583882 0.035556 0.042763
0 0.650556 0.789474 0.034444 0.042763
0 0.909444 0.244243 0.034444 0.041118
0 0.187778 0.787829 0.035556 0.042763
0 0.806111 0.583882 0.036667 0.042763
0 0.715000 0.370888 0.025556 0.037829
0 0.908889 0.287829 0.035556 0.046053
0 0.546111 0.745888 0.036667 0.041118
0 0.753889 0.291118 0.032222 0.039474
0 0.547222 0.410362 0.034444 0.041118
0 0.599444 0.328947 0.034444 0.039474
0 0.292778 0.199013 0.034444 0.049342
0 0.909444 0.154605 0.036667 0.046053
0 0.239444 0.577303 0.036667 0.042763
0 0.344444 0.153783 0.035556 0.047697
0 0.240556 0.288651 0.032222 0.044408
0 0.805556 0.157072 0.033333 0.047697
0 0.806111 0.372533 0.034444 0.047697
0 0.188889 0.287007 0.035556 0.044408
0 0.547778 0.496711 0.035556 0.042763
0 0.241667 0.453947 0.034444 0.039474
0 0.599444 0.289474 0.034444 0.042763
0 0.547222 0.329770 0.034444 0.041118
0 0.395000 0.203125 0.030000 0.044408
0 0.908333 0.457237 0.034444 0.042763
0 0.856667 0.155428 0.035556 0.047697
0 0.188333 0.662007 0.034444 0.041118
0 0.910000 0.413651 0.033333 0.041118
0 0.858333 0.539474 0.036667 0.042763
0 0.702778 0.245888 0.034444 0.044408
0 0.444444 0.156250 0.033333 0.049342
0 0.909444 0.541118 0.034444 0.042763
0 0.599444 0.370066 0.032222 0.042763
0 0.343333 0.291941 0.035556 0.047697
0 0.189444 0.374178 0.034444 0.044408
0 0.240556 0.412829 0.034444 0.042763
0 0.599444 0.154605 0.036667 0.046053
0 0.188333 0.745066 0.034444 0.042763
0 0.806667 0.540296 0.035556 0.044408
0 0.240556 0.494243 0.034444 0.041118
0 0.858333 0.414474 0.034444 0.039474
0 0.651111 0.538651 0.033333 0.041118
0 0.292222 0.289474 0.035556 0.046053
0 0.651111 0.621711 0.033333 0.042763
0 0.546667 0.245888 0.033333 0.041118
0 0.858889 0.498355 0.035556 0.039474
0 0.241111 0.245888 0.035556 0.041118
0 0.547778 0.541118 0.035556 0.046053
0 0.650556 0.329770 0.032222 0.041118
0 0.856667 0.203947 0.033333 0.046053
0 0.443333 0.203947 0.035556 0.046053
0 0.393889 0.152138 0.034444 0.050987
0 0.651111 0.498355 0.033333 0.039474
0 0.547222 0.453125 0.036667 0.044408
0 0.857222 0.370888 0.036667 0.044408
0 0.241667 0.199836 0.036667 0.047697
0 0.753333 0.201480 0.033333 0.044408
0 0.650556 0.157895 0.034444 0.042763
0 0.754444 0.246711 0.033333 0.046053
0 0.651111 0.243421 0.033333 0.042763
0 0.343889 0.202303 0.032222 0.046053
0 0.858333 0.455592 0.036667 0.042763
0 0.651111 0.200658 0.033333 0.042763
0 0.650556 0.457237 0.032222 0.042763
0 0.546667 0.203125 0.035556 0.044408
0 0.598889 0.201480 0.035556 0.044408
0 0.701667 0.157895 0.036667 0.046053
0 0.754444 0.157072 0.035556 0.047697
0 0.702778 0.202303 0.034444 0.042763
0 0.598889 0.457237 0.033333 0.042763
0 0.650556 0.287829 0.032222 0.042763
0 0.650556 0.372533 0.034444 0.041118
0 0.547222 0.155428 0.036667 0.047697
0 0.547778 0.288651 0.035556 0.041118
0 0.599444 0.245888 0.034444 0.044408
0 0.598889 0.413651 0.033333 0.044408
0 0.343889 0.245066 0.034444 0.042763
0 0.188333 0.620066 0.034444 0.042763
0 0.240000 0.536184 0.033333 0.042763
0 0.238333 0.745888 0.036667 0.041118
0 0.546111 0.706414 0.034444 0.041118
0 0.703333 0.541118 0.035556 0.046053
0 0.715000 0.412007 0.023333 0.034539
0 0.651111 0.578947 0.033333 0.039474
0 0.189444 0.495888 0.032222 0.041118
0 0.807222 0.455592 0.030000 0.039474
0 0.138333 0.578125 0.034444 0.041118
0 0.188333 0.703125 0.034444 0.041118
0 0.650556 0.874178 0.036667 0.050987
0 0.239444 0.661184 0.034444 0.042763
0 0.806667 0.496711 0.033333 0.039474
0 0.292778 0.334704 0.036667 0.047697
0 0.650000 0.413651 0.031111 0.037829
0 0.909444 0.371711 0.034444 0.042763
0 0.138889 0.244243 0.033333 0.041118
0 0.857222 0.290296 0.032222 0.041118
0 0.188889 0.537829 0.033333 0.042763
0 0.190000 0.200658 0.031111 0.046053
0 0.805556 0.706414 0.031111 0.041118
0 0.651111 0.666118 0.033333 0.046053
0 0.857778 0.247533 0.033333 0.044408
0 0.806111 0.245888 0.034444 0.044408
0 0.806667 0.288651 0.033333 0.037829
0 0.188889 0.244243 0.033333 0.041118
0 0.805556 0.666118 0.035556 0.042763
0 0.137222 0.454770 0.034444 0.041118
0 0.138889 0.202303 0.033333 0.042763
0 0.138333 0.412829 0.034444 0.042763
0 0.087778 0.200658 0.037778 0.055921
0 0.547222 0.370066 0.032222 0.042763
0 0.806111 0.625822 0.034444 0.041118
0 0.806111 0.201480 0.034444 0.044408
0 0.240556 0.371711 0.030000 0.039474
