0 0.082778 0.373355 0.032222 0.039474
0 0.820000 0.493421 0.024444 0.036184
0 0.795556 0.328125 0.022222 0.037829
0 0.663889 0.326480 0.021111 0.037829
0 0.663333 0.244243 0.022222 0.034539
0 0.742778 0.616776 0.021111 0.036184
0 0.640000 0.245066 0.024444 0.032895
0 0.136111 0.412829 0.032222 0.036184
0 0.742778 0.286184 0.018889 0.029605
0 0.640000 0.494243 0.020000 0.031250
0 0.081667 0.537007 0.034444 0.037829
0 0.742778 0.328125 0.021111 0.037829
0 0.715556 0.411184 0.024444 0.032895
0 0.663889 0.152138 0.021111 0.041118
0 0.663889 0.410362 0.021111 0.034539
0 0.872778 0.285362 0.021111 0.034539
0 0.082222 0.497533 0.033333 0.037829
0 0.820556 0.658717 0.023333 0.041118
0 0.795000 0.369243 0.023333 0.037829
0 0.238889 0.703947 0.035556 0.042763
0 0.741667 0.826480 0.021111 0.034539
0 0.818889 0.827303 0.024444 0.036184
0 0.821111 0.409539 0.022222 0.032895
0 0.535556 0.368421 0.022222 0.032895
0 0.692222 0.278783 0.022222 0.027961
0 0.238333 0.621711 0.032222 0.039474
0 0.717222 0.285362 0.018889 0.031250
0 0.640556 0.369243 0.021111 0.027961
0 0.820000 0.913651 0.026667 0.041118
0 0.381667 0.290296 0.021111 0.037829
0 0.081667 0.744243 0.030000 0.037829
0 0.716667 0.574836 0.024444 0.034539
0 0.663333 0.699836 0.024444 0.031250
0 0.743333 0.534539 0.022222 0.036184
0 0.742778 0.493421 0.021111 0.036184
0 0.821111 0.784539 0.024444 0.036184
0 0.716111 0.368421 0.023333 0.036184
0 0.535556 0.245888 0.022222 0.034539
0 0.715556 0.453125 0.024444 0.037829
0 0.741667 0.912007 0.021111 0.034539
0 0.741667 0.575658 0.021111 0.036184
0 0.588333 0.534539 0.023333 0.032895
0 0.743889 0.409539 0.021111 0.036184
0 0.820556 0.536184 0.023333 0.032895
0 0.821111 0.576480 0.020000 0.034539
0 0.768333 0.534539 0.021111 0.032895
0 0.136111 0.329770 0.034444 0.037829
0 0.820000 0.243421 0.022222 0.036184
0 0.716667 0.151316 0.022222 0.036184
0 0.769444 0.367599 0.021111 0.031250
0 0.587222 0.908717 0.025556 0.037829
0 0.663333 0.658717 0.022222 0.041118
0 0.496111 0.278783 0.043333 0.031250
0 0.820556 0.700658 0.025556 0.036184
0 0.743889 0.367599 0.021111 0.027961
0 0.663333 0.532895 0.022222 0.029605
0 0.496111 0.210526 0.045556 0.029605
0 0.820556 0.149671 0.023333 0.039474
0 0.240000 0.535362 0.033333 0.044408
0 0.820000 0.615954 0.024444 0.031250
0 0.081667 0.700658 0.030000 0.046053
0 0.080556 0.660362 0.034444 0.031250
0 0.136667 0.498355 0.035556 0.046053
0 0.821111 0.869243 0.024444 0.034539
0 0.820556 0.199013 0.018889 0.026316
0 0.717222 0.615954 0.023333 0.034539
0 0.717222 0.532072 0.023333 0.031250
0 0.495556 0.376562 0.042222 0.033059
0 0.485000 0.749178 0.021111 0.021382
0 0.485000 0.728618 0.021111 0.023026
0 0.238889 0.330592 0.031111 0.039474
0 0.238333 0.868421 0.034444 0.042763
0 0.588333 0.409539 0.023333 0.026316
0 0.716667 0.198191 0.022222 0.037829
0 0.496111 0.346217 0.043333 0.031250
0 0.497778 0.492599 0.040000 0.031250
0 0.238333 0.372533 0.036667 0.044408
0 0.342222 0.373355 0.033333 0.042763
0 0.292222 0.373355 0.033333 0.042763
0 0.187778 0.374178 0.035556 0.044408
0 0.187778 0.157072 0.035556 0.047697
0 0.292222 0.199836 0.035556 0.047697
0 0.911667 0.286184 0.034444 0.046053
0 0.238889 0.157072 0.035556 0.047697
0 0.291667 0.453125 0.032222 0.041118
0 0.342222 0.290296 0.033333 0.041118
0 0.342222 0.246711 0.033333 0.046053
0 0.238889 0.203947 0.035556 0.046053
0 0.393889 0.245888 0.032222 0.044408
0 0.238889 0.248355 0.035556 0.042763
0 0.290000 0.744243 0.035556 0.044408
0 0.445000 0.413651 0.034444 0.044408
0 0.292778 0.332237 0.034444 0.042763
0 0.588333 0.867599 0.027778 0.041118
0 0.187778 0.291118 0.033333 0.042763
0 0.587222 0.453947 0.025556 0.036184
0 0.238889 0.291118 0.031111 0.039474
0 0.290000 0.662007 0.033333 0.044408
0 0.082222 0.203947 0.035556 0.055921
0 0.137778 0.373355 0.033333 0.042763
0 0.188333 0.333059 0.032222 0.041118
0 0.588333 0.615954 0.023333 0.037829
0 0.767778 0.408717 0.024444 0.037829
0 0.768889 0.199836 0.022222 0.037829
0 0.239444 0.494243 0.030000 0.034539
0 0.137222 0.156250 0.034444 0.046053
0 0.238333 0.828125 0.034444 0.037829
0 0.081667 0.577303 0.034444 0.042763
0 0.640000 0.328125 0.022222 0.041118
0 0.640000 0.536184 0.022222 0.036184
0 0.083889 0.251645 0.034444 0.039474
0 0.560556 0.246711 0.021111 0.036184
0 0.588333 0.575658 0.023333 0.036184
0 0.639444 0.410362 0.021111 0.034539
0 0.561111 0.200658 0.022222 0.042763
0 0.238333 0.786184 0.034444 0.042763
0 0.767778 0.576480 0.024444 0.037829
0 0.291111 0.533717 0.028889 0.041118
0 0.743333 0.451480 0.022222 0.037829
0 0.767222 0.914474 0.025556 0.036184
0 0.586111 0.743421 0.023333 0.032895
0 0.663333 0.493421 0.022222 0.036184
0 0.662222 0.782895 0.024444 0.039474
0 0.768889 0.242599 0.022222 0.034539
0 0.341667 0.330592 0.032222 0.039474
0 0.080556 0.787829 0.034444 0.049342
0 0.536111 0.154605 0.023333 0.036184
0 0.662778 0.825658 0.025556 0.036184
0 0.613333 0.327303 0.022222 0.036184
0 0.586667 0.782072 0.022222 0.034539
0 0.561667 0.367599 0.021111 0.034539
0 0.911667 0.369243 0.030000 0.044408
0 0.742778 0.243421 0.021111 0.032895
0 0.393333 0.154605 0.033333 0.049342
0 0.768333 0.492599 0.023333 0.037829
0 0.495556 0.143914 0.044444 0.034539
0 0.639444 0.200658 0.023333 0.036184
0 0.664444 0.367599 0.022222 0.037829
0 0.664444 0.286184 0.020000 0.032895
0 0.742222 0.662007 0.022222 0.037829
0 0.639444 0.152961 0.023333 0.039474
0 0.496667 0.177632 0.042222 0.039474
0 0.767778 0.782895 0.024444 0.032895
0 0.433333 0.152138 0.024444 0.037829
0 0.911667 0.496711 0.036667 0.042763
0 0.536667 0.453125 0.022222 0.031250
0 0.742778 0.152961 0.021111 0.039474
0 0.716111 0.494243 0.023333 0.034539
0 0.560556 0.153783 0.021111 0.041118
0 0.820556 0.452303 0.023333 0.036184
0 0.742778 0.867599 0.025556 0.034539
0 0.767778 0.828947 0.024444 0.036184
0 0.663889 0.576480 0.023333 0.034539
0 0.767222 0.616776 0.023333 0.032895
0 0.587222 0.199836 0.023333 0.041118
0 0.768333 0.662007 0.023333 0.034539
0 0.848333 0.287007 0.023333 0.034539
0 0.742222 0.741776 0.022222 0.036184
0 0.238889 0.578947 0.035556 0.046053
0 0.768889 0.328125 0.022222 0.034539
0 0.433889 0.328125 0.021111 0.037829
0 0.716111 0.324836 0.023333 0.037829
0 0.768889 0.744243 0.020000 0.031250
0 0.742778 0.782895 0.023333 0.039474
0 0.821111 0.327303 0.020000 0.032895
0 0.433333 0.285362 0.022222 0.041118
0 0.794444 0.288651 0.022222 0.037829
0 0.911111 0.537829 0.037778 0.039474
0 0.433333 0.245066 0.024444 0.032895
0 0.662778 0.742599 0.023333 0.034539
0 0.640000 0.452303 0.022222 0.032895
0 0.821111 0.287007 0.022222 0.037829
0 0.742222 0.701480 0.022222 0.034539
0 0.768333 0.869243 0.023333 0.034539
0 0.535556 0.411184 0.022222 0.039474
0 0.821111 0.369243 0.022222 0.037829
0 0.613333 0.285362 0.017778 0.037829
0 0.768333 0.451480 0.023333 0.034539
0 0.821111 0.741776 0.022222 0.036184
0 0.663889 0.199013 0.021111 0.036184
0 0.662778 0.912829 0.027778 0.042763
0 0.716111 0.243421 0.023333 0.039474
0 0.136667 0.291941 0.033333 0.037829
0 0.237778 0.912007 0.035556 0.044408
0 0.560000 0.493421 0.022222 0.036184
0 0.081667 0.621711 0.034444 0.046053
0 0.587222 0.824836 0.025556 0.037829
0 0.136111 0.453125 0.034444 0.044408
0 0.136667 0.203947 0.033333 0.046053
0 0.911667 0.412007 0.032222 0.041118
0 0.587778 0.659539 0.022222 0.036184
0 0.662778 0.866776 0.027778 0.039474
0 0.083333 0.333059 0.033333 0.041118
0 0.433333 0.202303 0.024444 0.036184
0 0.289444 0.703125 0.032222 0.037829
0 0.495556 0.312500 0.042222 0.039474
0 0.560000 0.327303 0.020000 0.032895
0 0.497222 0.244243 0.043333 0.041118
0 0.560000 0.410362 0.022222 0.041118
0 0.535556 0.287007 0.020000 0.037829
0 0.663333 0.615954 0.024444 0.037829
0 0.912778 0.582237 0.038889 0.049342
0 0.665000 0.453125 0.023333 0.037829
0 0.536111 0.200658 0.023333 0.032895
0 0.290556 0.911184 0.034444 0.042763
0 0.766667 0.703947 0.024444 0.036184
0 0.587778 0.152961 0.024444 0.039474
0 0.638889 0.285362 0.022222 0.037829
0 0.911667 0.453947 0.034444 0.042763
0 0.082778 0.415296 0.034444 0.041118
0 0.587778 0.703125 0.024444 0.037829
0 0.536111 0.328125 0.023333 0.037829
0 0.342778 0.199836 0.032222 0.047697
0 0.910556 0.327303 0.034444 0.039474
0 0.238333 0.414474 0.034444 0.039474
0 0.768333 0.286184 0.023333 0.039474
0 0.290000 0.787007 0.033333 0.041118
0 0.587778 0.493421 0.024444 0.036184
0 0.586667 0.328947 0.022222 0.036184
0 0.290556 0.575658 0.032222 0.042763
0 0.742778 0.199836 0.023333 0.037829
0 0.290556 0.870888 0.032222 0.041118
0 0.290556 0.617599 0.034444 0.041118
0 0.587778 0.287829 0.022222 0.036184
0 0.445000 0.458882 0.036667 0.046053
0 0.587222 0.245066 0.023333 0.039474
0 0.082778 0.291941 0.034444 0.041118
0 0.137222 0.250000 0.034444 0.046053
0 0.535556 0.494243 0.024444 0.041118
0 0.187778 0.205592 0.033333 0.046053
0 0.445556 0.367599 0.033333 0.047697
0 0.560556 0.453947 0.023333 0.036184
0 0.187222 0.247533 0.034444 0.041118
0 0.292222 0.413651 0.033333 0.037829
0 0.082222 0.457237 0.035556 0.042763
0 0.292778 0.290296 0.030000 0.041118
0 0.497222 0.448191 0.041111 0.047697
0 0.237778 0.745066 0.035556 0.039474
0 0.291667 0.494243 0.034444 0.041118
0 0.343333 0.416118 0.037778 0.046053
0 0.290000 0.828947 0.033333 0.042763
0 0.393333 0.201480 0.031111 0.037829
0 0.560000 0.287007 0.022222 0.037829
0 0.238333 0.454770 0.032222 0.041118
0 0.238333 0.662007 0.034444 0.041118
0 0.292778 0.247533 0.032222 0.044408
0 0.587778 0.370888 0.022222 0.037829
