0 0.346667 0.290774 0.035556 0.044481
0 0.549444 0.667216 0.034444 0.046129
0 0.347222 0.331960 0.034444 0.037891
0 0.498333 0.182867 0.043333 0.036244
0 0.498333 0.147446 0.047778 0.034596
0 0.347222 0.248764 0.034444 0.036244
0 0.192222 0.247117 0.033333 0.036244
0 0.191667 0.329489 0.036667 0.032949
0 0.497778 0.315486 0.042222 0.037891
0 0.499444 0.250412 0.043333 0.036244
0 0.496667 0.381384 0.044444 0.031301
0 0.498333 0.218287 0.045556 0.031301
0 0.242778 0.332784 0.034444 0.032949
0 0.497222 0.533773 0.032222 0.036244
0 0.496667 0.351730 0.042222 0.031301
0 0.484444 0.752883 0.022222 0.023064
0 0.397778 0.334432 0.033333 0.039539
0 0.498333 0.284185 0.041111 0.031301
0 0.497222 0.495058 0.038889 0.041186
0 0.446667 0.664745 0.033333 0.044481
0 0.346667 0.374794 0.035556 0.044481
0 0.192222 0.370675 0.035556 0.046129
0 0.497222 0.452224 0.041111 0.044481
0 0.295556 0.289127 0.033333 0.047776
0 0.243333 0.292422 0.031111 0.041186
0 0.348333 0.204283 0.034444 0.052718
0 0.485000 0.732290 0.023333 0.024712
0 0.088889 0.329489 0.035556 0.026359
0 0.548889 0.621911 0.033333 0.047776
0 0.447778 0.618616 0.033333 0.047776
0 0.397778 0.292422 0.031111 0.041186
0 0.550000 0.336903 0.035556 0.044481
0 0.243333 0.247117 0.035556 0.046129
0 0.090000 0.245470 0.037778 0.046129
0 0.293889 0.616969 0.034444 0.047776
0 0.295556 0.336903 0.035556 0.047776
0 0.089444 0.291598 0.032222 0.042834
0 0.548889 0.290774 0.031111 0.044481
0 0.397778 0.247941 0.033333 0.044481
0 0.450556 0.289951 0.034444 0.046129
0 0.292222 0.662273 0.037778 0.042834
0 0.141111 0.332784 0.035556 0.042834
0 0.291667 0.744646 0.036667 0.046129
0 0.141111 0.288303 0.033333 0.049423
0 0.292778 0.704283 0.034444 0.041186
0 0.450000 0.334432 0.031111 0.042834
0 0.192778 0.289127 0.036667 0.044481
0 0.192778 0.201812 0.034444 0.054366
