0 0.102795 0.337801 0.042667 0.055872
0 0.477613 0.348195 0.046015 0.045162
0 0.482806 0.376626 0.047615 0.048745
0 0.466275 0.281944 0.046809 0.043788
0 0.810939 0.127904 0.038468 0.036298
0 0.446693 0.154430 0.047069 0.045387
0 0.506299 0.528207 0.036526 0.043139
0 0.450811 0.186797 0.049750 0.049354
0 0.456009 0.218779 0.048711 0.042959
0 0.907584 0.392065 0.034325 0.048382
0 0.461206 0.250761 0.048628 0.054981
0 0.573567 0.298714 0.038906 0.051519
0 0.873607 0.193553 0.039466 0.048706
0 0.472012 0.313734 0.047808 0.056196
0 0.511160 0.234663 0.036786 0.044738
0 0.210559 0.343407 0.038906 0.051519
0 0.058779 0.397460 0.039466 0.048706
0 0.261333 0.325325 0.038386 0.048321
0 0.723707 0.248628 0.039986 0.051903
0 0.629478 0.322786 0.039986 0.051903
0 0.622850 0.282008 0.040246 0.053503
0 0.759495 0.145379 0.040766 0.056702
0 0.253645 0.281542 0.041805 0.063098
0 0.297531 0.221083 0.040506 0.055102
0 0.217316 0.384983 0.041587 0.055487
0 0.580194 0.339491 0.039166 0.053118
0 0.586952 0.381068 0.039166 0.053118
0 0.559772 0.217351 0.041025 0.058300
0 0.899727 0.354264 0.041887 0.051075
0 0.492893 0.449244 0.045388 0.053827
0 0.420001 0.313648 0.040246 0.053503
0 0.318453 0.349811 0.038085 0.052733
0 0.368687 0.331922 0.041327 0.053888
0 0.065536 0.439036 0.043187 0.059070
0 0.412053 0.268266 0.039945 0.057915
0 0.347765 0.203194 0.044267 0.059454
0 0.596641 0.113717 0.040246 0.053503
0 0.887272 0.274116 0.040807 0.050690
0 0.353702 0.246755 0.041067 0.052288
0 0.860352 0.111999 0.039986 0.051903
0 0.679041 0.304289 0.042407 0.054273
0 0.096469 0.291842 0.042927 0.057471
0 0.159116 0.360881 0.039726 0.050305
0 0.635695 0.364555 0.041067 0.052288
0 0.893230 0.314286 0.042407 0.054273
0 0.304679 0.265059 0.040246 0.053503
0 0.267961 0.366102 0.041847 0.057087
0 0.666476 0.219951 0.040506 0.055102
0 0.672694 0.261720 0.041587 0.055487
0 0.708852 0.164260 0.042667 0.055872
0 0.146422 0.275743 0.042927 0.057471
0 0.816486 0.169066 0.042367 0.060284
0 0.052172 0.353292 0.042886 0.063483
0 0.116829 0.424153 0.040506 0.055102
0 0.617022 0.242638 0.041067 0.052288
0 0.499781 0.491619 0.043487 0.054657
0 0.610135 0.200262 0.041327 0.053888
0 0.602838 0.158876 0.040246 0.053503
0 0.166673 0.403864 0.041847 0.057087
0 0.854005 0.069430 0.041847 0.057087
0 0.567329 0.260335 0.041067 0.052288
0 0.517506 0.277233 0.041847 0.057087
0 0.766642 0.189354 0.040506 0.055102
0 0.716949 0.207051 0.040506 0.055102
0 0.503192 0.192672 0.041805 0.063098
0 0.729794 0.289598 0.041327 0.053888
0 0.879975 0.232732 0.042407 0.054273
0 0.702765 0.123290 0.041327 0.053888
0 0.802972 0.085913 0.042886 0.063483
0 0.846728 0.026792 0.044007 0.053583
0 0.696027 0.078323 0.042927 0.057471
0 0.153158 0.320711 0.041327 0.053888
0 0.867110 0.153575 0.042667 0.055872
0 0.110352 0.380785 0.043747 0.056257
0 0.312106 0.307243 0.041587 0.055487
0 0.361800 0.289546 0.043747 0.056257
