0 0.635558 0.926217 0.038934 0.029679
0 0.539913 0.266785 0.037609 0.036749
0 0.523778 0.366732 0.039951 0.043194
0 0.754981 0.951501 0.032377 0.035537
0 0.783887 0.957402 0.033152 0.040143
0 0.762100 0.917259 0.029502 0.033395
0 0.535401 0.297643 0.036301 0.036446
0 0.803037 0.924354 0.041259 0.043497
0 0.695487 0.574016 0.042566 0.043800
0 0.810178 0.962697 0.032894 0.038608
0 0.678053 0.677650 0.039693 0.041659
0 0.807262 0.818457 0.032894 0.038608
0 0.547023 0.228555 0.035785 0.033376
0 0.737376 0.910732 0.032894 0.038608
0 0.832898 0.823600 0.031844 0.039840
0 0.517708 0.402811 0.033943 0.037375
0 0.813748 0.856648 0.042050 0.040729
0 0.826146 0.782954 0.039951 0.043194
0 0.509806 0.437669 0.035768 0.040749
0 0.785732 0.776779 0.032377 0.035537
0 0.725835 0.393618 0.033943 0.037375
0 0.642768 0.560204 0.040225 0.037356
0 0.821633 0.563371 0.032377 0.035537
0 0.808195 0.889658 0.039693 0.041659
0 0.798268 0.706306 0.031069 0.035234
0 0.550364 0.200616 0.036301 0.036446
0 0.892798 0.394826 0.039951 0.043194
0 0.837114 0.713714 0.038126 0.039820
0 0.659974 0.785121 0.039693 0.041659
0 0.664477 0.750274 0.037334 0.042588
0 0.831432 0.747490 0.038642 0.042891
0 0.826503 0.453637 0.041000 0.041962
0 0.834039 0.493667 0.031327 0.036769
0 0.801679 0.524451 0.034460 0.040446
0 0.832444 0.418325 0.041000 0.041962
0 0.712951 0.797398 0.035768 0.040749
0 0.806699 0.486533 0.031586 0.038304
0 0.594424 0.512311 0.036818 0.039517
0 0.764858 0.735252 0.031586 0.038304
0 0.648351 0.854210 0.037076 0.041052
0 0.613720 0.736916 0.036818 0.039517
0 0.640457 0.893057 0.040467 0.046265
0 0.796147 0.630045 0.037076 0.041052
0 0.827444 0.528827 0.033152 0.040143
0 0.708410 0.501241 0.035252 0.037679
0 0.767236 0.809978 0.040209 0.044729
0 0.701815 0.536402 0.040209 0.044729
0 0.588878 0.549310 0.042292 0.049639
0 0.737625 0.654766 0.040209 0.044729
0 0.677619 0.344959 0.041775 0.046568
0 0.754921 0.547911 0.038642 0.042891
0 0.772217 0.441056 0.037593 0.044123
0 0.631016 0.630060 0.042033 0.048103
0 0.766673 0.478055 0.036285 0.043820
0 0.732559 0.357691 0.041775 0.046568
0 0.748852 0.583991 0.038900 0.044426
0 0.613027 0.405760 0.041517 0.045032
0 0.637215 0.593213 0.041000 0.041962
0 0.724961 0.726006 0.038642 0.042891
0 0.672470 0.383644 0.041259 0.043497
0 0.647925 0.525508 0.040726 0.047800
0 0.671329 0.713577 0.038642 0.042891
0 0.731426 0.691614 0.039693 0.041659
0 0.718108 0.762702 0.037334 0.042588
0 0.624771 0.331913 0.040209 0.044729
0 0.843580 0.679321 0.040209 0.044729
0 0.607612 0.441991 0.039951 0.043194
0 0.879222 0.467450 0.039693 0.041659
0 0.654033 0.820433 0.039693 0.041659
0 0.718587 0.428628 0.037593 0.044123
0 0.684252 0.640802 0.039693 0.041659
0 0.666530 0.418956 0.038642 0.042891
0 0.654124 0.488660 0.039693 0.041659
0 0.690588 0.607177 0.040484 0.038891
0 0.761645 0.511983 0.036559 0.037982
0 0.701983 0.866639 0.039693 0.041659
0 0.619097 0.369679 0.038642 0.042891
0 0.600402 0.808004 0.040726 0.047800
0 0.624818 0.666908 0.041000 0.041962
0 0.872756 0.501842 0.038126 0.039820
0 0.855193 0.606242 0.041259 0.043497
0 0.619006 0.701452 0.041259 0.043497
0 0.742911 0.619303 0.035252 0.037679
0 0.784752 0.370583 0.038900 0.044426
0 0.791673 0.741467 0.036027 0.042285
0 0.601017 0.477151 0.038642 0.042891
0 0.802087 0.594733 0.040209 0.044729
0 0.771580 0.699324 0.033152 0.040143
0 0.707269 0.831175 0.038384 0.041355
0 0.839296 0.381629 0.042825 0.045336
0 0.761425 0.844523 0.039434 0.040123
0 0.867729 0.535771 0.036818 0.039517
0 0.594857 0.845002 0.041000 0.041962
0 0.790077 0.666125 0.042566 0.043800
0 0.695388 0.901798 0.038384 0.041355
0 0.849778 0.642473 0.039693 0.041659
0 0.861917 0.570315 0.039693 0.041659
0 0.712388 0.465474 0.039693 0.041659
0 0.590354 0.879850 0.041259 0.043497
0 0.885162 0.432137 0.040209 0.044729
0 0.584414 0.915162 0.041259 0.043497
0 0.690755 0.937414 0.038900 0.044426
0 0.779596 0.405279 0.036818 0.039517
0 0.755355 0.880602 0.042308 0.042265
0 0.607255 0.771308 0.038384 0.041355
0 0.659935 0.454116 0.039951 0.043194
