0 0.404442 0.279466 0.035337 0.052222
0 0.659340 0.290184 0.036361 0.047341
0 0.557504 0.328938 0.034022 0.040689
0 0.456091 0.281471 0.034168 0.048896
0 0.449524 0.619593 0.037442 0.045743
0 0.608043 0.330900 0.035191 0.044015
0 0.813189 0.295337 0.035220 0.045657
0 0.762419 0.337716 0.035162 0.042374
0 0.448736 0.663913 0.035162 0.042374
0 0.345848 0.699340 0.037501 0.049026
0 0.557737 0.284597 0.033028 0.047212
0 0.352035 0.320139 0.034051 0.042331
0 0.397687 0.659467 0.035191 0.044015
0 0.248341 0.275869 0.034080 0.043972
0 0.190259 0.698227 0.035278 0.048940
0 0.352779 0.278281 0.034139 0.047255
0 0.655564 0.627593 0.031830 0.042244
0 0.606743 0.372736 0.034109 0.045614
0 0.398475 0.615147 0.035249 0.047298
0 0.809487 0.628642 0.035220 0.045657
0 0.192390 0.609609 0.036390 0.048983
0 0.811847 0.339635 0.034051 0.042331
0 0.709689 0.334026 0.034051 0.042331
0 0.347936 0.613185 0.034197 0.050538
0 0.299801 0.319753 0.038553 0.045786
0 0.655404 0.667831 0.032911 0.040646
0 0.402954 0.363181 0.035337 0.052222
0 0.346592 0.657483 0.035133 0.040732
0 0.720381 0.670354 0.022856 0.036975
0 0.300531 0.278716 0.036215 0.039134
0 0.864255 0.298962 0.032940 0.042288
0 0.465143 0.491255 0.026189 0.037104
0 0.145628 0.270238 0.037471 0.047384
0 0.761704 0.377932 0.032911 0.040646
0 0.659136 0.332884 0.035191 0.044015
0 0.093452 0.266569 0.037530 0.050667
0 0.507388 0.240755 0.043989 0.039436
0 0.717431 0.711303 0.022798 0.033692
0 0.194990 0.557147 0.026102 0.032180
0 0.808056 0.677864 0.033934 0.035765
0 0.507860 0.370539 0.047264 0.036282
0 0.506660 0.344212 0.043989 0.039436
0 0.503551 0.487819 0.038524 0.044145
0 0.555065 0.372372 0.035220 0.045657
0 0.351290 0.361996 0.036361 0.047341
0 0.143584 0.353931 0.038582 0.047427
0 0.246500 0.316862 0.036244 0.040776
0 0.455332 0.324150 0.033993 0.039048
0 0.196751 0.270580 0.035249 0.047298
0 0.593447 0.495416 0.022769 0.032051
0 0.550763 0.708118 0.034197 0.050538
0 0.442007 0.448470 0.022827 0.035334
0 0.196518 0.314922 0.036302 0.044058
0 0.811643 0.382335 0.032999 0.045570
0 0.862969 0.339977 0.034051 0.042331
0 0.440562 0.529723 0.025078 0.037061
0 0.442182 0.407412 0.023938 0.035377
0 0.718919 0.627589 0.022856 0.036975
0 0.440708 0.490306 0.021687 0.033649
0 0.807385 0.715617 0.034051 0.042331
0 0.720640 0.499533 0.023967 0.037018
0 0.694498 0.625820 0.025107 0.038703
0 0.143759 0.312873 0.035133 0.040732
0 0.086991 0.692575 0.037442 0.045743
0 0.246881 0.357942 0.036302 0.044058
0 0.552662 0.663842 0.031742 0.037320
0 0.454631 0.363545 0.036332 0.045700
0 0.694309 0.667699 0.023909 0.033735
0 0.508570 0.174276 0.044018 0.041077
0 0.128156 0.565228 0.024084 0.043584
0 0.553436 0.620343 0.029725 0.048724
0 0.195189 0.358399 0.032999 0.045570
0 0.403684 0.322144 0.032824 0.035722
0 0.130974 0.438036 0.022827 0.035334
0 0.300194 0.235174 0.036302 0.044058
0 0.191033 0.654728 0.037413 0.044101
0 0.669517 0.499190 0.023967 0.037018
0 0.696523 0.418109 0.021687 0.033649
0 0.087967 0.606376 0.036302 0.044058
0 0.152742 0.651599 0.022798 0.033692
0 0.448561 0.704971 0.036273 0.042417
0 0.436739 0.744755 0.022798 0.033692
0 0.396957 0.700503 0.035191 0.044015
0 0.657296 0.373878 0.035191 0.044015
0 0.592996 0.583277 0.022798 0.033692
0 0.594380 0.411679 0.021658 0.032008
0 0.719692 0.584090 0.022827 0.035334
0 0.916532 0.296885 0.035074 0.037449
0 0.861698 0.380172 0.032911 0.040646
0 0.127006 0.692486 0.023996 0.038660
0 0.093191 0.312552 0.038465 0.040862
0 0.708974 0.374242 0.034080 0.043972
0 0.503406 0.527236 0.028410 0.037191
0 0.439731 0.576505 0.022827 0.035334
0 0.592822 0.624336 0.023909 0.033735
0 0.669340 0.415411 0.020577 0.033606
0 0.156124 0.398769 0.025078 0.037061
0 0.654660 0.709687 0.037442 0.045743
0 0.301595 0.187593 0.037647 0.057233
0 0.619143 0.581829 0.023879 0.032094
0 0.642845 0.498976 0.019437 0.031921
0 0.124991 0.774537 0.025107 0.038703
0 0.091380 0.351904 0.038582 0.047427
0 0.154521 0.520259 0.021746 0.036932
0 0.619549 0.496429 0.021658 0.032008
0 0.129703 0.478231 0.021687 0.033649
0 0.464777 0.449354 0.023938 0.035377
0 0.153530 0.607279 0.022856 0.036975
0 0.618369 0.625328 0.023909 0.033735
0 0.466047 0.409160 0.022798 0.033692
0 0.126277 0.733522 0.023938 0.035377
0 0.917449 0.213970 0.036448 0.052266
0 0.127398 0.607907 0.021746 0.036932
0 0.087209 0.649054 0.036302 0.044058
0 0.592192 0.534789 0.021717 0.035291
0 0.916298 0.341227 0.036361 0.047341
0 0.154665 0.480842 0.022798 0.033692
0 0.131148 0.396978 0.023938 0.035377
0 0.128974 0.519267 0.023967 0.037018
0 0.694117 0.584740 0.024990 0.032137
0 0.619197 0.453708 0.021658 0.032008
0 0.155980 0.438186 0.021687 0.033649
0 0.151442 0.693435 0.021658 0.032008
0 0.645503 0.412021 0.019379 0.028639
0 0.721515 0.419079 0.020577 0.033606
0 0.720978 0.543075 0.023996 0.038660
0 0.696001 0.541284 0.022915 0.040258
0 0.668610 0.456448 0.020635 0.036889
0 0.695852 0.455863 0.021629 0.030366
0 0.619357 0.413470 0.020518 0.030323
0 0.078958 0.394130 0.023909 0.033735
0 0.465013 0.529851 0.024990 0.032137
0 0.435528 0.781667 0.023938 0.035377
0 0.077616 0.438428 0.022856 0.036975
0 0.720858 0.456012 0.020548 0.031965
0 0.619302 0.541591 0.022856 0.036975
0 0.464196 0.575812 0.022944 0.041899
0 0.103921 0.396742 0.025078 0.037061
0 0.127209 0.649786 0.022769 0.032051
0 0.150727 0.733650 0.019466 0.033563
0 0.461774 0.743263 0.021658 0.032008
0 0.150378 0.815766 0.021687 0.033649
0 0.151093 0.775550 0.021717 0.035291
0 0.695620 0.500204 0.020518 0.030323
0 0.104316 0.437001 0.022769 0.032051
0 0.509723 0.140647 0.047205 0.033000
0 0.593636 0.453536 0.021746 0.036932
0 0.643633 0.454656 0.019437 0.031921
0 0.153733 0.564579 0.021804 0.040215
0 0.124847 0.813954 0.021658 0.032008
0 0.512328 0.744405 0.022681 0.027126
0 0.508512 0.208769 0.047176 0.031358
0 0.507331 0.306458 0.046270 0.042805
0 0.669314 0.541890 0.022856 0.036975
0 0.460534 0.781816 0.022740 0.030409
0 0.916662 0.258289 0.036215 0.039134
0 0.507330 0.275248 0.044983 0.032913
0 0.756833 0.714476 0.035249 0.047298
0 0.248588 0.230707 0.035278 0.048940
0 0.608831 0.286581 0.035249 0.047298
0 0.865028 0.255463 0.035249 0.047298
0 0.756713 0.627414 0.034139 0.047255
0 0.761541 0.293331 0.034109 0.045614
0 0.709892 0.291326 0.035220 0.045657
0 0.757021 0.672598 0.034051 0.042331
0 0.504295 0.445961 0.040774 0.045872
