0 0.446471 0.510876 0.034405 0.044656
0 0.412759 0.266339 0.039902 0.054078
0 0.418617 0.307442 0.039672 0.052466
0 0.620161 0.243460 0.038815 0.053737
0 0.373579 0.361962 0.038585 0.052126
0 0.608760 0.159473 0.039902 0.054078
0 0.262509 0.311725 0.039902 0.054078
0 0.614732 0.201381 0.037268 0.050173
0 0.601900 0.115317 0.041219 0.056031
0 0.507545 0.190340 0.039672 0.052466
0 0.441617 0.472827 0.038355 0.050513
0 0.569181 0.260273 0.038585 0.052126
0 0.435101 0.431089 0.039902 0.054078
0 0.642388 0.407404 0.038585 0.052126
0 0.211300 0.326926 0.040132 0.055690
0 0.519489 0.274156 0.040132 0.055690
0 0.530774 0.357338 0.041449 0.057642
0 0.379666 0.404677 0.040990 0.054419
0 0.199554 0.240521 0.041449 0.057642
0 0.517198 0.736241 0.026963 0.036165
0 0.474918 0.347895 0.047848 0.044247
0 0.497137 0.495846 0.046134 0.046790
0 0.173196 0.808649 0.039213 0.049242
0 0.727508 0.634152 0.039902 0.054078
0 0.195967 0.972423 0.040530 0.051195
0 0.961660 0.783061 0.042704 0.051876
0 0.457713 0.215212 0.048477 0.041365
0 0.604952 0.503323 0.040760 0.052807
0 0.955573 0.740347 0.043393 0.056712
0 0.453119 0.182974 0.047221 0.047131
0 0.477966 0.377249 0.050942 0.051377
0 0.860082 0.078214 0.039044 0.055350
0 0.190768 0.931956 0.036350 0.043725
0 0.465386 0.281003 0.043730 0.044498
0 0.127770 0.481906 0.037268 0.050173
0 0.178625 0.850727 0.033778 0.047540
0 0.943943 0.654748 0.039213 0.049242
0 0.122686 0.442246 0.040760 0.052807
0 0.398169 0.909077 0.038815 0.053737
0 0.949371 0.696827 0.040760 0.052807
0 0.149997 0.645851 0.039213 0.049242
0 0.375314 0.748697 0.038126 0.048902
0 0.405029 0.953233 0.037498 0.051785
0 0.749775 0.415857 0.037039 0.048561
0 0.054533 0.330575 0.039044 0.055350
0 0.087732 0.579482 0.038126 0.048902
0 0.671329 0.610498 0.033778 0.047540
0 0.869650 0.507957 0.039213 0.049242
0 0.083505 0.537869 0.042077 0.054759
0 0.447638 0.148490 0.051172 0.052989
0 0.280394 0.433251 0.035492 0.044997
0 0.060620 0.373289 0.040990 0.054419
0 0.391998 0.869757 0.037039 0.048561
0 0.380712 0.786576 0.038355 0.050513
0 0.385482 0.828019 0.038585 0.052126
0 0.658538 0.142194 0.039442 0.050854
0 0.872255 0.163642 0.038126 0.048902
0 0.323801 0.379241 0.038585 0.052126
0 0.201197 0.994537 0.041219 0.010926
0 0.066592 0.415198 0.040990 0.054419
0 0.077533 0.495961 0.041617 0.051535
0 0.866398 0.122539 0.038355 0.050513
0 0.705081 0.472797 0.041449 0.057642
0 0.919856 0.489703 0.037896 0.047289
0 0.864566 0.468296 0.040530 0.051195
0 0.875393 0.548253 0.041388 0.049924
0 0.317056 0.335891 0.035783 0.054328
0 0.139369 0.563305 0.039213 0.049242
0 0.072450 0.456299 0.040760 0.052807
0 0.721995 0.595468 0.036809 0.046949
0 0.134171 0.522838 0.040760 0.052807
0 0.665587 0.570202 0.035952 0.048221
0 0.931372 0.574496 0.041847 0.053148
0 0.937229 0.615598 0.039442 0.050854
0 0.195119 0.587935 0.034865 0.047880
0 0.810304 0.095491 0.041219 0.056031
0 0.206175 0.669505 0.035722 0.046608
0 0.759868 0.112134 0.039442 0.050854
0 0.291565 0.515625 0.037039 0.048561
0 0.778642 0.235906 0.036809 0.046949
0 0.117372 0.400973 0.039902 0.054078
0 0.346028 0.543185 0.033548 0.045927
0 0.185799 0.893101 0.038815 0.053737
0 0.890914 0.286609 0.037896 0.047289
0 0.902743 0.369619 0.035952 0.048221
0 0.105857 0.316180 0.038585 0.052126
0 0.699768 0.431524 0.039213 0.049242
0 0.352085 0.581699 0.037268 0.050173
0 0.093819 0.622197 0.040990 0.054419
0 0.753207 0.065390 0.040361 0.057301
0 0.047872 0.283831 0.039504 0.058572
0 0.857736 0.428341 0.041449 0.057642
0 0.311857 0.295424 0.033318 0.044316
0 0.144684 0.604578 0.038355 0.050513
0 0.853535 0.032275 0.041449 0.057642
0 0.385638 0.446584 0.036181 0.049832
0 0.878228 0.205550 0.040760 0.052807
0 0.586838 0.380185 0.038983 0.047630
0 0.913800 0.451188 0.039442 0.050854
0 0.735026 0.678944 0.039902 0.054078
0 0.722349 0.211446 0.038355 0.050513
0 0.885286 0.247118 0.038585 0.052126
0 0.802012 0.049258 0.042766 0.059594
0 0.766813 0.152896 0.035324 0.051104
0 0.173237 0.426409 0.037039 0.048561
0 0.111829 0.358089 0.040760 0.052807
0 0.200976 0.629038 0.037728 0.053397
0 0.218777 0.753957 0.037498 0.051785
0 0.423272 0.348078 0.034405 0.044656
0 0.099426 0.271048 0.041679 0.059254
0 0.191237 0.548740 0.036411 0.051445
0 0.299997 0.208213 0.038417 0.058232
0 0.469550 0.314216 0.045965 0.052897
0 0.710625 0.515681 0.037039 0.048561
0 0.250419 0.222903 0.041449 0.057642
0 0.829308 0.220876 0.038126 0.048902
0 0.908058 0.410892 0.042077 0.054759
0 0.212575 0.710437 0.037957 0.055009
0 0.925942 0.532417 0.040760 0.052807
0 0.461335 0.248596 0.050085 0.052648
0 0.881365 0.590162 0.042766 0.059594
0 0.816506 0.139011 0.040760 0.052807
0 0.852079 0.384650 0.039442 0.050854
0 0.652221 0.097869 0.040132 0.055690
0 0.362942 0.665857 0.039902 0.054078
0 0.839935 0.303422 0.040760 0.052807
0 0.822478 0.180920 0.038585 0.052126
0 0.168770 0.769623 0.039213 0.049242
0 0.896886 0.328516 0.038815 0.053737
0 0.217272 0.368834 0.034405 0.044656
0 0.156398 0.686783 0.038355 0.050513
0 0.677845 0.652237 0.040132 0.055690
0 0.489932 0.449272 0.048599 0.056802
0 0.305885 0.253515 0.039044 0.055350
0 0.744032 0.375561 0.041388 0.049924
0 0.693711 0.393009 0.038585 0.052126
0 0.228443 0.451210 0.035952 0.048221
0 0.593238 0.421118 0.040760 0.052807
0 0.716796 0.555002 0.038815 0.053737
0 0.162798 0.727715 0.039672 0.052466
0 0.369572 0.708400 0.040760 0.052807
0 0.688283 0.350931 0.037039 0.048561
0 0.525346 0.315259 0.038983 0.047630
0 0.846566 0.345965 0.039442 0.050854
0 0.178865 0.465899 0.037728 0.053397
0 0.399039 0.178027 0.040361 0.057301
0 0.610381 0.545401 0.041847 0.053148
0 0.756061 0.455983 0.040760 0.052807
0 0.500454 0.144572 0.041449 0.057642
0 0.296878 0.556898 0.040990 0.054419
0 0.550576 0.129712 0.039504 0.058572
0 0.357398 0.622972 0.038585 0.052126
0 0.625704 0.286344 0.037039 0.048561
0 0.458844 0.593716 0.040990 0.054419
0 0.648015 0.446894 0.038355 0.050513
0 0.452099 0.550366 0.037728 0.053397
0 0.367178 0.321031 0.037268 0.050173
0 0.234529 0.493924 0.040990 0.054419
0 0.716837 0.172761 0.036181 0.049832
0 0.285164 0.474693 0.038815 0.053737
0 0.662562 0.529054 0.039672 0.052466
0 0.256537 0.269817 0.039442 0.050854
0 0.390951 0.487857 0.037498 0.051785
0 0.184837 0.507808 0.037268 0.050173
0 0.205986 0.285654 0.038355 0.050513
0 0.329858 0.417755 0.037039 0.048561
0 0.598437 0.461584 0.039213 0.049242
0 0.739064 0.336706 0.040760 0.052807
0 0.637304 0.367743 0.037268 0.050173
0 0.631332 0.325835 0.039902 0.054078
0 0.268596 0.354440 0.039672 0.052466
0 0.564181 0.217217 0.038815 0.053737
0 0.703315 0.081862 0.040591 0.058913
0 0.166491 0.383059 0.039044 0.055350
0 0.709976 0.128605 0.040132 0.055690
0 0.428899 0.387569 0.039902 0.054078
0 0.273909 0.395713 0.038355 0.050513
0 0.833963 0.261513 0.040760 0.052807
0 0.671913 0.228089 0.039213 0.049242
0 0.222470 0.409301 0.039044 0.055350
0 0.761918 0.497086 0.040530 0.051195
0 0.514060 0.232078 0.038126 0.048902
0 0.340830 0.502717 0.037268 0.050173
0 0.727548 0.251913 0.039442 0.050854
0 0.406443 0.222013 0.039672 0.052466
0 0.576126 0.301035 0.038355 0.050513
0 0.681882 0.309999 0.038355 0.050513
0 0.676454 0.267920 0.039442 0.050854
0 0.654844 0.486850 0.040990 0.054419
0 0.557237 0.176455 0.038585 0.052126
0 0.581325 0.341501 0.037268 0.050173
0 0.773443 0.195439 0.038815 0.053737
0 0.664854 0.186521 0.040132 0.055690
0 0.334858 0.460810 0.037728 0.053397
0 0.733520 0.293822 0.039902 0.054078
