0 0.657285 0.480763 0.035970 0.049137
0 0.121770 0.073258 0.036283 0.052399
0 0.919666 0.453994 0.038848 0.045429
0 0.501330 0.486137 0.044931 0.041439
0 0.491056 0.739399 0.026074 0.035862
0 0.521836 0.278297 0.050275 0.040967
0 0.527781 0.210494 0.051219 0.039569
0 0.516675 0.343770 0.048075 0.040503
0 0.131455 0.539568 0.036757 0.046106
0 0.530126 0.180203 0.050588 0.044230
0 0.935182 0.286454 0.040684 0.053327
0 0.166174 0.721616 0.040684 0.053327
0 0.157275 0.258800 0.038958 0.046571
0 0.089610 0.414258 0.037070 0.049369
0 0.316343 0.794064 0.037700 0.044707
0 0.915071 0.496039 0.038013 0.047969
0 0.063005 0.697356 0.032988 0.040517
0 0.133799 0.503453 0.036757 0.046106
0 0.524022 0.243814 0.049015 0.050290
0 0.145772 0.378680 0.034714 0.047273
0 0.350455 0.421028 0.035818 0.036320
0 0.122610 0.625896 0.038170 0.049601
0 0.513151 0.374644 0.049801 0.047260
0 0.082097 0.492546 0.038958 0.046571
0 0.162417 0.760761 0.037857 0.046339
0 0.196295 0.390170 0.038645 0.043309
0 0.085854 0.453402 0.038958 0.046571
0 0.094307 0.371151 0.038326 0.051231
0 0.056751 0.780071 0.039271 0.049833
0 0.342646 0.543351 0.031101 0.043315
0 0.170243 0.679209 0.038483 0.052863
0 0.149056 0.338604 0.035657 0.045874
0 0.078812 0.532623 0.038326 0.051231
0 0.504693 0.445245 0.044770 0.050993
0 0.373065 0.167872 0.038170 0.049601
0 0.466916 0.277528 0.038170 0.049601
0 0.518940 0.308471 0.048858 0.048659
0 0.060348 0.736732 0.038326 0.051231
0 0.817387 0.432168 0.036600 0.044475
0 0.276537 0.659199 0.040527 0.051696
0 0.075215 0.575961 0.039271 0.049833
0 0.730498 0.244106 0.038326 0.051231
0 0.159054 0.801652 0.039271 0.049833
0 0.888546 0.784147 0.038483 0.052863
0 0.683012 0.779893 0.039427 0.051463
0 0.153519 0.297945 0.036444 0.042844
0 0.675187 0.861444 0.036600 0.044475
0 0.715005 0.411402 0.037070 0.049369
0 0.615034 0.938612 0.039740 0.054726
0 0.138417 0.461163 0.038483 0.052863
0 0.930328 0.331190 0.039427 0.051463
0 0.071303 0.616736 0.038958 0.046571
0 0.817831 0.976043 0.041471 0.047914
0 0.686925 0.739118 0.038801 0.044939
0 0.142016 0.417825 0.036913 0.047737
0 0.354290 0.381067 0.039427 0.051463
0 0.310493 0.287794 0.038958 0.046571
0 0.126130 0.583373 0.039584 0.053095
0 0.679021 0.821484 0.039271 0.049833
0 0.312194 0.831462 0.039427 0.051463
0 0.922346 0.414372 0.039114 0.048201
0 0.925708 0.373481 0.038013 0.047969
0 0.860869 0.522879 0.035500 0.044243
0 0.767151 0.967374 0.039114 0.048201
0 0.627163 0.812208 0.036444 0.042844
0 0.198557 0.349047 0.040371 0.050065
0 0.154750 0.846505 0.039740 0.054726
0 0.173684 0.637502 0.036913 0.047737
0 0.619653 0.896322 0.038013 0.047969
0 0.911942 0.534484 0.036757 0.046106
0 0.053153 0.823408 0.038013 0.047969
0 0.181979 0.551058 0.039114 0.048201
0 0.904432 0.618598 0.038013 0.047969
0 0.839201 0.772073 0.042571 0.050529
0 0.665635 0.949287 0.039427 0.051463
0 0.534198 0.143622 0.052471 0.052618
0 0.324560 0.708435 0.037857 0.046339
0 0.900676 0.657743 0.038013 0.047969
0 0.320491 0.750842 0.038483 0.052863
0 0.185657 0.512729 0.036757 0.046106
0 0.883637 0.273915 0.038483 0.052863
0 0.161266 0.217209 0.036913 0.047737
0 0.169718 0.129134 0.037226 0.050999
0 0.802757 0.596317 0.038958 0.046571
0 0.411527 0.895681 0.037226 0.050999
0 0.623878 0.852285 0.038326 0.051231
0 0.067390 0.657512 0.037070 0.049369
0 0.693100 0.657218 0.038013 0.047969
0 0.868066 0.442027 0.038645 0.043309
0 0.826363 0.894168 0.038170 0.049601
0 0.896134 0.699218 0.039271 0.049833
0 0.113922 0.710593 0.039584 0.053095
0 0.670018 0.903619 0.039427 0.051463
0 0.364928 0.258509 0.036913 0.047737
0 0.118697 0.666672 0.038170 0.049601
0 0.188628 0.475915 0.037700 0.044707
0 0.117388 0.118927 0.038170 0.049601
0 0.834503 0.815180 0.039114 0.048201
0 0.822372 0.935759 0.040214 0.048433
0 0.853359 0.606992 0.038958 0.046571
0 0.165492 0.173171 0.037226 0.050999
0 0.258948 0.275257 0.036757 0.046106
0 0.879489 0.317137 0.038326 0.051231
0 0.358281 0.339476 0.037070 0.049369
0 0.631626 0.771549 0.038170 0.049601
0 0.892694 0.740924 0.038013 0.047969
0 0.422635 0.768230 0.036600 0.044475
0 0.105415 0.243700 0.038013 0.047969
0 0.643127 0.645845 0.036444 0.042844
0 0.273017 0.701722 0.039114 0.048201
0 0.261526 0.236696 0.034401 0.044011
0 0.368683 0.213540 0.038483 0.052863
0 0.314012 0.245272 0.038483 0.052863
0 0.361644 0.298585 0.037857 0.046339
0 0.830276 0.853393 0.037857 0.046339
0 0.344124 0.504558 0.035970 0.049137
0 0.109878 0.203040 0.036913 0.047737
0 0.775842 0.888502 0.036757 0.046106
0 0.337318 0.581332 0.038958 0.046571
0 0.101896 0.286222 0.039114 0.048201
0 0.791019 0.718644 0.036757 0.046106
0 0.097905 0.327813 0.039271 0.049833
0 0.308361 0.877246 0.040840 0.054958
0 0.700455 0.574736 0.037070 0.049369
0 0.414575 0.852228 0.037070 0.049369
0 0.287488 0.533379 0.035500 0.044243
0 0.481244 0.145764 0.037383 0.052631
0 0.463711 0.316788 0.036757 0.046106
0 0.207639 0.266096 0.037857 0.046339
0 0.251516 0.358555 0.037857 0.046339
0 0.270449 0.149551 0.038483 0.052863
0 0.204355 0.306173 0.039427 0.051463
0 0.265595 0.194289 0.037226 0.050999
0 0.242905 0.442436 0.037226 0.050999
0 0.327767 0.669175 0.036757 0.046106
0 0.570320 0.299342 0.040058 0.046803
0 0.864154 0.482802 0.037070 0.049369
0 0.938149 0.237990 0.040053 0.057988
0 0.425919 0.728154 0.037544 0.043076
0 0.857428 0.564586 0.039584 0.053095
0 0.908423 0.577007 0.038170 0.049601
0 0.783352 0.804389 0.038013 0.047969
0 0.639842 0.685920 0.038326 0.051231
0 0.191753 0.431645 0.040840 0.054958
0 0.690681 0.699973 0.039114 0.048201
0 0.887941 0.229062 0.040840 0.054958
0 0.634595 0.728910 0.038170 0.049601
0 0.275066 0.101437 0.038639 0.054493
0 0.845533 0.688543 0.039271 0.049833
0 0.247760 0.397699 0.038170 0.049601
0 0.471693 0.233607 0.037383 0.052631
0 0.794697 0.680315 0.036913 0.047737
0 0.771457 0.928346 0.038013 0.047969
0 0.114497 0.160750 0.038013 0.047969
0 0.646962 0.605884 0.036913 0.047737
0 0.416472 0.265222 0.039109 0.059386
0 0.778811 0.845864 0.039584 0.053095
0 0.280134 0.615861 0.039584 0.053095
0 0.875420 0.359544 0.038013 0.047969
0 0.177831 0.594280 0.039584 0.053095
0 0.448925 0.482569 0.036913 0.047737
0 0.813552 0.472127 0.037070 0.049369
0 0.574468 0.256119 0.038013 0.047969
0 0.215543 0.183730 0.040214 0.048433
0 0.787577 0.760351 0.038326 0.051231
0 0.579243 0.212198 0.039114 0.048201
0 0.617558 0.350908 0.039271 0.049833
0 0.475762 0.191200 0.037070 0.049369
0 0.726350 0.287328 0.038170 0.049601
0 0.849446 0.647767 0.039271 0.049833
0 0.211081 0.224389 0.039114 0.048201
0 0.307836 0.327171 0.041471 0.050297
0 0.760060 0.503276 0.036600 0.044475
0 0.718525 0.368879 0.035970 0.049137
0 0.697563 0.616559 0.036913 0.047737
0 0.711014 0.452992 0.036913 0.047737
0 0.303217 0.369462 0.040371 0.050065
0 0.377448 0.122203 0.038796 0.056124
0 0.299148 0.411868 0.038170 0.049601
0 0.661590 0.441735 0.034557 0.045642
0 0.284832 0.572756 0.038013 0.047969
0 0.734958 0.197622 0.038483 0.052863
0 0.722437 0.328104 0.037857 0.046339
0 0.255507 0.316964 0.038326 0.051231
0 0.842014 0.731066 0.038170 0.049601
0 0.295157 0.453459 0.038013 0.047969
0 0.218747 0.138645 0.040684 0.053327
0 0.347250 0.460288 0.038483 0.052863
0 0.806357 0.558804 0.036757 0.046106
0 0.707651 0.493885 0.038013 0.047969
0 0.418566 0.810636 0.037226 0.050999
0 0.441492 0.565867 0.035500 0.044243
0 0.649852 0.564061 0.037070 0.049369
0 0.653687 0.524101 0.034714 0.047273
0 0.810505 0.515582 0.037226 0.050999
0 0.223758 0.092277 0.039740 0.054726
0 0.704917 0.534076 0.035657 0.045874
0 0.445405 0.525092 0.036127 0.050767
0 0.798766 0.637908 0.037226 0.050999
0 0.664876 0.401658 0.035813 0.047505
0 0.453387 0.441910 0.035813 0.047505
0 0.583076 0.166414 0.038639 0.054493
0 0.820593 0.392907 0.035813 0.047505
0 0.331364 0.625836 0.038639 0.054493
0 0.824897 0.348054 0.038483 0.052863
0 0.433823 0.645787 0.035813 0.047505
0 0.747852 0.630496 0.037226 0.050999
0 0.290694 0.494118 0.039114 0.048201
0 0.460269 0.358495 0.036127 0.050767
0 0.672542 0.315913 0.035183 0.052167
0 0.755990 0.545683 0.036913 0.047737
0 0.437186 0.604896 0.036913 0.047737
0 0.621313 0.305939 0.038639 0.054493
0 0.668238 0.360767 0.036913 0.047737
0 0.871901 0.402067 0.039427 0.051463
0 0.751449 0.587158 0.035970 0.049137
0 0.766707 0.422309 0.038958 0.046571
0 0.774217 0.338195 0.038326 0.051231
0 0.763816 0.464131 0.037226 0.050999
0 0.430461 0.686679 0.037226 0.050999
0 0.456672 0.401834 0.037070 0.049369
0 0.770620 0.381533 0.039271 0.049833
