0 0.466163 0.296778 0.033928 0.036140
0 0.479849 0.380425 0.029944 0.027852
0 0.479192 0.365416 0.032624 0.035818
0 0.547453 0.778902 0.027885 0.030264
0 0.461175 0.265274 0.035509 0.037992
0 0.484627 0.403196 0.028089 0.024471
0 0.844526 0.661589 0.038943 0.043223
0 0.488066 0.422308 0.031524 0.029703
0 0.790897 0.674041 0.033449 0.040405
0 0.897914 0.651591 0.031870 0.038554
0 0.729036 0.583933 0.036813 0.038314
0 0.703970 0.440821 0.043061 0.038397
0 0.698708 0.407789 0.042581 0.042661
0 0.202128 0.306125 0.041348 0.049662
0 0.821312 0.786289 0.041623 0.051190
0 0.711361 0.478117 0.044232 0.051835
0 0.686055 0.337459 0.042031 0.039603
0 0.128120 0.512041 0.043887 0.042984
0 0.122068 0.478405 0.043887 0.042984
0 0.874767 0.769090 0.046770 0.045157
0 0.453784 0.227977 0.033928 0.036140
0 0.691556 0.368037 0.042031 0.039603
0 0.860775 0.695100 0.043682 0.048777
0 0.868166 0.732397 0.046770 0.045157
0 0.718752 0.515414 0.043612 0.041455
0 0.175182 0.466878 0.039973 0.042017
0 0.448833 0.200457 0.033378 0.033082
0 0.806906 0.710006 0.039768 0.047810
0 0.723637 0.550136 0.043887 0.042984
0 0.814023 0.745774 0.042856 0.044190
0 0.928636 0.754184 0.049726 0.054653
0 0.108350 0.405944 0.043407 0.047247
0 0.134722 0.548734 0.041277 0.042339
0 0.800667 0.345869 0.042581 0.042661
0 0.916120 0.684619 0.046291 0.049422
0 0.114712 0.445092 0.041277 0.042339
0 0.160811 0.394579 0.042856 0.044190
0 0.736016 0.618937 0.047046 0.046686
0 0.168718 0.430950 0.040248 0.043545
0 0.775325 0.201229 0.043612 0.041455
0 0.794203 0.309940 0.042856 0.044190
0 0.155239 0.356034 0.043407 0.047247
0 0.727544 0.253754 0.045537 0.052157
0 0.781927 0.237922 0.044162 0.044512
0 0.767933 0.163931 0.046291 0.049422
0 0.787087 0.274173 0.044437 0.046042
0 0.680242 0.301370 0.047321 0.048214
0 0.672439 0.261780 0.046016 0.047892
0 0.456309 0.247315 0.027316 0.013382
