0 0.587717 0.899946 0.041532 0.056965
0 0.497968 0.453310 0.044583 0.054280
0 0.941093 0.792603 0.039652 0.047005
0 0.892232 0.846446 0.036470 0.048060
0 0.944457 0.834936 0.042376 0.053899
0 0.476198 0.186382 0.044652 0.041446
0 0.487230 0.318170 0.043807 0.044511
0 0.634143 0.850651 0.038549 0.046814
0 0.939450 0.750798 0.038678 0.048442
0 0.689179 0.881570 0.041402 0.055336
0 0.637312 0.890541 0.038678 0.048442
0 0.842637 0.855850 0.038807 0.050069
0 0.579820 0.814657 0.041402 0.055336
0 0.630649 0.806690 0.041273 0.053708
0 0.735475 0.830646 0.038678 0.048442
0 0.839209 0.812703 0.038678 0.048442
0 0.792491 0.865350 0.040040 0.051889
0 0.886479 0.759961 0.038937 0.051698
0 0.786608 0.777237 0.037832 0.051507
0 0.836268 0.768647 0.040040 0.051889
0 0.682387 0.796090 0.039066 0.053326
0 0.740137 0.875231 0.041014 0.050451
0 0.732663 0.788219 0.038091 0.054763
0 0.685198 0.838519 0.037185 0.043366
0 0.740951 0.744695 0.024788 0.038010
0 0.689571 0.752758 0.023555 0.036191
0 0.480269 0.251701 0.047117 0.045084
0 0.493379 0.381479 0.043290 0.037999
0 0.844620 0.725938 0.022452 0.036000
0 0.484707 0.286420 0.043419 0.039627
0 0.947186 0.707371 0.024788 0.038010
0 0.474098 0.152909 0.045626 0.040009
0 0.895871 0.716247 0.023684 0.037819
0 0.638872 0.762352 0.025891 0.038200
0 0.491180 0.353800 0.043290 0.037999
0 0.532814 0.736959 0.023555 0.036191
0 0.889486 0.804832 0.037703 0.049878
0 0.586941 0.770511 0.025762 0.036573
0 0.478721 0.218131 0.044264 0.036561
0 0.789614 0.822107 0.038807 0.050069
0 0.792202 0.735005 0.025762 0.036573
