0 0.193889 0.154605 0.034444 0.049342
0 0.758333 0.159539 0.034444 0.046053
0 0.347778 0.290296 0.033333 0.041118
0 0.759444 0.291118 0.034444 0.042763
0 0.759444 0.205592 0.034444 0.042763
0 0.603333 0.414474 0.033333 0.039474
0 0.655556 0.289474 0.033333 0.042763
0 0.655000 0.245066 0.034444 0.046053
0 0.810000 0.666118 0.035556 0.042763
0 0.398889 0.203125 0.031111 0.044408
0 0.707778 0.157895 0.035556 0.049342
0 0.915000 0.375000 0.034444 0.042763
0 0.655556 0.332237 0.035556 0.042763
0 0.809444 0.791118 0.034444 0.046053
0 0.399444 0.290296 0.032222 0.037829
0 0.811111 0.334704 0.033333 0.037829
0 0.550556 0.745888 0.034444 0.044408
0 0.759444 0.248355 0.034444 0.042763
0 0.810000 0.708882 0.033333 0.042763
0 0.603333 0.372533 0.033333 0.041118
0 0.194444 0.201480 0.033333 0.044408
0 0.810000 0.624178 0.035556 0.041118
0 0.242778 0.536184 0.034444 0.042763
0 0.861111 0.582237 0.033333 0.039474
0 0.757778 0.539474 0.033333 0.036184
0 0.243889 0.370066 0.032222 0.039474
0 0.295556 0.412007 0.031111 0.041118
0 0.913889 0.541941 0.034444 0.047697
0 0.193889 0.370888 0.032222 0.041118
0 0.243889 0.493421 0.032222 0.039474
0 0.913889 0.625000 0.034444 0.042763
0 0.397222 0.539474 0.032222 0.042763
0 0.500000 0.452303 0.040000 0.046053
0 0.707778 0.293586 0.033333 0.041118
0 0.294444 0.496711 0.033333 0.039474
0 0.810000 0.542763 0.033333 0.039474
0 0.914444 0.417763 0.033333 0.039474
0 0.396667 0.625000 0.035556 0.046053
0 0.142778 0.283717 0.034444 0.047697
0 0.296667 0.370888 0.028889 0.041118
0 0.758333 0.708882 0.034444 0.042763
0 0.397222 0.581414 0.034444 0.041118
0 0.193889 0.327303 0.034444 0.042763
0 0.810000 0.583059 0.033333 0.041118
0 0.758333 0.665296 0.034444 0.044408
0 0.089444 0.407895 0.034444 0.046053
0 0.861667 0.623355 0.034444 0.042763
0 0.811667 0.291118 0.034444 0.049342
0 0.602222 0.830592 0.033333 0.039474
0 0.552222 0.203125 0.035556 0.047697
0 0.602778 0.580592 0.034444 0.046053
0 0.088889 0.491776 0.033333 0.042763
0 0.757778 0.872533 0.035556 0.041118
0 0.085556 0.740132 0.035556 0.042763
0 0.862778 0.415296 0.032222 0.041118
0 0.192222 0.410362 0.031111 0.037829
0 0.862222 0.707237 0.031111 0.042763
0 0.192222 0.451480 0.033333 0.041118
0 0.294444 0.537829 0.033333 0.042763
0 0.551667 0.154605 0.034444 0.049342
0 0.601667 0.787829 0.034444 0.042763
0 0.090556 0.152961 0.036667 0.046053
0 0.194444 0.284539 0.031111 0.039474
0 0.758889 0.828947 0.035556 0.046053
0 0.551667 0.788651 0.032222 0.041118
0 0.601667 0.707237 0.034444 0.042763
0 0.810556 0.750000 0.032222 0.039474
0 0.085556 0.781250 0.035556 0.039474
0 0.861667 0.666118 0.032222 0.042763
0 0.861667 0.832237 0.036667 0.046053
0 0.706111 0.498355 0.034444 0.039474
0 0.707778 0.250000 0.035556 0.046053
0 0.397778 0.494243 0.031111 0.044408
0 0.293889 0.621711 0.034444 0.042763
0 0.913889 0.500822 0.034444 0.037829
0 0.602778 0.662829 0.032222 0.042763
0 0.758333 0.332237 0.034444 0.036184
0 0.293889 0.704770 0.036667 0.047697
0 0.539444 0.328947 0.023333 0.036184
0 0.915000 0.160362 0.036667 0.044408
0 0.602778 0.623355 0.032222 0.039474
0 0.551111 0.831414 0.033333 0.041118
0 0.913333 0.583059 0.033333 0.037829
0 0.293889 0.578947 0.034444 0.042763
0 0.241667 0.661184 0.034444 0.039474
0 0.293333 0.661184 0.033333 0.039474
0 0.239444 0.911184 0.036667 0.046053
0 0.602778 0.537007 0.032222 0.037829
0 0.809444 0.875000 0.034444 0.042763
0 0.563333 0.455592 0.024444 0.036184
0 0.810556 0.372533 0.034444 0.034539
0 0.090000 0.450658 0.033333 0.039474
0 0.194444 0.245066 0.033333 0.042763
0 0.090556 0.282895 0.034444 0.039474
0 0.602222 0.873355 0.035556 0.046053
0 0.398889 0.332237 0.033333 0.042763
0 0.090556 0.324836 0.034444 0.041118
0 0.757778 0.915296 0.035556 0.041118
0 0.242222 0.578125 0.035556 0.041118
0 0.240000 0.825658 0.033333 0.039474
0 0.241667 0.620066 0.034444 0.039474
0 0.086667 0.616776 0.035556 0.046053
0 0.758889 0.749178 0.035556 0.037829
0 0.240556 0.744243 0.032222 0.041118
0 0.085556 0.822368 0.035556 0.042763
0 0.914444 0.206414 0.035556 0.044408
0 0.240556 0.785362 0.034444 0.041118
0 0.398333 0.374178 0.030000 0.037829
0 0.809444 0.833059 0.034444 0.037829
0 0.601667 0.747533 0.032222 0.037829
0 0.550556 0.911184 0.034444 0.039474
0 0.090000 0.240132 0.035556 0.046053
0 0.550556 0.870888 0.034444 0.041118
0 0.809444 0.916941 0.034444 0.041118
0 0.875000 0.369243 0.023333 0.037829
0 0.914444 0.249178 0.035556 0.044408
0 0.086667 0.574013 0.033333 0.042763
0 0.538889 0.291118 0.020000 0.029605
0 0.849444 0.289474 0.021111 0.036184
0 0.087778 0.532895 0.033333 0.039474
0 0.563333 0.494243 0.022222 0.037829
0 0.087222 0.660362 0.034444 0.041118
0 0.086111 0.699013 0.034444 0.039474
0 0.563889 0.412829 0.023333 0.036184
0 0.602778 0.498355 0.032222 0.039474
0 0.240556 0.867599 0.034444 0.041118
0 0.242222 0.702303 0.031111 0.042763
0 0.861111 0.787007 0.033333 0.041118
0 0.861667 0.500000 0.034444 0.039474
0 0.397778 0.412829 0.033333 0.039474
0 0.758889 0.787007 0.035556 0.041118
0 0.537778 0.413651 0.022222 0.037829
0 0.562778 0.288651 0.018889 0.027961
0 0.538333 0.454770 0.021111 0.037829
0 0.849444 0.330592 0.021111 0.032895
0 0.086111 0.864309 0.034444 0.044408
0 0.848889 0.371711 0.020000 0.032895
0 0.861667 0.749178 0.032222 0.037829
0 0.501111 0.245888 0.042222 0.041118
0 0.916111 0.328947 0.036667 0.046053
0 0.538333 0.662829 0.023333 0.036184
0 0.088889 0.364309 0.033333 0.041118
0 0.537778 0.497533 0.020000 0.031250
0 0.876111 0.328947 0.023333 0.036184
0 0.085556 0.908717 0.035556 0.041118
0 0.875556 0.288651 0.020000 0.034539
0 0.603333 0.333059 0.033333 0.041118
0 0.538333 0.703947 0.025556 0.036184
0 0.538889 0.370066 0.024444 0.029605
0 0.296111 0.331414 0.032222 0.037829
0 0.397222 0.453947 0.034444 0.026316
0 0.090000 0.195724 0.033333 0.039474
0 0.485556 0.746711 0.022222 0.032895
0 0.500000 0.493421 0.044444 0.029605
0 0.757778 0.579770 0.035556 0.044408
0 0.706667 0.456414 0.033333 0.041118
0 0.496667 0.376809 0.040000 0.035855
0 0.498333 0.310938 0.041111 0.039638
0 0.501667 0.146464 0.043333 0.029770
0 0.498333 0.345123 0.043333 0.031793
0 0.501111 0.177303 0.042222 0.035526
0 0.915556 0.292023 0.035556 0.041283
0 0.501111 0.208799 0.044444 0.027796
0 0.499444 0.278536 0.041111 0.027467
0 0.399444 0.249178 0.034444 0.044408
0 0.451111 0.248355 0.035556 0.042763
0 0.758889 0.460526 0.033333 0.042763
0 0.707778 0.415296 0.033333 0.041118
0 0.758889 0.373355 0.035556 0.046053
0 0.810556 0.502467 0.036667 0.041118
0 0.243889 0.328947 0.034444 0.042763
0 0.861667 0.541941 0.034444 0.044408
0 0.707778 0.333059 0.033333 0.041118
0 0.399444 0.157895 0.034444 0.049342
0 0.243333 0.409539 0.033333 0.039474
0 0.707778 0.205592 0.035556 0.042763
0 0.914444 0.459704 0.033333 0.044408
0 0.810556 0.461349 0.034444 0.041118
0 0.296667 0.287007 0.033333 0.047697
0 0.708333 0.373355 0.032222 0.039474
0 0.757778 0.501645 0.033333 0.039474
0 0.450556 0.290296 0.034444 0.041118
0 0.810000 0.416941 0.033333 0.047697
0 0.450000 0.158717 0.035556 0.047697
0 0.348889 0.246711 0.031111 0.046053
0 0.757778 0.623355 0.033333 0.042763
0 0.242778 0.451480 0.032222 0.044408
0 0.862222 0.458882 0.033333 0.042763
0 0.451111 0.204770 0.033333 0.041118
0 0.348889 0.157895 0.035556 0.046053
0 0.758889 0.416941 0.033333 0.044408
0 0.246667 0.155428 0.035556 0.047697
0 0.602778 0.456414 0.032222 0.044408
0 0.245000 0.288651 0.032222 0.041118
0 0.603333 0.289474 0.035556 0.046053
0 0.552222 0.249178 0.033333 0.044408
0 0.348889 0.203125 0.033333 0.041118
0 0.245556 0.245066 0.033333 0.046053
0 0.295000 0.455592 0.032222 0.042763
0 0.245000 0.200658 0.034444 0.042763
