0 0.869747 0.849925 0.035509 0.044582
0 0.499277 0.493468 0.039825 0.039907
0 0.441813 0.289628 0.035467 0.042941
0 0.440766 0.248606 0.037688 0.043065
0 0.813927 0.645172 0.034440 0.046161
0 0.759092 0.522525 0.037730 0.044706
0 0.437886 0.157569 0.036704 0.047926
0 0.763921 0.689862 0.036620 0.044644
0 0.439677 0.205943 0.037772 0.046347
0 0.756443 0.396967 0.036662 0.046285
0 0.139680 0.475726 0.035467 0.042941
0 0.764968 0.730884 0.036620 0.044644
0 0.752127 0.271502 0.036704 0.047926
0 0.808565 0.478686 0.036620 0.044644
0 0.549389 0.409334 0.037814 0.047987
0 0.443458 0.332259 0.036662 0.046285
0 0.657456 0.570094 0.036578 0.043003
0 0.344556 0.421578 0.036578 0.043003
0 0.388581 0.207971 0.035676 0.051145
0 0.865536 0.641473 0.033288 0.044458
0 0.863421 0.558609 0.035551 0.046223
0 0.868700 0.808903 0.035509 0.044582
0 0.343508 0.380556 0.036578 0.043003
0 0.189194 0.389983 0.036620 0.044644
0 0.350903 0.713715 0.036662 0.046285
0 0.349772 0.669412 0.036662 0.046285
0 0.338575 0.209116 0.037814 0.047987
0 0.650512 0.319892 0.035509 0.044582
0 0.867117 0.725187 0.036620 0.044644
0 0.447134 0.454473 0.037814 0.047987
0 0.805422 0.312076 0.036578 0.043003
0 0.653246 0.405186 0.036704 0.047926
0 0.443971 0.374133 0.033205 0.041176
0 0.807067 0.354707 0.035551 0.046223
0 0.815508 0.728887 0.035551 0.046223
0 0.714281 0.814227 0.035509 0.044582
0 0.760160 0.564367 0.033246 0.042817
0 0.139722 0.433821 0.035509 0.044582
0 0.765953 0.812989 0.036620 0.044644
0 0.855984 0.267354 0.035676 0.051145
0 0.233095 0.171453 0.037856 0.049628
0 0.713212 0.772385 0.035467 0.042941
0 0.808157 0.397370 0.033246 0.042817
0 0.447710 0.498808 0.036620 0.044644
0 0.762811 0.646380 0.034440 0.046161
0 0.339727 0.254240 0.037856 0.049628
0 0.342461 0.339534 0.038799 0.043127
0 0.659530 0.651317 0.036620 0.044644
0 0.543408 0.196873 0.036662 0.046285
0 0.817132 0.770698 0.036536 0.041362
0 0.655277 0.528314 0.036620 0.044644
0 0.754902 0.314893 0.033246 0.042817
0 0.808072 0.437633 0.035425 0.041300
0 0.391336 0.294086 0.034357 0.042879
0 0.190241 0.474549 0.036662 0.046285
0 0.296026 0.589427 0.037730 0.044706
0 0.186010 0.308821 0.036578 0.043003
0 0.188598 0.431918 0.037688 0.043065
0 0.810146 0.518856 0.035383 0.039659
0 0.605229 0.571363 0.034357 0.042879
0 0.240352 0.390416 0.036704 0.047926
0 0.291322 0.383466 0.036662 0.046285
0 0.079870 0.179997 0.035551 0.046223
0 0.545178 0.244427 0.035634 0.049504
0 0.811728 0.559027 0.034399 0.044520
0 0.496258 0.375243 0.046408 0.037161
0 0.494897 0.343687 0.045099 0.029386
0 0.654764 0.486441 0.035467 0.042941
0 0.710133 0.651782 0.033288 0.044458
0 0.235933 0.217304 0.034440 0.046161
0 0.133250 0.223852 0.035509 0.044582
0 0.596766 0.283452 0.036620 0.044644
0 0.394541 0.419612 0.034399 0.044520
0 0.294444 0.505711 0.036620 0.044644
0 0.764905 0.771967 0.034315 0.041238
0 0.804291 0.267772 0.036746 0.049566
0 0.602128 0.449939 0.034357 0.042879
0 0.088008 0.520509 0.036620 0.044644
0 0.137586 0.350137 0.035509 0.044582
0 0.143293 0.639023 0.038924 0.048049
0 0.186031 0.266097 0.036662 0.046285
0 0.355176 0.837538 0.036704 0.047926
0 0.132056 0.177087 0.037856 0.049628
0 0.292988 0.426918 0.037730 0.044706
0 0.868186 0.767030 0.036578 0.043003
0 0.812796 0.600869 0.034357 0.042879
0 0.702655 0.358886 0.037772 0.046347
0 0.301944 0.755881 0.036662 0.046285
0 0.814975 0.686193 0.034273 0.039598
0 0.288715 0.259549 0.035509 0.044582
0 0.600013 0.367075 0.036620 0.044644
0 0.549389 0.365789 0.035467 0.042941
0 0.705860 0.484413 0.035425 0.041300
0 0.861326 0.476565 0.035467 0.042941
0 0.756443 0.440512 0.034399 0.044520
0 0.660022 0.735914 0.035467 0.042941
0 0.238604 0.343682 0.039993 0.046470
0 0.084394 0.313666 0.035509 0.044582
0 0.287521 0.212785 0.040076 0.049752
0 0.907572 0.262834 0.036620 0.044644
0 0.347142 0.544674 0.035551 0.046223
0 0.088605 0.478574 0.035467 0.042941
0 0.289762 0.300571 0.033205 0.041176
0 0.661645 0.777725 0.036620 0.044644
0 0.455639 0.787569 0.035509 0.044582
0 0.345089 0.464272 0.035551 0.046223
0 0.083221 0.267722 0.035593 0.047864
0 0.348231 0.587337 0.035467 0.042941
0 0.600526 0.408948 0.035467 0.042941
0 0.708468 0.608330 0.036662 0.046285
0 0.650491 0.275527 0.035593 0.047864
0 0.298099 0.670650 0.035551 0.046223
0 0.547807 0.325619 0.029874 0.040991
0 0.654314 0.447029 0.034273 0.039598
0 0.612602 0.903701 0.038924 0.048049
0 0.660043 0.693189 0.035467 0.042941
0 0.710626 0.692834 0.034315 0.041238
0 0.444955 0.412693 0.033163 0.039536
0 0.914045 0.516349 0.036578 0.043003
0 0.498638 0.446672 0.043365 0.048297
0 0.862352 0.516767 0.035425 0.041300
0 0.607344 0.654227 0.032178 0.044396
0 0.237494 0.300199 0.037730 0.044706
0 0.142225 0.597181 0.038799 0.043127
0 0.766979 0.896735 0.036620 0.044644
0 0.184261 0.218543 0.035718 0.052786
0 0.595635 0.239149 0.036620 0.044644
0 0.711610 0.731394 0.032052 0.039474
0 0.357375 0.923684 0.036746 0.049566
0 0.593907 0.149690 0.035634 0.049504
0 0.285792 0.166871 0.038882 0.046409
0 0.864468 0.599631 0.033246 0.042817
0 0.449889 0.540588 0.036662 0.046285
0 0.755395 0.355945 0.032052 0.039474
0 0.860833 0.435513 0.034357 0.042879
0 0.134381 0.268155 0.035593 0.047864
0 0.604202 0.531162 0.032178 0.044396
0 0.140686 0.515107 0.035467 0.042941
0 0.664295 0.903283 0.037772 0.046347
0 0.340303 0.298574 0.036578 0.043003
0 0.818054 0.893887 0.038924 0.048049
0 0.450915 0.580790 0.036536 0.041362
0 0.390289 0.253064 0.034357 0.042879
0 0.818179 0.811720 0.034315 0.041238
0 0.859189 0.392881 0.035551 0.046223
0 0.138675 0.392800 0.035509 0.044582
0 0.699858 0.314676 0.038799 0.043127
0 0.302394 0.838838 0.035509 0.044582
0 0.087516 0.435911 0.035467 0.042941
0 0.353468 0.792445 0.035467 0.042941
0 0.606276 0.612385 0.034357 0.042879
0 0.546822 0.287059 0.032052 0.039474
0 0.663740 0.859769 0.036620 0.044644
0 0.451984 0.622632 0.036662 0.046285
0 0.715925 0.900404 0.036662 0.046285
0 0.144425 0.683327 0.036620 0.044644
0 0.707379 0.565667 0.036578 0.043003
0 0.348661 0.625928 0.036536 0.041362
0 0.609995 0.736239 0.035425 0.041300
0 0.301901 0.797785 0.034315 0.041238
0 0.766486 0.855683 0.035425 0.041300
0 0.394048 0.378560 0.033121 0.037895
0 0.704833 0.444212 0.035467 0.042941
0 0.703723 0.400728 0.035509 0.044582
0 0.909708 0.390064 0.036578 0.043003
0 0.652157 0.362524 0.036620 0.044644
0 0.295533 0.548374 0.036620 0.044644
0 0.857095 0.310837 0.035467 0.042941
0 0.453565 0.662802 0.035425 0.041300
0 0.141733 0.556128 0.037688 0.043065
0 0.858142 0.351859 0.033246 0.042817
0 0.135983 0.309146 0.034315 0.041238
0 0.346137 0.505293 0.035383 0.039659
0 0.454057 0.703854 0.036620 0.044644
0 0.085893 0.394100 0.036620 0.044644
0 0.603113 0.488499 0.032094 0.041115
0 0.187592 0.348992 0.037730 0.044706
0 0.761742 0.604537 0.032094 0.041115
0 0.706332 0.524645 0.034357 0.042879
0 0.911332 0.431875 0.035509 0.044582
0 0.457304 0.831021 0.034357 0.042879
0 0.235912 0.260029 0.034273 0.039598
0 0.866605 0.683314 0.035467 0.042941
0 0.756976 0.483206 0.035341 0.038019
0 0.291365 0.341562 0.034399 0.044520
0 0.595635 0.195604 0.036662 0.046285
0 0.148635 0.848234 0.036662 0.046285
0 0.612623 0.860976 0.036620 0.044644
0 0.913961 0.556612 0.036620 0.044644
0 0.084887 0.354719 0.036536 0.041362
0 0.492962 0.311424 0.047681 0.043622
0 0.909217 0.349011 0.037772 0.046347
0 0.352484 0.753884 0.033121 0.037895
0 0.657927 0.610326 0.033205 0.041176
0 0.294549 0.466268 0.034231 0.037957
0 0.355731 0.881052 0.035383 0.039659
0 0.146028 0.724317 0.037730 0.044706
0 0.662713 0.819567 0.034357 0.042879
0 0.297052 0.629628 0.035383 0.039659
0 0.611042 0.777261 0.035509 0.044582
0 0.699922 0.273592 0.034357 0.042879
0 0.612110 0.819103 0.033246 0.042817
0 0.912422 0.474538 0.037730 0.044706
0 0.151327 0.931887 0.037772 0.046347
0 0.454591 0.746548 0.035425 0.041300
0 0.908661 0.305497 0.036620 0.044644
0 0.082111 0.224239 0.035551 0.046223
0 0.147117 0.766979 0.035425 0.041300
0 0.392488 0.339209 0.036704 0.047926
0 0.458373 0.872864 0.034399 0.044520
0 0.492867 0.242414 0.046571 0.043560
0 0.870260 0.891798 0.034357 0.042879
0 0.715370 0.856890 0.035509 0.044582
0 0.149724 0.890896 0.036578 0.043003
0 0.304551 0.923343 0.033330 0.046099
0 0.903863 0.640157 0.023170 0.038978
0 0.148122 0.806360 0.035425 0.041300
0 0.609010 0.697678 0.035467 0.042941
0 0.489778 0.143173 0.047472 0.035418
0 0.931475 0.719956 0.023128 0.037338
0 0.930406 0.678113 0.025306 0.035821
0 0.818608 0.850311 0.033163 0.039536
0 0.907560 0.806736 0.024154 0.034118
0 0.458885 0.914737 0.033246 0.042817
0 0.902858 0.600776 0.023086 0.035697
0 0.490678 0.178452 0.045376 0.040217
0 0.907047 0.764863 0.023170 0.038978
0 0.933140 0.763408 0.024196 0.035759
0 0.935172 0.842990 0.022018 0.037276
0 0.303441 0.879860 0.037730 0.044706
0 0.929464 0.597650 0.023086 0.035697
0 0.905958 0.722200 0.023002 0.032415
0 0.935255 0.889817 0.024280 0.039040
0 0.934166 0.803609 0.021934 0.033994
0 0.908607 0.891303 0.024280 0.039040
0 0.598390 0.325263 0.035467 0.042941
0 0.908523 0.844476 0.024154 0.034118
0 0.904827 0.677897 0.023002 0.032415
0 0.929893 0.636241 0.021934 0.033994
0 0.493987 0.743529 0.023002 0.032415
0 0.492657 0.277755 0.046362 0.035356
0 0.300341 0.714890 0.035467 0.042941
0 0.490919 0.209660 0.048456 0.030557
