0 0.841713 0.877203 0.038561 0.037124
0 0.416181 0.675658 0.037339 0.040135
0 0.615256 0.850989 0.038561 0.037124
0 0.258681 0.899464 0.037174 0.035523
0 0.727827 0.845650 0.040003 0.040262
0 0.313246 0.895337 0.037174 0.035523
0 0.478550 0.890577 0.037065 0.032449
0 0.612062 0.742587 0.037174 0.035523
0 0.723319 0.700356 0.038506 0.035586
0 0.141089 0.726429 0.041390 0.041862
0 0.653714 0.301010 0.034674 0.040009
0 0.251598 0.681924 0.035788 0.033923
0 0.887508 0.477003 0.033068 0.032259
0 0.476022 0.782143 0.037339 0.040135
0 0.256745 0.826417 0.038451 0.034050
0 0.556766 0.707485 0.035678 0.030849
0 0.665487 0.631500 0.034455 0.033860
0 0.312088 0.825333 0.037010 0.030912
0 0.136161 0.588084 0.041390 0.041862
0 0.724616 0.774203 0.038506 0.035586
0 0.307506 0.715457 0.038397 0.032512
0 0.195755 0.687652 0.038561 0.037124
0 0.834011 0.623508 0.038561 0.037124
0 0.725820 0.808021 0.038506 0.035586
0 0.498776 0.222132 0.029017 0.030533
0 0.461867 0.384787 0.040058 0.041798
0 0.476004 0.819098 0.034455 0.033860
0 0.471550 0.675342 0.035842 0.035460
0 0.886194 0.440112 0.038725 0.041735
0 0.424568 0.892367 0.041335 0.040325
0 0.832806 0.589691 0.038451 0.034050
0 0.311959 0.859213 0.037229 0.037061
0 0.558701 0.780532 0.037174 0.035523
0 0.557332 0.742103 0.037284 0.038598
0 0.712350 0.373677 0.037120 0.033987
0 0.238695 0.282198 0.038780 0.043272
0 0.467717 0.567741 0.038835 0.044810
0 0.722087 0.665770 0.038561 0.037124
0 0.310189 0.790778 0.038616 0.038661
0 0.186794 0.398602 0.038561 0.037124
0 0.134701 0.509626 0.041280 0.038787
0 0.715006 0.448230 0.037174 0.035523
0 0.467699 0.604696 0.035733 0.032386
0 0.133387 0.472734 0.041280 0.038787
0 0.195135 0.651497 0.039949 0.038724
0 0.718227 0.557400 0.038725 0.041735
0 0.889443 0.550050 0.039894 0.037187
0 0.365475 0.788156 0.037284 0.038598
0 0.420124 0.786335 0.039894 0.037187
0 0.605655 0.562738 0.037174 0.035523
0 0.474735 0.746020 0.037174 0.035523
0 0.669950 0.812980 0.038670 0.040199
0 0.612601 0.776436 0.035842 0.035460
0 0.258699 0.862509 0.037284 0.038598
0 0.137503 0.625745 0.043890 0.037377
0 0.422104 0.823195 0.038561 0.037124
0 0.197042 0.723775 0.041280 0.038787
0 0.666782 0.705347 0.037120 0.033987
0 0.188026 0.433189 0.038616 0.038661
0 0.252940 0.719584 0.038725 0.041735
0 0.616598 0.888649 0.038616 0.038661
0 0.716347 0.485890 0.034455 0.033860
0 0.655092 0.377162 0.037174 0.035523
0 0.882252 0.329435 0.038506 0.035586
0 0.545869 0.345388 0.034400 0.032323
0 0.470290 0.639988 0.035952 0.038535
0 0.305763 0.647791 0.034510 0.035397
0 0.132766 0.436579 0.039894 0.037187
0 0.600499 0.380522 0.037229 0.037061
0 0.184886 0.326323 0.039894 0.037187
0 0.308820 0.752349 0.038616 0.038661
0 0.829585 0.480520 0.037120 0.033987
0 0.717579 0.520476 0.037174 0.035523
0 0.366790 0.825048 0.037284 0.038598
0 0.720773 0.628878 0.038670 0.040199
0 0.128796 0.325134 0.040058 0.041798
0 0.822987 0.295292 0.037284 0.038598
0 0.295277 0.353423 0.034564 0.036935
0 0.242025 0.394443 0.037229 0.037061
0 0.666135 0.668424 0.036007 0.040072
0 0.554858 0.635207 0.037229 0.037061
0 0.419449 0.748642 0.038725 0.041735
0 0.832879 0.554272 0.041445 0.043398
0 0.669301 0.776057 0.039894 0.037187
0 0.465171 0.496262 0.033123 0.033797
0 0.189340 0.470080 0.038506 0.035586
0 0.823634 0.332215 0.038506 0.035586
0 0.241487 0.360594 0.038451 0.034050
0 0.609488 0.670341 0.037284 0.038598
0 0.552897 0.561391 0.035788 0.033923
0 0.415616 0.641041 0.035733 0.032386
0 0.136070 0.548054 0.041280 0.038787
0 0.719514 0.593523 0.038451 0.034050
0 0.889453 0.587774 0.040058 0.041798
0 0.240173 0.323701 0.038670 0.040199
0 0.556173 0.672098 0.037339 0.040135
0 0.296674 0.392621 0.037393 0.041672
0 0.659108 0.452421 0.037174 0.035523
0 0.418134 0.711750 0.038506 0.035586
0 0.830844 0.515874 0.039894 0.037187
0 0.548470 0.418403 0.037229 0.037061
0 0.560015 0.817424 0.037284 0.038598
0 0.884077 0.399408 0.040003 0.040262
0 0.466375 0.530081 0.035788 0.033923
0 0.250421 0.648875 0.038506 0.035586
0 0.255404 0.788757 0.038725 0.041735
0 0.888740 0.511589 0.041226 0.037251
0 0.653778 0.340270 0.034619 0.038471
0 0.363523 0.752065 0.038561 0.037124
0 0.243267 0.466752 0.037120 0.033987
0 0.764333 0.259580 0.040058 0.041798
0 0.612637 0.814928 0.038616 0.038661
0 0.362929 0.716678 0.037120 0.033987
0 0.549766 0.492250 0.037120 0.033987
0 0.602434 0.453569 0.038506 0.035586
0 0.544527 0.307728 0.034674 0.040009
0 0.606860 0.596556 0.037174 0.035523
0 0.182769 0.285620 0.041499 0.044936
0 0.193848 0.615373 0.039894 0.037187
0 0.663561 0.596177 0.036007 0.040072
0 0.299302 0.466405 0.037174 0.035523
0 0.598519 0.343662 0.036007 0.040072
0 0.604387 0.489660 0.034564 0.036935
0 0.472171 0.711497 0.037229 0.037061
0 0.354561 0.463014 0.038561 0.037124
0 0.610137 0.707264 0.038616 0.038661
0 0.361615 0.679786 0.040003 0.040262
0 0.551610 0.525268 0.038506 0.035586
0 0.186894 0.363953 0.038616 0.038661
0 0.248496 0.613551 0.037284 0.038598
0 0.771733 0.448619 0.038616 0.038661
0 0.500954 0.302019 0.027252 0.018326
0 0.500386 0.261704 0.034072 0.034302
0 0.498753 0.286110 0.026681 0.019097
0 0.409847 0.460392 0.040003 0.040262
0 0.597123 0.304464 0.038725 0.041735
0 0.605035 0.526583 0.035897 0.036998
0 0.713664 0.410569 0.037339 0.040135
0 0.357134 0.535261 0.038561 0.037124
0 0.246561 0.540505 0.038670 0.040199
0 0.413142 0.534145 0.038561 0.037124
0 0.192452 0.576175 0.040168 0.044873
0 0.242673 0.431367 0.038561 0.037124
0 0.767755 0.299451 0.038616 0.038661
0 0.458572 0.311035 0.038725 0.041735
0 0.351987 0.390767 0.038561 0.037124
0 0.300561 0.501760 0.037284 0.038598
0 0.350646 0.353107 0.038616 0.038661
0 0.710972 0.297524 0.040168 0.044873
0 0.549146 0.456096 0.041280 0.038787
0 0.353913 0.426091 0.039894 0.037187
0 0.302496 0.574807 0.038561 0.037124
0 0.405960 0.351254 0.034455 0.033860
0 0.462570 0.423247 0.035842 0.035460
0 0.547156 0.381512 0.037339 0.040135
0 0.608868 0.634185 0.038561 0.037124
0 0.409254 0.425006 0.035897 0.036998
0 0.411189 0.498053 0.037284 0.038598
0 0.657100 0.414792 0.036007 0.040072
0 0.769078 0.374066 0.041335 0.040325
0 0.355820 0.498369 0.038561 0.037124
0 0.301903 0.539420 0.037229 0.037061
0 0.359042 0.607539 0.037229 0.037061
0 0.358449 0.572153 0.035897 0.036998
0 0.505569 0.412817 0.029559 0.045751
0 0.504668 0.368822 0.033512 0.044711
0 0.360356 0.644431 0.037229 0.037061
0 0.247902 0.578166 0.038506 0.035586
0 0.245831 0.501276 0.037284 0.038598
0 0.403953 0.313625 0.038616 0.038661
0 0.553490 0.596778 0.037339 0.040135
0 0.882242 0.291712 0.041335 0.040325
0 0.601174 0.418214 0.038616 0.038661
0 0.826235 0.405230 0.038780 0.043272
0 0.711756 0.338291 0.038561 0.037124
0 0.408552 0.386546 0.037229 0.037061
0 0.349277 0.314678 0.036061 0.041609
0 0.303755 0.610161 0.038561 0.037124
0 0.820979 0.257663 0.038780 0.043272
0 0.661599 0.522361 0.037229 0.037061
0 0.414411 0.607223 0.038506 0.035586
0 0.660367 0.487776 0.037174 0.035523
0 0.768375 0.335606 0.037229 0.037061
0 0.770419 0.411727 0.038616 0.038661
0 0.296737 0.431882 0.037229 0.037061
0 0.413735 0.569531 0.040003 0.040262
0 0.130192 0.364332 0.039894 0.037187
0 0.464496 0.458570 0.037393 0.041672
0 0.190627 0.506203 0.038780 0.043272
0 0.368743 0.861139 0.038561 0.037124
0 0.673161 0.884427 0.039949 0.038724
0 0.306968 0.681608 0.037174 0.035523
0 0.561913 0.851978 0.033013 0.030723
0 0.896425 0.802239 0.038670 0.040199
0 0.835919 0.695786 0.037339 0.040135
0 0.662220 0.558517 0.035842 0.035460
0 0.897793 0.840669 0.041335 0.040325
0 0.891999 0.659251 0.037229 0.037061
0 0.893258 0.694607 0.039894 0.037187
0 0.423974 0.856981 0.037120 0.033987
0 0.131507 0.401224 0.037229 0.037061
0 0.496430 0.193757 0.028852 0.025921
0 0.369308 0.895758 0.037065 0.032449
0 0.668014 0.739933 0.037174 0.035523
0 0.899774 0.877529 0.039894 0.037187
0 0.895056 0.763811 0.041226 0.037251
0 0.671264 0.849872 0.038561 0.037124
0 0.839212 0.769539 0.038670 0.040199
0 0.890100 0.624697 0.038506 0.035586
0 0.882817 0.364053 0.037120 0.033987
0 0.723967 0.737279 0.039949 0.038724
0 0.139720 0.687999 0.038616 0.038661
0 0.839623 0.837268 0.040003 0.040262
0 0.191165 0.540053 0.036681 0.021689
0 0.835243 0.658094 0.038506 0.035586
0 0.459859 0.347158 0.038013 0.021752
0 0.827021 0.445997 0.037284 0.038598
0 0.477291 0.855222 0.037393 0.041672
0 0.562452 0.885828 0.034674 0.040009
0 0.837178 0.731141 0.037120 0.033987
0 0.254199 0.754939 0.038068 0.023289
0 0.130632 0.657636 0.038397 0.032512
0 0.893158 0.729256 0.037065 0.032449
0 0.825533 0.366770 0.034455 0.033860
0 0.294711 0.318806 0.038178 0.026363
0 0.839779 0.804156 0.039401 0.023352
