0 0.501710 0.492997 0.047069 0.045387
0 0.785903 0.382746 0.038427 0.042309
0 0.139043 0.752080 0.041847 0.057086
0 0.733400 0.368277 0.038085 0.052733
0 0.590128 0.272426 0.037825 0.051134
0 0.617133 0.753172 0.039726 0.050305
0 0.316532 0.644429 0.041327 0.053888
0 0.849603 0.623656 0.039986 0.051903
0 0.230656 0.188393 0.038906 0.051519
0 0.439688 0.217159 0.041067 0.052288
0 0.106101 0.314894 0.041587 0.055487
0 0.127904 0.490133 0.038906 0.051519
0 0.761875 0.847010 0.040246 0.053503
0 0.858111 0.581856 0.041327 0.053888
0 0.098803 0.356279 0.039986 0.051903
0 0.310445 0.685399 0.039986 0.051903
0 0.847878 0.964757 0.040506 0.055102
0 0.735236 0.991491 0.042667 0.017018
0 0.752097 0.587240 0.041067 0.052288
0 0.705989 0.224029 0.042107 0.058685
0 0.755658 0.888779 0.038646 0.049920
0 0.489660 0.236647 0.037825 0.051134
0 0.135351 0.451340 0.036486 0.049151
0 0.483033 0.277425 0.039726 0.050305
0 0.145130 0.711110 0.039986 0.051903
0 0.113248 0.270919 0.041327 0.053888
0 0.445644 0.176989 0.042147 0.052673
0 0.393686 0.500202 0.041067 0.052288
0 0.660199 0.811646 0.042667 0.055872
0 0.152967 0.669918 0.042147 0.052673
0 0.774720 0.764464 0.041587 0.055487
0 0.588272 0.614327 0.040246 0.053503
0 0.604312 0.188665 0.042367 0.060284
0 0.406270 0.419254 0.040766 0.056701
0 0.874667 0.803440 0.041067 0.052288
0 0.815045 0.523382 0.038906 0.051519
0 0.876933 0.462530 0.037306 0.047936
0 0.864198 0.540887 0.039986 0.051903
0 0.267895 0.286238 0.039986 0.051903
0 0.382006 0.238063 0.040766 0.056701
0 0.362404 0.362186 0.036745 0.050749
0 0.450266 0.475522 0.039166 0.053118
0 0.843235 0.662834 0.040246 0.053503
0 0.748750 0.927765 0.039986 0.051903
0 0.914301 0.559576 0.041327 0.053888
0 0.654955 0.207546 0.042107 0.058685
0 0.881424 0.761863 0.041587 0.055487
0 0.650809 0.549477 0.040547 0.049091
0 0.496678 0.193471 0.040506 0.055102
0 0.714448 0.488404 0.038646 0.049920
0 0.425613 0.296730 0.041587 0.055487
0 0.836608 0.703611 0.039986 0.051903
0 0.185304 0.467438 0.039166 0.053118
0 0.725027 0.746767 0.041587 0.055487
0 0.687249 0.648730 0.041067 0.052288
0 0.323419 0.602053 0.041587 0.055487
0 0.690745 0.310795 0.039166 0.053118
0 0.209159 0.647637 0.039986 0.051903
0 0.354826 0.401780 0.038906 0.051519
0 0.868710 0.843610 0.040506 0.055102
0 0.218201 0.268541 0.040506 0.055102
0 0.698712 0.268803 0.041587 0.055487
0 0.195363 0.728999 0.041067 0.052288
0 0.701043 0.567367 0.037825 0.051134
0 0.433320 0.256337 0.040807 0.050690
0 0.628727 0.372446 0.039986 0.051903
0 0.159335 0.630740 0.039726 0.050305
0 0.782968 0.724263 0.039726 0.050305
0 0.922009 0.519183 0.041067 0.052288
0 0.301832 0.080944 0.041847 0.057086
0 0.801270 0.608135 0.038386 0.048321
0 0.387728 0.540372 0.039466 0.048706
0 0.096777 0.692198 0.039986 0.051903
0 0.601677 0.535364 0.040547 0.049091
0 0.261398 0.326216 0.039986 0.051903
0 0.907955 0.602144 0.039986 0.051903
0 0.189407 0.769169 0.042667 0.055872
0 0.475357 0.733894 0.022242 0.021630
0 0.479477 0.717683 0.026012 0.028548
0 0.215656 0.607659 0.039466 0.048706
0 0.779146 0.424323 0.040506 0.055102
0 0.443639 0.516299 0.038906 0.051519
0 0.072404 0.515198 0.041327 0.053888
0 0.727983 0.408640 0.039726 0.050305
0 0.287777 0.163907 0.040246 0.053503
0 0.255570 0.365586 0.038646 0.049920
0 0.131915 0.799446 0.043187 0.059070
0 0.058868 0.594961 0.042407 0.054272
0 0.375249 0.279640 0.035405 0.048766
0 0.795423 0.644115 0.035966 0.045952
0 0.769714 0.805817 0.039726 0.050305
0 0.412897 0.378477 0.042147 0.052673
0 0.658668 0.511676 0.039986 0.051903
0 0.741583 0.968350 0.041327 0.053888
0 0.188390 0.128513 0.040246 0.053503
0 0.574737 0.694090 0.041327 0.053888
0 0.223748 0.227379 0.039726 0.050305
0 0.325036 0.265142 0.042407 0.054272
0 0.861003 0.884002 0.039726 0.050305
0 0.680341 0.687715 0.039726 0.050305
0 0.191131 0.428068 0.039466 0.048706
0 0.348329 0.441757 0.038906 0.051519
0 0.181373 0.171688 0.040246 0.053503
0 0.294275 0.123928 0.039726 0.050305
0 0.732064 0.706981 0.041108 0.046277
0 0.092176 0.397056 0.039726 0.050305
0 0.202121 0.687422 0.041067 0.052288
0 0.143059 0.410948 0.039426 0.054717
0 0.084858 0.435050 0.039726 0.050305
0 0.820872 0.484011 0.037566 0.049536
0 0.237414 0.146817 0.038906 0.051519
0 0.331642 0.220974 0.041587 0.055487
0 0.244691 0.102041 0.039945 0.057915
0 0.360398 0.701497 0.042667 0.055872
0 0.452921 0.132214 0.043187 0.059070
0 0.182799 0.813337 0.041847 0.057086
0 0.764551 0.507092 0.039466 0.048706
0 0.818067 0.824729 0.039726 0.050305
0 0.398973 0.460639 0.038646 0.049920
0 0.584451 0.314387 0.039986 0.051903
0 0.694546 0.607345 0.040506 0.055102
0 0.507927 0.451228 0.048068 0.057795
0 0.419135 0.340098 0.039986 0.051903
0 0.178396 0.506424 0.039986 0.051903
0 0.155253 0.332398 0.040506 0.055102
0 0.871235 0.501101 0.038386 0.048321
0 0.611305 0.792542 0.043227 0.053058
0 0.668577 0.770647 0.041587 0.055487
0 0.811310 0.866306 0.042407 0.054272
0 0.634964 0.334068 0.039986 0.051903
0 0.503955 0.148696 0.041025 0.058300
0 0.249072 0.405564 0.041327 0.053888
0 0.220942 0.568096 0.040246 0.053503
0 0.935414 0.440219 0.042927 0.057471
0 0.204927 0.346705 0.041587 0.055487
0 0.823894 0.785358 0.041067 0.052288
0 0.644572 0.587856 0.041067 0.052288
0 0.198039 0.389082 0.039166 0.053118
0 0.685068 0.352757 0.041327 0.053888
0 0.642132 0.293483 0.038646 0.049920
0 0.608174 0.495386 0.041587 0.055487
0 0.569986 0.396357 0.040246 0.053503
0 0.470579 0.357573 0.038646 0.049920
0 0.884100 0.421945 0.039685 0.056317
0 0.831192 0.743974 0.040506 0.055102
0 0.615472 0.454001 0.039986 0.051903
0 0.707540 0.527389 0.037825 0.051134
0 0.597035 0.233440 0.038646 0.049920
0 0.788925 0.684092 0.041327 0.053888
0 0.333889 0.864607 0.043187 0.059070
0 0.677620 0.391550 0.038906 0.051519
0 0.368492 0.321217 0.038085 0.052733
0 0.594900 0.573550 0.040506 0.055102
0 0.476406 0.318201 0.037825 0.051134
0 0.235408 0.486127 0.040506 0.055102
0 0.463951 0.398350 0.041587 0.055487
0 0.165292 0.590569 0.040807 0.050690
0 0.745059 0.627025 0.039986 0.051903
0 0.648219 0.252513 0.039986 0.051903
0 0.122227 0.532096 0.041067 0.052288
0 0.582184 0.655297 0.038906 0.051519
0 0.758724 0.546463 0.041327 0.053888
0 0.721076 0.447626 0.039426 0.054717
0 0.577283 0.354972 0.039166 0.053118
0 0.807617 0.565566 0.040766 0.056701
0 0.671123 0.431529 0.038906 0.051519
0 0.772669 0.467692 0.041067 0.052288
0 0.622099 0.413224 0.040246 0.053503
0 0.674923 0.728077 0.040246 0.053503
0 0.172180 0.548193 0.041587 0.055487
0 0.737762 0.668409 0.041587 0.055487
0 0.630927 0.671810 0.041327 0.053888
0 0.665165 0.471698 0.039986 0.051903
0 0.624170 0.713387 0.041327 0.053888
0 0.638225 0.630425 0.040246 0.053503
0 0.895629 0.681493 0.040287 0.047491
0 0.044533 0.676131 0.039726 0.050305
0 0.457173 0.436536 0.034626 0.043968
0 0.792928 0.902052 0.025723 0.039292
0 0.367026 0.660720 0.040246 0.053503
0 0.540824 0.252331 0.048368 0.053383
0 0.138827 0.110016 0.042147 0.052673
0 0.339696 0.821845 0.039206 0.047106
0 0.038576 0.716301 0.040807 0.050690
0 0.746395 0.288322 0.042927 0.057471
0 0.561482 0.775645 0.039166 0.053118
0 0.555374 0.813224 0.038386 0.048321
0 0.131530 0.151400 0.041067 0.052288
0 0.548877 0.853202 0.034585 0.049980
0 0.353491 0.740483 0.040287 0.047491
0 0.280739 0.203692 0.038646 0.049920
0 0.567440 0.735475 0.040246 0.053503
0 0.552041 0.190350 0.045688 0.049415
0 0.089480 0.733583 0.041587 0.055487
0 0.557628 0.155969 0.047589 0.048585
0 0.536166 0.284505 0.047889 0.044172
0 0.804240 0.986212 0.026284 0.027575
0 0.546562 0.220540 0.047889 0.044172
0 0.526721 0.349653 0.048149 0.045772
0 0.816565 0.911315 0.025463 0.037693
0 0.522323 0.380229 0.048109 0.051783
0 0.816287 0.438395 0.026804 0.039677
0 0.778723 0.979996 0.028663 0.040007
0 0.274672 0.248051 0.037866 0.045122
0 0.115729 0.572073 0.041067 0.052288
0 0.754342 0.242940 0.042107 0.058685
0 0.080842 0.776182 0.042667 0.055872
0 0.125032 0.191378 0.043227 0.053058
0 0.336825 0.523089 0.037046 0.046337
0 0.786431 0.942029 0.028403 0.043259
0 0.372984 0.620550 0.040287 0.047491
0 0.840873 0.448843 0.026804 0.039677
0 0.168118 0.253243 0.039726 0.050305
0 0.380280 0.579165 0.040766 0.056701
0 0.811148 0.951677 0.025983 0.040890
0 0.718140 0.789143 0.041327 0.053888
0 0.195818 0.086328 0.041587 0.055487
0 0.740308 0.329292 0.037866 0.045122
0 0.841380 0.990191 0.039466 0.019617
0 0.242165 0.444550 0.042147 0.052673
0 0.296910 0.765162 0.041067 0.052288
0 0.052371 0.634939 0.042407 0.054272
0 0.304078 0.724577 0.039726 0.050305
0 0.437681 0.556469 0.035665 0.050365
0 0.290413 0.805140 0.041067 0.052288
0 0.901047 0.641130 0.041327 0.053888
0 0.341701 0.482535 0.039685 0.056317
0 0.928376 0.480005 0.040807 0.050690
0 0.065366 0.554983 0.041887 0.051075
0 0.174486 0.214065 0.040506 0.055102
0 0.103144 0.653020 0.039726 0.050305
0 0.330847 0.559869 0.037566 0.049536
0 0.145304 0.066647 0.041587 0.055487
0 0.228781 0.526904 0.037046 0.046337
0 0.823994 0.398002 0.025423 0.043704
0 0.148476 0.370585 0.038386 0.048321
0 0.078750 0.472629 0.039986 0.051903
0 0.030478 0.759093 0.044527 0.061054
0 0.119205 0.230749 0.039726 0.050305
0 0.473397 0.747643 0.023581 0.019847
0 0.283116 0.846525 0.043187 0.059070
0 0.854095 0.922988 0.038906 0.051519
0 0.847350 0.405475 0.026243 0.042490
0 0.888312 0.719486 0.038646 0.049920
0 0.211964 0.306920 0.039466 0.048706
0 0.161881 0.291622 0.039726 0.050305
0 0.531918 0.317672 0.047028 0.051399
0 0.108431 0.613457 0.040506 0.055102
0 0.347533 0.780653 0.042927 0.057471
