0 0.204737 0.253365 0.041927 0.054887
0 0.979442 0.640499 0.036554 0.047260
0 0.300767 0.485520 0.039504 0.052606
0 0.407039 0.790436 0.041399 0.051822
0 0.131857 0.799878 0.041399 0.051822
0 0.592994 0.641467 0.043558 0.052571
0 0.671181 0.447900 0.040055 0.049916
0 0.649664 0.326279 0.036554 0.047260
0 0.469359 0.514693 0.038976 0.049541
0 0.941619 0.739683 0.043558 0.052571
0 0.833992 0.436862 0.040583 0.052980
0 0.532616 0.277595 0.041927 0.054887
0 0.892528 0.457953 0.042478 0.052197
0 0.254608 0.542945 0.036554 0.047260
0 0.946495 0.439224 0.040319 0.051447
0 0.708056 0.349856 0.042478 0.052197
0 0.368425 0.885024 0.041927 0.054887
0 0.619620 0.802719 0.043558 0.052571
0 0.841261 0.475745 0.041399 0.051822
0 0.775192 0.414239 0.039791 0.048384
0 0.421036 0.868389 0.040319 0.051447
0 0.294549 0.784822 0.042742 0.053730
0 0.868691 0.638341 0.042478 0.052197
0 0.328329 0.648883 0.043006 0.055262
0 0.519182 0.192951 0.041399 0.051822
0 0.125537 0.759854 0.041951 0.049133
0 0.104967 0.637094 0.044086 0.055636
0 0.354560 0.807837 0.042742 0.053730
0 0.510684 0.452451 0.040847 0.054512
0 0.794563 0.533355 0.043270 0.056793
0 0.717393 0.081946 0.045141 0.061765
0 0.547492 0.729271 0.026521 0.036143
0 0.549844 0.750237 0.022660 0.019029
0 0.878939 0.379045 0.044901 0.054479
0 0.183797 0.782664 0.041663 0.053355
0 0.571662 0.175551 0.043270 0.056793
0 0.620627 0.160993 0.041375 0.057577
0 0.567434 0.483092 0.042478 0.052197
0 0.418685 0.223769 0.043270 0.056793
0 0.657880 0.364022 0.038161 0.050698
0 0.644657 0.625974 0.042742 0.053730
0 0.265277 0.279444 0.042455 0.057952
0 0.171959 0.703962 0.042742 0.053730
0 0.260522 0.583922 0.041663 0.053355
0 0.462906 0.473903 0.042478 0.052197
0 0.560585 0.440004 0.041927 0.054887
0 0.397786 0.411257 0.038976 0.049541
0 0.212522 0.298564 0.042191 0.056419
0 0.476627 0.553576 0.040319 0.051447
0 0.634995 0.247748 0.038976 0.049541
0 0.628003 0.207145 0.041927 0.054887
0 0.164163 0.662015 0.041927 0.054887
0 0.281631 0.706495 0.041663 0.053355
0 0.625707 0.502651 0.042215 0.050665
0 0.813687 0.315633 0.043822 0.054104
0 0.240480 0.464225 0.042215 0.050665
0 0.828079 0.395885 0.042478 0.052197
0 0.338853 0.387868 0.041663 0.053355
0 0.639019 0.583277 0.041399 0.051822
0 0.188265 0.483158 0.041399 0.051822
0 0.451038 0.733761 0.043822 0.054104
0 0.496934 0.674804 0.041399 0.051822
0 0.444454 0.692205 0.042742 0.053730
0 0.799570 0.233662 0.043558 0.052571
0 0.618978 0.463581 0.041951 0.049133
0 0.490480 0.634015 0.040583 0.052980
0 0.913769 0.581291 0.040055 0.049916
0 0.313805 0.567866 0.041399 0.051822
0 0.806562 0.274264 0.043822 0.054104
0 0.678174 0.488502 0.040319 0.051447
0 0.858106 0.254753 0.043822 0.054104
0 0.274374 0.664360 0.041927 0.054887
0 0.366548 0.551997 0.042742 0.053730
0 0.267922 0.623570 0.042215 0.050665
0 0.331058 0.345920 0.043006 0.055262
0 0.684362 0.527760 0.038976 0.049541
0 0.855246 0.556949 0.044086 0.055636
0 0.345307 0.428658 0.042478 0.052197
0 0.754611 0.294729 0.043534 0.058326
0 0.368761 0.242719 0.042191 0.056419
0 0.293103 0.444339 0.042215 0.050665
0 0.848253 0.516347 0.041135 0.050290
0 0.247341 0.504062 0.042742 0.053730
0 0.586570 0.262118 0.038161 0.050698
0 0.539608 0.318198 0.041135 0.050290
0 0.359963 0.510442 0.041663 0.053355
0 0.411639 0.491695 0.039240 0.051073
0 0.392779 0.710951 0.040319 0.051447
0 0.160450 0.315012 0.042191 0.056419
0 0.687211 0.228815 0.040319 0.051447
0 0.118676 0.720018 0.042478 0.052197
0 0.844253 0.174315 0.041927 0.054887
0 0.341786 0.727023 0.040319 0.051447
0 0.417419 0.531907 0.039240 0.051073
0 0.431404 0.613112 0.041927 0.054887
0 0.320665 0.607702 0.041399 0.051822
0 0.872894 0.337303 0.042215 0.050665
0 0.613329 0.424136 0.042742 0.053730
0 0.168102 0.359444 0.041663 0.053355
0 0.404106 0.451281 0.040583 0.052980
0 0.209925 0.602292 0.041399 0.051822
0 0.900061 0.498368 0.041663 0.053355
0 0.485714 0.317416 0.043294 0.051040
0 0.578642 0.219405 0.041927 0.054887
0 0.605767 0.722280 0.044349 0.057168
0 0.632027 0.542674 0.039504 0.052606
0 0.197242 0.864056 0.042742 0.053730
0 0.820679 0.356235 0.041399 0.051822
0 0.909913 0.236774 0.041663 0.053355
0 0.381726 0.968901 0.044349 0.057168
0 0.383261 0.330239 0.040055 0.049916
0 0.111684 0.679415 0.042742 0.053730
0 0.865769 0.295935 0.042742 0.053730
0 0.862909 0.598131 0.042478 0.052197
0 0.547008 0.357846 0.040583 0.052980
0 0.917301 0.279674 0.037873 0.054920
0 0.157578 0.620459 0.040319 0.051447
0 0.399507 0.750021 0.042742 0.053730
0 0.287148 0.745174 0.041135 0.050290
0 0.150585 0.579857 0.040055 0.049916
0 0.376545 0.287918 0.044613 0.058701
0 0.306548 0.525731 0.041663 0.053355
0 0.136589 0.501904 0.041663 0.053355
0 0.721502 0.431247 0.040872 0.048759
0 0.372736 0.591254 0.043558 0.052571
0 0.736302 0.510545 0.037081 0.050324
0 0.966261 0.560639 0.040319 0.051447
0 0.317348 0.262997 0.044086 0.055636
0 0.836649 0.777736 0.044637 0.052946
0 0.324605 0.305131 0.041135 0.050290
0 0.710186 0.687667 0.040583 0.052980
0 0.697136 0.608572 0.038712 0.048009
0 0.483356 0.592646 0.037897 0.049167
0 0.424148 0.570976 0.036818 0.048792
0 0.222291 0.684060 0.038161 0.050698
0 0.439884 0.652385 0.041951 0.049133
0 0.165753 0.986761 0.040583 0.026478
0 0.143318 0.540973 0.038712 0.048009
0 0.470985 0.218609 0.048186 0.044093
0 0.681166 0.187072 0.038161 0.050698
0 0.460441 0.154071 0.047635 0.046784
0 0.729574 0.471476 0.038976 0.049541
0 0.440598 0.347687 0.040559 0.058734
0 0.375009 0.926580 0.040319 0.051447
0 0.139522 0.841059 0.040847 0.054512
0 0.938555 0.399762 0.039791 0.048384
0 0.493269 0.351328 0.043581 0.046817
0 0.434145 0.306898 0.040319 0.051447
0 0.482331 0.284491 0.043869 0.042595
0 0.723762 0.769824 0.040872 0.048759
0 0.205314 0.904284 0.038161 0.050698
0 0.217548 0.980070 0.041135 0.039860
0 0.554408 0.397496 0.041135 0.050290
0 0.599182 0.680725 0.044373 0.051414
0 0.982802 0.681288 0.034396 0.052980
0 0.225356 0.998268 0.041927 0.003463
0 0.157681 0.959784 0.040319 0.051447
0 0.152307 0.918621 0.038448 0.046477
0 0.466115 0.187013 0.046268 0.050631
0 0.069993 0.437333 0.040055 0.049916
0 0.684057 0.868038 0.041951 0.049133
0 0.665646 0.744528 0.040872 0.048759
0 0.322123 0.944934 0.040847 0.054512
0 0.816619 0.654789 0.039791 0.048384
0 0.458714 0.771690 0.034132 0.044979
0 0.829668 0.733882 0.042191 0.056419
0 0.624993 0.843883 0.042742 0.053730
0 0.517809 0.493820 0.039264 0.045319
0 0.498823 0.380252 0.042502 0.046443
0 0.083438 0.518725 0.041135 0.050290
0 0.116427 0.378190 0.041927 0.054887
0 0.934495 0.698315 0.041927 0.054887
0 0.091378 0.558188 0.043294 0.051040
0 0.348107 0.767047 0.041399 0.051822
0 0.361696 0.845953 0.040080 0.044162
0 0.986496 0.722657 0.027008 0.049916
0 0.676801 0.825904 0.043270 0.056793
0 0.465311 0.809994 0.034659 0.048043
0 0.632525 0.884299 0.043558 0.052571
0 0.352299 0.469260 0.042742 0.053730
0 0.729952 0.809082 0.042742 0.053730
0 0.948600 0.783537 0.042742 0.053730
0 0.733777 0.170437 0.041399 0.051822
0 0.076722 0.476404 0.042478 0.052197
0 0.130676 0.460926 0.038712 0.048009
0 0.144895 0.882223 0.041135 0.050290
0 0.225835 0.379190 0.040319 0.051447
0 0.503794 0.714640 0.043558 0.052571
0 0.064080 0.396357 0.040847 0.054512
0 0.211503 0.943541 0.042191 0.056419
0 0.427897 0.908225 0.038161 0.050698
0 0.478757 0.891386 0.040583 0.052980
0 0.511662 0.149284 0.043822 0.054104
0 0.315262 0.905097 0.039791 0.048384
0 0.486013 0.933521 0.042478 0.052197
0 0.931154 0.360113 0.038712 0.048009
0 0.233356 0.422857 0.041111 0.056044
0 0.670348 0.785114 0.041399 0.051822
0 0.308809 0.864307 0.041663 0.053355
0 0.574030 0.521396 0.041951 0.049133
0 0.097435 0.596679 0.042215 0.050665
0 0.851113 0.214151 0.038712 0.048009
0 0.579416 0.559309 0.040055 0.049916
0 0.202394 0.561877 0.040055 0.049916
0 0.896468 0.155382 0.040583 0.052980
0 0.920774 0.618642 0.038712 0.048009
0 0.959544 0.518318 0.040031 0.055670
0 0.927503 0.657713 0.038976 0.049541
0 0.701460 0.311552 0.040319 0.051447
0 0.788241 0.493332 0.040608 0.047227
0 0.174556 0.400233 0.040319 0.051447
0 0.716363 0.730175 0.040319 0.051447
0 0.671355 0.143388 0.043534 0.058326
0 0.896252 0.801704 0.042191 0.056419
0 0.329247 0.980101 0.042478 0.039797
0 0.659313 0.707757 0.043030 0.049508
0 0.455243 0.432722 0.041399 0.051822
0 0.882148 0.716482 0.042478 0.052197
0 0.301948 0.824472 0.042766 0.047976
0 0.889536 0.759382 0.042478 0.052197
0 0.952551 0.477715 0.038712 0.048009
0 0.476526 0.250784 0.047611 0.052538
0 0.413504 0.827974 0.038976 0.049541
0 0.924834 0.320089 0.035475 0.046886
0 0.434745 0.951313 0.039768 0.054138
0 0.056020 0.352877 0.044349 0.057168
0 0.123407 0.422044 0.042742 0.053730
0 0.736129 0.851591 0.043006 0.055262
0 0.335189 0.688719 0.039791 0.048384
0 0.606600 0.385065 0.039264 0.045319
0 0.885128 0.418303 0.041399 0.051822
0 0.907317 0.540502 0.041927 0.054887
0 0.379873 0.629372 0.039791 0.048384
0 0.843102 0.818526 0.045980 0.054853
0 0.704272 0.646689 0.038161 0.050698
0 0.285571 0.403924 0.044086 0.055636
0 0.612892 0.763649 0.041135 0.050290
0 0.108775 0.333757 0.044613 0.058701
0 0.989386 0.764213 0.021228 0.053355
0 0.973121 0.600476 0.040319 0.051447
0 0.809891 0.615718 0.042742 0.053730
0 0.525898 0.235273 0.040583 0.052980
0 0.803438 0.574929 0.041399 0.051822
0 0.426613 0.266483 0.041663 0.053355
0 0.219778 0.340699 0.040872 0.048759
0 0.747223 0.251829 0.039791 0.048384
0 0.902921 0.196171 0.038712 0.048009
0 0.278710 0.364087 0.040872 0.048759
0 0.195665 0.522807 0.040319 0.051447
0 0.823084 0.692326 0.040583 0.052980
0 0.875419 0.677412 0.040055 0.049916
0 0.652045 0.668874 0.043270 0.056793
0 0.471896 0.851550 0.040055 0.049916
0 0.587080 0.600491 0.043822 0.054104
0 0.511325 0.755055 0.042742 0.053730
0 0.448514 0.393652 0.041663 0.053355
0 0.760799 0.333987 0.038448 0.046477
0 0.190250 0.823454 0.040319 0.051447
0 0.725441 0.128678 0.042191 0.056419
0 0.177740 0.744173 0.039528 0.046852
0 0.714509 0.390645 0.041663 0.053355
0 0.740901 0.211806 0.041927 0.054887
0 0.642264 0.286631 0.038688 0.053763
0 0.385654 0.669582 0.043006 0.055262
0 0.691223 0.567596 0.041663 0.053355
0 0.768332 0.374402 0.043006 0.055262
0 0.599608 0.344463 0.043798 0.059858
0 0.694467 0.270950 0.042742 0.053730
0 0.592890 0.302142 0.040872 0.048759
0 0.271850 0.324251 0.044086 0.055636
0 0.215298 0.643456 0.040583 0.052980
0 0.792985 0.192107 0.045165 0.056011
0 0.390662 0.369889 0.041663 0.053355
0 0.780974 0.454449 0.042478 0.052197
0 0.181680 0.441602 0.043006 0.055262
0 0.664333 0.404812 0.042191 0.056419
