0 0.197893 0.408862 0.044670 0.060698
0 0.406643 0.426073 0.040979 0.056554
0 0.577258 0.327363 0.039469 0.053025
0 0.851010 0.645839 0.043370 0.058780
0 0.563731 0.440380 0.037704 0.055629
0 0.380063 0.639723 0.041187 0.058163
0 0.438455 0.599460 0.041187 0.058163
0 0.757097 0.985462 0.037751 0.029075
0 0.565959 0.854945 0.040561 0.053333
0 0.410344 0.811843 0.039260 0.051415
0 0.638120 0.686711 0.037286 0.052409
0 0.175073 0.593529 0.040095 0.057855
0 0.665826 0.460026 0.038586 0.054327
0 0.306765 0.393700 0.039422 0.060768
0 0.469653 0.354567 0.037495 0.054019
0 0.774579 0.423968 0.035986 0.050491
0 0.574764 0.773976 0.042070 0.056862
0 0.625952 0.789262 0.042279 0.058472
0 0.616275 0.445201 0.037704 0.055629
0 0.628654 0.341041 0.037077 0.050799
0 0.816682 0.509295 0.038586 0.054327
0 0.817065 0.925007 0.038169 0.051107
0 0.678958 0.354409 0.037286 0.052409
0 0.268420 0.279391 0.038169 0.051107
0 0.403927 0.852593 0.039051 0.049805
0 0.320175 0.704600 0.042696 0.061692
0 0.303759 0.826815 0.037751 0.047886
0 0.268884 0.690118 0.042279 0.058472
0 0.298433 0.867873 0.038377 0.052717
0 0.532372 0.695244 0.041396 0.059774
0 0.526212 0.337154 0.045808 0.053264
0 0.766215 0.911484 0.037286 0.052409
0 0.315640 0.325270 0.041396 0.059774
0 0.835290 0.775762 0.038795 0.055937
0 0.455475 0.468235 0.038795 0.055937
0 0.547988 0.566125 0.041396 0.059774
0 0.540597 0.627463 0.045087 0.063918
0 0.369935 0.717814 0.040979 0.056554
0 0.146974 0.827614 0.044043 0.055868
0 0.349180 0.882201 0.044252 0.057478
0 0.666801 0.884251 0.041861 0.055252
0 0.390865 0.565160 0.037030 0.058542
0 0.421668 0.733255 0.042279 0.058472
0 0.429348 0.665321 0.042279 0.058472
0 0.601680 0.562090 0.036822 0.056931
0 0.780218 0.380494 0.038586 0.054327
0 0.462784 0.411879 0.036613 0.055321
0 0.793444 0.697183 0.039213 0.059158
0 0.785508 0.758368 0.038795 0.055937
0 0.399636 0.497535 0.038795 0.055937
0 0.808746 0.570480 0.038586 0.054327
0 0.556654 0.499305 0.039004 0.057547
0 0.521200 0.375796 0.045390 0.050043
0 0.426060 0.777891 0.027094 0.038673
0 0.483454 0.754037 0.024494 0.034836
0 0.524692 0.763177 0.041396 0.059774
0 0.676256 0.802631 0.039886 0.056245
0 0.215587 0.281164 0.042279 0.058472
0 0.360584 0.798628 0.042743 0.053949
0 0.357510 0.408027 0.040095 0.057855
0 0.822795 0.453437 0.040979 0.056554
0 0.728613 0.368428 0.038795 0.055937
0 0.858586 0.578710 0.043161 0.057170
0 0.865454 0.521396 0.039678 0.054635
0 0.529397 0.805398 0.025585 0.035144
0 0.169811 0.703873 0.031877 0.043126
0 0.529947 0.303991 0.043255 0.041685
0 0.517730 0.398184 0.046482 0.050351
0 0.833535 0.889599 0.024911 0.038057
0 0.631876 0.835166 0.023194 0.032918
0 0.580793 0.819075 0.023612 0.036139
0 0.376770 0.268254 0.037913 0.057239
0 0.182904 0.533150 0.042487 0.060082
0 0.207209 0.341391 0.041396 0.059774
0 0.427307 0.284193 0.040770 0.054944
0 0.924193 0.465375 0.040143 0.050113
0 0.337021 0.561641 0.040979 0.056554
0 0.691952 0.668528 0.040979 0.056554
0 0.684481 0.734851 0.041396 0.059774
0 0.801588 0.634388 0.039213 0.059158
0 0.476207 0.299668 0.038586 0.054327
0 0.222896 0.224810 0.040095 0.057855
0 0.447355 0.535209 0.042696 0.061692
0 0.872972 0.463432 0.041861 0.055252
0 0.829664 0.396124 0.039678 0.054635
0 0.879214 0.410948 0.038795 0.055937
0 0.296508 0.468417 0.039886 0.056245
0 0.279559 0.612180 0.043579 0.060390
0 0.929391 0.420943 0.037077 0.050799
0 0.274733 0.239446 0.038169 0.051107
0 0.416168 0.356991 0.040304 0.059466
0 0.586725 0.673035 0.040095 0.057855
0 0.324283 0.254270 0.039886 0.056245
0 0.721849 0.424936 0.037286 0.052409
0 0.778502 0.829830 0.043161 0.057170
0 0.309942 0.783496 0.039678 0.054635
0 0.507659 0.467112 0.043370 0.058780
0 0.843853 0.709747 0.040979 0.056554
0 0.189458 0.478251 0.041396 0.059774
0 0.275354 0.736175 0.024703 0.036447
0 0.782895 0.874466 0.025794 0.036755
0 0.325113 0.749390 0.025585 0.035144
0 0.376509 0.763067 0.023612 0.036139
0 0.503367 0.923230 0.040095 0.057855
0 0.682389 0.846924 0.023403 0.034528
0 0.545900 0.176637 0.046946 0.045829
0 0.534889 0.252811 0.048826 0.060320
0 0.157391 0.742929 0.043161 0.057170
0 0.656464 0.963952 0.042070 0.056862
0 0.555309 0.937061 0.040979 0.056554
0 0.514900 0.843032 0.042696 0.061692
0 0.167264 0.658089 0.041187 0.058163
0 0.560088 0.895848 0.038842 0.048194
0 0.812285 0.966219 0.039051 0.049805
0 0.150766 0.785289 0.038169 0.051107
0 0.616810 0.868467 0.041443 0.052031
0 0.699086 0.600441 0.035104 0.051792
0 0.652507 0.571433 0.036404 0.053711
0 0.400238 0.894113 0.040352 0.051723
0 0.807946 0.990785 0.041652 0.018431
0 0.354714 0.839532 0.038842 0.048194
0 0.762318 0.954614 0.038169 0.051107
0 0.605926 0.948014 0.040979 0.056554
0 0.288747 0.541335 0.038795 0.055937
0 0.541073 0.209491 0.046482 0.050351
0 0.259533 0.770933 0.039260 0.051415
0 0.570936 0.384831 0.035313 0.053403
0 0.248000 0.851131 0.044043 0.055868
0 0.826961 0.844346 0.041861 0.055252
0 0.707439 0.536035 0.037704 0.055629
0 0.714958 0.478070 0.042070 0.056862
