0 0.495556 0.271829 0.042222 0.029654
0 0.342778 0.281713 0.034444 0.026359
0 0.495556 0.341845 0.044444 0.034596
0 0.495000 0.369852 0.045556 0.034596
0 0.486111 0.738880 0.021111 0.031301
0 0.175556 0.412685 0.022222 0.034596
0 0.496111 0.202636 0.045556 0.029654
0 0.860000 0.321252 0.033333 0.039539
0 0.176667 0.744646 0.022222 0.032949
0 0.705000 0.699341 0.034444 0.041186
0 0.136667 0.328666 0.033333 0.041186
0 0.240000 0.702636 0.033333 0.044481
0 0.496667 0.239703 0.044444 0.044481
0 0.176111 0.785008 0.025556 0.037891
0 0.600556 0.280066 0.034444 0.036244
0 0.849444 0.741351 0.023333 0.036244
0 0.703333 0.365733 0.035556 0.049423
0 0.911111 0.362438 0.035556 0.046129
0 0.847778 0.782537 0.024444 0.036244
0 0.495556 0.171334 0.044444 0.039539
0 0.495000 0.303954 0.043333 0.041186
0 0.497222 0.528007 0.032222 0.037891
0 0.911111 0.318781 0.033333 0.037891
0 0.495556 0.135914 0.046667 0.037891
0 0.393889 0.327018 0.032222 0.037891
0 0.444444 0.367381 0.033333 0.042834
0 0.858889 0.364086 0.033333 0.042834
0 0.599444 0.240527 0.034444 0.042834
0 0.342222 0.240527 0.033333 0.042834
0 0.446111 0.701812 0.034444 0.042834
0 0.912222 0.610379 0.035556 0.044481
0 0.652222 0.322900 0.031111 0.042834
0 0.342222 0.194399 0.033333 0.049423
0 0.240000 0.662273 0.033333 0.039539
0 0.188889 0.702636 0.033333 0.041186
0 0.444444 0.326194 0.033333 0.039539
0 0.085000 0.244646 0.032222 0.041186
0 0.444444 0.282537 0.031111 0.047776
0 0.240000 0.616145 0.033333 0.049423
0 0.084444 0.288303 0.033333 0.042834
0 0.910000 0.275947 0.035556 0.044481
0 0.705556 0.657331 0.033333 0.042834
0 0.238889 0.370675 0.033333 0.046129
0 0.703333 0.322076 0.033333 0.037891
0 0.861111 0.655684 0.033333 0.042834
0 0.445000 0.659802 0.034444 0.044481
0 0.137222 0.286656 0.032222 0.042834
0 0.756667 0.657331 0.035556 0.042834
0 0.809444 0.699341 0.034444 0.041186
0 0.201111 0.493410 0.022222 0.034596
0 0.174444 0.452224 0.022222 0.034596
0 0.200000 0.452224 0.022222 0.034596
0 0.188889 0.659802 0.033333 0.044481
0 0.651667 0.280066 0.032222 0.042834
0 0.393333 0.284185 0.033333 0.044481
0 0.173889 0.494234 0.023333 0.036244
0 0.756667 0.700988 0.035556 0.044481
0 0.445556 0.612850 0.033333 0.046129
0 0.703333 0.611203 0.033333 0.049423
0 0.084444 0.198517 0.033333 0.051071
0 0.912222 0.654860 0.035556 0.044481
0 0.239444 0.327018 0.034444 0.041186
0 0.860556 0.611203 0.034444 0.046129
0 0.912222 0.699341 0.037778 0.044481
0 0.755000 0.322076 0.032222 0.041186
0 0.861111 0.700165 0.035556 0.046129
0 0.807778 0.364909 0.033333 0.044481
0 0.548333 0.322900 0.034444 0.039539
0 0.292778 0.281713 0.032222 0.046129
0 0.547778 0.280066 0.033333 0.049423
0 0.548333 0.365733 0.034444 0.049423
0 0.136667 0.242175 0.031111 0.046129
0 0.293333 0.371499 0.033333 0.047776
0 0.188889 0.284185 0.033333 0.044481
0 0.755556 0.364086 0.033333 0.042834
0 0.650556 0.237232 0.032222 0.046129
0 0.188333 0.615321 0.032222 0.044481
0 0.292778 0.326194 0.032222 0.042834
0 0.807222 0.277595 0.034444 0.044481
0 0.703889 0.276771 0.034444 0.049423
0 0.341667 0.323723 0.034444 0.047776
0 0.187778 0.372323 0.031111 0.042834
0 0.809444 0.612026 0.034444 0.044481
0 0.599444 0.192751 0.034444 0.052718
0 0.239444 0.283361 0.034444 0.046129
0 0.809444 0.656507 0.034444 0.044481
0 0.600556 0.322076 0.036667 0.047776
0 0.756667 0.612026 0.035556 0.044481
0 0.496667 0.488468 0.040000 0.041186
0 0.807778 0.321252 0.033333 0.042834
0 0.497222 0.444811 0.041111 0.046129
0 0.858889 0.276771 0.035556 0.046129
0 0.755000 0.278418 0.034444 0.046129
0 0.392778 0.238056 0.034444 0.047776
0 0.188889 0.327842 0.033333 0.042834
