0 0.231065 0.455171 0.035455 0.035431
0 0.571810 0.898389 0.041646 0.036518
0 0.508207 0.454477 0.037126 0.038491
0 0.593057 0.710269 0.038241 0.038687
0 0.575864 0.867153 0.038275 0.039001
0 0.477953 0.620568 0.029266 0.023277
0 0.454415 0.852615 0.023367 0.024854
0 0.503518 0.508206 0.036092 0.030163
0 0.182838 0.382805 0.036693 0.035648
0 0.114619 0.498621 0.037037 0.038783
0 0.279825 0.528430 0.037760 0.034299
0 0.269606 0.621682 0.035455 0.035431
0 0.235120 0.423935 0.036693 0.035648
0 0.362091 0.796867 0.036522 0.034081
0 0.664419 0.560021 0.039513 0.039218
0 0.609322 0.550346 0.035799 0.038566
0 0.762365 0.673865 0.035283 0.033864
0 0.760254 0.704645 0.038275 0.039001
0 0.314312 0.726177 0.036865 0.037216
0 0.405597 0.388375 0.036693 0.035648
0 0.636766 0.812352 0.036693 0.035648
0 0.632092 0.843480 0.037037 0.038783
0 0.177206 0.445713 0.034217 0.035213
0 0.298837 0.337680 0.037037 0.038783
0 0.273574 0.591229 0.039685 0.040785
0 0.095694 0.688586 0.038275 0.039001
0 0.170078 0.510755 0.036522 0.034081
0 0.793949 0.903850 0.038275 0.039001
0 0.310962 0.756739 0.037037 0.038783
0 0.167072 0.538183 0.037037 0.038783
0 0.089270 0.752954 0.037037 0.038783
0 0.302358 0.305551 0.039341 0.037651
0 0.725406 0.504438 0.038103 0.037434
0 0.783320 0.482658 0.038103 0.037434
0 0.245683 0.327548 0.037209 0.040350
0 0.092258 0.719932 0.038275 0.039001
0 0.289941 0.430366 0.039857 0.042352
0 0.746961 0.831702 0.037037 0.038783
0 0.308060 0.788976 0.035283 0.033864
0 0.625498 0.909415 0.035112 0.032297
0 0.241371 0.361135 0.033322 0.038131
0 0.742906 0.862939 0.040751 0.039435
0 0.323465 0.631139 0.033874 0.032079
0 0.789895 0.935088 0.036693 0.035648
0 0.800734 0.841943 0.038103 0.037434
0 0.897741 0.469204 0.034732 0.039915
0 0.125630 0.403910 0.037760 0.034299
0 0.131623 0.343461 0.037380 0.041917
0 0.521062 0.342358 0.041267 0.044137
0 0.646280 0.719775 0.035799 0.038566
0 0.838331 0.493117 0.037037 0.038783
0 0.294647 0.381673 0.040336 0.057807
0 0.613376 0.519110 0.034217 0.035213
0 0.599378 0.646843 0.036522 0.034081
0 0.098510 0.657133 0.037037 0.038783
0 0.625603 0.390268 0.036142 0.041700
0 0.186273 0.351460 0.037037 0.038783
0 0.201748 0.739957 0.039341 0.037651
0 0.653580 0.653166 0.035283 0.033864
0 0.804762 0.810942 0.039290 0.037180
0 0.385450 0.577967 0.035490 0.035745
0 0.752481 0.769813 0.036917 0.037686
0 0.749149 0.800218 0.036676 0.035492
0 0.388914 0.546355 0.035747 0.038095
0 0.808200 0.779573 0.039329 0.037541
0 0.347597 0.410938 0.036865 0.037216
0 0.122280 0.434471 0.037931 0.035866
0 0.735417 0.925521 0.037037 0.038783
0 0.739385 0.895069 0.038103 0.037434
0 0.471614 0.675932 0.024530 0.021385
0 0.475367 0.638516 0.022873 0.021233
0 0.480257 0.599080 0.022420 0.025964
0 0.511785 0.408763 0.034845 0.023549
0 0.514106 0.391040 0.036641 0.026632
0 0.589098 0.740644 0.036676 0.035492
0 0.516148 0.369929 0.040718 0.028055
0 0.450515 0.876691 0.026187 0.028423
0 0.483252 0.577969 0.025809 0.024975
0 0.473340 0.656898 0.025637 0.023408
0 0.128730 0.375621 0.037777 0.034455
0 0.509544 0.427316 0.037881 0.029862
0 0.500442 0.530508 0.036987 0.027246
0 0.497582 0.550853 0.035457 0.024364
0 0.657377 0.624280 0.037037 0.038783
0 0.364650 0.767764 0.037931 0.035866
0 0.470672 0.698523 0.028026 0.034126
0 0.415865 0.807108 0.035799 0.038566
0 0.471681 0.792948 0.035455 0.035431
0 0.556525 0.513920 0.035455 0.035431
0 0.894048 0.502901 0.037037 0.038783
0 0.554224 0.540671 0.031741 0.034778
0 0.301448 0.849316 0.033322 0.038131
0 0.841509 0.464123 0.037209 0.040350
0 0.081695 0.816319 0.038103 0.037434
0 0.249118 0.296202 0.039341 0.037651
0 0.101068 0.628030 0.038103 0.037434
0 0.643722 0.748878 0.036522 0.034081
0 0.304539 0.821106 0.032635 0.031862
0 0.623682 0.425074 0.033874 0.032079
0 0.729117 0.476336 0.038998 0.034516
0 0.085663 0.785866 0.039513 0.039218
0 0.596114 0.676621 0.037209 0.040350
0 0.419747 0.777439 0.037037 0.038783
0 0.797556 0.870939 0.035799 0.038566
0 0.616192 0.487656 0.033322 0.038131
0 0.890613 0.534247 0.036693 0.035648
0 0.827768 0.589505 0.036522 0.034081
0 0.108282 0.562204 0.038103 0.037434
0 0.238383 0.394157 0.036693 0.035648
0 0.259833 0.716611 0.036865 0.037216
0 0.191976 0.834886 0.035455 0.035431
0 0.409289 0.354679 0.037896 0.046619
0 0.564358 0.448203 0.037037 0.038783
0 0.368704 0.736527 0.037037 0.038783
0 0.667321 0.527784 0.038103 0.037434
0 0.111184 0.529966 0.039513 0.039218
0 0.452671 0.459740 0.035283 0.033864
0 0.649973 0.686078 0.035970 0.040133
0 0.560665 0.481899 0.036865 0.037216
0 0.755409 0.737341 0.038275 0.039001
0 0.135316 0.309765 0.037209 0.040350
0 0.540058 0.698725 0.033151 0.036564
0 0.180022 0.414260 0.035799 0.038566
0 0.354192 0.345004 0.038447 0.040568
0 0.875737 0.664221 0.035799 0.038566
0 0.413049 0.838563 0.039513 0.039218
0 0.815351 0.714320 0.039513 0.039218
0 0.810506 0.747016 0.039513 0.039218
0 0.199018 0.770627 0.040751 0.039435
0 0.195411 0.803540 0.038275 0.039001
0 0.580090 0.834349 0.039513 0.039218
0 0.326900 0.599795 0.039857 0.042352
0 0.834982 0.523679 0.036865 0.037216
0 0.150086 0.698936 0.038447 0.040568
0 0.640115 0.781791 0.037209 0.040350
0 0.629019 0.877285 0.035970 0.040133
0 0.544985 0.636492 0.037037 0.038783
0 0.817548 0.682757 0.037037 0.038783
0 0.104675 0.595117 0.038447 0.040568
0 0.585894 0.769873 0.037037 0.038783
0 0.542169 0.667947 0.035799 0.038566
0 0.190585 0.317873 0.038790 0.043702
0 0.619799 0.454743 0.035799 0.038566
0 0.276029 0.557315 0.039513 0.039218
0 0.659574 0.592717 0.037037 0.038783
0 0.722504 0.536676 0.039513 0.039218
0 0.286163 0.464846 0.039513 0.039218
0 0.160116 0.601657 0.036865 0.037216
0 0.317128 0.694723 0.035970 0.040133
0 0.263183 0.686049 0.037037 0.038783
0 0.887263 0.564808 0.036865 0.037216
0 0.381378 0.609361 0.039857 0.042352
0 0.334476 0.536428 0.035627 0.036999
0 0.547715 0.605822 0.035627 0.036999
0 0.821603 0.651521 0.037931 0.035866
0 0.737036 0.409835 0.038618 0.042134
0 0.320821 0.661027 0.036142 0.041700
0 0.119378 0.466709 0.039341 0.037651
0 0.437181 0.618361 0.036865 0.037216
0 0.330507 0.566882 0.036693 0.035648
0 0.677008 0.433639 0.036522 0.034081
0 0.567346 0.415181 0.035799 0.038566
0 0.517951 0.888931 0.035455 0.035431
0 0.343715 0.440607 0.038103 0.037434
0 0.173599 0.478626 0.037380 0.041917
0 0.732466 0.445773 0.039857 0.042352
0 0.398021 0.451742 0.035627 0.036999
0 0.582907 0.802894 0.038275 0.039001
0 0.442813 0.555452 0.036865 0.037216
0 0.463492 0.361003 0.035970 0.040133
0 0.354877 0.862693 0.036865 0.037216
0 0.401990 0.421288 0.037037 0.038783
0 0.670756 0.496439 0.038103 0.037434
0 0.218563 0.580771 0.038275 0.039001
0 0.410232 0.870016 0.038275 0.039001
0 0.429072 0.680835 0.039341 0.037651
0 0.785860 0.447961 0.041610 0.047271
0 0.531330 0.761091 0.036865 0.037216
0 0.156595 0.633786 0.037037 0.038783
0 0.208085 0.676374 0.035799 0.038566
0 0.774081 0.578479 0.038103 0.037434
0 0.227716 0.485733 0.035627 0.036999
0 0.571830 0.380027 0.040028 0.043920
0 0.164170 0.570421 0.038447 0.040568
0 0.883123 0.596829 0.037931 0.035866
0 0.377857 0.641489 0.036522 0.034081
0 0.776811 0.547809 0.039513 0.039218
0 0.154226 0.666916 0.039513 0.039218
0 0.831203 0.558159 0.040028 0.043920
0 0.372225 0.704398 0.036865 0.037216
0 0.358484 0.829780 0.037209 0.040350
0 0.534680 0.730529 0.034561 0.038348
0 0.375127 0.672160 0.035799 0.038566
0 0.205183 0.708611 0.037209 0.040350
0 0.433212 0.648814 0.038275 0.039001
0 0.527895 0.792436 0.036865 0.037216
0 0.211521 0.645028 0.035799 0.038566
0 0.769940 0.610500 0.037037 0.038783
0 0.394758 0.481520 0.035627 0.036999
0 0.879430 0.630525 0.035970 0.040133
0 0.680786 0.399159 0.037552 0.043485
0 0.673658 0.464201 0.039513 0.039218
0 0.780332 0.515680 0.039685 0.040785
0 0.215042 0.612899 0.035627 0.036999
0 0.350327 0.380268 0.038618 0.042134
0 0.606420 0.582584 0.036865 0.037216
0 0.422735 0.744417 0.038275 0.039001
0 0.340194 0.472737 0.035799 0.038566
0 0.336587 0.505649 0.035799 0.038566
0 0.767124 0.641954 0.038275 0.039001
0 0.426875 0.712397 0.039341 0.037651
0 0.449941 0.490411 0.037037 0.038783
0 0.520767 0.857478 0.034561 0.038348
0 0.455935 0.429962 0.038103 0.037434
0 0.524993 0.824674 0.035799 0.038566
0 0.220760 0.549207 0.038275 0.039001
0 0.224814 0.517971 0.037037 0.038783
0 0.825124 0.619392 0.038447 0.040568
0 0.446162 0.524891 0.037037 0.038783
0 0.266085 0.653811 0.038447 0.040568
0 0.282556 0.497759 0.039513 0.039218
0 0.603432 0.615606 0.038447 0.040568
0 0.391684 0.515325 0.037037 0.038783
0 0.550617 0.573584 0.037037 0.038783
0 0.459542 0.397049 0.038447 0.040568
0 0.440083 0.586123 0.038275 0.039001
