0 0.254522 0.242331 0.022542 0.033024
0 0.666994 0.587049 0.035024 0.033860
0 0.552386 0.465593 0.033842 0.035356
0 0.283655 0.639671 0.030163 0.036685
0 0.226819 0.612582 0.036339 0.035523
0 0.388873 0.506654 0.033710 0.032196
0 0.551098 0.434781 0.033776 0.033776
0 0.665672 0.555448 0.035024 0.033860
0 0.605390 0.401038 0.035024 0.033860
0 0.128966 0.906724 0.038901 0.037270
0 0.776069 0.516361 0.036273 0.033944
0 0.201019 0.279982 0.024972 0.031610
0 0.663620 0.491413 0.033710 0.032196
0 0.718576 0.488524 0.033776 0.033776
0 0.443124 0.442016 0.032528 0.033693
0 0.678920 0.872252 0.037719 0.038767
0 0.231474 0.708924 0.035090 0.035440
0 0.258020 0.311022 0.026220 0.031694
0 0.773499 0.484844 0.033776 0.033776
0 0.553117 0.498025 0.035024 0.033860
0 0.546517 0.370124 0.035156 0.037020
0 0.617283 0.685450 0.037653 0.037187
0 0.389636 0.539877 0.032594 0.035273
0 0.559724 0.656032 0.035156 0.037020
0 0.672977 0.745098 0.036273 0.033944
0 0.606678 0.431849 0.037455 0.032446
0 0.252477 0.208401 0.026220 0.031694
0 0.202539 0.316324 0.025104 0.034771
0 0.274438 0.419252 0.037719 0.038767
0 0.719898 0.520125 0.033776 0.033776
0 0.822413 0.352430 0.035223 0.038599
0 0.557155 0.624515 0.035024 0.033860
0 0.729148 0.741334 0.036405 0.037103
0 0.608624 0.463409 0.036339 0.035523
0 0.555169 0.562060 0.033842 0.035356
0 0.657710 0.365050 0.035223 0.038599
0 0.712534 0.359000 0.035156 0.037020
0 0.661675 0.459854 0.035090 0.035440
0 0.721876 0.552474 0.035090 0.035440
0 0.330748 0.448753 0.037719 0.038767
0 0.770159 0.389998 0.035156 0.037020
0 0.443821 0.473659 0.033776 0.033776
0 0.554471 0.530417 0.032594 0.035273
0 0.219449 0.421352 0.037719 0.038767
0 0.556490 0.593661 0.036206 0.032363
0 0.727129 0.678090 0.037653 0.037187
0 0.449772 0.630917 0.034826 0.029120
0 0.125633 0.841983 0.034892 0.030699
0 0.881336 0.728760 0.020963 0.025039
0 0.827692 0.448730 0.035090 0.035440
0 0.119583 0.682355 0.036273 0.033944
0 0.279700 0.170926 0.021029 0.026619
0 0.895969 0.794328 0.035090 0.035440
0 0.168573 0.177579 0.023724 0.031526
0 0.567161 0.848842 0.033776 0.033776
0 0.112926 0.178932 0.022410 0.029863
0 0.677532 0.839070 0.034958 0.032279
0 0.608730 0.495884 0.031280 0.033609
0 0.281603 0.575637 0.036339 0.035523
0 0.172137 0.247851 0.024906 0.030030
0 0.615338 0.653890 0.036140 0.030783
0 0.569665 0.878779 0.036405 0.037103
0 0.454500 0.758944 0.033710 0.032196
0 0.107000 0.396404 0.032528 0.033693
0 0.085399 0.179192 0.025038 0.033191
0 0.897324 0.826719 0.037653 0.037187
0 0.117320 0.284006 0.024840 0.028451
0 0.893253 0.699441 0.037587 0.035607
0 0.786575 0.767591 0.036273 0.033944
0 0.123614 0.778739 0.036273 0.033944
0 0.340630 0.700025 0.033710 0.032196
0 0.174978 0.315794 0.022277 0.026702
0 0.285043 0.672853 0.032528 0.033693
0 0.284061 0.275210 0.021029 0.026619
0 0.124311 0.810382 0.037653 0.037187
0 0.565667 0.783186 0.033842 0.035356
0 0.779410 0.611207 0.037521 0.034027
0 0.114297 0.555949 0.033776 0.033776
0 0.889223 0.603057 0.037587 0.035607
0 0.111727 0.524432 0.036273 0.033944
0 0.450469 0.662560 0.036339 0.035523
0 0.845595 0.861876 0.036273 0.033944
0 0.170650 0.212300 0.022344 0.028283
0 0.840874 0.763953 0.035024 0.033860
0 0.827652 0.417835 0.032528 0.033693
0 0.617298 0.745660 0.037785 0.040347
0 0.455303 0.823062 0.035156 0.037020
0 0.282016 0.241281 0.022608 0.034603
0 0.338188 0.237517 0.024972 0.031610
0 0.838231 0.700750 0.035024 0.033860
0 0.393362 0.599046 0.034760 0.027539
0 0.090097 0.321481 0.025038 0.033191
0 0.146269 0.317718 0.024906 0.030030
0 0.887303 0.542182 0.036273 0.033944
0 0.286331 0.703664 0.037587 0.035607
0 0.113789 0.214525 0.023724 0.031526
0 0.451930 0.727426 0.033842 0.035356
0 0.293071 0.864831 0.037587 0.035607
0 0.338984 0.271530 0.026287 0.033275
0 0.277705 0.482412 0.036339 0.035523
0 0.772769 0.452410 0.035090 0.035440
0 0.337356 0.606760 0.035090 0.035440
0 0.878651 0.350246 0.035223 0.038599
0 0.336701 0.201966 0.027535 0.033358
0 0.109676 0.460397 0.037587 0.035607
0 0.671549 0.681022 0.036339 0.035523
0 0.164000 0.427444 0.036405 0.037103
0 0.197554 0.212081 0.023724 0.031526
0 0.674889 0.775868 0.035090 0.035440
0 0.672904 0.713413 0.036273 0.033944
0 0.660353 0.428252 0.034958 0.032279
0 0.610749 0.559128 0.035156 0.037020
0 0.225607 0.209410 0.025038 0.033191
0 0.161291 0.362661 0.038901 0.037270
0 0.200256 0.246759 0.023856 0.034687
0 0.665566 0.522973 0.035090 0.035440
0 0.492679 0.339902 0.034978 0.032754
0 0.516153 0.601910 0.022145 0.023543
0 0.518257 0.622288 0.022020 0.020541
0 0.502015 0.533219 0.034634 0.024537
0 0.496777 0.412451 0.035584 0.017479
0 0.497780 0.446909 0.033168 0.019240
0 0.495160 0.369287 0.034932 0.031647
0 0.494936 0.393861 0.037085 0.023599
0 0.527893 0.881452 0.020589 0.025014
0 0.502638 0.549774 0.029308 0.010582
0 0.499119 0.463378 0.033636 0.019113
0 0.496364 0.429362 0.032903 0.021538
0 0.334581 0.540397 0.035090 0.035440
0 0.908280 0.759436 0.025038 0.033191
0 0.455164 0.789797 0.032528 0.033693
0 0.515228 0.579789 0.022145 0.023543
0 0.282958 0.608028 0.028519 0.027121
0 0.898579 0.856740 0.037653 0.037187
0 0.883249 0.759529 0.022277 0.026702
0 0.141078 0.178629 0.023658 0.029947
0 0.401037 0.827491 0.033710 0.032196
0 0.622642 0.843540 0.037521 0.034027
0 0.120247 0.713208 0.034958 0.032279
0 0.279625 0.543287 0.037389 0.030867
0 0.197940 0.176405 0.022277 0.026702
0 0.617389 0.717925 0.034826 0.029120
0 0.500396 0.509481 0.033512 0.027455
0 0.513505 0.793019 0.030949 0.025708
0 0.908173 0.726962 0.022344 0.028283
0 0.610019 0.526695 0.031213 0.032028
0 0.525510 0.855594 0.022211 0.025123
0 0.519321 0.662701 0.020963 0.025039
0 0.335638 0.565678 0.040744 0.051575
0 0.833742 0.608359 0.033710 0.032196
0 0.399059 0.795142 0.035024 0.033860
0 0.518429 0.641370 0.020765 0.020299
0 0.279716 0.515552 0.037587 0.035607
0 0.833668 0.576673 0.036339 0.035523
0 0.339309 0.668424 0.033842 0.035356
0 0.086294 0.215575 0.023658 0.029947
0 0.237457 0.866972 0.033710 0.032196
0 0.221427 0.453702 0.033644 0.030616
0 0.621354 0.812728 0.037587 0.035607
0 0.836318 0.669981 0.033710 0.032196
0 0.088405 0.251084 0.024972 0.031610
0 0.119543 0.651459 0.036339 0.035523
0 0.882615 0.445050 0.034958 0.032279
0 0.880736 0.415071 0.036339 0.035523
0 0.784038 0.736864 0.036339 0.035523
0 0.789981 0.864017 0.035024 0.033860
0 0.229968 0.313694 0.022410 0.029863
0 0.349348 0.893541 0.035024 0.033860
0 0.386854 0.443410 0.032462 0.032112
0 0.403023 0.889945 0.032528 0.033693
0 0.117559 0.319641 0.025038 0.033191
0 0.088644 0.286720 0.025170 0.036350
0 0.614082 0.623869 0.038901 0.037270
0 0.888558 0.572203 0.036273 0.033944
0 0.287095 0.736887 0.036339 0.035523
0 0.275792 0.451643 0.035024 0.033860
0 0.338053 0.638402 0.033710 0.032196
0 0.730503 0.773726 0.036206 0.032363
0 0.398328 0.762708 0.036339 0.035523
0 0.115028 0.588382 0.035090 0.035440
0 0.310069 0.238609 0.023790 0.033107
0 0.385433 0.409438 0.032660 0.036852
0 0.224810 0.175396 0.026220 0.031694
0 0.402293 0.857512 0.036206 0.032363
0 0.115900 0.250035 0.025038 0.033191
0 0.723796 0.613349 0.033776 0.033776
0 0.234847 0.804559 0.036273 0.033944
0 0.287891 0.770900 0.035024 0.033860
0 0.238746 0.897784 0.036273 0.033944
0 0.394988 0.667862 0.037587 0.035607
0 0.731791 0.804536 0.036273 0.033944
0 0.566497 0.817989 0.035090 0.035440
0 0.222198 0.517030 0.035024 0.033860
0 0.445110 0.504470 0.033710 0.032196
0 0.118188 0.619068 0.036273 0.033944
0 0.834997 0.638380 0.033842 0.035356
0 0.163270 0.395011 0.034958 0.032279
0 0.126330 0.873626 0.036273 0.033944
0 0.723165 0.583285 0.034892 0.030699
0 0.343963 0.764767 0.035090 0.035440
0 0.142499 0.212601 0.023724 0.031526
0 0.332734 0.511208 0.036273 0.033944
0 0.391582 0.571436 0.033710 0.032196
0 0.225498 0.580980 0.033710 0.032196
0 0.312976 0.308132 0.023658 0.029947
0 0.732522 0.836970 0.034958 0.032279
0 0.771514 0.422389 0.034958 0.032279
0 0.344694 0.797199 0.033776 0.033776
0 0.291683 0.831649 0.034958 0.032279
0 0.840210 0.733100 0.036339 0.035523
0 0.331479 0.481187 0.036140 0.030783
0 0.843583 0.828736 0.035024 0.033860
0 0.624588 0.875099 0.036405 0.037103
0 0.841670 0.797966 0.036339 0.035523
0 0.143985 0.248153 0.023790 0.033107
0 0.886573 0.509749 0.037587 0.035607
0 0.230744 0.676491 0.033776 0.033776
0 0.450608 0.695826 0.033842 0.035356
0 0.225845 0.245045 0.024972 0.031610
0 0.144815 0.282956 0.025038 0.033191
0 0.111687 0.493536 0.038835 0.035691
0 0.393435 0.630731 0.037785 0.040347
0 0.387584 0.475842 0.031280 0.033609
0 0.619966 0.779548 0.037587 0.035607
0 0.307195 0.169876 0.026220 0.031694
0 0.787305 0.800025 0.037587 0.035607
0 0.252962 0.175094 0.024972 0.031610
0 0.612695 0.590687 0.036273 0.033944
0 0.734434 0.867739 0.038901 0.037270
0 0.891866 0.666259 0.035090 0.035440
0 0.447129 0.567714 0.034958 0.032279
0 0.255942 0.276302 0.022476 0.031443
0 0.676277 0.809048 0.035223 0.038599
0 0.724494 0.644992 0.035024 0.033860
0 0.825706 0.386276 0.033776 0.033776
0 0.563689 0.750836 0.035024 0.033860
0 0.829777 0.513554 0.036206 0.032363
0 0.717189 0.455342 0.033908 0.036936
0 0.347994 0.861151 0.035090 0.035440
0 0.227890 0.278974 0.023658 0.029947
0 0.121602 0.745599 0.037653 0.037187
0 0.108945 0.427964 0.036273 0.033944
0 0.768738 0.356026 0.032594 0.035273
0 0.173558 0.281823 0.024840 0.028451
0 0.234183 0.773707 0.035090 0.035440
0 0.562367 0.719234 0.035024 0.033860
0 0.330477 0.412328 0.037719 0.038767
0 0.284858 0.309224 0.024972 0.031610
0 0.289771 0.800879 0.036273 0.033944
0 0.788036 0.832458 0.036273 0.033944
0 0.879447 0.384259 0.033776 0.033776
0 0.449107 0.600064 0.036140 0.030783
0 0.222091 0.484555 0.035090 0.035440
0 0.293768 0.896473 0.036339 0.035523
0 0.716524 0.424489 0.034826 0.029120
0 0.659131 0.399021 0.035024 0.033860
0 0.232796 0.740525 0.035090 0.035440
0 0.229455 0.645679 0.033842 0.035356
0 0.781322 0.641976 0.036206 0.032363
0 0.335247 0.167204 0.027535 0.033358
0 0.236136 0.835371 0.036339 0.035523
0 0.346015 0.828801 0.036273 0.033944
0 0.782717 0.705262 0.036339 0.035523
0 0.342642 0.733165 0.037587 0.035607
0 0.281154 0.205688 0.023790 0.033107
0 0.561079 0.688424 0.034958 0.032279
0 0.223519 0.548631 0.032528 0.033693
0 0.308582 0.203058 0.023724 0.031526
0 0.778121 0.580395 0.037587 0.035607
0 0.396276 0.698674 0.035024 0.033860
0 0.727860 0.710523 0.036206 0.032363
0 0.781428 0.674451 0.036273 0.033944
0 0.776833 0.549584 0.037521 0.034027
0 0.883970 0.477442 0.035156 0.037020
0 0.396941 0.729527 0.036339 0.035523
0 0.311490 0.272580 0.023724 0.031526
0 0.890577 0.635447 0.035024 0.033860
0 0.668873 0.617029 0.031280 0.033609
0 0.670228 0.649420 0.036339 0.035523
0 0.340471 0.307082 0.026220 0.031694
0 0.832347 0.545072 0.036339 0.035523
0 0.828456 0.481954 0.036339 0.035523
0 0.549185 0.404012 0.035090 0.035440
0 0.440349 0.375652 0.037653 0.037187
0 0.446464 0.536862 0.036405 0.037103
0 0.603378 0.367898 0.036537 0.040264
0 0.441179 0.410457 0.036273 0.033944
0 0.714612 0.393720 0.036405 0.037103
