0 0.320168 0.343900 0.041122 0.054674
0 0.572294 0.647804 0.040272 0.055933
0 0.326617 0.383969 0.039090 0.047884
0 0.452891 0.190645 0.047540 0.049077
0 0.447812 0.156034 0.051647 0.048868
0 0.314686 0.302676 0.038854 0.046274
0 0.162994 0.349933 0.037768 0.045924
0 0.174265 0.430597 0.040554 0.043756
0 0.471368 0.320406 0.046690 0.050336
0 0.463664 0.256295 0.047540 0.049077
0 0.479733 0.385147 0.047917 0.044597
0 0.457971 0.225255 0.049003 0.044948
0 0.224680 0.417703 0.038382 0.043055
0 0.502129 0.533877 0.036683 0.045574
0 0.475480 0.356171 0.045745 0.043897
0 0.521065 0.752004 0.025021 0.029543
0 0.376372 0.370446 0.038241 0.049144
0 0.467421 0.289646 0.044660 0.043546
0 0.496577 0.496047 0.043906 0.052505
0 0.471513 0.677792 0.038950 0.053973
0 0.332218 0.425999 0.041122 0.054674
0 0.180714 0.470666 0.041358 0.056284
0 0.490434 0.454192 0.046550 0.056425
0 0.269990 0.358405 0.039422 0.057192
0 0.219434 0.378089 0.036306 0.050053
0 0.309393 0.258862 0.041217 0.062372
0 0.518656 0.731707 0.026343 0.031503
0 0.073837 0.463000 0.038523 0.036966
0 0.565254 0.603710 0.039422 0.057192
0 0.465983 0.632368 0.039422 0.057192
0 0.370347 0.329397 0.036306 0.050053
0 0.525467 0.324869 0.041122 0.054674
0 0.212937 0.333820 0.041358 0.056284
0 0.062874 0.380552 0.043529 0.056984
0 0.315377 0.679275 0.040508 0.057543
0 0.276842 0.405088 0.041594 0.057893
0 0.068946 0.425800 0.037628 0.052013
0 0.517766 0.280145 0.036779 0.053272
0 0.363968 0.285933 0.038950 0.053973
0 0.421564 0.310343 0.040272 0.055933
0 0.320245 0.724069 0.043057 0.053765
0 0.125338 0.449755 0.040886 0.053064
0 0.331516 0.804733 0.042444 0.056634
0 0.118959 0.406291 0.039658 0.058802
0 0.326813 0.764943 0.039563 0.051103
0 0.427399 0.353982 0.036542 0.051663
0 0.169562 0.390807 0.042207 0.055024
0 0.157041 0.305489 0.041453 0.063982
