0 0.600000 0.523994 0.034667 0.035604
0 0.228000 0.580495 0.026667 0.027864
0 0.546000 0.622291 0.036000 0.024768
0 0.228000 0.722136 0.026667 0.029412
0 0.242667 0.398607 0.037333 0.032508
0 0.826667 0.660217 0.032000 0.032508
0 0.598667 0.888545 0.040000 0.037152
0 0.548000 0.593653 0.037333 0.032508
0 0.130667 0.433437 0.040000 0.034056
0 0.825333 0.485294 0.032000 0.035604
0 0.131333 0.396285 0.038667 0.037152
0 0.598000 0.818111 0.038667 0.035604
0 0.352667 0.612229 0.038667 0.038700
0 0.547333 0.418731 0.036000 0.032508
0 0.548000 0.448916 0.037333 0.030960
0 0.655333 0.523994 0.030667 0.038700
0 0.408000 0.886223 0.040000 0.041796
0 0.826000 0.441950 0.033333 0.032508
0 0.406667 0.746904 0.040000 0.038700
0 0.598667 0.757740 0.037333 0.032508
0 0.822667 0.818111 0.037333 0.038700
0 0.298000 0.365325 0.038667 0.037152
0 0.655333 0.683437 0.036000 0.035604
0 0.547333 0.479102 0.036000 0.032508
0 0.352667 0.535604 0.038667 0.049536
0 0.768000 0.886997 0.037333 0.046440
0 0.655333 0.719040 0.038667 0.035604
0 0.826000 0.537152 0.036000 0.037152
0 0.656667 0.602941 0.036000 0.038700
0 0.505333 0.277090 0.034667 0.034056
0 0.599333 0.723684 0.038667 0.032508
0 0.600000 0.690402 0.034667 0.034056
0 0.825333 0.581269 0.037333 0.038700
0 0.547333 0.361455 0.036000 0.035604
0 0.658000 0.563467 0.036000 0.037152
0 0.768667 0.818885 0.041333 0.040248
0 0.406667 0.607585 0.037333 0.044892
0 0.600667 0.591331 0.036000 0.034056
0 0.601333 0.323529 0.037333 0.037152
0 0.656000 0.643963 0.037333 0.040248
0 0.600667 0.558050 0.036000 0.035604
0 0.714000 0.321207 0.036000 0.041796
0 0.131333 0.360681 0.038667 0.037152
0 0.826667 0.325851 0.034667 0.041796
0 0.601333 0.454334 0.037333 0.032508
0 0.601333 0.386223 0.037333 0.032508
0 0.600667 0.625387 0.036000 0.034056
0 0.462667 0.362229 0.037333 0.037152
0 0.187333 0.364551 0.041333 0.038700
0 0.768667 0.540248 0.038667 0.046440
0 0.768000 0.746130 0.040000 0.043344
0 0.822667 0.886223 0.042667 0.044892
0 0.298000 0.324303 0.038667 0.044892
0 0.824667 0.623839 0.036000 0.034056
0 0.656667 0.484520 0.038667 0.037152
0 0.354000 0.431889 0.036000 0.043344
0 0.600000 0.489164 0.037333 0.037152
0 0.885333 0.362229 0.042667 0.037152
0 0.242667 0.364551 0.037333 0.035604
0 0.407333 0.323529 0.038667 0.043344
0 0.656667 0.326625 0.036000 0.040248
0 0.826667 0.397059 0.037333 0.038700
0 0.824667 0.745356 0.038667 0.038700
0 0.408000 0.466718 0.040000 0.044892
0 0.656667 0.445820 0.036000 0.037152
0 0.884000 0.322755 0.040000 0.041796
0 0.352000 0.323529 0.040000 0.043344
0 0.544667 0.698297 0.038667 0.021981
0 0.544667 0.723375 0.036000 0.026935
0 0.547333 0.507740 0.036000 0.024768
0 0.548000 0.324149 0.034667 0.038390
0 0.644667 0.785604 0.025333 0.026316
0 0.228000 0.753870 0.026667 0.027864
0 0.254667 0.754644 0.024000 0.029412
0 0.499333 0.554180 0.022667 0.027864
0 0.353333 0.817337 0.034667 0.037152
0 0.254667 0.641641 0.024000 0.026316
0 0.231333 0.785604 0.030667 0.029412
0 0.339333 0.784830 0.025333 0.030960
0 0.226000 0.609133 0.028000 0.029412
0 0.227333 0.694272 0.025333 0.023220
0 0.228667 0.551858 0.025333 0.029412
0 0.254000 0.615325 0.025333 0.029412
0 0.228000 0.664861 0.026667 0.029412
0 0.584667 0.787152 0.022667 0.026316
0 0.228000 0.635449 0.026667 0.026316
0 0.254667 0.724458 0.026667 0.030960
0 0.546667 0.645511 0.037333 0.027864
0 0.810000 0.783282 0.022667 0.027864
0 0.254667 0.667183 0.024000 0.027864
0 0.255333 0.695046 0.025333 0.027864
0 0.532000 0.783282 0.021333 0.027864
0 0.228000 0.522446 0.024000 0.026316
0 0.544000 0.817337 0.034667 0.034056
0 0.242000 0.818885 0.036000 0.040248
0 0.253333 0.553406 0.026667 0.029412
0 0.242667 0.855263 0.042667 0.032508
0 0.392667 0.783282 0.025333 0.030960
0 0.228000 0.493034 0.024000 0.029412
0 0.505333 0.309598 0.034667 0.030960
0 0.352667 0.890093 0.038667 0.034056
0 0.253333 0.583591 0.026667 0.030960
0 0.228667 0.462848 0.025333 0.030960
0 0.244000 0.890867 0.037333 0.038700
0 0.754000 0.784830 0.022667 0.027864
0 0.254000 0.524768 0.028000 0.027864
0 0.353333 0.853715 0.037333 0.035604
0 0.654000 0.816563 0.036000 0.038700
0 0.496667 0.520124 0.025333 0.030960
0 0.132000 0.539474 0.037333 0.038700
0 0.655333 0.852941 0.036000 0.034056
0 0.655333 0.888545 0.038667 0.037152
0 0.130667 0.467492 0.037333 0.034056
0 0.547333 0.390867 0.038667 0.026316
0 0.599333 0.659443 0.033333 0.030960
0 0.354667 0.683437 0.037333 0.038700
0 0.406000 0.818111 0.038667 0.041796
0 0.545333 0.753870 0.034667 0.030960
0 0.546000 0.674149 0.038667 0.029412
0 0.255333 0.496130 0.025333 0.029412
0 0.548000 0.534056 0.034667 0.030960
0 0.131333 0.502322 0.038667 0.035604
0 0.504000 0.239938 0.032000 0.030960
0 0.825333 0.698142 0.032000 0.034056
0 0.600667 0.420279 0.036000 0.035604
0 0.600667 0.355263 0.036000 0.029412
0 0.504000 0.211300 0.029333 0.026316
0 0.351333 0.746904 0.038667 0.041796
0 0.242000 0.431115 0.036000 0.032508
0 0.544667 0.852167 0.036000 0.035604
0 0.598000 0.853715 0.038667 0.035604
0 0.254000 0.465170 0.028000 0.029412
0 0.548000 0.562693 0.034667 0.029412
0 0.546000 0.890867 0.041333 0.035604
0 0.654000 0.753870 0.038667 0.034056
0 0.768667 0.646285 0.038667 0.047988
0 0.130667 0.322755 0.040000 0.038700
0 0.462000 0.321981 0.036000 0.040248
0 0.242000 0.322755 0.038667 0.041796
0 0.656667 0.404799 0.041333 0.038700
0 0.770000 0.431115 0.041333 0.041796
0 0.186667 0.322755 0.040000 0.041796
0 0.655333 0.365325 0.038667 0.037152
0 0.714667 0.362229 0.040000 0.040248
0 0.770000 0.321207 0.041333 0.044892
