0 0.752865 0.258133 0.039598 0.027037
0 0.864113 0.252973 0.038205 0.025406
0 0.494197 0.299320 0.028760 0.021786
0 0.181398 0.287091 0.036934 0.026895
0 0.450543 0.275062 0.036873 0.025334
0 0.587068 0.267770 0.038205 0.025406
0 0.506992 0.782733 0.022404 0.029234
0 0.774809 0.805185 0.038690 0.037892
0 0.828087 0.802340 0.038569 0.034771
0 0.285983 0.539585 0.026521 0.032569
0 0.815241 0.403392 0.038751 0.039453
0 0.290175 0.681695 0.026399 0.029447
0 0.885330 0.798501 0.036088 0.039311
0 0.281825 0.432665 0.029367 0.037394
0 0.825169 0.693007 0.038690 0.037892
0 0.363810 0.824790 0.037298 0.036260
0 0.277515 0.321842 0.026460 0.031008
0 0.662925 0.811161 0.035784 0.031506
0 0.776965 0.877803 0.037298 0.036260
0 0.349754 0.429037 0.037237 0.034700
0 0.241241 0.830555 0.026460 0.031008
0 0.267154 0.827607 0.025250 0.034059
0 0.877493 0.545531 0.037177 0.033138
0 0.882443 0.689948 0.035906 0.034629
0 0.135381 0.545282 0.040145 0.041085
0 0.243852 0.897673 0.029246 0.034273
0 0.820095 0.511058 0.037298 0.036260
0 0.827262 0.729652 0.037298 0.036260
0 0.418968 0.853127 0.038630 0.036331
0 0.609681 0.849198 0.035967 0.036189
0 0.365146 0.859129 0.037298 0.036260
0 0.473825 0.890864 0.035845 0.033067
0 0.666322 0.881365 0.037359 0.037820
0 0.772016 0.733385 0.038690 0.037892
0 0.491344 0.225959 0.029124 0.031150
0 0.888788 0.870265 0.034634 0.036118
0 0.310529 0.501517 0.027793 0.031079
0 0.776205 0.841086 0.038690 0.037892
0 0.757807 0.333728 0.033363 0.037607
0 0.419730 0.889843 0.037359 0.037820
0 0.771225 0.695888 0.040023 0.037963
0 0.473064 0.854148 0.040145 0.041085
0 0.243878 0.864043 0.026521 0.032569
0 0.248185 0.648746 0.036027 0.037749
0 0.293599 0.718270 0.033363 0.037607
0 0.609586 0.812446 0.036027 0.037749
0 0.305549 0.356320 0.026460 0.031008
0 0.470181 0.780006 0.034513 0.032996
0 0.888028 0.833549 0.036027 0.037749
0 0.489585 0.197898 0.027671 0.027957
0 0.416994 0.785193 0.034573 0.034557
0 0.269245 0.864251 0.026521 0.032569
0 0.288778 0.645796 0.029306 0.035833
0 0.137504 0.582707 0.038690 0.037892
0 0.415689 0.751634 0.034634 0.036118
0 0.875432 0.509666 0.041537 0.042717
0 0.709607 0.552934 0.034513 0.032996
0 0.456945 0.422529 0.035967 0.036189
0 0.883840 0.725849 0.038690 0.037892
0 0.366481 0.893470 0.037177 0.033138
0 0.773413 0.769286 0.038569 0.034771
0 0.353307 0.537553 0.035967 0.036189
0 0.459011 0.492804 0.034513 0.032996
0 0.470942 0.816723 0.038690 0.037892
0 0.816637 0.439293 0.038630 0.036331
0 0.708241 0.517814 0.037359 0.037820
0 0.269885 0.897846 0.028036 0.037323
0 0.466083 0.674647 0.037359 0.037820
0 0.201925 0.900694 0.038630 0.036331
0 0.410649 0.604876 0.035967 0.036189
0 0.822282 0.584454 0.035967 0.036189
0 0.413566 0.714209 0.036209 0.042433
0 0.197790 0.725733 0.038751 0.039453
0 0.600482 0.595519 0.034573 0.034557
0 0.412836 0.678273 0.037298 0.036260
0 0.314143 0.611594 0.029428 0.038955
0 0.312591 0.537382 0.029246 0.034273
0 0.706875 0.482694 0.037298 0.036260
0 0.817367 0.475229 0.037298 0.036260
0 0.357496 0.645254 0.035967 0.036189
0 0.184342 0.362793 0.034573 0.034557
0 0.654483 0.559789 0.036027 0.037749
0 0.200647 0.833505 0.038630 0.036331
0 0.759173 0.368848 0.038630 0.036331
0 0.761455 0.478997 0.037237 0.034700
0 0.399297 0.312991 0.036088 0.039311
0 0.598480 0.561215 0.035906 0.034629
0 0.464657 0.637967 0.037420 0.039382
0 0.462530 0.566131 0.035967 0.036189
0 0.539337 0.344615 0.035967 0.036189
0 0.867538 0.289547 0.040084 0.039524
0 0.354582 0.570332 0.035967 0.036189
0 0.870300 0.360567 0.039902 0.034842
0 0.187165 0.435374 0.037298 0.036260
0 0.363111 0.789635 0.038690 0.037892
0 0.541619 0.454764 0.034573 0.034557
0 0.189957 0.507175 0.037298 0.036260
0 0.605522 0.742277 0.038690 0.037892
0 0.131794 0.401574 0.038690 0.037892
0 0.604792 0.706342 0.037359 0.037820
0 0.194146 0.614875 0.034755 0.039240
0 0.306310 0.393035 0.027975 0.035762
0 0.454123 0.349948 0.036027 0.037749
0 0.402813 0.351907 0.037420 0.039382
0 0.359528 0.680338 0.037359 0.037820
0 0.643105 0.301534 0.036088 0.039311
0 0.187864 0.470529 0.038690 0.037892
0 0.543651 0.489849 0.036088 0.039311
0 0.592770 0.380082 0.035906 0.034629
0 0.767006 0.587407 0.037298 0.036260
0 0.250917 0.718986 0.036027 0.037749
0 0.761391 0.443026 0.040023 0.037963
0 0.701926 0.338278 0.038690 0.037892
0 0.764944 0.551543 0.038630 0.036331
0 0.821521 0.547739 0.037359 0.037820
0 0.457645 0.457685 0.037237 0.034700
0 0.241169 0.434053 0.038630 0.036331
0 0.351785 0.464121 0.035967 0.036189
0 0.814419 0.365116 0.037359 0.037820
0 0.704688 0.409297 0.038751 0.039453
0 0.540949 0.420389 0.036027 0.037749
0 0.703292 0.373397 0.035967 0.036189
0 0.406491 0.497956 0.038690 0.037892
0 0.409192 0.567415 0.036088 0.039311
0 0.405064 0.461275 0.035967 0.036189
0 0.237526 0.323196 0.040084 0.039524
0 0.239648 0.360621 0.035967 0.036189
0 0.194241 0.651627 0.037237 0.034700
0 0.492777 0.262795 0.029234 0.033960
0 0.498458 0.405453 0.031522 0.031278
0 0.499930 0.441584 0.031650 0.037983
0 0.496868 0.367999 0.032153 0.040658
0 0.493621 0.284492 0.028578 0.017103
0 0.345319 0.280681 0.036873 0.025334
0 0.545203 0.564061 0.035906 0.034629
0 0.601787 0.629078 0.034634 0.036118
0 0.755684 0.296303 0.034573 0.034557
0 0.129762 0.366490 0.037298 0.036260
0 0.610380 0.884353 0.040023 0.037963
0 0.288048 0.609859 0.027853 0.032640
0 0.874610 0.471389 0.037359 0.037820
0 0.196302 0.687492 0.036027 0.037749
0 0.545138 0.528090 0.036027 0.037749
0 0.282524 0.467820 0.025189 0.032498
0 0.607585 0.778142 0.037237 0.034700
0 0.664260 0.845500 0.038690 0.037892
0 0.407826 0.532295 0.035906 0.034629
0 0.468845 0.745667 0.037420 0.039382
0 0.417633 0.818788 0.035967 0.036189
0 0.828022 0.766369 0.038690 0.037892
0 0.316205 0.647459 0.027853 0.032640
0 0.197854 0.761705 0.035967 0.036189
0 0.313957 0.572501 0.026642 0.035691
0 0.249581 0.684646 0.035906 0.034629
0 0.281033 0.395168 0.027914 0.034202
0 0.759934 0.405565 0.040145 0.041085
0 0.879015 0.618963 0.037420 0.039382
0 0.660828 0.740105 0.037420 0.039382
0 0.823073 0.621951 0.037420 0.039382
0 0.255132 0.793056 0.038630 0.036331
0 0.884600 0.762565 0.037298 0.036260
0 0.316905 0.682614 0.029367 0.037394
0 0.134587 0.473375 0.038690 0.037892
0 0.303457 0.319674 0.027975 0.035762
0 0.466784 0.709802 0.035845 0.033067
0 0.825075 0.656256 0.038630 0.036331
0 0.362320 0.752138 0.040145 0.041085
0 0.877558 0.581502 0.037420 0.039382
0 0.246758 0.612065 0.035967 0.036189
0 0.537880 0.307154 0.036088 0.039311
0 0.309008 0.428085 0.027914 0.034202
0 0.880411 0.654864 0.037298 0.036260
0 0.873214 0.435490 0.037359 0.037820
0 0.134651 0.509347 0.041233 0.034913
0 0.284556 0.502904 0.029246 0.034273
0 0.252374 0.756447 0.038690 0.037892
0 0.199917 0.797569 0.037298 0.036260
0 0.871061 0.397283 0.038751 0.039453
0 0.360894 0.715457 0.037298 0.036260
0 0.201286 0.867099 0.037237 0.034700
0 0.763518 0.514862 0.038812 0.041013
0 0.278941 0.358523 0.029306 0.035833
0 0.661620 0.777602 0.038751 0.039453
0 0.810870 0.291009 0.038630 0.036331
0 0.811660 0.328507 0.037420 0.039382
0 0.309133 0.465617 0.030699 0.037465
0 0.597842 0.527621 0.037298 0.036260
0 0.131828 0.436765 0.038630 0.036331
0 0.657245 0.630808 0.035967 0.036189
0 0.245358 0.541755 0.035967 0.036189
0 0.191448 0.579826 0.037237 0.034700
0 0.287319 0.573924 0.031971 0.035976
0 0.769829 0.659988 0.040023 0.037963
0 0.868995 0.327008 0.039962 0.036402
0 0.128244 0.327468 0.037541 0.042504
0 0.767767 0.624123 0.038690 0.037892
0 0.660704 0.702574 0.037420 0.039382
0 0.356675 0.606977 0.037480 0.040942
0 0.403032 0.426191 0.037359 0.037820
0 0.346109 0.318178 0.041355 0.038034
0 0.595623 0.453444 0.038690 0.037892
0 0.351880 0.500873 0.038690 0.037892
0 0.658611 0.665928 0.038690 0.037892
0 0.540159 0.382892 0.034816 0.040800
0 0.242505 0.468394 0.038630 0.036331
0 0.589161 0.304415 0.037298 0.036260
0 0.348358 0.393136 0.034695 0.037678
0 0.463230 0.601286 0.037359 0.037820
0 0.596415 0.490940 0.040145 0.041085
0 0.241075 0.397302 0.036027 0.037749
0 0.189386 0.543962 0.038812 0.041013
0 0.246724 0.576874 0.038690 0.037892
0 0.653087 0.523888 0.038690 0.037892
0 0.454883 0.386665 0.037420 0.039382
0 0.705449 0.446013 0.037359 0.037820
0 0.412076 0.641557 0.038690 0.037892
0 0.646019 0.376456 0.038751 0.039453
0 0.185769 0.399473 0.040084 0.039524
0 0.348202 0.354824 0.034755 0.039240
0 0.651630 0.486427 0.038690 0.037892
0 0.603970 0.668065 0.038873 0.042575
0 0.699077 0.299326 0.041598 0.044278
0 0.183491 0.323735 0.038812 0.041013
0 0.590648 0.342656 0.037480 0.040942
0 0.402937 0.389439 0.037420 0.039382
0 0.645227 0.338960 0.037298 0.036260
0 0.243901 0.504293 0.038630 0.036331
0 0.655879 0.595688 0.038690 0.037892
0 0.452605 0.310927 0.038812 0.041013
0 0.460438 0.529485 0.037480 0.040942
0 0.594166 0.415983 0.041476 0.041156
