0 0.301506 0.877798 0.038532 0.036004
0 0.521229 0.667394 0.025097 0.021693
0 0.536297 0.858851 0.022262 0.020091
0 0.516881 0.595593 0.022732 0.022957
0 0.518722 0.635271 0.024999 0.020433
0 0.488333 0.395653 0.030400 0.022871
0 0.490601 0.414656 0.032428 0.022813
0 0.490960 0.440981 0.032624 0.035108
0 0.493691 0.464220 0.021950 0.019242
0 0.520245 0.652611 0.022902 0.020562
0 0.538739 0.881704 0.022118 0.028821
0 0.465532 0.861794 0.031748 0.038726
0 0.468660 0.893822 0.036058 0.033339
0 0.086570 0.394387 0.020397 0.026812
0 0.482835 0.338474 0.034595 0.024378
0 0.486852 0.358252 0.029616 0.022773
0 0.487330 0.377972 0.035478 0.025439
0 0.523226 0.683577 0.022383 0.017690
0 0.351884 0.807104 0.037411 0.037423
0 0.733552 0.732346 0.036167 0.037267
0 0.404344 0.771128 0.034800 0.035537
0 0.653587 0.391754 0.034555 0.032388
0 0.895505 0.457696 0.025970 0.032873
0 0.160402 0.478073 0.034923 0.037112
0 0.119290 0.482419 0.027582 0.037753
0 0.669801 0.607555 0.036290 0.038841
0 0.667650 0.579999 0.033433 0.033806
0 0.768664 0.232676 0.023359 0.030987
0 0.873827 0.365009 0.037411 0.037423
0 0.287196 0.686404 0.037411 0.037423
0 0.777862 0.567807 0.037165 0.034273
0 0.686657 0.276321 0.028335 0.031610
0 0.272388 0.496663 0.037780 0.042147
0 0.711523 0.417899 0.036044 0.035693
0 0.571003 0.782088 0.037534 0.038997
0 0.713920 0.448605 0.036167 0.037267
0 0.892487 0.427069 0.024603 0.031143
0 0.865681 0.429627 0.023482 0.032562
0 0.359319 0.902367 0.037288 0.035848
0 0.097615 0.582914 0.026216 0.036023
0 0.731716 0.700776 0.037411 0.037423
0 0.685693 0.835320 0.037165 0.034273
0 0.298426 0.846383 0.037534 0.038997
0 0.709004 0.385620 0.038655 0.037578
0 0.725464 0.604569 0.034677 0.033962
0 0.339472 0.648067 0.037657 0.040571
0 0.562293 0.654388 0.034800 0.035537
0 0.650342 0.140943 0.027337 0.034604
0 0.127878 0.608544 0.024603 0.031143
0 0.270491 0.464306 0.035921 0.034117
0 0.353658 0.837886 0.038532 0.036004
0 0.890091 0.396364 0.027460 0.036178
0 0.773131 0.507184 0.034800 0.035537
0 0.457089 0.762943 0.036044 0.035693
0 0.572900 0.814445 0.036167 0.037267
0 0.794069 0.791558 0.034677 0.033962
0 0.871369 0.333516 0.037165 0.034273
0 0.715633 0.478600 0.037165 0.034273
0 0.680351 0.171375 0.029702 0.033340
0 0.888074 0.555614 0.035921 0.034117
0 0.763738 0.378776 0.035921 0.034117
0 0.601810 0.428440 0.036044 0.035693
0 0.788969 0.726211 0.034800 0.035537
0 0.891685 0.617967 0.036044 0.035693
0 0.741171 0.829972 0.035921 0.034117
0 0.090557 0.484422 0.024603 0.031143
0 0.764829 0.408849 0.035921 0.034117
0 0.158881 0.442488 0.037780 0.042147
0 0.577255 0.878295 0.037288 0.035848
0 0.786450 0.693931 0.037411 0.037423
0 0.886300 0.524832 0.037288 0.035848
0 0.742135 0.270973 0.027091 0.031454
0 0.279762 0.591140 0.034800 0.035537
0 0.295845 0.813316 0.037288 0.035848
0 0.303341 0.909367 0.037288 0.035848
0 0.679971 0.770051 0.036044 0.035693
0 0.779698 0.599377 0.036167 0.037267
0 0.784675 0.663149 0.038532 0.036004
0 0.407424 0.802543 0.036044 0.035693
0 0.120443 0.513280 0.024480 0.029569
0 0.096279 0.549691 0.025970 0.032873
0 0.109990 0.387388 0.025970 0.032873
0 0.883654 0.297795 0.021869 0.027682
0 0.343113 0.678617 0.036305 0.023251
0 0.413185 0.892452 0.036782 0.045140
0 0.498964 0.543059 0.038532 0.036004
0 0.543198 0.393634 0.034923 0.037112
0 0.410597 0.867335 0.035292 0.041836
0 0.517863 0.616220 0.021501 0.022959
0 0.546524 0.428197 0.036167 0.037267
0 0.495570 0.515659 0.041389 0.041038
0 0.721354 0.543869 0.035799 0.032543
0 0.275468 0.528078 0.038532 0.036004
0 0.524622 0.702823 0.021746 0.026108
0 0.325908 0.458171 0.037288 0.035848
0 0.678634 0.736828 0.036290 0.038841
0 0.735391 0.168468 0.027091 0.031454
0 0.330885 0.521943 0.037165 0.034273
0 0.101782 0.451219 0.034800 0.035537
0 0.567270 0.718160 0.037165 0.034273
0 0.514169 0.576932 0.022745 0.023115
0 0.565495 0.687377 0.036290 0.038841
0 0.723067 0.573864 0.034800 0.035537
0 0.446135 0.574310 0.033188 0.030658
0 0.863223 0.398134 0.022990 0.026263
0 0.857155 0.304290 0.023359 0.030987
0 0.516507 0.800032 0.036044 0.035693
0 0.687590 0.867677 0.036044 0.035693
0 0.869759 0.457736 0.024480 0.029569
0 0.774967 0.538754 0.036044 0.035693
0 0.100691 0.421145 0.034555 0.032388
0 0.677482 0.705968 0.036167 0.037267
0 0.327805 0.490529 0.036167 0.037267
0 0.655861 0.420886 0.037411 0.037423
0 0.795221 0.822418 0.037288 0.035848
0 0.798362 0.854620 0.036167 0.037267
0 0.401825 0.738850 0.035169 0.040260
0 0.397286 0.672638 0.033433 0.033806
0 0.782156 0.630869 0.038655 0.037578
0 0.761798 0.128596 0.028581 0.034759
0 0.125919 0.575399 0.023359 0.030987
0 0.736632 0.763760 0.037411 0.037423
0 0.323389 0.425891 0.040145 0.040882
0 0.344265 0.709477 0.037657 0.040571
0 0.712810 0.241250 0.026093 0.034448
0 0.409882 0.834036 0.036044 0.035693
0 0.884341 0.491687 0.038778 0.039153
0 0.092392 0.515992 0.023359 0.030987
0 0.460169 0.794358 0.037288 0.035848
0 0.792172 0.759200 0.036290 0.038841
0 0.889910 0.587185 0.034923 0.037112
0 0.277987 0.560358 0.036167 0.037267
0 0.575481 0.847512 0.036167 0.037267
0 0.337636 0.616498 0.035921 0.034117
0 0.819155 0.372641 0.034800 0.035537
0 0.449561 0.634300 0.035676 0.030969
0 0.282219 0.622633 0.037288 0.035848
0 0.733932 0.133671 0.027337 0.034604
0 0.356178 0.870166 0.038901 0.040727
0 0.289654 0.717897 0.037165 0.034273
0 0.729880 0.669206 0.036167 0.037267
0 0.765899 0.197247 0.026216 0.036023
0 0.123584 0.545482 0.023359 0.030987
0 0.739493 0.237119 0.029702 0.033340
0 0.604391 0.461507 0.036290 0.038841
0 0.454101 0.700512 0.034923 0.037112
0 0.381947 0.451958 0.037411 0.037423
0 0.705759 0.134809 0.025970 0.032873
0 0.651567 0.357822 0.033925 0.040105
0 0.817319 0.341070 0.036044 0.035693
0 0.771990 0.267240 0.027337 0.034604
0 0.738034 0.202322 0.027214 0.033029
0 0.684076 0.243254 0.028335 0.031610
0 0.383099 0.482819 0.037288 0.035848
0 0.284055 0.654202 0.036044 0.035693
0 0.335179 0.585005 0.035921 0.034117
0 0.568422 0.749021 0.040022 0.039308
0 0.455376 0.732948 0.037288 0.035848
0 0.293387 0.781824 0.039776 0.036159
0 0.814738 0.308003 0.038778 0.039153
0 0.683734 0.802175 0.036413 0.040416
0 0.764501 0.163238 0.028581 0.034759
0 0.710605 0.204957 0.024849 0.034293
0 0.463993 0.827269 0.037534 0.038997
0 0.556317 0.593922 0.034677 0.033962
0 0.552707 0.531569 0.034800 0.035537
0 0.162921 0.510352 0.037534 0.038997
0 0.674340 0.673766 0.037288 0.035848
0 0.349365 0.774824 0.037534 0.038997
0 0.894826 0.650169 0.037411 0.037423
0 0.441097 0.509750 0.036167 0.037267
0 0.346907 0.743332 0.037288 0.035848
0 0.438701 0.479046 0.036044 0.035693
0 0.715390 0.274317 0.025847 0.031299
0 0.739274 0.797614 0.037534 0.038997
0 0.559274 0.623761 0.036167 0.037267
0 0.767908 0.440263 0.037411 0.037423
0 0.394267 0.642011 0.034800 0.035537
0 0.122966 0.738742 0.037165 0.034273
0 0.379927 0.418026 0.038778 0.039153
0 0.597394 0.363802 0.037534 0.038997
0 0.387700 0.549818 0.035921 0.034117
0 0.550871 0.499998 0.033556 0.035382
0 0.172814 0.637109 0.035169 0.040260
0 0.292051 0.748602 0.034800 0.035537
0 0.660277 0.485522 0.035921 0.034117
0 0.821551 0.403345 0.034923 0.037112
0 0.598731 0.397025 0.037288 0.035848
0 0.726678 0.636217 0.037411 0.037423
0 0.743567 0.860677 0.038778 0.039153
0 0.672443 0.641409 0.036167 0.037267
0 0.659063 0.453874 0.036167 0.037267
0 0.451581 0.668232 0.035046 0.038686
0 0.167215 0.573415 0.036290 0.038841
0 0.215819 0.471938 0.036044 0.035693
0 0.165440 0.542632 0.037165 0.034273
0 0.680935 0.211052 0.029702 0.033340
0 0.126107 0.770943 0.038778 0.039153
0 0.665876 0.549216 0.034800 0.035537
0 0.555103 0.562273 0.037411 0.037423
0 0.390596 0.578870 0.037288 0.035848
0 0.168989 0.604198 0.034677 0.033962
0 0.762401 0.345553 0.038901 0.040727
0 0.121068 0.706384 0.038778 0.039153
0 0.707280 0.170393 0.026093 0.034448
0 0.213799 0.438006 0.035169 0.040260
0 0.332160 0.554378 0.037534 0.038997
0 0.392431 0.610440 0.036044 0.035693
0 0.664040 0.517646 0.036044 0.035693
0 0.117927 0.674182 0.037411 0.037423
0 0.771111 0.473252 0.036167 0.037267
0 0.651241 0.176606 0.028704 0.036334
0 0.117090 0.639307 0.038901 0.040727
0 0.679014 0.138154 0.027460 0.036178
0 0.718835 0.511589 0.036413 0.040416
0 0.268532 0.431162 0.037657 0.040571
0 0.447787 0.603518 0.037534 0.038997
0 0.823510 0.436490 0.036167 0.037267
0 0.706922 0.350900 0.037657 0.040571
0 0.218400 0.505005 0.038778 0.039153
0 0.443739 0.543605 0.036290 0.038841
0 0.399183 0.704995 0.035046 0.038686
0 0.436803 0.446688 0.037411 0.037423
0 0.386425 0.517383 0.036290 0.038841
0 0.548168 0.465357 0.036290 0.038841
0 0.434038 0.411260 0.037780 0.042147
