0 0.657222 0.705931 0.036667 0.044481
0 0.332778 0.416804 0.023333 0.032949
0 0.501111 0.452224 0.042222 0.044481
0 0.860556 0.333608 0.036667 0.041186
0 0.758333 0.336079 0.036667 0.042834
0 0.655556 0.336079 0.033333 0.042834
0 0.554444 0.619440 0.033333 0.049423
0 0.292222 0.333608 0.037778 0.047776
0 0.656667 0.619440 0.035556 0.046129
0 0.604444 0.336079 0.033333 0.039539
0 0.334444 0.457166 0.022222 0.034596
0 0.501111 0.214909 0.046667 0.027842
0 0.191667 0.621911 0.034444 0.047776
0 0.398889 0.617792 0.035556 0.049423
0 0.911667 0.292422 0.034444 0.047776
0 0.450556 0.619440 0.034444 0.046129
0 0.347778 0.706755 0.033333 0.046129
0 0.347222 0.664745 0.032222 0.041186
0 0.346111 0.333608 0.032222 0.041186
0 0.860000 0.373970 0.035556 0.039539
0 0.655000 0.374794 0.034444 0.041186
0 0.914444 0.619440 0.035556 0.046129
0 0.138333 0.334432 0.034444 0.039539
0 0.862222 0.618616 0.033333 0.044481
0 0.450000 0.665568 0.033333 0.039539
0 0.604444 0.620264 0.033333 0.047776
0 0.448889 0.333608 0.033333 0.037891
0 0.191667 0.708402 0.036667 0.042834
0 0.911667 0.375618 0.036667 0.042834
0 0.862222 0.663097 0.033333 0.041186
0 0.809444 0.334432 0.034444 0.042834
0 0.913333 0.702636 0.035556 0.044481
0 0.085000 0.205107 0.036667 0.051071
0 0.292778 0.289127 0.034444 0.041186
0 0.240556 0.295717 0.034444 0.041186
0 0.191111 0.666392 0.033333 0.041186
0 0.292778 0.249588 0.034444 0.037891
0 0.606111 0.704283 0.034444 0.047776
0 0.398889 0.664745 0.033333 0.041186
0 0.810556 0.662273 0.034444 0.039539
0 0.911667 0.336079 0.034444 0.039539
0 0.758889 0.376442 0.035556 0.041186
0 0.703889 0.249588 0.034444 0.044481
0 0.085556 0.294069 0.037778 0.044481
0 0.922778 0.457166 0.025556 0.037891
0 0.359444 0.416804 0.021111 0.029654
0 0.913333 0.662273 0.033333 0.039539
0 0.849444 0.453048 0.021111 0.032949
0 0.848333 0.414333 0.023333 0.031301
0 0.360000 0.457990 0.020000 0.032949
0 0.808889 0.375618 0.033333 0.042834
0 0.397778 0.336903 0.033333 0.037891
0 0.861667 0.705107 0.032222 0.042834
0 0.449444 0.705931 0.032222 0.044481
0 0.502778 0.315486 0.043333 0.037891
0 0.811111 0.706755 0.035556 0.046129
0 0.398333 0.705107 0.034444 0.042834
0 0.873889 0.455519 0.023333 0.031301
0 0.705556 0.294893 0.035556 0.046129
0 0.085000 0.250412 0.034444 0.036244
0 0.396667 0.377265 0.035556 0.046129
0 0.501111 0.149094 0.046667 0.034596
0 0.923333 0.497529 0.024444 0.029654
0 0.501667 0.182867 0.045556 0.036244
0 0.502222 0.282537 0.044444 0.031301
0 0.500556 0.541186 0.030000 0.044481
0 0.922778 0.415980 0.025556 0.034596
0 0.502778 0.378089 0.043333 0.034596
0 0.515556 0.752059 0.022222 0.024712
0 0.085556 0.330313 0.037778 0.024712
0 0.875000 0.415980 0.023333 0.031301
0 0.515000 0.725700 0.021111 0.028007
0 0.503333 0.349259 0.042222 0.029654
0 0.501111 0.246211 0.044444 0.038056
0 0.501111 0.496705 0.040000 0.044481
0 0.397222 0.292422 0.036667 0.051071
0 0.553889 0.292422 0.034444 0.044481
0 0.603333 0.290774 0.035556 0.051071
0 0.551667 0.376442 0.034444 0.044481
0 0.345556 0.291598 0.033333 0.046129
0 0.189444 0.291598 0.034444 0.046129
0 0.448333 0.375618 0.034444 0.046129
0 0.138333 0.291598 0.034444 0.046129
0 0.656111 0.292422 0.034444 0.044481
0 0.345556 0.374794 0.033333 0.044481
0 0.759444 0.291598 0.036667 0.046129
0 0.449444 0.292422 0.034444 0.044481
0 0.292222 0.205107 0.035556 0.051071
0 0.603889 0.378089 0.036667 0.044481
0 0.553333 0.335255 0.033333 0.041186
0 0.347778 0.618616 0.035556 0.051071
0 0.189444 0.377265 0.034444 0.046129
0 0.860556 0.291598 0.034444 0.046129
0 0.554444 0.664745 0.033333 0.041186
0 0.137778 0.378089 0.037778 0.051071
0 0.190000 0.334432 0.035556 0.042834
0 0.085000 0.375618 0.038889 0.049423
0 0.809444 0.291598 0.034444 0.046129
0 0.241111 0.248764 0.035556 0.052718
0 0.656667 0.664745 0.033333 0.041186
0 0.553889 0.706755 0.036667 0.046129
0 0.810556 0.618616 0.034444 0.047776
