0 0.501111 0.380826 0.042222 0.035041
0 0.447778 0.292562 0.033333 0.042975
0 0.651111 0.376860 0.033333 0.042975
0 0.717778 0.701653 0.022222 0.028099
0 0.499444 0.501653 0.036667 0.031405
0 0.922222 0.333058 0.022222 0.031405
0 0.715000 0.414876 0.023333 0.039669
0 0.395556 0.204959 0.037778 0.029752
0 0.603333 0.872727 0.035556 0.042975
0 0.501667 0.351240 0.041111 0.031405
0 0.343889 0.206612 0.034444 0.052893
0 0.690556 0.495868 0.021111 0.026446
0 0.692222 0.704132 0.022222 0.029752
0 0.294444 0.836364 0.037778 0.039669
0 0.716111 0.494215 0.021111 0.026446
0 0.692222 0.784298 0.022222 0.034711
0 0.692222 0.742975 0.020000 0.034711
0 0.513333 0.747934 0.022222 0.031405
0 0.295556 0.873554 0.033333 0.038017
0 0.717778 0.784298 0.022222 0.031405
0 0.716667 0.537190 0.022222 0.033058
0 0.498333 0.216529 0.045556 0.026446
0 0.716667 0.743802 0.022222 0.033058
0 0.398333 0.874380 0.032222 0.039669
0 0.717778 0.619835 0.020000 0.033058
0 0.896667 0.292562 0.022222 0.033058
0 0.922222 0.292562 0.020000 0.033058
0 0.498333 0.283471 0.043333 0.031405
0 0.602222 0.707438 0.035556 0.046281
0 0.910556 0.497521 0.034444 0.036364
0 0.500556 0.315702 0.043333 0.039669
0 0.603333 0.788430 0.035556 0.042975
0 0.691111 0.619835 0.020000 0.036364
0 0.500556 0.148760 0.043333 0.033058
0 0.757222 0.870248 0.034444 0.038017
0 0.087222 0.837190 0.036667 0.041322
0 0.691111 0.538017 0.022222 0.038017
0 0.717222 0.659504 0.021111 0.036364
0 0.756667 0.829752 0.033333 0.039669
0 0.087778 0.709917 0.033333 0.038017
0 0.910000 0.538017 0.031111 0.041322
0 0.714444 0.291736 0.020000 0.034711
0 0.714444 0.333884 0.020000 0.036364
0 0.139444 0.878512 0.036667 0.044628
0 0.692222 0.660331 0.022222 0.038017
0 0.087778 0.748760 0.037778 0.046281
0 0.603333 0.831405 0.035556 0.042975
0 0.717222 0.580165 0.021111 0.033058
0 0.602778 0.748760 0.034444 0.039669
0 0.756667 0.913223 0.035556 0.044628
0 0.138333 0.709917 0.032222 0.041322
0 0.689444 0.291736 0.021111 0.038017
0 0.139444 0.922314 0.036667 0.046281
0 0.138889 0.836364 0.037778 0.042975
0 0.345000 0.500826 0.027778 0.036364
0 0.756667 0.705785 0.035556 0.042975
0 0.138889 0.670248 0.035556 0.041322
0 0.603889 0.915702 0.036667 0.046281
0 0.293889 0.501653 0.034444 0.041322
0 0.602222 0.665289 0.033333 0.038017
0 0.293889 0.667769 0.034444 0.039669
0 0.396111 0.668595 0.034444 0.041322
0 0.398889 0.914876 0.033333 0.041322
0 0.911111 0.371901 0.033333 0.039669
0 0.293333 0.338843 0.031111 0.042975
0 0.086111 0.501653 0.032222 0.038017
0 0.910000 0.580992 0.035556 0.041322
0 0.448889 0.872727 0.033333 0.042975
0 0.691111 0.415702 0.022222 0.038017
0 0.138889 0.794215 0.035556 0.044628
0 0.346111 0.751240 0.032222 0.038017
0 0.756667 0.747107 0.033333 0.042975
0 0.138889 0.158678 0.035556 0.049587
0 0.716111 0.456198 0.023333 0.033058
0 0.346667 0.875207 0.033333 0.041322
0 0.448889 0.917355 0.033333 0.046281
0 0.137778 0.547934 0.035556 0.038017
0 0.755000 0.416529 0.032222 0.039669
0 0.137222 0.628099 0.032222 0.042975
0 0.857778 0.330579 0.033333 0.039669
0 0.087222 0.794215 0.034444 0.044628
0 0.295000 0.914050 0.036667 0.046281
0 0.857778 0.290083 0.033333 0.041322
0 0.498889 0.247934 0.042222 0.039669
0 0.690000 0.579339 0.022222 0.034711
0 0.715000 0.372727 0.023333 0.034711
0 0.087778 0.670248 0.035556 0.041322
0 0.448333 0.832231 0.034444 0.041322
0 0.499444 0.183471 0.041111 0.039669
0 0.910556 0.413223 0.034444 0.039669
0 0.346667 0.790909 0.031111 0.038017
0 0.138889 0.751240 0.035556 0.041322
0 0.805000 0.251240 0.032222 0.039669
0 0.397222 0.791736 0.034444 0.042975
0 0.691111 0.455372 0.020000 0.031405
0 0.690556 0.372727 0.021111 0.034711
0 0.190000 0.377686 0.033333 0.038017
0 0.803889 0.204132 0.032222 0.051240
0 0.190556 0.419008 0.034444 0.044628
0 0.447222 0.543802 0.032222 0.039669
0 0.295000 0.795868 0.036667 0.044628
0 0.191111 0.161157 0.035556 0.047934
0 0.755556 0.538017 0.035556 0.041322
0 0.138333 0.420661 0.034444 0.041322
0 0.757222 0.789256 0.036667 0.041322
0 0.086111 0.420661 0.030000 0.041322
0 0.189444 0.291736 0.034444 0.041322
0 0.756111 0.663636 0.034444 0.041322
0 0.447778 0.665289 0.033333 0.038017
0 0.293889 0.418182 0.032222 0.036364
0 0.085556 0.209091 0.033333 0.044628
0 0.856667 0.202479 0.035556 0.047934
0 0.753333 0.157851 0.035556 0.044628
0 0.294444 0.749587 0.035556 0.044628
0 0.346111 0.916529 0.034444 0.044628
0 0.651667 0.290083 0.032222 0.041322
0 0.855556 0.375207 0.031111 0.046281
0 0.447778 0.160331 0.033333 0.042975
0 0.138333 0.585950 0.034444 0.041322
0 0.602222 0.582645 0.033333 0.041322
0 0.856667 0.247934 0.033333 0.042975
0 0.448889 0.333884 0.031111 0.039669
0 0.601667 0.157851 0.036667 0.047934
0 0.190556 0.461157 0.036667 0.042975
0 0.805000 0.290909 0.034444 0.042975
0 0.087222 0.628926 0.034444 0.041322
0 0.754444 0.457025 0.031111 0.041322
0 0.293333 0.378512 0.033333 0.039669
0 0.087222 0.542975 0.034444 0.041322
0 0.397222 0.833884 0.036667 0.041322
0 0.138889 0.252066 0.033333 0.041322
0 0.447778 0.704959 0.033333 0.044628
0 0.805000 0.376033 0.034444 0.041322
0 0.910000 0.457025 0.035556 0.044628
0 0.396667 0.708264 0.033333 0.038017
0 0.856667 0.155372 0.035556 0.046281
0 0.345000 0.710744 0.034444 0.046281
0 0.085556 0.295041 0.033333 0.041322
0 0.652222 0.667769 0.033333 0.046281
0 0.690000 0.334711 0.022222 0.038017
0 0.189444 0.208264 0.032222 0.042975
0 0.755556 0.498347 0.031111 0.041322
0 0.346111 0.584298 0.030000 0.041322
0 0.601111 0.204132 0.035556 0.044628
0 0.756667 0.623967 0.033333 0.041322
0 0.086667 0.462810 0.033333 0.039669
0 0.346111 0.833058 0.034444 0.046281
0 0.754444 0.375207 0.033333 0.042975
0 0.188889 0.251240 0.033333 0.042975
0 0.447778 0.626446 0.033333 0.042975
0 0.343889 0.461157 0.034444 0.042975
0 0.189444 0.505785 0.034444 0.046281
0 0.189444 0.334711 0.034444 0.044628
0 0.600556 0.250413 0.032222 0.044628
0 0.138889 0.206612 0.035556 0.046281
0 0.601667 0.542975 0.032222 0.038017
0 0.755000 0.580992 0.034444 0.044628
0 0.294444 0.585124 0.035556 0.039669
0 0.346667 0.625620 0.028889 0.041322
0 0.086111 0.377686 0.034444 0.041322
0 0.294444 0.708264 0.033333 0.041322
0 0.087222 0.585124 0.036667 0.042975
0 0.600000 0.376860 0.028889 0.036364
0 0.396667 0.334711 0.033333 0.041322
0 0.753889 0.205785 0.036667 0.044628
0 0.448889 0.790083 0.035556 0.042975
0 0.447222 0.504132 0.034444 0.042975
0 0.753889 0.333058 0.034444 0.044628
0 0.138333 0.378512 0.034444 0.042975
0 0.138333 0.461983 0.034444 0.044628
0 0.397222 0.543802 0.036667 0.039669
0 0.601111 0.502479 0.033333 0.042975
0 0.086111 0.252066 0.036667 0.041322
0 0.138333 0.294215 0.036667 0.042975
0 0.551667 0.623140 0.034444 0.042975
0 0.652222 0.623967 0.031111 0.044628
0 0.085556 0.335537 0.035556 0.042975
0 0.138889 0.506612 0.037778 0.044628
0 0.803889 0.334711 0.032222 0.044628
0 0.652222 0.417355 0.031111 0.038017
0 0.600000 0.293388 0.031111 0.041322
0 0.651111 0.458678 0.026667 0.041322
0 0.447778 0.583471 0.033333 0.039669
0 0.292778 0.294215 0.032222 0.042975
0 0.754444 0.291736 0.035556 0.041322
0 0.448889 0.747934 0.035556 0.041322
0 0.295000 0.543802 0.036667 0.042975
0 0.397222 0.748760 0.036667 0.042975
0 0.294444 0.458678 0.033333 0.044628
0 0.753889 0.249587 0.036667 0.042975
0 0.498889 0.455372 0.040000 0.047934
0 0.448333 0.205785 0.034444 0.044628
0 0.396667 0.584298 0.035556 0.041322
0 0.550556 0.501653 0.032222 0.041322
0 0.550000 0.581818 0.033333 0.039669
0 0.396667 0.628099 0.033333 0.039669
0 0.550556 0.542149 0.032222 0.039669
0 0.549444 0.292562 0.032222 0.042975
0 0.294444 0.625620 0.035556 0.041322
0 0.602222 0.624793 0.033333 0.039669
0 0.651111 0.582645 0.028889 0.041322
0 0.651667 0.540496 0.027778 0.039669
0 0.138889 0.335537 0.035556 0.042975
0 0.241111 0.205785 0.033333 0.047934
0 0.548889 0.251240 0.033333 0.042975
0 0.344444 0.335537 0.035556 0.036364
0 0.345000 0.667769 0.034444 0.042975
0 0.447778 0.461157 0.033333 0.042975
0 0.343889 0.418182 0.034444 0.042975
0 0.242222 0.338843 0.035556 0.046281
0 0.600556 0.337190 0.032222 0.042975
0 0.550000 0.419008 0.031111 0.041322
0 0.447222 0.419835 0.032222 0.042975
0 0.345556 0.542149 0.033333 0.042975
0 0.241111 0.251240 0.035556 0.042975
0 0.396111 0.418182 0.032222 0.042975
0 0.396111 0.293388 0.034444 0.041322
0 0.600556 0.417355 0.032222 0.044628
0 0.650556 0.333884 0.032222 0.042975
0 0.345000 0.376860 0.034444 0.042975
0 0.241667 0.294215 0.036667 0.042975
0 0.548889 0.205785 0.035556 0.047934
0 0.395000 0.250413 0.034444 0.044628
0 0.293333 0.207438 0.035556 0.047934
0 0.345000 0.252066 0.032222 0.038017
0 0.652222 0.499174 0.031111 0.042975
0 0.344444 0.293388 0.031111 0.044628
0 0.395000 0.461983 0.034444 0.041322
0 0.448333 0.250413 0.030000 0.041322
0 0.396667 0.503306 0.035556 0.041322
0 0.396667 0.376033 0.033333 0.041322
0 0.601111 0.460331 0.031111 0.041322
0 0.550000 0.460331 0.033333 0.041322
0 0.447222 0.376860 0.034444 0.042975
0 0.548889 0.336364 0.033333 0.047934
0 0.292778 0.252066 0.034444 0.041322
0 0.550000 0.379339 0.033333 0.041322
