0 0.496705 0.292981 0.029423 0.029809
0 0.498297 0.378131 0.026733 0.021986
0 0.496252 0.363296 0.028090 0.029804
0 0.503530 0.784362 0.024076 0.025100
0 0.495941 0.260952 0.030762 0.031378
0 0.497701 0.401571 0.025390 0.018855
0 0.192068 0.742691 0.033442 0.036076
0 0.497760 0.421103 0.028071 0.023555
0 0.246732 0.741682 0.028104 0.034492
0 0.138078 0.746041 0.026766 0.032924
0 0.291086 0.638372 0.032095 0.031383
0 0.289975 0.492282 0.038757 0.029848
0 0.289206 0.458692 0.037437 0.034530
0 0.756537 0.237210 0.034795 0.042332
0 0.237088 0.858910 0.034800 0.043894
0 0.289424 0.530565 0.037466 0.043905
0 0.288988 0.386816 0.037428 0.031405
0 0.865761 0.420350 0.038771 0.034536
0 0.865656 0.385975 0.038771 0.034536
0 0.181743 0.855235 0.041442 0.036109
0 0.496491 0.222669 0.029423 0.029809
0 0.289083 0.418066 0.037428 0.031405
0 0.182179 0.779452 0.037456 0.040780
0 0.181630 0.817735 0.041442 0.036109
0 0.288875 0.568850 0.038766 0.032974
0 0.811661 0.387762 0.034771 0.034519
0 0.496406 0.194544 0.029413 0.026684
0 0.237518 0.780783 0.033456 0.040764
0 0.290314 0.604000 0.038771 0.034536
0 0.236962 0.817505 0.037442 0.036092
0 0.126405 0.853904 0.042804 0.045490
0 0.866098 0.311754 0.037451 0.039217
0 0.865874 0.457849 0.036104 0.034525
0 0.178432 0.423215 0.037437 0.034530
0 0.126189 0.782810 0.040123 0.040792
0 0.866885 0.351595 0.036104 0.034525
0 0.812769 0.313539 0.037442 0.036092
0 0.290528 0.674312 0.041447 0.037672
0 0.811550 0.351044 0.034776 0.036081
0 0.177317 0.275563 0.038766 0.032974
0 0.178320 0.386496 0.037442 0.036092
0 0.811317 0.274482 0.037451 0.039217
0 0.233437 0.315173 0.038800 0.043911
0 0.177430 0.313063 0.038776 0.036098
0 0.177867 0.237278 0.040123 0.040792
0 0.178875 0.349776 0.038781 0.037661
0 0.288211 0.350101 0.041451 0.039234
0 0.288753 0.309473 0.040118 0.039229
0 0.497484 0.242197 0.026661 0.007205
