0 0.502778 0.494243 0.038889 0.031250
0 0.863333 0.867599 0.035556 0.041118
0 0.762778 0.870888 0.036667 0.041118
0 0.516667 0.747533 0.022222 0.027961
0 0.457222 0.790296 0.025556 0.041118
0 0.091111 0.499178 0.035556 0.041118
0 0.505556 0.344572 0.042222 0.031250
0 0.862778 0.332237 0.036667 0.042763
0 0.091111 0.329770 0.033333 0.041118
0 0.503889 0.212171 0.043333 0.029605
0 0.504444 0.278783 0.040000 0.031250
0 0.761111 0.704770 0.035556 0.044408
0 0.863333 0.828947 0.033333 0.039474
0 0.452222 0.581414 0.033333 0.037829
0 0.193333 0.791118 0.035556 0.046053
0 0.193889 0.328125 0.034444 0.034539
0 0.311111 0.412007 0.020000 0.031250
0 0.505556 0.376645 0.044444 0.036184
0 0.504444 0.180921 0.042222 0.036184
0 0.862222 0.705592 0.033333 0.042763
0 0.762222 0.788651 0.035556 0.041118
0 0.555000 0.245888 0.030000 0.037829
0 0.863889 0.912829 0.036667 0.046053
0 0.762222 0.829770 0.035556 0.041118
0 0.861667 0.617599 0.034444 0.037829
0 0.090556 0.200658 0.036667 0.046053
0 0.812222 0.868421 0.037778 0.042763
0 0.760556 0.620066 0.034444 0.039474
0 0.503333 0.245066 0.042222 0.039474
0 0.811111 0.578947 0.033333 0.042763
0 0.863333 0.746711 0.035556 0.039474
0 0.863333 0.786184 0.035556 0.042763
0 0.285556 0.328125 0.022222 0.034539
0 0.811111 0.455592 0.033333 0.036184
0 0.297222 0.453947 0.030000 0.039474
0 0.812222 0.829770 0.035556 0.037829
0 0.861667 0.496711 0.034444 0.039474
0 0.452778 0.622533 0.032222 0.041118
0 0.862778 0.662007 0.034444 0.047697
0 0.310556 0.370888 0.021111 0.034539
0 0.193889 0.747533 0.032222 0.041118
0 0.503889 0.144737 0.041111 0.032895
0 0.861667 0.537007 0.034444 0.041118
0 0.862222 0.371711 0.033333 0.036184
0 0.310556 0.291118 0.021111 0.036184
0 0.759444 0.332237 0.032222 0.039474
0 0.505556 0.310855 0.042222 0.039474
0 0.605556 0.246711 0.031111 0.039474
0 0.762222 0.912829 0.037778 0.042763
0 0.348889 0.707237 0.028889 0.036184
0 0.193333 0.415296 0.033333 0.037829
0 0.862222 0.288651 0.033333 0.044408
0 0.348889 0.746711 0.028889 0.042763
0 0.349444 0.830592 0.034444 0.036184
0 0.296667 0.497533 0.031111 0.044408
0 0.812222 0.912829 0.035556 0.042763
0 0.284444 0.290296 0.022222 0.037829
0 0.310556 0.328947 0.023333 0.036184
0 0.810000 0.329770 0.035556 0.044408
0 0.861111 0.153783 0.035556 0.050987
0 0.502778 0.450658 0.038889 0.049342
0 0.707222 0.245888 0.032222 0.041118
0 0.452778 0.664474 0.036667 0.042763
0 0.811111 0.416118 0.035556 0.039474
0 0.142222 0.330592 0.033333 0.039474
0 0.091111 0.583882 0.035556 0.042763
0 0.349444 0.789474 0.034444 0.042763
0 0.090556 0.244243 0.034444 0.041118
0 0.812222 0.787829 0.035556 0.042763
0 0.193889 0.583882 0.036667 0.042763
0 0.285000 0.370888 0.025556 0.037829
0 0.091111 0.287829 0.035556 0.046053
0 0.453889 0.745888 0.036667 0.041118
0 0.246111 0.291118 0.032222 0.039474
0 0.452778 0.410362 0.034444 0.041118
0 0.400556 0.328947 0.034444 0.039474
0 0.707222 0.199013 0.034444 0.049342
0 0.090556 0.154605 0.036667 0.046053
0 0.760556 0.577303 0.036667 0.042763
0 0.655556 0.153783 0.035556 0.047697
0 0.759444 0.288651 0.032222 0.044408
0 0.194444 0.157072 0.033333 0.047697
0 0.193889 0.372533 0.034444 0.047697
0 0.811111 0.287007 0.035556 0.044408
0 0.452222 0.496711 0.035556 0.042763
0 0.758333 0.453947 0.034444 0.039474
0 0.400556 0.289474 0.034444 0.042763
0 0.452778 0.329770 0.034444 0.041118
0 0.605000 0.203125 0.030000 0.044408
0 0.091667 0.457237 0.034444 0.042763
0 0.143333 0.155428 0.035556 0.047697
0 0.811667 0.662007 0.034444 0.041118
0 0.090000 0.413651 0.033333 0.041118
0 0.141667 0.539474 0.036667 0.042763
0 0.297222 0.245888 0.034444 0.044408
0 0.555556 0.156250 0.033333 0.049342
0 0.090556 0.541118 0.034444 0.042763
0 0.400556 0.370066 0.032222 0.042763
0 0.656667 0.291941 0.035556 0.047697
0 0.810556 0.374178 0.034444 0.044408
0 0.759444 0.412829 0.034444 0.042763
0 0.400556 0.154605 0.036667 0.046053
0 0.811667 0.745066 0.034444 0.042763
0 0.193333 0.540296 0.035556 0.044408
0 0.759444 0.494243 0.034444 0.041118
0 0.141667 0.414474 0.034444 0.039474
0 0.348889 0.538651 0.033333 0.041118
0 0.707778 0.289474 0.035556 0.046053
0 0.348889 0.621711 0.033333 0.042763
0 0.453333 0.245888 0.033333 0.041118
0 0.141111 0.498355 0.035556 0.039474
0 0.758889 0.245888 0.035556 0.041118
0 0.452222 0.541118 0.035556 0.046053
0 0.349444 0.329770 0.032222 0.041118
0 0.143333 0.203947 0.033333 0.046053
0 0.556667 0.203947 0.035556 0.046053
0 0.606111 0.152138 0.034444 0.050987
0 0.348889 0.498355 0.033333 0.039474
0 0.452778 0.453125 0.036667 0.044408
0 0.142778 0.370888 0.036667 0.044408
0 0.758333 0.199836 0.036667 0.047697
0 0.246667 0.201480 0.033333 0.044408
0 0.349444 0.157895 0.034444 0.042763
0 0.245556 0.246711 0.033333 0.046053
0 0.348889 0.243421 0.033333 0.042763
0 0.656111 0.202303 0.032222 0.046053
0 0.141667 0.455592 0.036667 0.042763
0 0.348889 0.200658 0.033333 0.042763
0 0.349444 0.457237 0.032222 0.042763
0 0.453333 0.203125 0.035556 0.044408
0 0.401111 0.201480 0.035556 0.044408
0 0.298333 0.157895 0.036667 0.046053
0 0.245556 0.157072 0.035556 0.047697
0 0.297222 0.202303 0.034444 0.042763
0 0.401111 0.457237 0.033333 0.042763
0 0.349444 0.287829 0.032222 0.042763
0 0.349444 0.372533 0.034444 0.041118
0 0.452778 0.155428 0.036667 0.047697
0 0.452222 0.288651 0.035556 0.041118
0 0.400556 0.245888 0.034444 0.044408
0 0.401111 0.413651 0.033333 0.044408
0 0.656111 0.245066 0.034444 0.042763
0 0.811667 0.620066 0.034444 0.042763
0 0.760000 0.536184 0.033333 0.042763
0 0.761667 0.745888 0.036667 0.041118
0 0.453889 0.706414 0.034444 0.041118
0 0.296667 0.541118 0.035556 0.046053
0 0.285000 0.412007 0.023333 0.034539
0 0.348889 0.578947 0.033333 0.039474
0 0.810556 0.495888 0.032222 0.041118
0 0.192778 0.455592 0.030000 0.039474
0 0.861667 0.578125 0.034444 0.041118
0 0.811667 0.703125 0.034444 0.041118
0 0.349444 0.874178 0.036667 0.050987
0 0.760556 0.661184 0.034444 0.042763
0 0.193333 0.496711 0.033333 0.039474
0 0.707222 0.334704 0.036667 0.047697
0 0.350000 0.413651 0.031111 0.037829
0 0.090556 0.371711 0.034444 0.042763
0 0.861111 0.244243 0.033333 0.041118
0 0.142778 0.290296 0.032222 0.041118
0 0.811111 0.537829 0.033333 0.042763
0 0.810000 0.200658 0.031111 0.046053
0 0.194444 0.706414 0.031111 0.041118
0 0.348889 0.666118 0.033333 0.046053
0 0.142222 0.247533 0.033333 0.044408
0 0.193889 0.245888 0.034444 0.044408
0 0.193333 0.288651 0.033333 0.037829
0 0.811111 0.244243 0.033333 0.041118
0 0.194444 0.666118 0.035556 0.042763
0 0.862778 0.454770 0.034444 0.041118
0 0.861111 0.202303 0.033333 0.042763
0 0.861667 0.412829 0.034444 0.042763
0 0.912222 0.200658 0.037778 0.055921
0 0.452778 0.370066 0.032222 0.042763
0 0.193889 0.625822 0.034444 0.041118
0 0.193889 0.201480 0.034444 0.044408
0 0.759444 0.371711 0.030000 0.039474
