0 0.861111 0.661716 0.033333 0.039604
0 0.667222 0.452970 0.021111 0.037954
0 0.914444 0.659241 0.035556 0.041254
0 0.617222 0.412541 0.023333 0.033003
0 0.295000 0.373762 0.034444 0.044554
0 0.615000 0.287954 0.023333 0.034653
0 0.616667 0.455446 0.022222 0.033003
0 0.861111 0.704620 0.035556 0.046205
0 0.758889 0.617162 0.033333 0.046205
0 0.644444 0.412541 0.022222 0.033003
0 0.591667 0.455446 0.025556 0.036304
0 0.295000 0.290429 0.036667 0.042904
0 0.617778 0.537954 0.022222 0.036304
0 0.590556 0.287129 0.023333 0.036304
0 0.591667 0.539604 0.021111 0.033003
0 0.861111 0.617987 0.033333 0.047855
0 0.617778 0.495875 0.022222 0.031353
0 0.645000 0.827558 0.025556 0.037954
0 0.911111 0.286304 0.035556 0.047855
0 0.718333 0.452145 0.023333 0.036304
0 0.757222 0.329208 0.036667 0.037954
0 0.643333 0.454620 0.020000 0.034653
0 0.551111 0.245050 0.033333 0.034653
0 0.927222 0.784653 0.025556 0.034653
0 0.590000 0.328383 0.024444 0.033003
0 0.616667 0.578383 0.022222 0.034653
0 0.590556 0.411716 0.023333 0.031353
0 0.345556 0.246700 0.033333 0.034653
0 0.617222 0.370462 0.023333 0.031353
0 0.902778 0.741749 0.023333 0.037954
0 0.901667 0.783828 0.023333 0.036304
0 0.074444 0.417492 0.022222 0.036304
0 0.346667 0.330033 0.035556 0.033003
0 0.915000 0.700495 0.036667 0.044554
0 0.927222 0.742574 0.023333 0.036304
0 0.592222 0.497525 0.024444 0.037954
0 0.645000 0.745875 0.021111 0.036304
0 0.616667 0.330033 0.022222 0.029703
0 0.667222 0.414191 0.021111 0.036304
0 0.672778 0.914191 0.023333 0.039604
0 0.191111 0.331683 0.035556 0.036304
0 0.717222 0.413366 0.021111 0.034653
0 0.191111 0.249175 0.037778 0.033003
0 0.074444 0.457096 0.024444 0.036304
0 0.670556 0.746700 0.021111 0.031353
0 0.808333 0.330033 0.034444 0.042904
0 0.140556 0.332508 0.036667 0.031353
0 0.646111 0.869637 0.025556 0.036304
0 0.910556 0.330858 0.034444 0.041254
0 0.671667 0.827558 0.025556 0.034653
0 0.719444 0.533828 0.023333 0.034653
0 0.646111 0.914191 0.025556 0.036304
0 0.100556 0.417492 0.023333 0.029703
0 0.398889 0.332508 0.035556 0.041254
0 0.672222 0.870462 0.022222 0.037954
0 0.502222 0.534653 0.028889 0.039604
0 0.074444 0.500000 0.024444 0.036304
0 0.501111 0.142739 0.046667 0.037954
0 0.552222 0.329208 0.035556 0.024752
0 0.295000 0.328383 0.034444 0.036304
0 0.501111 0.180693 0.044444 0.037954
0 0.501667 0.376238 0.045556 0.036304
0 0.670556 0.785479 0.023333 0.036304
0 0.513889 0.741749 0.023333 0.031353
0 0.075556 0.539604 0.024444 0.036304
0 0.255000 0.415842 0.023333 0.029703
0 0.500000 0.242574 0.044444 0.046205
0 0.501667 0.343234 0.045556 0.036304
0 0.501111 0.208746 0.046667 0.031353
0 0.502222 0.317657 0.044444 0.034653
0 0.501667 0.287954 0.043333 0.041254
0 0.500556 0.450495 0.041111 0.042904
0 0.450000 0.376238 0.037778 0.042904
0 0.810000 0.661716 0.035556 0.039604
0 0.910556 0.372112 0.036667 0.041254
0 0.449444 0.330033 0.034444 0.039604
0 0.914444 0.614686 0.037778 0.047855
0 0.707222 0.700495 0.036667 0.047855
0 0.858889 0.331683 0.033333 0.039604
0 0.655000 0.702970 0.036667 0.049505
0 0.551667 0.287954 0.036667 0.044554
0 0.346111 0.287954 0.036667 0.044554
0 0.605000 0.706271 0.036667 0.049505
0 0.656667 0.618812 0.035556 0.056106
0 0.705556 0.287954 0.037778 0.047855
0 0.705000 0.369637 0.036667 0.049505
0 0.398333 0.288779 0.034444 0.046205
0 0.807222 0.284653 0.034444 0.047855
0 0.139444 0.372937 0.036667 0.046205
0 0.810000 0.617987 0.035556 0.047855
0 0.605000 0.622937 0.034444 0.047855
0 0.756667 0.286304 0.035556 0.047855
0 0.450000 0.290429 0.033333 0.042904
0 0.858333 0.372937 0.034444 0.042904
0 0.858333 0.287129 0.034444 0.046205
0 0.191667 0.372937 0.038889 0.046205
0 0.087778 0.334158 0.037778 0.041254
0 0.811111 0.702970 0.035556 0.042904
0 0.756667 0.371287 0.035556 0.046205
0 0.190556 0.289604 0.036667 0.044554
0 0.551111 0.198845 0.035556 0.054455
0 0.760000 0.706271 0.035556 0.049505
0 0.653889 0.368812 0.036667 0.047855
0 0.347222 0.372937 0.036667 0.049505
0 0.294444 0.244224 0.035556 0.049505
0 0.707778 0.622937 0.035556 0.051155
0 0.088333 0.374587 0.038889 0.042904
0 0.552222 0.369637 0.035556 0.049505
0 0.759444 0.661716 0.036667 0.042904
0 0.807778 0.374587 0.035556 0.046205
0 0.345556 0.199670 0.035556 0.056106
0 0.501111 0.495050 0.040000 0.042904
0 0.191111 0.203795 0.035556 0.054455
0 0.140556 0.291254 0.034444 0.044554
0 0.242222 0.289604 0.035556 0.047855
0 0.449444 0.245875 0.034444 0.049505
0 0.243333 0.374587 0.035556 0.042904
0 0.140556 0.244224 0.034444 0.049505
0 0.088333 0.288779 0.038889 0.049505
0 0.399444 0.375413 0.036667 0.044554
0 0.652778 0.289604 0.034444 0.051155
0 0.591111 0.371287 0.024444 0.039604
0 0.645000 0.784653 0.023333 0.037954
0 0.242222 0.334158 0.035556 0.037954
