0 0.133333 0.561240 0.032000 0.037209
0 0.644667 0.886047 0.036000 0.035659
0 0.646667 0.596899 0.032000 0.034109
0 0.497333 0.258140 0.032000 0.032558
0 0.399333 0.814729 0.036000 0.032558
0 0.645333 0.815504 0.037333 0.031008
0 0.700000 0.671318 0.037333 0.034109
0 0.230667 0.705426 0.034667 0.034109
0 0.591333 0.851938 0.036000 0.032558
0 0.700667 0.565116 0.036000 0.032558
0 0.758000 0.236434 0.033333 0.041860
0 0.865333 0.599225 0.034667 0.035659
0 0.288000 0.851163 0.034667 0.037209
0 0.453333 0.560465 0.034667 0.032558
0 0.867333 0.490698 0.036000 0.032558
0 0.400667 0.631783 0.036000 0.032558
0 0.453333 0.672093 0.034667 0.035659
0 0.700667 0.528682 0.036000 0.037209
0 0.106000 0.303101 0.028000 0.032558
0 0.866667 0.455039 0.034667 0.035659
0 0.107333 0.523256 0.028000 0.035659
0 0.177333 0.413178 0.032000 0.032558
0 0.232000 0.886822 0.032000 0.034109
0 0.700667 0.417829 0.036000 0.032558
0 0.758000 0.275194 0.036000 0.032558
0 0.289333 0.379845 0.034667 0.037209
0 0.133333 0.448837 0.029333 0.038760
0 0.232000 0.595349 0.034667 0.034109
0 0.646000 0.743411 0.036000 0.035659
0 0.106667 0.338760 0.029333 0.035659
0 0.399333 0.888372 0.036000 0.034109
0 0.134000 0.304651 0.028000 0.035659
0 0.536667 0.888372 0.036000 0.034109
0 0.400000 0.851163 0.034667 0.037209
0 0.812667 0.490698 0.036000 0.032558
0 0.590667 0.597674 0.034667 0.032558
0 0.453333 0.885271 0.034667 0.034109
0 0.178000 0.596124 0.033333 0.029457
0 0.701333 0.453488 0.034667 0.032558
0 0.591333 0.744186 0.036000 0.034109
0 0.346000 0.415504 0.033333 0.037209
0 0.867333 0.381395 0.036000 0.031008
0 0.538000 0.779845 0.036000 0.034109
0 0.453333 0.451938 0.032000 0.032558
0 0.702000 0.380620 0.033333 0.035659
0 0.866667 0.417829 0.037333 0.035659
0 0.702667 0.344186 0.034667 0.034109
0 0.453333 0.596899 0.034667 0.034109
0 0.646667 0.562016 0.034667 0.032558
0 0.538000 0.669767 0.036000 0.034109
0 0.536667 0.561240 0.036000 0.037209
0 0.288000 0.743411 0.034667 0.035659
0 0.290000 0.416279 0.036000 0.032558
0 0.811333 0.563566 0.036000 0.038760
0 0.811333 0.345736 0.033333 0.031008
0 0.536667 0.597674 0.036000 0.035659
0 0.539333 0.414729 0.033333 0.032558
0 0.646000 0.849612 0.036000 0.037209
0 0.867333 0.347287 0.036000 0.034109
0 0.812000 0.309302 0.034667 0.038760
0 0.399333 0.779070 0.036000 0.035659
0 0.644667 0.780620 0.036000 0.035659
0 0.288000 0.814729 0.037333 0.035659
0 0.536667 0.815504 0.036000 0.034109
0 0.453333 0.848837 0.037333 0.038760
0 0.646000 0.707752 0.036000 0.035659
0 0.401333 0.487597 0.037333 0.035659
0 0.288667 0.523256 0.036000 0.035659
0 0.592667 0.417054 0.036000 0.034109
0 0.868000 0.310078 0.037333 0.037209
0 0.176667 0.669767 0.036000 0.037209
0 0.178000 0.524031 0.038667 0.037209
0 0.233333 0.376744 0.034667 0.034109
0 0.591333 0.561240 0.036000 0.037209
0 0.536667 0.852713 0.038667 0.037209
0 0.402000 0.303101 0.033333 0.038760
0 0.646667 0.490698 0.034667 0.035659
0 0.347333 0.303876 0.033333 0.037209
0 0.288000 0.670543 0.037333 0.035659
0 0.538000 0.487597 0.036000 0.035659
0 0.177333 0.449612 0.037333 0.037209
0 0.234000 0.340310 0.036000 0.035659
0 0.592000 0.486822 0.034667 0.037209
0 0.646000 0.668992 0.036000 0.038760
0 0.590667 0.666667 0.037333 0.037209
0 0.646667 0.382171 0.034667 0.032558
0 0.344667 0.598450 0.036000 0.037209
0 0.647333 0.346512 0.036000 0.038760
0 0.402000 0.340310 0.036000 0.035659
0 0.233333 0.413953 0.037333 0.037209
0 0.701333 0.600000 0.037333 0.034109
0 0.288667 0.596124 0.036000 0.035659
0 0.757333 0.455814 0.037333 0.034109
0 0.232667 0.487597 0.036000 0.035659
0 0.346667 0.377519 0.034667 0.035659
0 0.288667 0.706202 0.036000 0.035659
0 0.289333 0.486822 0.037333 0.034109
0 0.344667 0.672868 0.038667 0.040310
0 0.401333 0.377519 0.037333 0.035659
0 0.648000 0.306977 0.037333 0.040310
0 0.453333 0.306977 0.032000 0.037209
0 0.454667 0.378295 0.037333 0.034109
0 0.177333 0.337984 0.040000 0.040310
0 0.453333 0.416279 0.034667 0.035659
0 0.344667 0.560465 0.036000 0.038760
0 0.756667 0.594574 0.038667 0.041860
0 0.345333 0.522481 0.034667 0.037209
0 0.290667 0.303101 0.040000 0.038760
0 0.402000 0.414729 0.036000 0.035659
0 0.289333 0.560465 0.037333 0.035659
0 0.288000 0.779070 0.037333 0.035659
0 0.756000 0.489922 0.037333 0.034109
0 0.592000 0.524806 0.034667 0.035659
0 0.865333 0.671318 0.037333 0.034109
0 0.452667 0.741860 0.033333 0.032558
0 0.163333 0.889922 0.025333 0.031008
0 0.755333 0.671318 0.036000 0.034109
0 0.756000 0.707752 0.037333 0.035659
0 0.453333 0.706202 0.034667 0.032558
0 0.162000 0.818605 0.025333 0.031008
0 0.756000 0.778295 0.037333 0.031008
0 0.164000 0.744961 0.026667 0.029457
0 0.287333 0.886047 0.036000 0.032558
0 0.754667 0.886047 0.037333 0.035659
0 0.590667 0.886047 0.034667 0.032558
0 0.453333 0.812403 0.034667 0.031008
0 0.453333 0.633333 0.037333 0.035659
0 0.756000 0.743411 0.034667 0.035659
0 0.106667 0.411628 0.026667 0.029457
0 0.453333 0.524806 0.037333 0.038760
0 0.755333 0.814729 0.036000 0.035659
0 0.865333 0.706977 0.037333 0.037209
0 0.498667 0.362946 0.029333 0.036899
0 0.107333 0.484496 0.030667 0.035659
0 0.865333 0.778295 0.037333 0.021705
0 0.497333 0.291473 0.032000 0.027907
0 0.502000 0.776744 0.025333 0.031008
0 0.867333 0.272868 0.036000 0.024806
0 0.592000 0.631008 0.034667 0.021705
0 0.290667 0.263566 0.037333 0.024806
0 0.649333 0.268217 0.037333 0.024806
0 0.756667 0.560465 0.036000 0.020155
0 0.402000 0.266667 0.036000 0.021705
0 0.400667 0.594574 0.036000 0.023256
0 0.864000 0.852713 0.034667 0.034109
0 0.494667 0.434109 0.026667 0.034109
0 0.864667 0.886822 0.038667 0.034109
0 0.496667 0.399225 0.028000 0.029457
0 0.132000 0.376744 0.029333 0.031008
0 0.866000 0.526357 0.036000 0.038760
0 0.864667 0.813953 0.038667 0.040310
0 0.755333 0.851163 0.036000 0.034109
0 0.865333 0.745736 0.037333 0.037209
0 0.590667 0.814729 0.032000 0.035659
0 0.108000 0.375969 0.026667 0.035659
0 0.107333 0.449612 0.025333 0.034109
0 0.498000 0.223256 0.030667 0.031008
0 0.188667 0.746512 0.028000 0.029457
0 0.190000 0.889922 0.028000 0.027907
0 0.453333 0.342636 0.034667 0.034109
0 0.646000 0.526357 0.036000 0.035659
0 0.136000 0.523256 0.026667 0.032558
0 0.132667 0.412403 0.028000 0.031008
0 0.134000 0.487597 0.028000 0.032558
0 0.865333 0.634884 0.034667 0.038760
0 0.452667 0.776744 0.033333 0.034109
0 0.132667 0.341085 0.028000 0.034109
0 0.498000 0.192248 0.030667 0.027907
0 0.537333 0.633333 0.034667 0.035659
0 0.865333 0.563566 0.034667 0.032558
0 0.646000 0.632558 0.036000 0.034109
0 0.231333 0.851163 0.036000 0.034109
0 0.287333 0.633333 0.033333 0.038760
0 0.400000 0.743411 0.037333 0.035659
0 0.812667 0.455039 0.036000 0.035659
0 0.176000 0.631008 0.037333 0.037209
0 0.538667 0.451163 0.034667 0.034109
0 0.538000 0.524031 0.036000 0.037209
0 0.702000 0.489147 0.033333 0.038760
0 0.233333 0.450388 0.037333 0.032558
0 0.231333 0.631008 0.036000 0.037209
0 0.401333 0.450388 0.034667 0.035659
0 0.593333 0.379070 0.032000 0.032558
0 0.175333 0.708527 0.038667 0.037209
0 0.232000 0.777519 0.037333 0.038760
0 0.539333 0.306202 0.033333 0.035659
0 0.232000 0.741085 0.037333 0.034109
0 0.190667 0.854264 0.029333 0.034109
0 0.400667 0.668992 0.036000 0.038760
0 0.290000 0.451163 0.038667 0.034109
0 0.757333 0.310853 0.034667 0.035659
0 0.756667 0.420155 0.038667 0.034109
0 0.593333 0.307752 0.032000 0.035659
0 0.345333 0.452713 0.034667 0.034109
0 0.646667 0.454264 0.034667 0.034109
0 0.347333 0.341860 0.036000 0.035659
0 0.344000 0.634109 0.034667 0.034109
0 0.646667 0.417829 0.034667 0.035659
0 0.758000 0.345736 0.038667 0.034109
0 0.539333 0.343411 0.036000 0.035659
0 0.346000 0.486822 0.033333 0.031008
0 0.190000 0.817054 0.030667 0.037209
0 0.811333 0.526357 0.036000 0.035659
0 0.178000 0.486822 0.036000 0.034109
0 0.757333 0.382946 0.037333 0.037209
0 0.177333 0.377519 0.037333 0.035659
0 0.400667 0.562791 0.036000 0.034109
0 0.810667 0.380620 0.034667 0.035659
0 0.232000 0.558915 0.034667 0.038760
0 0.756667 0.527907 0.036000 0.038760
0 0.593333 0.344186 0.034667 0.034109
0 0.702667 0.308527 0.034667 0.037209
0 0.234667 0.302326 0.034667 0.037209
0 0.177333 0.299225 0.034667 0.034109
0 0.537333 0.742636 0.037333 0.037209
0 0.812667 0.419380 0.033333 0.035659
0 0.290000 0.342636 0.036000 0.034109
0 0.400667 0.525581 0.036000 0.037209
0 0.590667 0.706202 0.037333 0.038760
0 0.400667 0.707752 0.036000 0.035659
0 0.539333 0.379070 0.030667 0.032558
0 0.700000 0.635659 0.037333 0.034109
0 0.176667 0.562016 0.036000 0.035659
0 0.452667 0.486822 0.033333 0.034109
0 0.592000 0.451163 0.034667 0.031008
0 0.231333 0.814729 0.036000 0.035659
0 0.232000 0.522481 0.032000 0.031008
0 0.537333 0.706202 0.037333 0.035659
0 0.756667 0.635659 0.038667 0.037209
0 0.190000 0.781395 0.028000 0.031008
0 0.590667 0.779845 0.034667 0.034109
0 0.162667 0.853488 0.029333 0.035659
0 0.162667 0.781395 0.026667 0.034109
0 0.231333 0.668992 0.036000 0.035659
