0 0.347778 0.442435 0.370000 0.476973
0 0.324445 0.401316 0.346667 0.437500
0 0.276667 0.187499 0.311111 0.238486
0 0.070000 0.276315 0.105556 0.322369
0 0.688889 0.685856 0.724445 0.731908
0 0.120000 0.595395 0.156667 0.646381
0 0.425556 0.485198 0.447778 0.519737
0 0.070000 0.322368 0.105556 0.361842
0 0.890000 0.406249 0.913334 0.444078
0 0.794444 0.401315 0.824444 0.444078
0 0.424445 0.444080 0.445555 0.478619
0 0.451111 0.444078 0.474445 0.476973
0 0.432222 0.363486 0.467778 0.401315
0 0.380000 0.600329 0.413334 0.641447
0 0.451111 0.523026 0.474445 0.557566
0 0.348888 0.325657 0.369999 0.358552
0 0.324445 0.444079 0.345556 0.475329
0 0.586666 0.324014 0.622222 0.361843
0 0.325556 0.322369 0.345556 0.358553
0 0.451111 0.483552 0.474445 0.518092
0 0.347778 0.282894 0.370000 0.320723
0 0.324445 0.281250 0.346667 0.317434
0 0.890000 0.447368 0.912222 0.478618
0 0.478889 0.235198 0.524445 0.276316
0 0.741111 0.325658 0.775555 0.365132
0 0.348888 0.404605 0.369999 0.435855
0 0.450000 0.402961 0.473334 0.439145
0 0.897778 0.282894 0.931111 0.325657
0 0.482222 0.302631 0.524444 0.342105
0 0.348889 0.363487 0.368889 0.394737
0 0.708889 0.768093 0.731111 0.805921
0 0.398889 0.893092 0.421111 0.927632
0 0.895556 0.324013 0.930000 0.363487
0 0.401111 0.728619 0.421111 0.764803
0 0.065556 0.595395 0.104445 0.644737
0 0.374444 0.730263 0.397778 0.764803
0 0.401111 0.810855 0.421111 0.845395
0 0.118889 0.687500 0.155556 0.730264
0 0.687778 0.276315 0.723334 0.322369
0 0.065555 0.685855 0.103333 0.733553
0 0.425556 0.406251 0.446667 0.435856
0 0.587778 0.241777 0.623334 0.276315
0 0.427777 0.730264 0.448888 0.763158
0 0.275555 0.277960 0.311111 0.320723
0 0.374444 0.809211 0.397778 0.840461
0 0.275555 0.241777 0.311111 0.276315
0 0.915556 0.407894 0.937778 0.442433
0 0.451111 0.726974 0.472222 0.763158
0 0.476666 0.139803 0.527777 0.175987
0 0.916667 0.445724 0.936667 0.476974
0 0.065555 0.643092 0.103333 0.687500
0 0.792222 0.327303 0.827778 0.358553
0 0.478889 0.175988 0.526667 0.210527
0 0.894445 0.361843 0.928889 0.399672
0 0.344444 0.485198 0.370000 0.518092
0 0.373333 0.893092 0.396667 0.927632
0 0.708889 0.733553 0.731111 0.764803
0 0.448889 0.771381 0.473333 0.805921
0 0.190000 0.773027 0.214444 0.805921
0 0.400000 0.769736 0.422222 0.799342
0 0.742222 0.361842 0.774444 0.402960
0 0.684445 0.771381 0.706667 0.805921
0 0.844445 0.279606 0.876667 0.322369
0 0.684444 0.730263 0.705556 0.764803
0 0.373334 0.768092 0.397778 0.800986
0 0.190001 0.730263 0.213334 0.766447
0 0.535555 0.324013 0.571111 0.355263
0 0.120000 0.644737 0.154444 0.689145
0 0.480000 0.370066 0.525556 0.401316
0 0.485555 0.518092 0.516666 0.557566
0 0.843334 0.246711 0.877778 0.277961
0 0.478888 0.274671 0.525555 0.305921
0 0.480000 0.340460 0.525556 0.373356
0 0.843334 0.351973 0.877778 0.404605
0 0.398889 0.855263 0.422223 0.886513
0 0.501111 0.718750 0.524444 0.745066
0 0.844444 0.322369 0.877777 0.355264
0 0.478888 0.212170 0.525555 0.240131
0 0.374445 0.851973 0.396667 0.886513
0 0.502222 0.743421 0.523334 0.764803
0 0.172223 0.360198 0.208890 0.407894
0 0.378889 0.279606 0.414445 0.325659
0 0.535555 0.233552 0.572222 0.279606
0 0.067778 0.360198 0.105556 0.406251
0 0.793334 0.235198 0.827778 0.282894
0 0.328889 0.646381 0.363333 0.689145
0 0.172222 0.276315 0.207778 0.324012
0 0.224444 0.279605 0.260000 0.324013
0 0.429999 0.277960 0.466666 0.324014
0 0.121111 0.361841 0.157778 0.407894
0 0.432222 0.598684 0.467778 0.643092
0 0.328889 0.597040 0.363333 0.646382
0 0.381112 0.361842 0.414444 0.402960
0 0.330001 0.687500 0.363333 0.730264
0 0.224445 0.235198 0.258889 0.281251
0 0.741111 0.685855 0.777778 0.730263
0 0.638889 0.319079 0.673333 0.363487
0 0.482222 0.432566 0.521111 0.476974
0 0.688889 0.600329 0.723333 0.646381
0 0.690001 0.644736 0.723334 0.687500
0 0.431111 0.644737 0.465555 0.685855
0 0.687778 0.322369 0.723334 0.363487
0 0.121111 0.322369 0.156667 0.365131
0 0.534444 0.355263 0.571111 0.399671
0 0.686666 0.363486 0.723333 0.409540
0 0.587778 0.187500 0.623334 0.240132
0 0.276667 0.322368 0.311111 0.361842
0 0.741111 0.598684 0.776667 0.646382
0 0.843333 0.189145 0.878889 0.243421
0 0.741111 0.646382 0.776667 0.687500
0 0.122222 0.276315 0.156666 0.322369
0 0.171111 0.322368 0.206667 0.361842
0 0.275555 0.361842 0.311111 0.402960
0 0.535556 0.401316 0.570000 0.442434
0 0.380000 0.685855 0.415556 0.728619
0 0.536667 0.281251 0.571111 0.324014
0 0.586666 0.360198 0.622222 0.402960
0 0.429999 0.684210 0.466666 0.728618
0 0.586666 0.277960 0.622222 0.320723
0 0.740000 0.277960 0.776667 0.324014
0 0.481112 0.476974 0.520000 0.518092
0 0.432222 0.322369 0.466666 0.363487
0 0.793334 0.282894 0.826667 0.325657
0 0.173334 0.597039 0.207778 0.644737
0 0.381112 0.325658 0.414444 0.361842
0 0.170000 0.685855 0.207778 0.728619
0 0.636666 0.363487 0.672222 0.402961
0 0.637777 0.276316 0.674445 0.320724
0 0.380001 0.643092 0.411112 0.685856
0 0.324445 0.363487 0.346667 0.394737
0 0.792222 0.360197 0.826666 0.399671
0 0.171110 0.644736 0.207778 0.687500
