0 0.121111 0.182566 0.157778 0.226974
0 0.481111 0.328948 0.523333 0.360362
0 0.481111 0.356743 0.524444 0.391447
0 0.480000 0.261514 0.523334 0.291119
0 0.843333 0.233552 0.878889 0.258223
0 0.481111 0.129934 0.524444 0.161184
0 0.485556 0.513158 0.517778 0.546052
0 0.478889 0.161185 0.524445 0.195723
0 0.478889 0.197369 0.524445 0.225330
0 0.898888 0.516447 0.927777 0.555921
0 0.480000 0.223684 0.523334 0.264802
0 0.586666 0.309211 0.620000 0.350329
0 0.894445 0.312499 0.928889 0.350328
0 0.481111 0.287830 0.523333 0.330593
0 0.536667 0.228619 0.568889 0.263157
0 0.226666 0.226974 0.259999 0.268092
0 0.070000 0.228619 0.104444 0.266448
0 0.278890 0.228619 0.312222 0.266448
0 0.740000 0.312500 0.774444 0.353618
0 0.636667 0.351974 0.671111 0.393092
0 0.636667 0.309210 0.671111 0.351973
0 0.791111 0.222040 0.825555 0.268093
0 0.277778 0.175987 0.312222 0.228619
0 0.330000 0.136513 0.364444 0.180921
0 0.225555 0.268092 0.261111 0.312500
0 0.586666 0.350330 0.620000 0.393093
0 0.586666 0.393093 0.620000 0.435856
0 0.585556 0.222040 0.620000 0.269736
0 0.893334 0.476974 0.930001 0.516448
0 0.481111 0.427632 0.521111 0.468750
0 0.434445 0.269736 0.468889 0.312499
0 0.331111 0.269736 0.363333 0.312499
0 0.381111 0.269736 0.416667 0.312499
0 0.068888 0.266448 0.105555 0.314144
0 0.434445 0.220394 0.467777 0.268091
0 0.380000 0.134869 0.417778 0.182565
0 0.637778 0.136514 0.672222 0.179277
0 0.894444 0.394737 0.930000 0.434211
0 0.380000 0.182566 0.415556 0.223684
0 0.894445 0.226974 0.928889 0.268092
0 0.686666 0.350330 0.723333 0.393093
0 0.122222 0.134869 0.158889 0.180922
0 0.173334 0.226974 0.207778 0.266448
0 0.635555 0.394737 0.671111 0.435855
0 0.893334 0.434210 0.930001 0.476973
0 0.330000 0.182565 0.364444 0.225328
0 0.277778 0.266448 0.313334 0.312501
0 0.688889 0.263158 0.723333 0.307566
0 0.687778 0.305921 0.723334 0.350329
0 0.737777 0.223684 0.774444 0.268092
0 0.173334 0.136512 0.210001 0.182565
0 0.842222 0.263158 0.877778 0.312500
0 0.070000 0.175987 0.105556 0.228619
0 0.122222 0.271382 0.156666 0.315790
0 0.636666 0.269737 0.672222 0.310855
0 0.482222 0.470394 0.520000 0.513158
0 0.636666 0.225330 0.672222 0.268093
0 0.636667 0.182565 0.671111 0.225328
0 0.173333 0.268091 0.208889 0.314144
0 0.894444 0.180920 0.930000 0.226973
0 0.585555 0.269737 0.621111 0.310855
0 0.534444 0.266448 0.570000 0.312501
0 0.791111 0.268092 0.825555 0.312500
0 0.740000 0.268092 0.774444 0.312500
0 0.534445 0.175987 0.568889 0.228619
0 0.738889 0.353619 0.774445 0.396381
0 0.893334 0.350330 0.930001 0.393093
0 0.738889 0.182565 0.774445 0.225328
0 0.842222 0.175987 0.877778 0.228619
0 0.893333 0.134869 0.931111 0.180922
0 0.738888 0.134869 0.775555 0.180922
0 0.173333 0.184210 0.208889 0.226973
0 0.893334 0.268092 0.930001 0.312500
0 0.121111 0.226974 0.158889 0.271382
0 0.330000 0.225329 0.365556 0.269737
0 0.380000 0.225329 0.417778 0.269737
