0 0.172223 0.468852 0.211112 0.519672
0 0.381111 0.429508 0.416667 0.477050
0 0.536667 0.286885 0.571111 0.331147
0 0.844444 0.521312 0.882222 0.570492
0 0.538889 0.399999 0.571111 0.447541
0 0.382222 0.645902 0.417778 0.695082
0 0.434444 0.590164 0.470000 0.639344
0 0.798889 0.895082 0.832222 0.934426
0 0.592222 0.808197 0.627778 0.852459
0 0.434445 0.809836 0.468889 0.852460
0 0.643333 0.622951 0.675555 0.667213
0 0.175556 0.657377 0.210000 0.706557
0 0.641111 0.391803 0.674445 0.437705
0 0.280000 0.422951 0.313334 0.475410
0 0.435556 0.342623 0.467778 0.388525
0 0.744444 0.327869 0.775556 0.370491
0 0.590000 0.724591 0.626667 0.772132
0 0.642223 0.724590 0.678890 0.773770
0 0.591111 0.390163 0.623333 0.437705
0 0.590000 0.286886 0.622222 0.329508
0 0.795555 0.398360 0.828889 0.444262
0 0.848889 0.808196 0.882223 0.850820
0 0.641111 0.285246 0.673333 0.329508
0 0.227777 0.326230 0.261111 0.368852
0 0.433334 0.852459 0.467778 0.893443
0 0.331110 0.724591 0.367777 0.777050
0 0.332222 0.855738 0.365556 0.895082
0 0.278888 0.726230 0.315555 0.775410
0 0.332222 0.895082 0.365556 0.939344
0 0.538889 0.657377 0.574445 0.708197
0 0.484445 0.311476 0.525555 0.354098
0 0.797778 0.808197 0.830000 0.852459
0 0.278889 0.354098 0.314445 0.404918
0 0.847777 0.654099 0.881111 0.701640
0 0.435555 0.457377 0.468889 0.504919
0 0.537778 0.526229 0.573334 0.577049
0 0.536667 0.586885 0.575555 0.640983
0 0.382222 0.726229 0.417778 0.773771
0 0.175556 0.896721 0.214445 0.942623
0 0.381112 0.893442 0.420000 0.940983
0 0.694445 0.808197 0.731112 0.854099
0 0.385555 0.568852 0.416666 0.619672
0 0.434445 0.726230 0.471112 0.775410
0 0.433333 0.657377 0.470000 0.706557
0 0.592223 0.508197 0.623333 0.557377
0 0.743333 0.281967 0.776667 0.327869
0 0.436667 0.399999 0.467778 0.447541
0 0.796666 0.586885 0.830000 0.637705
0 0.796666 0.650819 0.830000 0.698361
0 0.384444 0.501640 0.417778 0.549181
0 0.795555 0.460656 0.828889 0.506558
0 0.538890 0.459017 0.572223 0.508197
0 0.484445 0.352459 0.525555 0.391803
0 0.451111 0.777050 0.474445 0.809836
0 0.505555 0.739344 0.526667 0.768852
0 0.540000 0.726229 0.575556 0.777049
0 0.694445 0.724591 0.728889 0.772132
0 0.174445 0.339344 0.211112 0.388524
0 0.382222 0.809836 0.420000 0.854098
0 0.331111 0.424590 0.365555 0.473770
0 0.793333 0.340983 0.828889 0.388525
0 0.691111 0.283606 0.724445 0.331148
0 0.843333 0.454098 0.881111 0.501640
0 0.844445 0.396721 0.878889 0.442623
0 0.556667 0.777049 0.578889 0.806557
0 0.187778 0.773770 0.215556 0.809836
0 0.484444 0.283606 0.524444 0.314754
0 0.483333 0.375410 0.525555 0.414754
0 0.866666 0.773771 0.887777 0.806557
0 0.662222 0.778689 0.682222 0.806557
0 0.610000 0.775410 0.630000 0.806558
0 0.333333 0.281967 0.365555 0.331147
0 0.174445 0.595082 0.211112 0.645902
0 0.174444 0.400000 0.210000 0.450820
0 0.383333 0.285246 0.418889 0.331148
0 0.894444 0.327869 0.930000 0.368853
0 0.330000 0.581967 0.365556 0.629509
0 0.692222 0.588525 0.727778 0.636066
0 0.693333 0.654098 0.728889 0.704918
0 0.796666 0.522951 0.830000 0.573771
0 0.434445 0.286885 0.467777 0.332787
0 0.175556 0.281967 0.210000 0.331147
0 0.434445 0.522950 0.471112 0.575410
0 0.843333 0.337705 0.880000 0.383607
0 0.793334 0.283606 0.827778 0.329508
0 0.844444 0.283606 0.877777 0.331148
0 0.278889 0.501640 0.313333 0.549181
0 0.278889 0.645901 0.316667 0.696721
0 0.895556 0.281968 0.927778 0.324591
0 0.228889 0.285246 0.262223 0.327869
0 0.382222 0.357377 0.416666 0.408197
0 0.590000 0.621312 0.624444 0.670492
0 0.278889 0.283606 0.313333 0.331148
0 0.692222 0.342623 0.724444 0.386885
0 0.796667 0.722950 0.834445 0.770491
0 0.332222 0.808197 0.366666 0.854099
0 0.484444 0.440984 0.522222 0.490164
0 0.846666 0.586885 0.882222 0.634427
0 0.174444 0.539344 0.210000 0.590164
0 0.298889 0.778688 0.319999 0.809836
0 0.814445 0.773770 0.836667 0.804918
0 0.348889 0.778689 0.371111 0.808197
0 0.402222 0.777049 0.422222 0.808197
0 0.540000 0.890164 0.574444 0.939344
0 0.713333 0.775410 0.733333 0.804918
0 0.482223 0.152459 0.525556 0.186885
0 0.481111 0.222951 0.524444 0.272131
0 0.175555 0.809836 0.213333 0.857378
0 0.694445 0.888524 0.731112 0.936065
0 0.592222 0.890163 0.627778 0.937705
0 0.539999 0.806558 0.576666 0.859017
0 0.175555 0.722951 0.211111 0.772131
0 0.592222 0.852459 0.626666 0.891803
0 0.848889 0.850819 0.883333 0.891803
0 0.176667 0.855737 0.210000 0.898361
0 0.643334 0.808196 0.680001 0.850820
0 0.693333 0.521312 0.723333 0.565574
0 0.643334 0.504918 0.674444 0.550820
0 0.434444 0.893442 0.470000 0.936065
0 0.848889 0.891803 0.885556 0.936065
0 0.383334 0.854098 0.417778 0.893442
0 0.798889 0.852459 0.832222 0.895082
0 0.643333 0.886885 0.678889 0.934427
0 0.281111 0.575410 0.314445 0.622951
0 0.482222 0.183607 0.524444 0.222951
0 0.281111 0.811476 0.315555 0.854099
0 0.540000 0.344262 0.570000 0.390164
0 0.277778 0.891803 0.316666 0.937705
0 0.846666 0.724590 0.883333 0.770492
0 0.692222 0.454098 0.724444 0.501640
0 0.689999 0.395081 0.726666 0.442623
