0 0.701250 0.843355 0.731250 0.867089
0 0.756250 0.740506 0.790000 0.772152
0 0.866250 0.482594 0.901250 0.520570
0 0.645000 0.400317 0.680000 0.419303
0 0.810000 0.775316 0.843750 0.802215
0 0.370000 0.642406 0.402500 0.672469
0 0.315000 0.387658 0.347500 0.420886
0 0.313750 0.770570 0.347500 0.805380
0 0.147500 0.860759 0.181250 0.893987
0 0.636250 0.775316 0.658750 0.803797
0 0.498750 0.721519 0.521250 0.740507
0 0.497500 0.843355 0.520000 0.868671
0 0.498750 0.623418 0.518750 0.643988
0 0.866250 0.457279 0.900000 0.487341
0 0.638750 0.615506 0.660000 0.642405
0 0.497875 0.867959 0.522375 0.895711
0 0.639838 0.461756 0.659438 0.483402
0 0.639876 0.492074 0.660362 0.517659
0 0.640463 0.520807 0.658188 0.547579
0 0.639837 0.552705 0.658187 0.576724
0 0.641088 0.584588 0.660362 0.609794
0 0.666900 0.462151 0.684938 0.484192
0 0.668450 0.492073 0.683700 0.516092
0 0.482313 0.347848 0.512313 0.366202
0 0.480688 0.384082 0.511813 0.404810
0 0.480874 0.497975 0.515437 0.522579
0 0.481838 0.522310 0.513150 0.544874
0 0.480750 0.544415 0.513338 0.552611
0 0.497662 0.555300 0.519437 0.569082
0 0.497976 0.568291 0.522551 0.585221
0 0.498787 0.756645 0.520663 0.773892
0 0.501250 0.702532 0.520000 0.724684
0 0.500000 0.664557 0.521250 0.686709
0 0.500000 0.642405 0.518750 0.658227
0 0.700000 0.768987 0.733750 0.803797
0 0.260000 0.707278 0.291250 0.738924
0 0.368750 0.835443 0.402500 0.868671
0 0.316250 0.549050 0.346250 0.579113
0 0.202500 0.356013 0.238750 0.392405
0 0.698750 0.645570 0.735000 0.678798
0 0.535000 0.360760 0.570000 0.395570
0 0.425000 0.740506 0.456250 0.772152
0 0.591250 0.359177 0.625000 0.392405
0 0.426250 0.390823 0.460000 0.425633
0 0.258750 0.770569 0.293750 0.802215
0 0.590000 0.582279 0.623750 0.610760
0 0.537500 0.454114 0.570000 0.487342
0 0.371250 0.354431 0.403750 0.392406
0 0.205000 0.642405 0.236250 0.675633
0 0.700000 0.677215 0.735000 0.708861
0 0.260000 0.802215 0.292500 0.837025
0 0.588750 0.678798 0.625000 0.708861
0 0.590000 0.647152 0.623750 0.678798
0 0.590000 0.550633 0.625000 0.582279
0 0.203750 0.768987 0.237500 0.803797
0 0.425000 0.708861 0.457500 0.740507
0 0.700000 0.708861 0.733750 0.740507
0 0.203750 0.707278 0.236250 0.740506
0 0.205000 0.577531 0.236250 0.609177
0 0.313750 0.675633 0.347500 0.707279
0 0.588750 0.803797 0.623750 0.837025
0 0.203750 0.450949 0.236250 0.485759
0 0.258750 0.612342 0.291250 0.645570
0 0.425000 0.580697 0.458750 0.609178
0 0.425000 0.675633 0.458750 0.708861
0 0.203750 0.675633 0.237500 0.707279
0 0.203750 0.803797 0.237500 0.835443
0 0.590000 0.837025 0.623750 0.868671
0 0.635000 0.708861 0.661250 0.742089
0 0.757500 0.520570 0.788750 0.553798
0 0.147500 0.705696 0.183750 0.742088
0 0.591250 0.393987 0.623750 0.420886
0 0.663750 0.837025 0.685000 0.865506
0 0.536250 0.487341 0.568750 0.517404
0 0.368750 0.424050 0.403750 0.454113
0 0.811250 0.393987 0.843750 0.425633
0 0.370000 0.582279 0.401250 0.609178
0 0.662500 0.867089 0.687500 0.900317
0 0.536250 0.327532 0.568750 0.362342
0 0.426250 0.356013 0.461250 0.392405
0 0.368750 0.485759 0.403750 0.517405
0 0.368750 0.454114 0.403750 0.485760
0 0.093750 0.354431 0.126250 0.392406
0 0.812500 0.553798 0.843750 0.583861
0 0.755000 0.389240 0.790000 0.427215
0 0.812500 0.520570 0.842500 0.553798
0 0.203750 0.549050 0.236250 0.579113
0 0.316250 0.579114 0.345000 0.613924
0 0.865000 0.552215 0.902500 0.583861
0 0.500000 0.686709 0.520000 0.705697
0 0.315000 0.865507 0.346250 0.895570
0 0.865000 0.868671 0.900000 0.900317
0 0.316250 0.485760 0.346250 0.515822
0 0.258750 0.454114 0.293750 0.485760
0 0.477500 0.780064 0.511250 0.800474
0 0.478750 0.436708 0.512500 0.471994
0 0.480000 0.325950 0.515000 0.349209
0 0.478251 0.801028 0.511188 0.814810
0 0.260000 0.352848 0.293750 0.390823
0 0.426250 0.517405 0.457500 0.549051
0 0.588750 0.772152 0.623750 0.805380
0 0.425000 0.840190 0.456250 0.867089
0 0.368750 0.772152 0.402500 0.805380
0 0.865000 0.778481 0.900000 0.807437
0 0.482500 0.364715 0.516000 0.383861
0 0.863750 0.808069 0.900000 0.835443
0 0.148750 0.584018 0.181250 0.610759
0 0.752500 0.870254 0.790000 0.898734
0 0.496250 0.740507 0.520000 0.756645
0 0.423750 0.867406 0.457500 0.898734
0 0.480000 0.403481 0.513750 0.438291
0 0.587500 0.740506 0.623750 0.772152
0 0.590000 0.454114 0.623750 0.488924
0 0.313750 0.452532 0.347500 0.485760
0 0.753750 0.838608 0.788750 0.869937
0 0.865000 0.711551 0.898750 0.742089
0 0.810000 0.870412 0.846250 0.900317
0 0.865000 0.740506 0.898750 0.775316
0 0.865000 0.680569 0.898750 0.712056
0 0.367500 0.805380 0.402500 0.833861
0 0.313750 0.804114 0.348750 0.832279
0 0.370000 0.550633 0.402500 0.582279
0 0.592500 0.488924 0.623750 0.517405
0 0.368750 0.705696 0.403750 0.738924
0 0.258750 0.547468 0.291250 0.582278
0 0.313750 0.742088 0.347500 0.773734
0 0.203750 0.393987 0.237500 0.447784
0 0.663750 0.680380 0.685000 0.702532
0 0.093750 0.390823 0.126250 0.419303
0 0.810000 0.742088 0.845000 0.773734
0 0.755000 0.583861 0.788750 0.617089
0 0.757500 0.490506 0.787500 0.518987
0 0.147500 0.835443 0.182500 0.870253
0 0.863750 0.835443 0.898750 0.868671
0 0.867500 0.583861 0.901250 0.615507
0 0.811250 0.612342 0.845000 0.648734
0 0.811250 0.710443 0.845000 0.742089
0 0.093750 0.704114 0.126250 0.737342
0 0.700000 0.865506 0.733750 0.900316
0 0.703750 0.492089 0.731250 0.515823
0 0.753750 0.768987 0.790000 0.803797
0 0.808750 0.838607 0.845000 0.870253
0 0.315000 0.414557 0.346250 0.450949
0 0.147500 0.672468 0.182500 0.705696
0 0.812500 0.427215 0.843750 0.458861
0 0.315000 0.613924 0.347500 0.647152
0 0.150000 0.389240 0.181250 0.420886
0 0.755000 0.710443 0.788750 0.742089
0 0.425000 0.645570 0.457500 0.675632
0 0.148750 0.545885 0.181250 0.583861
0 0.313750 0.645570 0.347500 0.675632
0 0.147500 0.740507 0.182500 0.770570
0 0.636250 0.805380 0.658750 0.833861
0 0.810000 0.647152 0.846250 0.678798
0 0.663750 0.742089 0.685000 0.767405
0 0.637500 0.648734 0.660000 0.674050
0 0.608750 0.330697 0.632500 0.359177
0 0.663750 0.330697 0.686250 0.359177
0 0.091250 0.865506 0.126250 0.897152
0 0.701250 0.580696 0.733750 0.612342
0 0.865000 0.613924 0.901250 0.647152
0 0.537500 0.517405 0.568750 0.550633
0 0.812500 0.583861 0.842500 0.613923
0 0.257500 0.484177 0.293750 0.518987
0 0.665000 0.773734 0.685000 0.800633
0 0.092500 0.670886 0.126250 0.705696
0 0.755000 0.678797 0.788750 0.712025
0 0.701250 0.613924 0.735000 0.645570
0 0.092500 0.770570 0.123750 0.800632
0 0.866250 0.647152 0.901250 0.681962
0 0.637500 0.332278 0.662500 0.359177
0 0.756250 0.645570 0.788750 0.680380
0 0.258750 0.518988 0.292500 0.547469
0 0.811250 0.457278 0.845000 0.490506
0 0.808750 0.800632 0.845000 0.838608
0 0.537500 0.552215 0.567500 0.583861
0 0.092500 0.417721 0.126250 0.450949
0 0.315000 0.512658 0.346250 0.547468
0 0.635000 0.871835 0.657500 0.898734
0 0.093750 0.547469 0.126250 0.575950
0 0.091250 0.640823 0.126250 0.672469
0 0.147500 0.768987 0.183750 0.802215
0 0.757500 0.457278 0.788750 0.490506
0 0.753750 0.615506 0.790000 0.647152
0 0.663750 0.645570 0.686250 0.674050
0 0.150000 0.482595 0.182500 0.515823
0 0.636250 0.742089 0.658750 0.765823
0 0.426250 0.454115 0.458750 0.484177
0 0.810000 0.677215 0.846250 0.710443
0 0.665000 0.553798 0.686250 0.579114
0 0.150000 0.357595 0.181250 0.390823
0 0.260000 0.837025 0.291250 0.865506
0 0.636250 0.837026 0.657500 0.862342
0 0.147500 0.642405 0.181250 0.674051
0 0.536250 0.424050 0.568750 0.455696
0 0.665000 0.613924 0.686250 0.643987
0 0.260000 0.675633 0.291250 0.705696
0 0.646250 0.362342 0.680000 0.395570
0 0.811250 0.487342 0.843750 0.522152
0 0.865000 0.427215 0.901250 0.460443
0 0.666250 0.582279 0.686250 0.609178
0 0.092500 0.800633 0.126250 0.832279
0 0.092500 0.737342 0.126250 0.770570
0 0.755000 0.803798 0.788750 0.838608
0 0.663750 0.520570 0.685000 0.547469
0 0.701250 0.740506 0.735000 0.768987
0 0.425000 0.610759 0.457500 0.648734
0 0.701250 0.550633 0.733750 0.582279
0 0.260000 0.389240 0.292500 0.420886
0 0.635000 0.680380 0.658750 0.707279
0 0.147500 0.802215 0.183750 0.833861
0 0.756250 0.425633 0.788750 0.457279
0 0.092500 0.452532 0.125000 0.482594
0 0.313750 0.833861 0.347500 0.868671
0 0.370000 0.610759 0.403750 0.643987
0 0.092500 0.482595 0.123750 0.514241
0 0.702500 0.425633 0.733750 0.458861
0 0.260000 0.420886 0.292500 0.455696
0 0.202500 0.868672 0.237500 0.898734
0 0.865000 0.518987 0.901250 0.553797
0 0.645000 0.420886 0.680000 0.457278
0 0.663750 0.708861 0.686250 0.738923
0 0.370000 0.740506 0.401250 0.772152
0 0.367500 0.672468 0.403750 0.707278
0 0.091250 0.832278 0.126250 0.865506
0 0.370000 0.390823 0.403750 0.422469
0 0.757500 0.553798 0.790000 0.583861
0 0.148750 0.514240 0.183750 0.545886
0 0.425000 0.772152 0.456250 0.803798
0 0.702500 0.457278 0.733750 0.488924
0 0.426250 0.424050 0.460000 0.455696
0 0.663750 0.806961 0.686250 0.833861
0 0.315000 0.357595 0.348750 0.389241
0 0.092500 0.610760 0.125000 0.640822
0 0.536250 0.393987 0.568750 0.425633
0 0.592500 0.422468 0.622500 0.454114
0 0.368750 0.868672 0.402500 0.898734
0 0.203750 0.740507 0.236250 0.770570
0 0.146250 0.609177 0.181250 0.642405
0 0.148750 0.452531 0.181250 0.484177
0 0.092500 0.574367 0.127500 0.610759
0 0.427500 0.484177 0.456250 0.518987
0 0.258750 0.643987 0.291250 0.677215
0 0.867500 0.390823 0.901250 0.428797
0 0.203750 0.835443 0.236250 0.868671
0 0.148750 0.420886 0.182500 0.452532
0 0.700000 0.389241 0.736250 0.424051
0 0.203750 0.484177 0.237500 0.515823
0 0.093750 0.514240 0.125000 0.545886
0 0.258750 0.863924 0.292500 0.898734
0 0.588750 0.868671 0.625000 0.901899
0 0.588750 0.707278 0.625000 0.740506
0 0.313750 0.707278 0.348750 0.740506
0 0.368750 0.517405 0.403750 0.549051
0 0.590000 0.518987 0.625000 0.552215
0 0.205000 0.609177 0.236250 0.642405
0 0.258750 0.580696 0.291250 0.612342
0 0.590000 0.612342 0.623750 0.648734
0 0.423750 0.803798 0.457500 0.840190
0 0.700000 0.805380 0.733750 0.840190
0 0.701250 0.517405 0.735000 0.552215
0 0.203750 0.515823 0.237500 0.549051
0 0.426250 0.549051 0.458750 0.582279
0 0.258750 0.737342 0.292500 0.772152
