0 0.153333 0.875385 0.190666 0.910770
0 0.572000 0.652307 0.608000 0.690769
0 0.378667 0.838461 0.415999 0.873846
0 0.737333 0.870769 0.773333 0.904615
0 0.265333 0.836923 0.304001 0.875385
0 0.682667 0.869231 0.718667 0.903077
0 0.517333 0.873846 0.553333 0.904616
0 0.378667 0.730769 0.414667 0.764615
0 0.265333 0.693846 0.302666 0.727692
0 0.846667 0.689231 0.886667 0.729231
0 0.322666 0.289231 0.356000 0.327693
0 0.737333 0.653846 0.772000 0.686154
0 0.096000 0.480000 0.128000 0.510769
0 0.516000 0.761538 0.552000 0.800000
0 0.736000 0.798461 0.773334 0.830769
0 0.433333 0.695384 0.468000 0.724615
0 0.322666 0.623077 0.356000 0.655385
0 0.681333 0.801539 0.717333 0.830770
0 0.846667 0.550769 0.886667 0.590769
0 0.266667 0.767692 0.303999 0.801538
0 0.681333 0.690769 0.718666 0.721538
0 0.792000 0.655385 0.829334 0.690770
0 0.152001 0.621538 0.189334 0.656923
0 0.266667 0.801539 0.303999 0.835385
0 0.477333 0.207693 0.505333 0.236924
0 0.514667 0.363077 0.553334 0.403077
0 0.518666 0.801538 0.551999 0.833846
0 0.517334 0.656923 0.552001 0.690769
0 0.093333 0.438462 0.130666 0.478462
0 0.569333 0.869231 0.609333 0.907693
0 0.152001 0.589231 0.189334 0.621539
0 0.682667 0.832307 0.718667 0.867692
0 0.433333 0.766154 0.469333 0.800000
0 0.433333 0.726154 0.469333 0.763077
0 0.265333 0.367692 0.301333 0.400000
0 0.734667 0.249231 0.772000 0.290769
0 0.516000 0.544616 0.553334 0.587693
0 0.265333 0.658462 0.302666 0.693847
0 0.681333 0.763076 0.718666 0.799999
0 0.790666 0.366154 0.827999 0.401539
0 0.845333 0.473847 0.885333 0.510769
0 0.265333 0.441539 0.301333 0.475385
0 0.518667 0.587692 0.553334 0.618461
0 0.845333 0.436923 0.885333 0.473847
0 0.790667 0.618461 0.829334 0.655385
0 0.265333 0.547692 0.302666 0.587692
0 0.093333 0.550770 0.132000 0.586155
0 0.626667 0.763076 0.662667 0.799999
0 0.570666 0.764616 0.609333 0.800001
0 0.378667 0.550769 0.414667 0.584615
0 0.516000 0.727692 0.552000 0.761538
0 0.322667 0.801538 0.359999 0.840000
0 0.379999 0.764615 0.414666 0.798461
0 0.736000 0.832307 0.772000 0.869231
0 0.845333 0.590769 0.888000 0.626154
0 0.570666 0.801539 0.608000 0.836924
0 0.790667 0.690769 0.830667 0.727692
0 0.322667 0.696923 0.358667 0.729231
0 0.790666 0.400000 0.827999 0.436924
0 0.736000 0.687692 0.773334 0.727692
0 0.378667 0.875385 0.415999 0.912308
0 0.266667 0.480000 0.299999 0.512308
0 0.322667 0.367692 0.358667 0.401538
0 0.093333 0.330769 0.130666 0.364615
0 0.432001 0.332307 0.465333 0.363077
0 0.517334 0.620000 0.552001 0.656923
0 0.682666 0.621539 0.716000 0.655385
0 0.845333 0.401539 0.884000 0.436924
0 0.377333 0.367692 0.413333 0.403077
0 0.789334 0.293845 0.828001 0.329230
0 0.681333 0.724615 0.718666 0.761539
0 0.152000 0.480000 0.188000 0.512308
0 0.265333 0.513846 0.301333 0.547692
0 0.626667 0.800001 0.662667 0.836924
0 0.265333 0.620000 0.302666 0.658462
0 0.845333 0.287692 0.884000 0.327692
0 0.152000 0.292307 0.188000 0.329231
0 0.682666 0.326153 0.716000 0.361538
0 0.736000 0.364615 0.772000 0.400000
0 0.322667 0.656923 0.357334 0.695385
0 0.432000 0.620000 0.468000 0.655385
0 0.570666 0.724615 0.608000 0.764615
0 0.149333 0.549231 0.189333 0.590769
0 0.321333 0.766154 0.360001 0.801539
0 0.518667 0.478461 0.550667 0.510769
0 0.790666 0.438462 0.827999 0.472308
0 0.152001 0.330769 0.189334 0.364615
0 0.734667 0.332308 0.772000 0.364616
0 0.378667 0.656923 0.414667 0.693847
0 0.431999 0.547692 0.466666 0.580000
0 0.571999 0.621538 0.606666 0.652308
0 0.845333 0.512308 0.885333 0.549231
0 0.265333 0.587692 0.302666 0.620000
0 0.094667 0.586154 0.133333 0.626154
0 0.734667 0.292307 0.772000 0.330769
0 0.432000 0.655384 0.468000 0.693846
0 0.681333 0.363077 0.717333 0.403077
0 0.321333 0.443077 0.357333 0.476923
0 0.570666 0.690769 0.608000 0.724615
0 0.150667 0.513845 0.189334 0.549230
0 0.430667 0.403077 0.466667 0.438462
0 0.433333 0.801538 0.469333 0.838461
0 0.093333 0.398461 0.132000 0.436923
0 0.517334 0.512308 0.552001 0.544616
0 0.736000 0.620000 0.773334 0.653846
0 0.736000 0.756923 0.773334 0.796923
0 0.092000 0.512308 0.132000 0.547693
0 0.324001 0.329230 0.357333 0.366154
0 0.626667 0.727692 0.664000 0.763077
0 0.737333 0.438461 0.773333 0.470769
0 0.208000 0.252308 0.246667 0.292308
0 0.380001 0.801538 0.417333 0.838461
0 0.626667 0.693846 0.662667 0.726154
0 0.432000 0.478461 0.468000 0.510769
0 0.377334 0.441539 0.414666 0.475385
0 0.432001 0.290769 0.465333 0.329231
0 0.378667 0.584615 0.414667 0.618461
0 0.789333 0.249230 0.829333 0.292307
0 0.790667 0.583076 0.829334 0.618461
0 0.322667 0.584615 0.357334 0.623077
0 0.681333 0.440000 0.717333 0.473846
0 0.378667 0.329231 0.413334 0.367693
0 0.378667 0.476923 0.411999 0.512308
0 0.517333 0.692307 0.553333 0.727692
0 0.625333 0.438462 0.662667 0.473847
0 0.378667 0.693847 0.415999 0.730770
0 0.625333 0.653846 0.664000 0.692308
0 0.430667 0.510769 0.467999 0.544615
0 0.789334 0.330769 0.826667 0.367693
0 0.737333 0.583076 0.773333 0.620000
0 0.208001 0.443076 0.245334 0.480000
0 0.478666 0.293693 0.505333 0.310770
0 0.474666 0.245539 0.507599 0.278308
0 0.480600 0.277292 0.506667 0.295170
0 0.569334 0.436923 0.608001 0.475385
0 0.377334 0.289231 0.414666 0.329231
0 0.378667 0.513845 0.413334 0.549230
0 0.265333 0.401538 0.301333 0.440000
0 0.625333 0.510769 0.662667 0.546154
0 0.736000 0.509231 0.773334 0.547693
0 0.569333 0.512308 0.606666 0.547693
0 0.790667 0.539999 0.829334 0.583076
0 0.736000 0.401539 0.773334 0.436924
0 0.206667 0.293846 0.244000 0.330769
0 0.516000 0.289231 0.553334 0.329231
0 0.625333 0.366154 0.662667 0.401539
0 0.681333 0.473847 0.717333 0.510769
0 0.625333 0.327692 0.662667 0.364616
0 0.262666 0.286154 0.301333 0.329231
0 0.429333 0.440000 0.469333 0.476924
0 0.624000 0.401539 0.662667 0.436924
0 0.681333 0.547693 0.718666 0.583078
0 0.572001 0.330769 0.605334 0.363077
0 0.517334 0.404615 0.552001 0.438461
0 0.430667 0.364615 0.466667 0.403077
0 0.377334 0.621538 0.414666 0.656923
0 0.570666 0.403077 0.605333 0.438462
0 0.570667 0.475384 0.606667 0.512308
0 0.322667 0.403077 0.357334 0.441539
0 0.206667 0.367692 0.246667 0.406154
0 0.625333 0.473845 0.662667 0.509230
0 0.681333 0.512308 0.717333 0.547693
0 0.626667 0.583076 0.662667 0.618461
0 0.626667 0.547693 0.661334 0.583078
0 0.477333 0.390923 0.505333 0.435385
0 0.474667 0.347538 0.506667 0.390769
0 0.626667 0.620000 0.662667 0.655385
0 0.736000 0.549231 0.773334 0.583077
0 0.736000 0.470770 0.772000 0.507692
0 0.570666 0.290769 0.608000 0.327692
0 0.432000 0.580000 0.468000 0.618462
0 0.090667 0.290769 0.130667 0.329231
0 0.377334 0.404615 0.414666 0.441539
0 0.152001 0.400000 0.189334 0.441538
0 0.264001 0.330769 0.301333 0.366154
0 0.569333 0.364615 0.605333 0.400000
0 0.626667 0.287692 0.661334 0.327692
0 0.681333 0.583076 0.718666 0.618461
0 0.152001 0.252308 0.189334 0.293846
0 0.321333 0.512308 0.357333 0.547693
0 0.570666 0.586154 0.608000 0.620000
0 0.321333 0.478462 0.357333 0.512308
0 0.208000 0.330769 0.244000 0.366154
0 0.208001 0.406154 0.245334 0.443077
0 0.682667 0.404616 0.718667 0.440001
0 0.569334 0.546154 0.608001 0.584616
0 0.845333 0.329230 0.884000 0.364615
0 0.516000 0.436923 0.552000 0.476923
0 0.790666 0.470769 0.827999 0.512307
0 0.625333 0.836923 0.662667 0.872308
0 0.321333 0.873846 0.360001 0.910770
0 0.681333 0.655385 0.717333 0.689231
0 0.434667 0.840000 0.466667 0.869231
0 0.096001 0.801538 0.133333 0.840000
0 0.153333 0.692307 0.189333 0.730769
0 0.322667 0.549231 0.357334 0.583077
0 0.094667 0.840000 0.134667 0.878462
0 0.096000 0.659999 0.132000 0.695384
0 0.094667 0.695384 0.133333 0.730769
0 0.570667 0.836923 0.606667 0.869231
0 0.846667 0.366154 0.882667 0.401539
0 0.478667 0.181538 0.506667 0.206153
0 0.626667 0.873846 0.662667 0.904616
0 0.322667 0.730769 0.358667 0.764615
0 0.094667 0.878462 0.133333 0.913847
0 0.094667 0.764616 0.134667 0.800001
0 0.322667 0.840000 0.359999 0.875385
0 0.152001 0.766154 0.189334 0.804616
0 0.096001 0.626154 0.133333 0.660000
0 0.094667 0.366154 0.130667 0.398462
0 0.265333 0.729231 0.304001 0.766154
0 0.848000 0.652307 0.885333 0.689230
0 0.153333 0.833846 0.192000 0.872308
0 0.792000 0.515385 0.828000 0.535385
0 0.152001 0.656923 0.189334 0.690769
0 0.516000 0.335385 0.553334 0.355385
0 0.153333 0.443076 0.189333 0.480000
0 0.517333 0.833846 0.553333 0.873846
0 0.434666 0.869231 0.468000 0.907693
0 0.153333 0.730769 0.189333 0.763077
0 0.736000 0.732308 0.773334 0.753846
0 0.856000 0.624615 0.893334 0.655385
0 0.097333 0.732308 0.133333 0.763077
0 0.153334 0.366154 0.186667 0.398462
0 0.680001 0.296923 0.717334 0.321539
0 0.152000 0.809231 0.190667 0.830769
