0 0.218666 0.259375 0.257333 0.284375
0 0.108000 0.260937 0.145334 0.284375
0 0.484000 0.289062 0.512000 0.309376
0 0.792000 0.257813 0.828000 0.282813
0 0.522667 0.260937 0.558667 0.284375
0 0.385334 0.260937 0.422667 0.284375
0 0.493333 0.768751 0.514667 0.796875
0 0.218666 0.801562 0.255999 0.837500
0 0.165333 0.803125 0.202666 0.835938
0 0.702666 0.512500 0.728000 0.543750
0 0.162666 0.401562 0.199999 0.439062
0 0.704001 0.656250 0.729334 0.684374
0 0.109334 0.800000 0.144001 0.837500
0 0.701333 0.403126 0.729333 0.439063
0 0.164000 0.692187 0.201333 0.728125
0 0.630667 0.799999 0.666667 0.834375
0 0.702666 0.295312 0.728000 0.324999
0 0.332000 0.804688 0.366667 0.834375
0 0.220000 0.875000 0.256000 0.909376
0 0.629333 0.404688 0.665333 0.437501
0 0.758667 0.801562 0.784000 0.831249
0 0.733333 0.798438 0.757333 0.831251
0 0.106667 0.550000 0.142667 0.581250
0 0.107999 0.693750 0.142667 0.726562
0 0.846666 0.506250 0.885333 0.545312
0 0.757333 0.867188 0.785333 0.900000
0 0.162667 0.510937 0.198667 0.545312
0 0.164000 0.729687 0.200000 0.764062
0 0.576000 0.831249 0.613333 0.865625
0 0.386667 0.837500 0.421334 0.871876
0 0.630667 0.834375 0.666667 0.868750
0 0.523999 0.873437 0.558666 0.904687
0 0.330667 0.871876 0.366667 0.907812
0 0.218666 0.729688 0.255999 0.765624
0 0.484000 0.210938 0.512000 0.240625
0 0.109334 0.873437 0.142667 0.907813
0 0.675999 0.476562 0.702666 0.506250
0 0.218666 0.837500 0.255999 0.873438
0 0.220000 0.329688 0.252000 0.365625
0 0.577333 0.867188 0.613333 0.903125
0 0.217333 0.692187 0.256000 0.728125
0 0.521334 0.832813 0.560001 0.871875
0 0.757333 0.834375 0.782667 0.865625
0 0.740000 0.617188 0.774667 0.653125
0 0.698667 0.689062 0.730667 0.725000
0 0.385333 0.800000 0.420000 0.835938
0 0.676001 0.331251 0.701334 0.360938
0 0.524000 0.762500 0.557334 0.793750
0 0.107999 0.835938 0.142667 0.871875
0 0.485334 0.184375 0.512001 0.210937
0 0.577333 0.764062 0.610667 0.796875
0 0.732000 0.835937 0.757333 0.867187
0 0.702667 0.617188 0.730667 0.651563
0 0.846666 0.545313 0.884000 0.581249
0 0.577333 0.729687 0.610667 0.764062
0 0.105333 0.509375 0.145333 0.549999
0 0.276000 0.548438 0.309334 0.579688
0 0.522667 0.403124 0.557334 0.437500
0 0.106666 0.728125 0.144000 0.764063
0 0.630667 0.870313 0.666667 0.901563
0 0.218666 0.767188 0.255999 0.800001
0 0.630667 0.512499 0.665334 0.546875
0 0.524000 0.475000 0.557334 0.506250
0 0.522666 0.796876 0.559999 0.832812
0 0.162666 0.439062 0.199999 0.473438
0 0.274667 0.510938 0.310667 0.546874
0 0.732000 0.867188 0.758667 0.903125
0 0.522667 0.654688 0.558667 0.690624
0 0.794666 0.867188 0.832000 0.901563
0 0.575999 0.582812 0.610667 0.617188
0 0.163999 0.584375 0.198666 0.618750
0 0.577333 0.689063 0.612000 0.729687
0 0.792000 0.690625 0.829334 0.728125
0 0.386667 0.584375 0.419999 0.617188
0 0.576000 0.656250 0.612000 0.690626
0 0.676000 0.582812 0.704000 0.620312
0 0.674667 0.510938 0.702667 0.543751
0 0.274667 0.476562 0.310667 0.510938
0 0.164000 0.475000 0.200000 0.509375
0 0.630667 0.620312 0.665334 0.654687
0 0.793334 0.329688 0.826667 0.362501
0 0.330666 0.550000 0.365333 0.585938
0 0.793334 0.799999 0.830667 0.834375
0 0.217333 0.365624 0.254666 0.400000
0 0.220000 0.476562 0.256000 0.509375
0 0.575999 0.289062 0.610667 0.326562
0 0.386667 0.549999 0.421334 0.582812
0 0.522667 0.617188 0.558667 0.654688
0 0.522667 0.546875 0.557334 0.581251
0 0.437333 0.329687 0.472000 0.364063
0 0.105333 0.290625 0.144001 0.328125
0 0.630667 0.545312 0.665334 0.579688
0 0.105333 0.364063 0.144001 0.396875
0 0.792000 0.401562 0.828000 0.435938
0 0.629333 0.764063 0.666667 0.799999
0 0.440001 0.440625 0.473333 0.473438
0 0.792000 0.473437 0.828000 0.507812
0 0.385334 0.729688 0.422667 0.765624
0 0.845333 0.364063 0.882667 0.400000
0 0.385333 0.693750 0.421333 0.729688
0 0.793334 0.579687 0.826667 0.617187
0 0.675999 0.365624 0.702666 0.400000
0 0.522667 0.329688 0.557334 0.365625
0 0.573333 0.328125 0.609333 0.365625
0 0.629333 0.654688 0.665333 0.690624
0 0.332000 0.290625 0.366667 0.328125
0 0.792000 0.435937 0.829334 0.471874
0 0.438667 0.473438 0.473334 0.510938
0 0.385333 0.368750 0.420000 0.401562
0 0.218667 0.584375 0.254667 0.618750
0 0.740000 0.687501 0.774667 0.723437
0 0.217333 0.439063 0.256000 0.475000
0 0.273334 0.331251 0.310666 0.367188
0 0.218666 0.548438 0.255999 0.582813
0 0.162667 0.546876 0.198667 0.582812
0 0.522667 0.439063 0.558667 0.471876
0 0.737333 0.403124 0.774667 0.437500
0 0.629333 0.439062 0.664000 0.473438
0 0.162667 0.364063 0.198667 0.400000
0 0.273334 0.401562 0.310666 0.439062
0 0.438667 0.404687 0.473334 0.440624
0 0.274666 0.367188 0.309333 0.401563
0 0.574666 0.475000 0.612000 0.510938
0 0.575999 0.543750 0.610667 0.581250
0 0.575999 0.439062 0.610667 0.473438
0 0.736000 0.290625 0.774667 0.328125
0 0.737333 0.329687 0.772000 0.364063
0 0.793333 0.618750 0.829333 0.651563
0 0.484000 0.246406 0.512000 0.278906
0 0.482667 0.390626 0.513067 0.420313
0 0.482666 0.423438 0.512934 0.459844
0 0.482666 0.348438 0.513333 0.387500
0 0.484000 0.276562 0.512000 0.292187
0 0.628000 0.260937 0.664000 0.284375
0 0.439999 0.549999 0.474666 0.582812
0 0.386667 0.617188 0.419999 0.651563
0 0.220000 0.293749 0.253333 0.326562
0 0.846667 0.329687 0.882667 0.364063
0 0.385333 0.871876 0.424001 0.907812
0 0.702666 0.582812 0.729333 0.614062
0 0.106667 0.473438 0.142667 0.509375
0 0.793334 0.653126 0.828001 0.689062
0 0.438667 0.512501 0.473334 0.548437
0 0.704000 0.440625 0.728000 0.471875
0 0.385333 0.767188 0.421333 0.800001
0 0.330667 0.835938 0.367999 0.871875
0 0.575999 0.510938 0.610667 0.543751
0 0.522667 0.725000 0.558667 0.762500
0 0.577333 0.796875 0.612000 0.831251
0 0.164000 0.765626 0.201333 0.801562
0 0.675999 0.621875 0.702666 0.653125
0 0.794667 0.728125 0.829334 0.762501
0 0.676001 0.545312 0.701334 0.579688
0 0.740000 0.654687 0.774667 0.687500
0 0.701334 0.367188 0.728001 0.400000
0 0.217333 0.400000 0.256000 0.439062
0 0.108000 0.620312 0.144000 0.657812
0 0.330667 0.729687 0.366667 0.767187
0 0.164000 0.620312 0.200000 0.657812
0 0.737333 0.762499 0.774667 0.796875
0 0.108000 0.765625 0.144000 0.800001
0 0.676000 0.654688 0.704000 0.690624
0 0.845333 0.435937 0.882667 0.471874
0 0.675999 0.292187 0.702666 0.326563
0 0.523999 0.692187 0.558666 0.723437
0 0.162666 0.656250 0.199999 0.690626
0 0.628000 0.725000 0.666667 0.764062
0 0.108000 0.582812 0.144000 0.620312
0 0.740000 0.581249 0.774667 0.615625
0 0.437333 0.290625 0.472000 0.328125
0 0.674666 0.401562 0.701333 0.434375
0 0.108000 0.657813 0.144000 0.692188
0 0.106667 0.437501 0.142667 0.473438
0 0.845333 0.473438 0.885333 0.506251
0 0.701333 0.475000 0.729333 0.507812
0 0.738667 0.725000 0.776000 0.760938
0 0.793333 0.764062 0.829333 0.798438
0 0.106666 0.398437 0.144000 0.435937
0 0.629333 0.690624 0.665333 0.725000
0 0.794667 0.834375 0.830667 0.867188
0 0.218666 0.509375 0.255999 0.548437
0 0.701333 0.329687 0.729333 0.364063
0 0.330667 0.767187 0.367999 0.804687
0 0.162666 0.290624 0.199999 0.324999
0 0.164000 0.326563 0.200000 0.364063
0 0.674666 0.437501 0.704000 0.473438
0 0.385333 0.515625 0.421333 0.550001
0 0.846666 0.399999 0.884000 0.434374
0 0.330666 0.621874 0.365333 0.656250
0 0.738667 0.510937 0.773334 0.545312
0 0.793333 0.546875 0.829333 0.579688
0 0.699999 0.545312 0.730666 0.579688
0 0.217333 0.656251 0.256000 0.692187
0 0.105333 0.329687 0.144001 0.364063
0 0.846667 0.287499 0.882667 0.328124
0 0.218666 0.620313 0.255999 0.656249
0 0.329333 0.692188 0.365333 0.729688
0 0.629333 0.579688 0.665333 0.618750
0 0.576000 0.403126 0.612000 0.439063
0 0.626667 0.292187 0.666667 0.328124
0 0.384001 0.440626 0.421333 0.476562
0 0.629333 0.475000 0.666667 0.510938
0 0.329334 0.656251 0.366666 0.692187
0 0.438666 0.365625 0.472000 0.404687
0 0.737333 0.437500 0.774667 0.471876
0 0.385333 0.292187 0.421333 0.326563
0 0.630667 0.367188 0.664000 0.403124
0 0.522667 0.581250 0.558667 0.617188
0 0.383999 0.476563 0.422667 0.515625
0 0.737333 0.365625 0.772000 0.401562
0 0.793334 0.507813 0.830667 0.546875
0 0.737333 0.545313 0.774667 0.581249
0 0.329334 0.514063 0.366666 0.549999
0 0.522667 0.365625 0.558667 0.403125
0 0.274667 0.439063 0.310667 0.475000
0 0.574666 0.618750 0.612000 0.654688
0 0.330667 0.365625 0.367999 0.403125
0 0.790667 0.364062 0.829334 0.401562
0 0.629333 0.328125 0.662667 0.365625
0 0.329334 0.476562 0.366666 0.512499
0 0.384001 0.653126 0.421333 0.693750
0 0.273333 0.289062 0.313333 0.331250
0 0.790666 0.287500 0.827999 0.326562
0 0.385333 0.328125 0.421333 0.367187
0 0.574667 0.365625 0.610667 0.403125
0 0.330667 0.329687 0.366667 0.364063
0 0.737333 0.473437 0.774667 0.507812
0 0.329334 0.585938 0.366666 0.621875
0 0.521334 0.289063 0.558667 0.328125
0 0.522667 0.507813 0.558667 0.546875
0 0.382667 0.401563 0.422667 0.440625
