0 0.630667 0.876563 0.666667 0.909376
0 0.738667 0.837500 0.776000 0.873438
0 0.849333 0.695312 0.885333 0.731250
0 0.485333 0.246874 0.518667 0.279687
0 0.274666 0.803125 0.313333 0.839063
0 0.850667 0.660937 0.886667 0.693750
0 0.442667 0.660937 0.474667 0.693750
0 0.110667 0.362501 0.146667 0.398438
0 0.488000 0.185937 0.518667 0.210937
0 0.850666 0.517188 0.884000 0.548438
0 0.577333 0.873437 0.613333 0.906250
0 0.630667 0.839062 0.665334 0.876562
0 0.276001 0.873438 0.313333 0.909374
0 0.632000 0.695313 0.668000 0.732813
0 0.633333 0.553125 0.668000 0.584375
0 0.332000 0.839063 0.366667 0.871876
0 0.332000 0.803125 0.366667 0.835938
0 0.388000 0.875001 0.424000 0.910937
0 0.529334 0.293750 0.564001 0.331250
0 0.853333 0.406250 0.886667 0.443750
0 0.522667 0.839063 0.557334 0.874999
0 0.744000 0.370312 0.776000 0.404688
0 0.633333 0.292187 0.668000 0.332813
0 0.441333 0.839063 0.476000 0.874999
0 0.278667 0.620313 0.310667 0.656249
0 0.686667 0.732812 0.722667 0.765625
0 0.850666 0.479687 0.885333 0.514062
0 0.166666 0.321875 0.204000 0.362500
0 0.524000 0.692188 0.561334 0.731250
0 0.685333 0.837500 0.721333 0.875000
0 0.389333 0.840624 0.422667 0.875000
0 0.798666 0.517188 0.832000 0.550001
0 0.390667 0.290625 0.423999 0.328125
0 0.224000 0.287500 0.256000 0.326562
0 0.278666 0.476562 0.313333 0.512499
0 0.577333 0.768750 0.613333 0.800000
0 0.221333 0.837500 0.256000 0.871876
0 0.220000 0.585938 0.257333 0.620313
0 0.276000 0.657813 0.310667 0.692188
0 0.576000 0.835938 0.612000 0.873438
0 0.332001 0.693750 0.369333 0.729688
0 0.110667 0.440626 0.145334 0.475001
0 0.166666 0.396875 0.201333 0.439063
0 0.110667 0.289062 0.146667 0.324999
0 0.795999 0.696875 0.830666 0.731251
0 0.742667 0.589063 0.777334 0.621876
0 0.222666 0.328124 0.257333 0.360937
0 0.525334 0.767187 0.558667 0.803125
0 0.525334 0.657813 0.560001 0.690626
0 0.688001 0.589063 0.725334 0.624999
0 0.853333 0.296875 0.886667 0.331251
0 0.165333 0.509375 0.204001 0.546875
0 0.441333 0.804688 0.476000 0.839063
0 0.740000 0.767187 0.777334 0.803125
0 0.686666 0.768749 0.721333 0.803125
0 0.222666 0.692187 0.257333 0.726562
0 0.578666 0.549999 0.613333 0.582812
0 0.334666 0.510938 0.369333 0.550000
0 0.582666 0.293749 0.616000 0.328125
0 0.109334 0.400000 0.148001 0.439062
0 0.797333 0.478125 0.833333 0.514062
0 0.109333 0.474999 0.145333 0.515624
0 0.798666 0.295313 0.833333 0.334375
0 0.526666 0.551562 0.559999 0.584375
0 0.278667 0.403125 0.315999 0.440625
0 0.388000 0.660937 0.424000 0.695312
0 0.276001 0.767187 0.313333 0.803125
0 0.332000 0.729687 0.368000 0.767187
0 0.796000 0.659375 0.832000 0.695312
0 0.336001 0.290625 0.369333 0.326562
0 0.744000 0.517188 0.778667 0.551563
0 0.633333 0.440626 0.669333 0.476562
0 0.742667 0.551562 0.778667 0.587500
0 0.525333 0.620312 0.561333 0.657812
0 0.581333 0.406250 0.613333 0.440626
0 0.441333 0.767187 0.476000 0.803125
0 0.686667 0.625001 0.722667 0.660937
0 0.688000 0.332812 0.724000 0.367188
0 0.580000 0.440625 0.614667 0.478125
0 0.633333 0.331250 0.669333 0.368750
0 0.687999 0.443750 0.722666 0.476562
0 0.441333 0.625000 0.476000 0.659376
0 0.630667 0.767187 0.666667 0.804687
0 0.388001 0.512500 0.425333 0.550000
0 0.689334 0.371874 0.724001 0.406250
0 0.442667 0.401563 0.477334 0.440625
0 0.388001 0.585938 0.425333 0.621875
0 0.221333 0.476562 0.257333 0.514062
0 0.441333 0.589062 0.476000 0.623437
0 0.334667 0.328125 0.370667 0.365625
0 0.278666 0.367188 0.313333 0.401563
0 0.441333 0.550000 0.476000 0.587500
0 0.221333 0.620312 0.257333 0.657812
0 0.334666 0.550000 0.368000 0.585938
0 0.578667 0.478125 0.614667 0.515625
0 0.221333 0.726562 0.257333 0.767187
0 0.688000 0.478124 0.724000 0.512499
0 0.526667 0.478125 0.561334 0.514062
0 0.528000 0.331251 0.561334 0.367188
0 0.797333 0.409375 0.833333 0.442188
0 0.742667 0.443750 0.778667 0.479687
0 0.442667 0.442187 0.477334 0.476562
0 0.388001 0.767187 0.425333 0.804687
0 0.577333 0.731250 0.614667 0.768750
0 0.442667 0.367188 0.477334 0.401563
0 0.577333 0.656250 0.614667 0.693750
0 0.444001 0.331251 0.477333 0.365626
0 0.688000 0.553125 0.724000 0.587500
0 0.388000 0.442187 0.424000 0.476562
0 0.334666 0.367187 0.369333 0.404687
0 0.741333 0.659375 0.778667 0.698437
0 0.442667 0.290625 0.478667 0.329687
0 0.688000 0.514063 0.724000 0.553125
0 0.633333 0.515626 0.668000 0.551562
0 0.580000 0.329688 0.614667 0.367188
0 0.390666 0.367188 0.425333 0.403124
0 0.525333 0.515625 0.561333 0.550001
0 0.280000 0.287500 0.314667 0.326562
0 0.633333 0.478125 0.669333 0.514062
0 0.528000 0.368750 0.561334 0.407812
0 0.580000 0.368750 0.614667 0.406250
0 0.526667 0.442188 0.561334 0.478125
0 0.850666 0.548437 0.885333 0.585937
0 0.577333 0.800000 0.612000 0.835938
0 0.688001 0.660937 0.721334 0.695312
0 0.849333 0.587500 0.886667 0.623438
0 0.526667 0.585938 0.558667 0.620313
0 0.523999 0.732812 0.558666 0.767188
0 0.277333 0.440626 0.313333 0.476562
0 0.221333 0.439063 0.257333 0.476563
0 0.850667 0.445312 0.886667 0.478125
0 0.388000 0.804688 0.424000 0.840625
0 0.166667 0.546876 0.202667 0.582812
0 0.332001 0.873438 0.369333 0.912500
0 0.742667 0.481249 0.778667 0.515625
0 0.332000 0.659374 0.366667 0.693750
0 0.797334 0.587500 0.832001 0.621876
0 0.276001 0.728125 0.313333 0.765625
0 0.221333 0.362500 0.257333 0.400000
0 0.798666 0.443750 0.832000 0.479687
0 0.849333 0.625000 0.885333 0.659376
0 0.221333 0.768749 0.257333 0.803125
0 0.221333 0.514063 0.258666 0.551563
0 0.633333 0.625000 0.666667 0.657813
0 0.441333 0.478124 0.476000 0.512499
0 0.166667 0.473438 0.202667 0.509375
0 0.278666 0.328125 0.313333 0.365625
0 0.578666 0.623437 0.612000 0.654687
0 0.388001 0.696875 0.425333 0.732813
0 0.221333 0.871875 0.257333 0.910937
0 0.221333 0.550000 0.257333 0.585938
0 0.166666 0.289062 0.204000 0.323438
0 0.577333 0.695312 0.613333 0.731250
0 0.166666 0.440625 0.201333 0.473438
0 0.276001 0.550000 0.313333 0.587500
0 0.332000 0.625000 0.366667 0.657813
0 0.333333 0.476562 0.369333 0.510938
0 0.389333 0.550000 0.424001 0.585938
0 0.796000 0.371874 0.833334 0.406250
0 0.633333 0.371874 0.666667 0.406250
0 0.632000 0.657812 0.669334 0.695312
0 0.165333 0.584375 0.202666 0.623437
0 0.742667 0.406251 0.777334 0.442188
0 0.797333 0.334375 0.833333 0.370312
0 0.796000 0.551562 0.832000 0.587500
0 0.333334 0.585938 0.368001 0.621875
0 0.797334 0.623438 0.832001 0.659374
0 0.441333 0.731251 0.476000 0.767187
0 0.489774 0.241922 0.518361 0.247438
0 0.388000 0.623438 0.424000 0.659374
0 0.528000 0.409375 0.561334 0.440625
0 0.741333 0.699999 0.776000 0.734375
0 0.687999 0.406250 0.722666 0.443750
0 0.332000 0.768749 0.366667 0.803125
0 0.744000 0.332813 0.778667 0.368750
0 0.441333 0.512501 0.477333 0.548437
0 0.632000 0.585938 0.669334 0.623438
0 0.578666 0.584375 0.613333 0.621875
0 0.580000 0.517188 0.616000 0.550001
0 0.390667 0.329688 0.426667 0.365625
0 0.389333 0.476562 0.424001 0.512499
0 0.490667 0.389062 0.513333 0.409376
0 0.485333 0.351562 0.517333 0.385938
0 0.486667 0.409375 0.516000 0.432813
0 0.220000 0.801562 0.257333 0.835938
0 0.494667 0.770312 0.514667 0.799999
0 0.686666 0.803125 0.720000 0.835938
0 0.745333 0.298438 0.777333 0.331251
0 0.110667 0.326562 0.146667 0.360938
0 0.848000 0.840624 0.886667 0.875000
0 0.849333 0.807813 0.885333 0.840626
0 0.222666 0.400000 0.257333 0.439062
0 0.848000 0.875000 0.885333 0.909376
0 0.685333 0.695313 0.722666 0.732813
0 0.853333 0.370312 0.885333 0.406249
0 0.522667 0.876563 0.557334 0.909376
0 0.634667 0.406251 0.666667 0.435938
0 0.524000 0.803125 0.557334 0.839063
0 0.849333 0.770312 0.885333 0.807812
0 0.690666 0.296874 0.724000 0.329687
0 0.168000 0.362500 0.200000 0.395313
0 0.109334 0.253126 0.146667 0.289062
0 0.112000 0.215625 0.146667 0.253125
0 0.489333 0.212500 0.518667 0.240625
0 0.741333 0.875000 0.776000 0.909376
0 0.277333 0.589063 0.313333 0.620313
0 0.852000 0.332812 0.884000 0.370312
0 0.486667 0.279687 0.516000 0.309374
0 0.795999 0.731250 0.830666 0.768750
0 0.441333 0.875000 0.476000 0.909376
0 0.442667 0.695312 0.474667 0.731250
0 0.632000 0.806250 0.666667 0.837500
0 0.222666 0.659375 0.255999 0.690625
0 0.849333 0.731251 0.886667 0.771875
0 0.278666 0.512500 0.313333 0.550000
0 0.277334 0.840625 0.312001 0.871875
0 0.276000 0.692187 0.312000 0.726562
0 0.740000 0.804688 0.776000 0.837500
0 0.334666 0.404687 0.369333 0.439063
0 0.685333 0.876563 0.722666 0.910938
0 0.387999 0.734375 0.422667 0.767188
0 0.334666 0.442188 0.369333 0.475000
0 0.741333 0.734375 0.776000 0.767188
0 0.742667 0.621876 0.777334 0.657812
0 0.633333 0.732812 0.666667 0.767188
0 0.744000 0.256249 0.777334 0.296874
0 0.389333 0.403125 0.425333 0.440625
