0 0.503750 0.620253 0.523750 0.639873
0 0.483750 0.552373 0.517500 0.568039
0 0.482500 0.367089 0.518750 0.390823
0 0.503000 0.658228 0.522500 0.678798
0 0.501250 0.640822 0.522500 0.659810
0 0.097500 0.837025 0.128750 0.875158
0 0.485000 0.504747 0.516250 0.529747
0 0.483750 0.333861 0.518750 0.356171
0 0.265000 0.558544 0.295000 0.585444
0 0.501250 0.697785 0.523750 0.719937
0 0.647500 0.500000 0.680000 0.528481
0 0.870000 0.528482 0.901250 0.558544
0 0.152500 0.867089 0.185000 0.897151
0 0.152500 0.705696 0.186250 0.742088
0 0.096250 0.645570 0.128750 0.680380
0 0.263750 0.525317 0.296250 0.572785
0 0.098750 0.488924 0.127500 0.522152
0 0.870000 0.712025 0.900000 0.742088
0 0.097500 0.615506 0.128750 0.650316
0 0.702500 0.468355 0.736250 0.493671
0 0.427500 0.742088 0.461250 0.773734
0 0.812500 0.742089 0.846250 0.775317
0 0.647500 0.512658 0.682500 0.556962
0 0.097500 0.462025 0.128750 0.493671
0 0.813750 0.496835 0.846250 0.528481
0 0.503750 0.599683 0.522500 0.620253
0 0.500000 0.844937 0.520000 0.865507
0 0.096250 0.590190 0.130000 0.617089
0 0.867500 0.868671 0.902500 0.901899
0 0.812500 0.528481 0.846250 0.560127
0 0.483750 0.784810 0.512500 0.813291
0 0.812500 0.710443 0.847500 0.743671
0 0.428750 0.712025 0.460000 0.742088
0 0.483750 0.447785 0.517500 0.482595
0 0.866250 0.742089 0.901250 0.775317
0 0.427500 0.772152 0.461250 0.808544
0 0.703750 0.401899 0.736250 0.433545
0 0.502500 0.577532 0.522500 0.601266
0 0.373750 0.770570 0.406250 0.803798
0 0.152500 0.740506 0.186250 0.773734
0 0.208750 0.835443 0.240000 0.868671
0 0.152500 0.681962 0.183750 0.713608
0 0.813750 0.591773 0.846250 0.620254
0 0.095000 0.556962 0.128750 0.590190
0 0.867500 0.806963 0.902500 0.837025
0 0.867500 0.835443 0.902500 0.868671
0 0.430000 0.683544 0.460000 0.713607
0 0.813750 0.840190 0.846250 0.868671
0 0.868750 0.683544 0.902500 0.713607
0 0.502500 0.867089 0.522500 0.892405
0 0.428750 0.805380 0.460000 0.835442
0 0.757500 0.742088 0.791250 0.773734
0 0.430000 0.400317 0.461250 0.430379
0 0.373750 0.430380 0.407500 0.462026
0 0.375000 0.526899 0.406250 0.555380
0 0.702500 0.835443 0.735000 0.868671
0 0.537500 0.867088 0.570000 0.898734
0 0.592500 0.680380 0.625000 0.710442
0 0.153750 0.462025 0.186250 0.493671
0 0.206250 0.772152 0.241250 0.803798
0 0.538750 0.620254 0.570000 0.648734
0 0.208750 0.618671 0.240000 0.647151
0 0.152500 0.393987 0.186250 0.431962
0 0.867500 0.620253 0.903750 0.653481
0 0.758750 0.498418 0.791250 0.528481
0 0.702500 0.712025 0.735000 0.742088
0 0.757500 0.805380 0.791250 0.837026
0 0.536250 0.773734 0.570000 0.805380
0 0.756250 0.837025 0.791250 0.870253
0 0.592500 0.835443 0.626250 0.867089
0 0.592500 0.773734 0.626250 0.803797
0 0.648750 0.398734 0.681250 0.430380
0 0.867500 0.403481 0.902500 0.436709
0 0.428750 0.526899 0.461250 0.558545
0 0.703750 0.680380 0.735000 0.713608
0 0.538750 0.498418 0.571250 0.528481
0 0.428750 0.365506 0.461250 0.400316
0 0.261250 0.740506 0.296250 0.773734
0 0.207500 0.525317 0.240000 0.555380
0 0.265000 0.428797 0.296250 0.460443
0 0.646250 0.868672 0.678750 0.898734
0 0.265000 0.458861 0.296250 0.495253
0 0.262500 0.648734 0.295000 0.680380
0 0.152500 0.588607 0.185000 0.620253
0 0.538750 0.835443 0.570000 0.867089
0 0.152500 0.525316 0.185000 0.556962
0 0.263750 0.585443 0.295000 0.617089
0 0.262500 0.678797 0.296250 0.712025
0 0.373750 0.463607 0.406250 0.495253
0 0.757500 0.560126 0.792500 0.588607
0 0.702500 0.590190 0.736250 0.618671
0 0.758750 0.433544 0.791250 0.463607
0 0.208750 0.647152 0.241250 0.680380
0 0.702500 0.805380 0.735000 0.835442
0 0.207500 0.555380 0.240000 0.587026
0 0.647500 0.650316 0.680000 0.681962
0 0.373750 0.495253 0.405000 0.526899
0 0.207500 0.678797 0.241250 0.712025
0 0.812500 0.466773 0.847500 0.496835
0 0.207500 0.587025 0.241250 0.618671
0 0.430000 0.650316 0.460000 0.683544
0 0.757500 0.528481 0.791250 0.560127
0 0.592500 0.867088 0.625000 0.898734
0 0.208750 0.430380 0.241250 0.460442
0 0.758750 0.401899 0.792500 0.433545
0 0.373750 0.588608 0.407500 0.618671
0 0.318750 0.496835 0.351250 0.526898
0 0.703750 0.526899 0.736250 0.558545
0 0.648750 0.558544 0.681250 0.588607
0 0.648750 0.742089 0.681250 0.772151
0 0.538750 0.463608 0.571250 0.498418
0 0.372500 0.680380 0.406250 0.713608
0 0.372500 0.397152 0.407500 0.430380
0 0.593750 0.365506 0.625000 0.400316
0 0.537500 0.365506 0.571250 0.398734
0 0.593750 0.743672 0.625000 0.773734
0 0.317500 0.526899 0.351250 0.558545
0 0.485438 0.430585 0.517151 0.446914
0 0.483287 0.412215 0.516075 0.430585
0 0.484363 0.391123 0.519300 0.412215
0 0.483825 0.357104 0.516613 0.374794
0 0.486400 0.530760 0.514300 0.551076
0 0.502788 0.680237 0.523312 0.698291
0 0.373750 0.648734 0.406250 0.678797
0 0.812500 0.560127 0.846250 0.593355
0 0.095000 0.772152 0.128750 0.803798
0 0.812500 0.683544 0.847500 0.712025
0 0.813750 0.775316 0.845000 0.806962
0 0.757500 0.681962 0.791250 0.713608
0 0.372500 0.740506 0.407500 0.773734
0 0.870000 0.495253 0.901250 0.526899
0 0.757500 0.712025 0.791250 0.743671
0 0.868750 0.651899 0.902500 0.683545
0 0.095000 0.803798 0.128750 0.838608
0 0.208750 0.868672 0.241250 0.898734
0 0.150000 0.772152 0.186250 0.805380
0 0.702500 0.490507 0.737500 0.526899
0 0.096250 0.712025 0.127500 0.740506
0 0.153750 0.648734 0.183750 0.678797
0 0.813750 0.870254 0.847500 0.900316
0 0.756250 0.870254 0.792500 0.900316
0 0.427500 0.837025 0.461250 0.867088
0 0.262500 0.710444 0.296250 0.740506
0 0.208750 0.710444 0.241250 0.738924
0 0.372500 0.803797 0.407500 0.835443
0 0.372500 0.867088 0.408750 0.898734
0 0.207500 0.805380 0.241250 0.840190
0 0.095000 0.740506 0.128750 0.772152
0 0.813750 0.620254 0.846250 0.650316
0 0.428750 0.867088 0.461250 0.898734
0 0.096250 0.678797 0.127500 0.712025
0 0.261250 0.867089 0.300000 0.897151
0 0.151250 0.835443 0.186250 0.870253
0 0.867500 0.775316 0.902500 0.808544
0 0.815000 0.365506 0.847500 0.400316
0 0.538750 0.805380 0.568750 0.835442
0 0.867500 0.591773 0.902500 0.620254
0 0.153750 0.431963 0.186250 0.462025
0 0.758750 0.651899 0.791250 0.683545
0 0.757500 0.772152 0.791250 0.805380
0 0.647500 0.680380 0.678750 0.708861
0 0.262500 0.837025 0.297500 0.868671
0 0.813750 0.806962 0.846250 0.838608
0 0.152500 0.618671 0.183750 0.651899
0 0.096250 0.428797 0.130000 0.462025
0 0.702500 0.868671 0.735000 0.900317
0 0.538750 0.398734 0.571250 0.430380
0 0.263750 0.495254 0.295000 0.525316
0 0.152500 0.556962 0.185000 0.590190
0 0.373750 0.618671 0.407500 0.651899
0 0.867500 0.436708 0.902500 0.465189
0 0.868750 0.558544 0.902500 0.591772
0 0.868750 0.463608 0.902500 0.496836
0 0.703750 0.650317 0.736250 0.680380
0 0.812500 0.401899 0.846250 0.433545
0 0.372500 0.835443 0.407500 0.868671
0 0.262500 0.772152 0.296250 0.803798
0 0.263750 0.389241 0.297500 0.425633
0 0.538750 0.528482 0.571250 0.556963
0 0.758750 0.588608 0.791250 0.618671
0 0.702500 0.773734 0.736250 0.805380
0 0.263750 0.803797 0.296250 0.837025
0 0.758750 0.620253 0.791250 0.651899
0 0.866250 0.367089 0.902500 0.403481
0 0.702500 0.365506 0.738750 0.406645
0 0.150000 0.803797 0.186250 0.835443
0 0.372500 0.712025 0.406250 0.742088
0 0.317500 0.556962 0.352500 0.591772
0 0.373750 0.363924 0.407500 0.397152
0 0.428750 0.558544 0.460000 0.590190
0 0.647500 0.805380 0.680000 0.835442
0 0.702500 0.742089 0.736250 0.775317
0 0.702500 0.560126 0.736250 0.590189
0 0.813750 0.433544 0.847500 0.465190
0 0.647500 0.621835 0.681250 0.650316
0 0.373750 0.555380 0.407500 0.588608
0 0.592500 0.803797 0.626250 0.837025
0 0.592500 0.620254 0.623750 0.648734
0 0.207500 0.493671 0.240000 0.525317
0 0.207500 0.393987 0.241250 0.428797
0 0.428750 0.620254 0.461250 0.650316
0 0.095000 0.522152 0.128750 0.556962
0 0.813750 0.650317 0.847500 0.685127
0 0.430000 0.590191 0.460000 0.620254
0 0.593750 0.556963 0.626250 0.587025
0 0.263750 0.617088 0.295000 0.648734
0 0.647500 0.772152 0.680000 0.805380
0 0.648750 0.708861 0.680000 0.742089
0 0.647500 0.835443 0.678750 0.868671
0 0.318750 0.463608 0.351250 0.496836
0 0.153750 0.492088 0.186250 0.523734
0 0.537500 0.591773 0.570000 0.621835
0 0.592500 0.495254 0.626250 0.525316
0 0.207500 0.738924 0.242500 0.773734
0 0.702500 0.618671 0.736250 0.650317
0 0.758750 0.463608 0.791250 0.498418
0 0.317500 0.398734 0.352500 0.431962
0 0.648750 0.365506 0.681250 0.398734
0 0.537500 0.712025 0.570000 0.742088
0 0.647500 0.430380 0.681250 0.465190
0 0.430000 0.463608 0.461250 0.493670
0 0.095000 0.393987 0.130000 0.428797
0 0.536250 0.742089 0.570000 0.775317
0 0.592500 0.710443 0.626250 0.743671
0 0.593750 0.463607 0.626250 0.495253
0 0.593750 0.648734 0.625000 0.681962
0 0.595000 0.400316 0.626250 0.433544
0 0.595000 0.431962 0.625000 0.463608
0 0.318750 0.431962 0.352500 0.463608
0 0.702500 0.435127 0.737500 0.469937
0 0.538750 0.650316 0.570000 0.681962
0 0.588750 0.525316 0.626250 0.558544
0 0.537500 0.556962 0.571250 0.590190
0 0.648750 0.588608 0.681250 0.621836
0 0.537500 0.681963 0.568750 0.712025
0 0.316250 0.362342 0.352500 0.398734
0 0.538750 0.431962 0.571250 0.465190
0 0.208750 0.460443 0.240000 0.493671
0 0.647500 0.463608 0.681250 0.496836
0 0.430000 0.431962 0.461250 0.463608
0 0.593750 0.588608 0.626250 0.618671
0 0.428750 0.495253 0.461250 0.526899
0 0.757500 0.365507 0.793750 0.401899
