0 0.506667 0.741830 0.528889 0.764706
0 0.506667 0.718954 0.528889 0.746732
0 0.898890 0.686274 0.922223 0.717320
0 0.485556 0.480392 0.525556 0.511438
0 0.918889 0.315359 0.943333 0.349673
0 0.176666 0.728758 0.212222 0.767974
0 0.898890 0.599673 0.922223 0.637255
0 0.177778 0.813725 0.211111 0.851307
0 0.071110 0.857843 0.107777 0.898693
0 0.923333 0.727124 0.945555 0.759804
0 0.487777 0.364379 0.526666 0.393791
0 0.903334 0.764706 0.940001 0.802288
0 0.641111 0.312091 0.675555 0.351307
0 0.920000 0.395425 0.944444 0.429739
0 0.069999 0.815359 0.106666 0.859477
0 0.898889 0.521242 0.921111 0.550654
0 0.898889 0.643791 0.921111 0.676471
0 0.643334 0.478758 0.676667 0.519608
0 0.896666 0.725490 0.919999 0.761438
0 0.175556 0.315359 0.210000 0.356209
0 0.175555 0.645425 0.213333 0.692811
0 0.071110 0.898693 0.107777 0.944445
0 0.923333 0.645425 0.945555 0.674837
0 0.920000 0.276144 0.942222 0.312092
0 0.175556 0.766340 0.212223 0.816994
0 0.924445 0.601307 0.945556 0.635621
0 0.175555 0.692810 0.211111 0.730392
0 0.897777 0.560457 0.918888 0.593137
0 0.921111 0.437908 0.945555 0.473856
0 0.923333 0.519608 0.944445 0.550654
0 0.895555 0.274510 0.916667 0.310458
0 0.070000 0.692810 0.105556 0.733660
0 0.923334 0.683006 0.946667 0.718954
0 0.896667 0.436274 0.918889 0.470588
0 0.800000 0.848039 0.834444 0.892157
0 0.068888 0.732026 0.105555 0.772876
0 0.696667 0.766340 0.728889 0.803922
0 0.895556 0.395425 0.917778 0.429739
0 0.922222 0.558823 0.945555 0.596405
0 0.436666 0.645425 0.470000 0.686275
0 0.921111 0.354575 0.943333 0.390523
0 0.922222 0.478758 0.945555 0.511438
0 0.484445 0.197712 0.525555 0.230392
0 0.069999 0.772876 0.106666 0.816994
0 0.539999 0.478758 0.576666 0.522876
0 0.800001 0.766340 0.833334 0.805556
0 0.071111 0.566993 0.105555 0.607843
0 0.746667 0.271242 0.778889 0.310458
0 0.227778 0.439542 0.260000 0.480392
0 0.224444 0.232026 0.262222 0.271242
0 0.695555 0.728758 0.731111 0.769608
0 0.332222 0.228758 0.364444 0.271242
0 0.540000 0.602941 0.574444 0.642157
0 0.123334 0.184640 0.156667 0.230392
0 0.227778 0.480392 0.262222 0.522876
0 0.278889 0.184640 0.314445 0.228758
0 0.538888 0.642157 0.575555 0.687909
0 0.333334 0.183006 0.364445 0.227124
0 0.800000 0.642157 0.832222 0.681373
0 0.746666 0.437908 0.782222 0.473856
0 0.590000 0.810457 0.627778 0.852941
0 0.747778 0.352941 0.777778 0.392157
0 0.280000 0.441176 0.315556 0.482026
0 0.122222 0.232026 0.157778 0.276144
0 0.385556 0.725490 0.420000 0.767974
0 0.591111 0.766340 0.626667 0.810458
0 0.746666 0.601307 0.782222 0.643791
0 0.641111 0.727124 0.678889 0.769608
0 0.227777 0.183006 0.261111 0.232026
0 0.280000 0.354575 0.314444 0.397059
0 0.747778 0.679738 0.785556 0.723856
0 0.644445 0.643791 0.676667 0.683007
0 0.850000 0.395425 0.883333 0.437909
0 0.281111 0.562091 0.315555 0.604575
0 0.592222 0.601307 0.626666 0.643791
0 0.797778 0.269608 0.832222 0.313726
0 0.385555 0.767974 0.421111 0.810458
0 0.592222 0.436274 0.625556 0.473856
0 0.800000 0.517974 0.832222 0.560458
0 0.334445 0.480392 0.367777 0.522876
0 0.642222 0.352941 0.676666 0.395425
0 0.384445 0.562091 0.418889 0.602941
0 0.437778 0.227124 0.471110 0.272876
0 0.694444 0.599673 0.730000 0.642157
0 0.226667 0.604575 0.264445 0.647059
0 0.694445 0.271242 0.726667 0.312092
0 0.541111 0.356209 0.572223 0.395425
0 0.798889 0.393791 0.833333 0.436275
0 0.591112 0.225490 0.624445 0.272876
0 0.540000 0.227124 0.574444 0.269608
0 0.277778 0.397059 0.313334 0.441177
0 0.745556 0.519608 0.782223 0.560458
0 0.850000 0.352941 0.883333 0.395425
0 0.797778 0.477124 0.832222 0.517974
0 0.383333 0.519608 0.418889 0.562092
0 0.226667 0.271242 0.261111 0.313726
0 0.745556 0.558823 0.782223 0.602941
0 0.383334 0.354575 0.417778 0.393791
0 0.695555 0.228758 0.726667 0.271242
0 0.746667 0.723856 0.784445 0.767974
0 0.800001 0.602941 0.833334 0.642157
0 0.641111 0.227124 0.675555 0.271242
0 0.227777 0.313725 0.261111 0.356209
0 0.591112 0.274510 0.624445 0.313726
0 0.746667 0.473856 0.781111 0.519608
0 0.435555 0.436274 0.472222 0.478758
0 0.643334 0.436274 0.676667 0.477124
0 0.643334 0.803921 0.680001 0.849673
0 0.538889 0.179738 0.574445 0.227124
0 0.383333 0.227124 0.418889 0.272876
0 0.642222 0.519608 0.676666 0.560458
0 0.383333 0.272876 0.418889 0.313726
0 0.483334 0.266012 0.526667 0.299019
0 0.848256 0.472059 0.884923 0.520784
0 0.385556 0.181372 0.417778 0.227124
0 0.068888 0.442810 0.105555 0.485294
0 0.332222 0.313725 0.365556 0.351307
0 0.437777 0.183006 0.468888 0.227124
0 0.070000 0.400327 0.105556 0.442811
0 0.592222 0.684640 0.626666 0.727124
0 0.281111 0.519608 0.314445 0.560458
0 0.437778 0.769608 0.472222 0.810458
0 0.173334 0.183006 0.210001 0.228758
0 0.281110 0.687908 0.317777 0.728758
0 0.385556 0.602941 0.420000 0.645425
0 0.226666 0.522876 0.263333 0.563726
0 0.437778 0.686274 0.471110 0.728758
0 0.227778 0.356209 0.260000 0.397059
0 0.122222 0.356209 0.158889 0.397059
0 0.746667 0.643791 0.783334 0.683007
0 0.541111 0.725490 0.575555 0.767974
0 0.280000 0.228758 0.313334 0.269608
0 0.281111 0.604575 0.315555 0.645425
0 0.639999 0.178104 0.676666 0.227124
0 0.281112 0.271242 0.312223 0.312092
0 0.436667 0.601307 0.471111 0.647059
0 0.643334 0.562091 0.676667 0.601307
0 0.592222 0.473856 0.624444 0.517974
0 0.591110 0.725490 0.627777 0.766340
0 0.695555 0.805555 0.732222 0.851307
0 0.485556 0.429738 0.525556 0.477124
0 0.538889 0.522876 0.574445 0.563726
0 0.693334 0.684640 0.730001 0.728758
0 0.692222 0.395425 0.727778 0.436275
0 0.642223 0.683006 0.678890 0.727124
0 0.692222 0.176470 0.727778 0.227124
0 0.746667 0.390523 0.781111 0.436275
0 0.591111 0.558823 0.626667 0.599673
0 0.798889 0.558823 0.834445 0.602941
0 0.590000 0.176470 0.624444 0.227124
0 0.641111 0.271242 0.676667 0.312092
0 0.693334 0.310457 0.727778 0.352941
0 0.226667 0.397059 0.261111 0.441177
0 0.693334 0.352941 0.727778 0.395425
0 0.591111 0.354575 0.625555 0.395425
0 0.694445 0.436274 0.728889 0.475490
0 0.591111 0.395425 0.626667 0.436275
0 0.540000 0.437908 0.573334 0.478758
0 0.435556 0.272876 0.470000 0.313726
0 0.384445 0.313725 0.418889 0.354575
0 0.798889 0.351307 0.833333 0.393791
0 0.332222 0.439542 0.365556 0.480392
0 0.435555 0.356209 0.471111 0.397059
0 0.695556 0.558823 0.730000 0.601307
0 0.591110 0.517974 0.627777 0.558824
0 0.332222 0.351307 0.365556 0.393791
0 0.798889 0.436274 0.833333 0.477124
0 0.590000 0.313725 0.625556 0.354575
0 0.538889 0.269608 0.573333 0.313726
0 0.693334 0.642157 0.730001 0.684641
0 0.383334 0.393791 0.417778 0.436275
0 0.694445 0.475490 0.728889 0.519608
0 0.591111 0.643791 0.626667 0.686275
0 0.331111 0.395425 0.366667 0.439543
0 0.331111 0.271242 0.368889 0.313726
0 0.384445 0.436274 0.418889 0.480392
0 0.852222 0.313725 0.882222 0.352941
0 0.070000 0.485294 0.105556 0.522876
0 0.227778 0.812091 0.263334 0.852941
0 0.903333 0.848039 0.941111 0.892157
0 0.281111 0.852941 0.316667 0.890523
0 0.228889 0.897059 0.264445 0.937909
0 0.071111 0.606209 0.105555 0.648693
0 0.483334 0.132353 0.526667 0.166667
0 0.542223 0.849673 0.573333 0.893791
0 0.903334 0.803921 0.940001 0.846405
0 0.176667 0.851307 0.213334 0.898693
0 0.484445 0.163399 0.525555 0.199347
0 0.069999 0.648693 0.106666 0.692811
0 0.385555 0.892157 0.421111 0.939543
0 0.227777 0.851307 0.264444 0.897059
0 0.226666 0.771242 0.263333 0.813726
0 0.174444 0.439542 0.210000 0.482026
0 0.797778 0.892157 0.836666 0.936275
0 0.437778 0.849673 0.472222 0.895425
0 0.435555 0.313725 0.471111 0.352941
0 0.385556 0.851307 0.418888 0.893791
0 0.896666 0.473856 0.919999 0.513072
0 0.895556 0.313725 0.917778 0.349673
0 0.905555 0.890523 0.942222 0.933007
0 0.226666 0.728758 0.263333 0.771242
0 0.644444 0.892157 0.680000 0.937909
0 0.436667 0.895425 0.471111 0.936275
0 0.071111 0.318627 0.105555 0.357843
0 0.797778 0.129085 0.832222 0.181373
0 0.280000 0.813725 0.316667 0.852941
0 0.542222 0.810457 0.572222 0.849673
0 0.798889 0.727124 0.834445 0.767974
0 0.747778 0.767974 0.783334 0.805556
0 0.438889 0.810457 0.471111 0.849673
0 0.070000 0.522876 0.107778 0.566994
0 0.227778 0.686274 0.263334 0.728758
0 0.436667 0.727124 0.471111 0.767974
0 0.851112 0.266340 0.880000 0.313726
0 0.643333 0.849673 0.678889 0.893791
0 0.798889 0.313725 0.831111 0.351307
0 0.281111 0.728758 0.316667 0.769608
0 0.282222 0.892157 0.316666 0.941177
0 0.334445 0.562091 0.366667 0.601307
0 0.176667 0.563725 0.211111 0.604575
0 0.747777 0.893791 0.784444 0.936275
0 0.850000 0.437908 0.882222 0.472222
0 0.540000 0.312091 0.574444 0.357843
0 0.280000 0.312091 0.314444 0.354575
0 0.071111 0.232026 0.106667 0.271242
0 0.175556 0.898693 0.214445 0.942811
0 0.071111 0.186274 0.105555 0.232026
0 0.336666 0.522876 0.365556 0.560458
0 0.228889 0.647059 0.263333 0.687909
0 0.386667 0.686274 0.417778 0.725490
0 0.436667 0.562091 0.471111 0.599673
0 0.694444 0.849673 0.732222 0.895425
0 0.643333 0.767974 0.678889 0.805556
0 0.591110 0.895425 0.627777 0.936275
0 0.798889 0.183006 0.832222 0.227124
0 0.175556 0.395425 0.210000 0.439543
0 0.694445 0.895425 0.731112 0.934641
0 0.746667 0.849673 0.783334 0.892157
0 0.483333 0.228758 0.525555 0.267974
0 0.175555 0.604575 0.211111 0.647059
0 0.747778 0.807189 0.783334 0.849673
0 0.895555 0.352941 0.916667 0.388889
0 0.174445 0.483660 0.208889 0.526144
0 0.175556 0.524510 0.210000 0.563726
0 0.798889 0.805555 0.833333 0.848039
0 0.541111 0.769608 0.574445 0.810458
0 0.174444 0.228758 0.210000 0.271242
0 0.334445 0.601307 0.366667 0.645425
0 0.068888 0.138889 0.105555 0.184641
0 0.541111 0.895425 0.577778 0.936275
0 0.122222 0.315359 0.158889 0.356209
0 0.541111 0.397059 0.573333 0.436275
0 0.592222 0.851307 0.627778 0.893791
0 0.746667 0.310457 0.778889 0.352941
0 0.280000 0.645425 0.316667 0.687909
0 0.071111 0.356209 0.105555 0.398693
0 0.540000 0.686274 0.575556 0.725490
0 0.174445 0.354575 0.211112 0.395425
0 0.538889 0.563725 0.574445 0.602941
0 0.383334 0.480392 0.417778 0.521242
0 0.642222 0.602941 0.676666 0.642157
0 0.436667 0.524510 0.471111 0.562092
0 0.744444 0.176470 0.782222 0.227124
0 0.386667 0.812091 0.418889 0.851307
0 0.123334 0.276144 0.156667 0.315360
0 0.385556 0.645425 0.418888 0.686275
0 0.744444 0.227124 0.781111 0.271242
0 0.280000 0.137255 0.314444 0.184641
0 0.280000 0.769608 0.316667 0.813726
0 0.696667 0.517974 0.726667 0.558824
0 0.643334 0.395425 0.677778 0.434641
0 0.434445 0.480392 0.473333 0.526144
0 0.798889 0.681372 0.833333 0.727124
0 0.280000 0.480392 0.315556 0.521242
0 0.068889 0.272876 0.106667 0.318628
0 0.122222 0.397059 0.158889 0.446079
0 0.174445 0.271242 0.211112 0.316994
0 0.797778 0.227124 0.832222 0.269608
0 0.227778 0.563725 0.263334 0.604575
0 0.436666 0.397059 0.470000 0.434641
0 0.485556 0.331700 0.527778 0.364216
0 0.485556 0.297385 0.527778 0.333333
