0 0.255000 0.835443 0.291250 0.867089
0 0.496250 0.659810 0.520000 0.678639
0 0.497750 0.852849 0.518750 0.870412
0 0.498750 0.587025 0.520000 0.607436
0 0.496250 0.628165 0.520000 0.645728
0 0.481975 0.385031 0.511013 0.404382
0 0.481725 0.404382 0.512825 0.423418
0 0.480425 0.424398 0.510750 0.455885
0 0.486125 0.455238 0.506875 0.471979
0 0.497488 0.645411 0.519100 0.663370
0 0.498825 0.871456 0.518987 0.897896
0 0.423025 0.838117 0.452175 0.873386
0 0.421250 0.873386 0.455200 0.902642
0 0.087487 0.331139 0.106063 0.355759
0 0.478876 0.326946 0.512050 0.347294
0 0.483800 0.347627 0.512050 0.366978
0 0.479876 0.366329 0.513862 0.387643
0 0.498199 0.678022 0.519512 0.693134
0 0.311250 0.770570 0.346250 0.803798
0 0.697500 0.743671 0.731250 0.776899
0 0.367500 0.742088 0.400000 0.773734
0 0.645000 0.397151 0.677500 0.425632
0 0.885000 0.492089 0.908750 0.522151
0 0.147500 0.419304 0.180000 0.452532
0 0.110000 0.417722 0.135000 0.452532
0 0.643750 0.610760 0.677500 0.645570
0 0.645000 0.585444 0.676250 0.615506
0 0.777500 0.253165 0.798750 0.281645
0 0.865000 0.395570 0.900000 0.428798
0 0.256250 0.642405 0.291250 0.675633
0 0.753750 0.587025 0.788750 0.617088
0 0.690000 0.286392 0.716250 0.314873
0 0.256250 0.449367 0.291250 0.487341
0 0.700000 0.428797 0.733750 0.460443
0 0.531250 0.772152 0.566250 0.806962
0 0.700000 0.458861 0.733750 0.492089
0 0.885000 0.462026 0.907500 0.490507
0 0.858750 0.460444 0.880000 0.490506
0 0.311250 0.867088 0.346250 0.898734
0 0.081250 0.515823 0.105000 0.549051
0 0.697500 0.712025 0.732500 0.745253
0 0.641250 0.841773 0.676250 0.871835
0 0.255000 0.802215 0.290000 0.837025
0 0.698750 0.395570 0.735000 0.428798
0 0.700000 0.617089 0.732500 0.647151
0 0.311250 0.609177 0.346250 0.645569
0 0.533750 0.645569 0.566250 0.677215
0 0.665000 0.145569 0.690000 0.177215
0 0.110000 0.547469 0.132500 0.575950
0 0.257500 0.420887 0.291250 0.450950
0 0.310000 0.802215 0.346250 0.833861
0 0.883750 0.428797 0.908750 0.462025
0 0.755000 0.525316 0.787500 0.556962
0 0.420000 0.740506 0.453750 0.772152
0 0.531250 0.805380 0.565000 0.838608
0 0.753750 0.811709 0.786250 0.841772
0 0.865000 0.365507 0.900000 0.395569
0 0.698750 0.490507 0.733750 0.520570
0 0.691250 0.180379 0.718750 0.210443
0 0.865000 0.588608 0.898750 0.618671
0 0.755000 0.397153 0.788750 0.427215
0 0.590000 0.425633 0.623750 0.457279
0 0.753750 0.745253 0.786250 0.776899
0 0.863750 0.650316 0.897500 0.681962
0 0.697500 0.843355 0.731250 0.873417
0 0.082500 0.419303 0.105000 0.447784
0 0.753750 0.427216 0.787500 0.457278
0 0.147500 0.381329 0.182500 0.419303
0 0.530000 0.870253 0.565000 0.901899
0 0.752500 0.712025 0.787500 0.745253
0 0.865000 0.556962 0.900000 0.588608
0 0.746250 0.287975 0.771250 0.316456
0 0.257500 0.547468 0.290000 0.579114
0 0.255000 0.770569 0.290000 0.802215
0 0.255000 0.867088 0.290000 0.898734
0 0.641250 0.775316 0.675000 0.806962
0 0.753750 0.617089 0.787500 0.650317
0 0.752500 0.681962 0.788750 0.713608
0 0.367500 0.773734 0.401250 0.805380
0 0.110000 0.452531 0.132500 0.479430
0 0.082500 0.484178 0.106250 0.514240
0 0.108750 0.324368 0.132500 0.354430
0 0.887500 0.333861 0.907500 0.359177
0 0.312500 0.648734 0.347500 0.667722
0 0.366250 0.859177 0.400000 0.900316
0 0.477500 0.526899 0.513750 0.558545
0 0.535000 0.382911 0.567500 0.416139
0 0.366250 0.835442 0.398750 0.873418
0 0.498750 0.607595 0.518750 0.628165
0 0.535000 0.417721 0.568750 0.450949
0 0.475000 0.496836 0.513750 0.533228
0 0.700000 0.556963 0.733750 0.585444
0 0.256250 0.484177 0.292500 0.515823
0 0.498750 0.693038 0.518750 0.716772
0 0.312500 0.420886 0.347500 0.452532
0 0.642500 0.740506 0.676250 0.775316
0 0.747500 0.185126 0.772500 0.213607
0 0.312500 0.485760 0.347500 0.515822
0 0.091250 0.386076 0.123750 0.417722
0 0.532500 0.710444 0.567500 0.740506
0 0.497500 0.568038 0.518750 0.588608
0 0.533750 0.677215 0.567500 0.712025
0 0.700000 0.585443 0.732500 0.617089
0 0.425000 0.553797 0.456250 0.580696
0 0.858750 0.431962 0.880000 0.455696
0 0.860000 0.335444 0.881250 0.363924
0 0.476250 0.784810 0.510000 0.816456
0 0.641250 0.873418 0.675000 0.905064
0 0.860000 0.490506 0.882500 0.517405
0 0.753750 0.556962 0.787500 0.588608
0 0.092500 0.357595 0.125000 0.386076
0 0.643750 0.710443 0.677500 0.743671
0 0.312500 0.452532 0.346250 0.485760
0 0.643750 0.424051 0.678750 0.457279
0 0.751250 0.841772 0.786250 0.873418
0 0.752500 0.873418 0.786250 0.906646
0 0.367500 0.707279 0.400000 0.743671
0 0.368750 0.643988 0.400000 0.674050
0 0.752500 0.648734 0.788750 0.681962
0 0.776250 0.147152 0.802500 0.178798
0 0.111250 0.514240 0.132500 0.542721
0 0.697500 0.775316 0.732500 0.808544
0 0.311250 0.386076 0.348750 0.422468
0 0.311250 0.670886 0.346250 0.707278
0 0.720000 0.253164 0.743750 0.284810
0 0.367500 0.805380 0.401250 0.837026
0 0.865000 0.522152 0.901250 0.556962
0 0.082500 0.450950 0.103750 0.479430
0 0.420000 0.772152 0.455000 0.803798
0 0.753750 0.776899 0.787500 0.811709
0 0.865000 0.618671 0.897500 0.651899
0 0.257500 0.515823 0.291250 0.549051
0 0.531250 0.838608 0.565000 0.871836
0 0.312500 0.580697 0.346250 0.610760
0 0.811250 0.397152 0.843750 0.428798
0 0.422500 0.613923 0.456250 0.640822
0 0.256250 0.579114 0.291250 0.610760
0 0.748750 0.148734 0.773750 0.180380
0 0.310000 0.832279 0.346250 0.868671
0 0.256250 0.675633 0.291250 0.705696
0 0.698750 0.680380 0.732500 0.713608
0 0.776250 0.215190 0.800000 0.248418
0 0.111250 0.484178 0.132500 0.512659
0 0.745000 0.253165 0.772500 0.283227
0 0.590000 0.457279 0.623750 0.492089
0 0.422500 0.677215 0.455000 0.710443
0 0.368750 0.420886 0.403750 0.454114
0 0.721250 0.147152 0.745000 0.177215
0 0.646250 0.359177 0.677500 0.395569
0 0.811250 0.365506 0.845000 0.397152
0 0.776250 0.286392 0.801250 0.318038
0 0.747500 0.218355 0.772500 0.248418
0 0.690000 0.253165 0.716250 0.281645
0 0.367500 0.452531 0.402500 0.484177
0 0.256250 0.610759 0.290000 0.642405
0 0.312500 0.549050 0.346250 0.579113
0 0.530000 0.738924 0.567500 0.773734
0 0.420000 0.710443 0.455000 0.742089
0 0.253750 0.738924 0.291250 0.770570
0 0.810000 0.330696 0.846250 0.365506
0 0.642500 0.805380 0.676250 0.841772
0 0.776250 0.181962 0.802500 0.213608
0 0.721250 0.216772 0.743750 0.248418
0 0.421250 0.803798 0.456250 0.838608
0 0.532500 0.585444 0.565000 0.615506
0 0.533750 0.522152 0.566250 0.553798
0 0.146250 0.450949 0.181250 0.485759
0 0.642500 0.678797 0.677500 0.710443
0 0.311250 0.737342 0.346250 0.772152
0 0.863750 0.681962 0.898750 0.715190
0 0.423750 0.485759 0.457500 0.518987
0 0.311250 0.707278 0.346250 0.738924
0 0.423750 0.455696 0.457500 0.487342
0 0.720000 0.287975 0.743750 0.316456
0 0.697500 0.808544 0.732500 0.843354
0 0.532500 0.613924 0.566250 0.647152
0 0.753750 0.457278 0.788750 0.490506
0 0.367500 0.612342 0.400000 0.643988
0 0.088750 0.675633 0.123750 0.705696
0 0.368750 0.386076 0.405000 0.420886
0 0.590000 0.359177 0.625000 0.393987
0 0.367500 0.520570 0.401250 0.550632
0 0.535000 0.490506 0.566250 0.522152
0 0.147500 0.577532 0.180000 0.613924
0 0.257500 0.705696 0.290000 0.737342
0 0.643750 0.490507 0.677500 0.520570
0 0.811250 0.427215 0.843750 0.460443
0 0.588750 0.393987 0.623750 0.425633
0 0.697500 0.647152 0.732500 0.680380
0 0.696250 0.871836 0.732500 0.906646
0 0.643750 0.645570 0.677500 0.678798
0 0.645000 0.457278 0.678750 0.490506
0 0.422500 0.643987 0.455000 0.678797
0 0.146250 0.514241 0.180000 0.549051
0 0.202500 0.420886 0.236250 0.452532
0 0.146250 0.485760 0.181250 0.515822
0 0.688750 0.219937 0.716250 0.250000
0 0.088750 0.705696 0.125000 0.740506
0 0.645000 0.553797 0.677500 0.585443
0 0.532500 0.552215 0.567500 0.585443
0 0.367500 0.549050 0.402500 0.580696
0 0.146250 0.547469 0.178750 0.577531
0 0.755000 0.360760 0.791250 0.397152
0 0.088750 0.640823 0.125000 0.675633
0 0.720000 0.181962 0.743750 0.213608
0 0.203750 0.384494 0.236250 0.420886
0 0.311250 0.515823 0.346250 0.550633
0 0.367500 0.580696 0.401250 0.612342
0 0.645000 0.522152 0.678750 0.553798
0 0.088750 0.609177 0.123750 0.642405
0 0.755000 0.490506 0.788750 0.523734
0 0.662500 0.180380 0.688750 0.213608
0 0.090000 0.572785 0.126250 0.609177
0 0.693750 0.145570 0.718750 0.178798
0 0.700000 0.520570 0.733750 0.556962
0 0.257500 0.384494 0.292500 0.420886
0 0.422500 0.579114 0.457500 0.613924
0 0.810000 0.460443 0.843750 0.493671
0 0.700000 0.359177 0.735000 0.395569
0 0.201250 0.452532 0.237500 0.487342
0 0.423750 0.518987 0.457500 0.553797
0 0.367500 0.674051 0.400000 0.708861
0 0.423750 0.422468 0.458750 0.455696
0 0.368750 0.485760 0.402500 0.520570
0 0.533750 0.454114 0.567500 0.488924
0 0.423750 0.384493 0.458750 0.422468
