0 0.695000 0.324367 0.718750 0.356013
0 0.315000 0.631329 0.351250 0.674051
0 0.498750 0.666139 0.521250 0.696202
0 0.480000 0.382912 0.516250 0.412974
0 0.805000 0.329114 0.827500 0.354430
0 0.813750 0.357594 0.848750 0.384493
0 0.647500 0.329114 0.678750 0.357594
0 0.261250 0.643987 0.295000 0.675633
0 0.498750 0.696203 0.520000 0.719937
0 0.170000 0.484178 0.191250 0.514240
0 0.645000 0.642405 0.681250 0.677215
0 0.695000 0.422469 0.717500 0.450950
0 0.142500 0.419303 0.163750 0.446203
0 0.720000 0.518988 0.743750 0.545887
0 0.142500 0.452532 0.162500 0.477848
0 0.147500 0.802215 0.185000 0.835443
0 0.095000 0.610759 0.128750 0.643987
0 0.645000 0.579114 0.681250 0.613924
0 0.205000 0.610759 0.238750 0.643987
0 0.315000 0.802215 0.348750 0.835443
0 0.261250 0.420886 0.295000 0.452532
0 0.148750 0.704114 0.185000 0.738924
0 0.141250 0.482596 0.163750 0.512659
0 0.831250 0.420886 0.856250 0.454114
0 0.168750 0.416139 0.193750 0.452531
0 0.536250 0.837025 0.568750 0.867088
0 0.315000 0.580696 0.348750 0.612342
0 0.095000 0.547468 0.127500 0.579114
0 0.150000 0.770569 0.185000 0.802215
0 0.150000 0.738924 0.183750 0.770570
0 0.317500 0.419304 0.348750 0.449367
0 0.260000 0.708861 0.295000 0.743671
0 0.170000 0.454114 0.192500 0.479430
0 0.095000 0.515823 0.127500 0.547469
0 0.721250 0.455697 0.745000 0.484177
0 0.758750 0.392406 0.792500 0.422468
0 0.148750 0.835443 0.185000 0.868671
0 0.538750 0.452531 0.570000 0.484177
0 0.535000 0.710444 0.568750 0.738924
0 0.721250 0.420886 0.746250 0.454114
0 0.757500 0.352849 0.792500 0.393988
0 0.426250 0.382911 0.461250 0.424050
0 0.701250 0.545886 0.737500 0.582278
0 0.536250 0.773734 0.568750 0.800633
0 0.261250 0.515823 0.295000 0.547469
0 0.721250 0.485760 0.743750 0.515822
0 0.261250 0.450949 0.295000 0.482595
0 0.095000 0.579114 0.128750 0.610760
0 0.260000 0.547468 0.295000 0.579114
0 0.538750 0.867089 0.568750 0.900317
0 0.867500 0.579114 0.901250 0.613924
0 0.647500 0.517406 0.680000 0.547469
0 0.866250 0.352848 0.901250 0.390823
0 0.867500 0.390823 0.903750 0.424051
0 0.206250 0.577532 0.238750 0.610760
0 0.593750 0.389240 0.625000 0.420886
0 0.867500 0.517405 0.900000 0.549051
0 0.811250 0.545886 0.845000 0.582278
0 0.538750 0.515823 0.568750 0.547469
0 0.095000 0.450950 0.127500 0.481012
0 0.206250 0.547469 0.238750 0.577531
0 0.647500 0.389240 0.680000 0.420886
0 0.260000 0.803798 0.295000 0.838608
0 0.757500 0.485760 0.791250 0.520570
0 0.206250 0.772152 0.240000 0.805380
0 0.867500 0.549050 0.901250 0.580696
0 0.372500 0.417722 0.405000 0.455697
0 0.317500 0.384494 0.350000 0.419304
0 0.536250 0.379747 0.572500 0.422469
0 0.758750 0.454115 0.791250 0.484177
0 0.537500 0.580696 0.570000 0.612342
0 0.535000 0.643987 0.570000 0.677215
0 0.811250 0.645570 0.846250 0.680380
0 0.207500 0.517406 0.240000 0.547469
0 0.205000 0.642405 0.240000 0.675633
0 0.095000 0.481013 0.126250 0.514241
0 0.095000 0.419304 0.127500 0.450950
0 0.700000 0.674050 0.736250 0.713608
0 0.757500 0.422468 0.792500 0.454114
0 0.648750 0.484177 0.680000 0.517405
0 0.260000 0.579114 0.295000 0.613924
0 0.150000 0.579114 0.183750 0.610760
0 0.535000 0.738924 0.570000 0.772152
0 0.093750 0.387658 0.127500 0.419304
0 0.148750 0.610759 0.183750 0.643987
0 0.592500 0.419304 0.626250 0.454114
0 0.205000 0.675633 0.241250 0.710443
0 0.206250 0.382912 0.238750 0.419304
0 0.316250 0.482595 0.351250 0.517405
0 0.536250 0.610760 0.570000 0.645570
0 0.535000 0.675633 0.570000 0.710443
0 0.537500 0.484178 0.570000 0.514240
0 0.647500 0.452531 0.681250 0.484177
0 0.315000 0.545886 0.348750 0.580696
0 0.317500 0.449367 0.350000 0.484177
0 0.260000 0.482595 0.295000 0.515823
0 0.208750 0.450949 0.238750 0.482595
0 0.207500 0.419304 0.238750 0.450950
0 0.092500 0.351266 0.128750 0.387658
0 0.260000 0.382912 0.295000 0.422468
0 0.537500 0.549050 0.568750 0.580696
0 0.207500 0.482595 0.240000 0.517405
0 0.533750 0.800632 0.570000 0.838608
0 0.646250 0.419304 0.681250 0.452532
0 0.148750 0.544304 0.185000 0.579114
0 0.142500 0.324368 0.165000 0.352849
0 0.171250 0.321203 0.192500 0.349683
0 0.482500 0.784810 0.511250 0.813291
0 0.096250 0.738924 0.127500 0.770570
0 0.316250 0.610760 0.350000 0.651899
0 0.646250 0.351266 0.678750 0.389240
0 0.592500 0.325950 0.626250 0.354430
0 0.480000 0.435127 0.516250 0.469937
0 0.691250 0.485759 0.715000 0.517405
0 0.093750 0.770569 0.128750 0.802215
0 0.701250 0.612342 0.735000 0.645570
0 0.703750 0.357595 0.735000 0.392405
0 0.693750 0.455696 0.716250 0.479430
0 0.646250 0.675633 0.680000 0.710443
0 0.150000 0.386077 0.183750 0.416139
0 0.095000 0.642405 0.127500 0.675633
0 0.315000 0.707278 0.350000 0.740506
0 0.317500 0.515822 0.348750 0.544303
0 0.315000 0.738924 0.348750 0.772152
0 0.261250 0.870728 0.295000 0.898734
0 0.261250 0.838607 0.293750 0.870253
0 0.206725 0.711250 0.239225 0.737658
0 0.205000 0.737975 0.240000 0.772151
0 0.315000 0.867880 0.350000 0.897152
0 0.095000 0.707120 0.128750 0.738924
0 0.095000 0.675633 0.128750 0.706487
0 0.811250 0.582278 0.846250 0.613924
0 0.803750 0.485759 0.825000 0.518987
0 0.151250 0.352848 0.183750 0.386076
0 0.260000 0.772152 0.295000 0.803798
0 0.092500 0.833861 0.128750 0.867089
0 0.812500 0.384494 0.848750 0.420886
0 0.701250 0.582278 0.735000 0.613924
0 0.316250 0.835443 0.350000 0.868671
0 0.868750 0.454115 0.901250 0.484177
0 0.260000 0.742089 0.295000 0.772151
0 0.646250 0.740506 0.680000 0.773734
0 0.646250 0.612342 0.681250 0.643988
0 0.701250 0.643987 0.735000 0.675633
0 0.646250 0.549050 0.680000 0.579113
0 0.258750 0.675633 0.296250 0.708861
0 0.316250 0.770569 0.348750 0.802215
0 0.150000 0.642405 0.183750 0.675633
0 0.373750 0.384494 0.402500 0.417722
0 0.168750 0.517405 0.192500 0.544304
0 0.868750 0.425633 0.902500 0.455696
0 0.148750 0.674050 0.185000 0.705696
0 0.501625 0.655222 0.522625 0.667358
0 0.499750 0.639462 0.520550 0.653576
0 0.502401 0.622737 0.522887 0.639082
0 0.501962 0.607342 0.519949 0.623260
0 0.500975 0.589620 0.519338 0.606709
0 0.484287 0.543861 0.513575 0.553370
0 0.481550 0.324620 0.517938 0.360838
0 0.721162 0.328370 0.745926 0.357754
0 0.832613 0.326409 0.855825 0.355807
0 0.501000 0.571202 0.521250 0.590190
0 0.481250 0.412975 0.516250 0.436709
0 0.483750 0.496835 0.515000 0.521203
0 0.481250 0.520570 0.517500 0.543355
0 0.481250 0.360759 0.517500 0.381329
0 0.537500 0.420886 0.571250 0.452532
0 0.868750 0.485760 0.901250 0.515822
0 0.315000 0.674051 0.351250 0.708861
0 0.805000 0.422469 0.826250 0.450950
0 0.593750 0.352848 0.625000 0.387658
0 0.832500 0.455697 0.855000 0.482596
0 0.830000 0.518988 0.855000 0.547469
0 0.805000 0.454114 0.825000 0.481013
0 0.262500 0.613924 0.293750 0.643987
0 0.500000 0.844937 0.521250 0.867089
0 0.645000 0.707279 0.678750 0.742089
0 0.090000 0.867089 0.128750 0.900317
0 0.831250 0.487341 0.855000 0.515822
0 0.095000 0.802215 0.128750 0.833861
0 0.500000 0.868671 0.522500 0.895570
0 0.702500 0.390823 0.735000 0.420885
0 0.372500 0.321203 0.406250 0.359177
0 0.371250 0.357595 0.406250 0.382911
0 0.811250 0.613924 0.845000 0.643987
