0 0.388001 0.687403 0.425333 0.726283
0 0.325333 0.688958 0.352000 0.724728
0 0.101333 0.433903 0.129333 0.468118
0 0.390667 0.325039 0.426667 0.363919
0 0.108000 0.580093 0.148000 0.614309
0 0.386667 0.867807 0.425334 0.905133
0 0.686666 0.687403 0.724000 0.723173
0 0.687999 0.614308 0.726666 0.653188
0 0.129333 0.359254 0.157333 0.393468
0 0.166667 0.688959 0.202667 0.721618
0 0.102667 0.359253 0.129334 0.395023
0 0.100000 0.286158 0.130667 0.323484
0 0.222666 0.506999 0.257333 0.539658
0 0.850666 0.432349 0.889333 0.469673
0 0.849333 0.544323 0.888000 0.580093
0 0.389333 0.398134 0.424001 0.432349
0 0.442667 0.544323 0.477334 0.576982
0 0.277333 0.651633 0.313333 0.684292
0 0.742667 0.328149 0.778667 0.362364
0 0.334667 0.545878 0.370667 0.580094
0 0.687999 0.539658 0.722666 0.576983
0 0.793333 0.367029 0.834666 0.402799
0 0.336000 0.326595 0.370667 0.363919
0 0.794666 0.328149 0.833333 0.367029
0 0.444001 0.360808 0.477333 0.398134
0 0.108000 0.541214 0.148000 0.578539
0 0.526667 0.328149 0.562667 0.359253
0 0.277333 0.685847 0.313333 0.723172
0 0.687999 0.398134 0.722666 0.437014
0 0.334666 0.399689 0.369333 0.433903
0 0.742667 0.471228 0.777334 0.503888
0 0.794666 0.506999 0.833333 0.544324
0 0.849333 0.471228 0.888000 0.505444
0 0.740000 0.578538 0.777334 0.614308
0 0.442667 0.615862 0.481334 0.650078
0 0.581333 0.290824 0.614667 0.323483
0 0.389333 0.506998 0.425333 0.542768
0 0.688000 0.654744 0.724000 0.687403
0 0.689333 0.508554 0.722666 0.539658
0 0.633333 0.286158 0.669333 0.326593
0 0.577333 0.687403 0.614667 0.723173
0 0.220000 0.687403 0.260000 0.726283
0 0.164000 0.544323 0.204000 0.580093
0 0.528000 0.360808 0.561334 0.393467
0 0.522667 0.687402 0.558667 0.721618
0 0.129333 0.432348 0.157333 0.468118
0 0.797333 0.435459 0.833333 0.469674
0 0.581333 0.615862 0.612000 0.650078
0 0.526667 0.505444 0.561334 0.538103
0 0.741333 0.433903 0.777333 0.469673
0 0.634667 0.508553 0.668000 0.541212
0 0.277334 0.544323 0.314666 0.576982
0 0.850666 0.289269 0.889333 0.328149
0 0.528000 0.469674 0.560000 0.502333
0 0.686667 0.578537 0.722667 0.612753
0 0.332001 0.471229 0.369333 0.510109
0 0.164000 0.614308 0.204000 0.653188
0 0.166666 0.469673 0.201333 0.506999
0 0.525334 0.395023 0.562667 0.432349
0 0.220000 0.395023 0.260000 0.433903
0 0.278666 0.283048 0.317333 0.323483
0 0.352000 0.726283 0.377334 0.755833
0 0.441333 0.286159 0.477333 0.325039
0 0.157333 0.870917 0.186666 0.905133
0 0.163999 0.796268 0.202666 0.833593
0 0.390667 0.726283 0.423999 0.757387
0 0.848000 0.869363 0.886667 0.902022
0 0.493333 0.763608 0.517333 0.791602
0 0.849333 0.832037 0.886667 0.866253
0 0.278667 0.832037 0.314667 0.866253
0 0.101333 0.325039 0.129333 0.356143
0 0.277334 0.799377 0.314666 0.833593
0 0.350666 0.760497 0.377333 0.794713
0 0.323999 0.762054 0.350666 0.794713
0 0.485333 0.180404 0.518667 0.206843
0 0.333333 0.508553 0.369333 0.545879
0 0.164000 0.833592 0.204000 0.870918
0 0.688000 0.828927 0.724000 0.864697
0 0.274667 0.866252 0.314667 0.902022
0 0.110667 0.685848 0.145334 0.718507
0 0.485333 0.415241 0.514667 0.449456
0 0.126667 0.472783 0.154667 0.502332
0 0.107999 0.758943 0.146667 0.797823
0 0.848000 0.794712 0.888000 0.832037
0 0.850666 0.506999 0.884000 0.544324
0 0.388001 0.832037 0.425333 0.867807
0 0.688000 0.723172 0.724000 0.760498
0 0.441333 0.762054 0.477333 0.794713
0 0.165333 0.580093 0.202666 0.614309
0 0.849333 0.685847 0.889333 0.723172
0 0.129333 0.287714 0.156000 0.320373
0 0.525334 0.580093 0.560001 0.614309
0 0.387999 0.650077 0.426667 0.687403
0 0.166666 0.396579 0.204000 0.433903
0 0.280000 0.255055 0.316000 0.278383
0 0.184000 0.874027 0.210667 0.903577
0 0.529334 0.258164 0.562667 0.279938
0 0.168000 0.253499 0.204000 0.278382
0 0.850666 0.332815 0.889333 0.356143
0 0.741333 0.258165 0.778667 0.283048
0 0.109334 0.718507 0.146667 0.757387
0 0.388000 0.797822 0.424000 0.830481
0 0.485333 0.206843 0.518667 0.237947
0 0.738667 0.830483 0.777334 0.867808
0 0.164000 0.508554 0.204000 0.544324
0 0.486667 0.384137 0.516000 0.412131
0 0.849333 0.760498 0.888000 0.793157
0 0.441333 0.796268 0.477333 0.827372
0 0.633333 0.869362 0.668000 0.900466
0 0.278667 0.726283 0.314667 0.757387
0 0.486667 0.345256 0.518667 0.382582
0 0.525334 0.614309 0.560001 0.646968
0 0.165333 0.760497 0.202666 0.794713
0 0.852000 0.401244 0.886667 0.432348
0 0.523999 0.833593 0.558666 0.864697
0 0.323999 0.726283 0.350666 0.758942
0 0.741333 0.614308 0.776000 0.650078
0 0.685333 0.796268 0.721333 0.828927
0 0.332000 0.614308 0.370667 0.653188
0 0.522666 0.867807 0.559999 0.898911
0 0.686666 0.866252 0.725333 0.902022
0 0.277334 0.617418 0.314666 0.651634
0 0.441333 0.827372 0.477333 0.866252
0 0.741333 0.723173 0.777333 0.758943
0 0.129333 0.398133 0.156000 0.427683
0 0.109334 0.615862 0.148001 0.650078
0 0.165333 0.721618 0.204001 0.760498
0 0.741333 0.687402 0.777333 0.721618
0 0.796000 0.404354 0.833334 0.433903
0 0.276001 0.757387 0.313333 0.796267
0 0.580000 0.723173 0.613333 0.762053
0 0.221333 0.615863 0.258666 0.651633
0 0.333334 0.654743 0.370666 0.685847
0 0.102667 0.399689 0.129334 0.429238
0 0.352000 0.688958 0.378667 0.723173
0 0.389333 0.617418 0.425333 0.651634
0 0.849333 0.650078 0.888000 0.685848
0 0.524000 0.721618 0.561334 0.758943
0 0.441333 0.650077 0.480000 0.684293
0 0.686667 0.762054 0.722667 0.794713
0 0.633333 0.760498 0.669333 0.796268
0 0.633333 0.832037 0.668000 0.869363
0 0.850667 0.615864 0.886667 0.648523
0 0.280000 0.508554 0.312000 0.539658
0 0.109334 0.503888 0.146667 0.539658
0 0.740000 0.796267 0.777334 0.830483
0 0.741333 0.760498 0.777333 0.796268
0 0.442667 0.869362 0.477334 0.903578
0 0.632000 0.794712 0.669334 0.830482
0 0.849333 0.580093 0.885333 0.615863
0 0.796000 0.287714 0.832000 0.328149
0 0.522667 0.793157 0.558667 0.832037
0 0.486667 0.275272 0.517334 0.307931
0 0.439999 0.723173 0.478666 0.762053
0 0.388001 0.758942 0.425333 0.794712
0 0.109334 0.650078 0.146667 0.685848
0 0.165333 0.653187 0.202666 0.687403
0 0.740000 0.869363 0.777334 0.902022
0 0.741333 0.650077 0.777333 0.687403
0 0.442667 0.435459 0.473334 0.471229
0 0.129333 0.325039 0.156000 0.356143
0 0.634667 0.544324 0.668000 0.575428
0 0.525334 0.758942 0.560001 0.793158
0 0.633333 0.718507 0.670667 0.758942
0 0.848000 0.721618 0.889333 0.758943
0 0.221333 0.321928 0.258666 0.357698
0 0.333334 0.287714 0.368001 0.326594
0 0.688000 0.472784 0.724000 0.505444
0 0.849333 0.362363 0.889333 0.399689
0 0.222666 0.435459 0.259999 0.469674
0 0.440001 0.685848 0.477333 0.721618
0 0.221333 0.651633 0.258666 0.687403
0 0.166667 0.433903 0.202667 0.469673
0 0.580000 0.362364 0.614667 0.396579
0 0.632000 0.326593 0.670667 0.360808
0 0.222666 0.581649 0.257333 0.614308
0 0.389333 0.472784 0.424001 0.506999
0 0.333334 0.581649 0.370666 0.614308
0 0.742667 0.287714 0.778667 0.326594
0 0.333334 0.435459 0.370666 0.469674
0 0.634667 0.435459 0.669334 0.469674
0 0.442667 0.508553 0.477334 0.542769
0 0.689333 0.287714 0.722666 0.328149
0 0.277334 0.472784 0.314666 0.508554
0 0.688000 0.328149 0.724000 0.363919
0 0.632000 0.576983 0.669334 0.617418
0 0.741333 0.362363 0.777333 0.399689
0 0.441333 0.472784 0.476000 0.506999
0 0.389333 0.363919 0.425333 0.399689
0 0.793333 0.469673 0.833333 0.506999
0 0.389333 0.433903 0.424001 0.471229
0 0.221333 0.287714 0.258666 0.321929
0 0.740000 0.399689 0.777334 0.433903
0 0.632000 0.362364 0.669334 0.396579
0 0.222666 0.357699 0.257333 0.395023
0 0.485333 0.241057 0.518667 0.275272
0 0.441334 0.326593 0.478666 0.360808
0 0.526667 0.435459 0.561334 0.471229
0 0.580000 0.580093 0.614667 0.615863
0 0.686666 0.437014 0.724000 0.472784
0 0.389333 0.284604 0.425333 0.323484
0 0.687999 0.365474 0.722666 0.398133
0 0.441333 0.399689 0.476000 0.433903
0 0.390667 0.580093 0.423999 0.617418
0 0.524000 0.648523 0.561334 0.685848
0 0.738667 0.539658 0.778667 0.576983
0 0.166666 0.323483 0.204000 0.357698
0 0.580000 0.325039 0.616000 0.360809
0 0.221333 0.469673 0.258666 0.506999
0 0.741333 0.505443 0.778667 0.539659
0 0.278667 0.432348 0.315999 0.468118
0 0.577333 0.471229 0.614667 0.506999
0 0.388001 0.544323 0.425333 0.578539
0 0.334667 0.363919 0.370667 0.399689
0 0.277334 0.363918 0.316001 0.398133
0 0.526667 0.287714 0.562667 0.326594
0 0.277333 0.580093 0.313333 0.615863
0 0.578666 0.396579 0.616000 0.430793
0 0.278667 0.399690 0.315999 0.432349
0 0.441334 0.576982 0.478666 0.614308
0 0.576000 0.432348 0.616000 0.471228
0 0.525334 0.542768 0.562667 0.580094
0 0.578667 0.508553 0.614667 0.541212
0 0.220000 0.539659 0.257333 0.580094
0 0.632000 0.469673 0.670667 0.506999
0 0.578667 0.542768 0.614667 0.580094
0 0.577333 0.650077 0.614667 0.687403
0 0.168000 0.284604 0.201333 0.323484
0 0.632000 0.398134 0.669334 0.433904
0 0.278667 0.325039 0.315999 0.363919
0 0.168000 0.359253 0.204000 0.395023
