0 0.381112 0.394390 0.414444 0.437294
0 0.894444 0.562706 0.932222 0.595709
0 0.328889 0.651815 0.364445 0.674917
0 0.278889 0.311881 0.311111 0.353135
0 0.483334 0.330034 0.524444 0.361386
0 0.481111 0.165017 0.523333 0.198020
0 0.894444 0.518152 0.931111 0.562706
0 0.477778 0.198020 0.525556 0.226073
0 0.433334 0.811881 0.467778 0.848185
0 0.483333 0.481848 0.522222 0.518152
0 0.480000 0.130363 0.524444 0.165016
0 0.482222 0.264026 0.523333 0.295379
0 0.894445 0.478548 0.928889 0.518152
0 0.432222 0.846535 0.467778 0.891089
0 0.173333 0.478548 0.208889 0.521452
0 0.688889 0.310230 0.722222 0.356436
0 0.123334 0.268977 0.156667 0.306931
0 0.483334 0.295379 0.524444 0.330033
0 0.072222 0.178218 0.106666 0.222772
0 0.381112 0.440595 0.414444 0.470298
0 0.553333 0.396040 0.578889 0.433994
0 0.587777 0.768977 0.621111 0.808581
0 0.174445 0.308581 0.208889 0.348185
0 0.174445 0.267327 0.208889 0.310231
0 0.895555 0.400990 0.928889 0.437294
0 0.530000 0.135313 0.553334 0.173267
0 0.432222 0.891088 0.467778 0.937294
0 0.381112 0.313531 0.414444 0.351485
0 0.587778 0.727723 0.618888 0.768977
0 0.225556 0.684819 0.260000 0.726073
0 0.175556 0.222773 0.208889 0.267327
0 0.432222 0.767327 0.466666 0.810231
0 0.481111 0.359736 0.525555 0.396040
0 0.688889 0.136964 0.723333 0.183169
0 0.172223 0.518152 0.208890 0.559406
0 0.894444 0.315181 0.927778 0.354785
0 0.123334 0.222773 0.157778 0.268978
0 0.638889 0.354786 0.672223 0.397690
0 0.587778 0.808581 0.622222 0.853135
0 0.688889 0.354785 0.722222 0.394389
0 0.587778 0.853135 0.622222 0.894389
0 0.531111 0.353135 0.551111 0.391089
0 0.173334 0.559406 0.210001 0.599010
0 0.481111 0.226073 0.524444 0.265677
0 0.586667 0.684819 0.621111 0.729373
0 0.530000 0.184818 0.554444 0.221122
0 0.125556 0.181518 0.157778 0.222772
0 0.894444 0.229373 0.927778 0.268977
0 0.226666 0.641914 0.259999 0.684818
0 0.586666 0.562706 0.620000 0.600660
0 0.432222 0.726073 0.465556 0.767327
0 0.330000 0.849835 0.365556 0.889439
0 0.895555 0.437294 0.928889 0.480198
0 0.227778 0.437294 0.260000 0.475248
0 0.173333 0.599010 0.208889 0.641914
0 0.071110 0.267327 0.107777 0.311881
0 0.330001 0.270627 0.363333 0.313531
0 0.554445 0.315182 0.577778 0.349835
0 0.586666 0.643564 0.622222 0.684818
0 0.331111 0.808581 0.365555 0.849835
0 0.225555 0.475248 0.261111 0.514852
0 0.072222 0.222772 0.107778 0.265676
0 0.225555 0.599010 0.261111 0.641914
0 0.278888 0.267327 0.309999 0.310231
0 0.586666 0.600660 0.622222 0.645214
0 0.842222 0.313531 0.875556 0.354785
0 0.637778 0.310230 0.672222 0.356436
0 0.530000 0.229374 0.553334 0.264026
0 0.792222 0.316832 0.824444 0.359736
0 0.225555 0.513202 0.261111 0.557756
0 0.331112 0.770627 0.364444 0.808581
0 0.842222 0.224422 0.875556 0.272278
0 0.894445 0.270627 0.928889 0.315181
0 0.740000 0.311881 0.775556 0.354785
0 0.433333 0.683168 0.465555 0.726072
0 0.174445 0.133663 0.211112 0.179868
0 0.894445 0.183169 0.928889 0.229374
0 0.687778 0.270627 0.723334 0.313531
0 0.124445 0.132014 0.158889 0.179868
0 0.792222 0.359736 0.824444 0.400990
0 0.791111 0.135314 0.826667 0.186469
0 0.124445 0.353135 0.156667 0.392739
0 0.173334 0.643564 0.207778 0.691419
0 0.224444 0.724423 0.262222 0.768977
0 0.330000 0.224423 0.364444 0.268977
0 0.174445 0.181518 0.208889 0.224422
0 0.687778 0.227723 0.722222 0.268977
0 0.122222 0.391089 0.156666 0.435643
0 0.330001 0.353135 0.363333 0.391089
0 0.687778 0.184819 0.723334 0.227723
0 0.554445 0.268977 0.577778 0.308581
0 0.586666 0.894390 0.623333 0.937294
0 0.433333 0.645215 0.465555 0.684819
0 0.638889 0.397690 0.671111 0.440594
0 0.174445 0.392739 0.208889 0.433993
0 0.842222 0.272277 0.875556 0.313531
0 0.690001 0.394390 0.723334 0.437294
0 0.586666 0.478548 0.622222 0.519802
0 0.278889 0.354785 0.311111 0.392739
0 0.893334 0.135314 0.930001 0.183168
0 0.791111 0.227723 0.825555 0.270627
0 0.122222 0.306931 0.158889 0.351485
0 0.225555 0.557756 0.261111 0.600660
0 0.381111 0.471947 0.415555 0.518153
0 0.530000 0.272277 0.552222 0.306930
0 0.740000 0.353136 0.775556 0.397690
0 0.554445 0.358086 0.577778 0.391089
0 0.433334 0.135314 0.466666 0.183168
0 0.328888 0.891089 0.365555 0.938944
0 0.587777 0.315182 0.621111 0.356436
0 0.536666 0.518152 0.569999 0.559406
0 0.226667 0.133664 0.261111 0.181518
0 0.530000 0.311881 0.552222 0.348185
0 0.791111 0.186469 0.825555 0.227723
0 0.738889 0.265676 0.774445 0.311882
0 0.072222 0.130363 0.107778 0.178218
0 0.225555 0.268977 0.258888 0.310231
0 0.586666 0.135314 0.622222 0.184819
0 0.277778 0.392739 0.311110 0.438945
0 0.381112 0.519802 0.414444 0.566007
0 0.894445 0.354786 0.928889 0.399340
0 0.328889 0.519802 0.364445 0.557756
0 0.432222 0.478548 0.466666 0.516502
0 0.585555 0.519802 0.623333 0.562706
0 0.225555 0.349835 0.261111 0.392739
0 0.637777 0.272277 0.671111 0.311881
0 0.432222 0.516502 0.466666 0.561056
0 0.226667 0.181518 0.261111 0.226072
0 0.536667 0.602310 0.571111 0.645214
0 0.224444 0.308581 0.260000 0.351485
0 0.330000 0.183168 0.364444 0.224422
0 0.331111 0.679867 0.363333 0.726073
0 0.225555 0.391088 0.261111 0.437294
0 0.332222 0.133663 0.365556 0.179868
0 0.587777 0.356436 0.621111 0.396040
0 0.225556 0.224423 0.260000 0.268977
0 0.432222 0.559406 0.465556 0.600660
0 0.174445 0.348184 0.208889 0.394390
0 0.381111 0.353135 0.415555 0.392739
0 0.842222 0.354785 0.877778 0.400991
0 0.434445 0.313531 0.466667 0.349835
0 0.791111 0.272277 0.825555 0.316831
0 0.330001 0.311881 0.363333 0.353135
0 0.481111 0.429043 0.523333 0.473597
0 0.536667 0.559406 0.571111 0.602310
0 0.173334 0.435644 0.207778 0.476898
0 0.435555 0.229373 0.466666 0.268977
0 0.432222 0.600660 0.466666 0.643564
0 0.434445 0.184819 0.467777 0.227723
0 0.587777 0.437294 0.621111 0.478548
0 0.330000 0.557756 0.364444 0.599010
0 0.586666 0.184819 0.622222 0.226073
0 0.434445 0.396040 0.465556 0.435644
0 0.330000 0.726073 0.365556 0.770627
0 0.587778 0.396040 0.622222 0.435644
0 0.382223 0.267326 0.415555 0.313532
0 0.327778 0.600660 0.365556 0.648514
0 0.636666 0.226073 0.672222 0.272278
0 0.328889 0.391089 0.363333 0.435643
0 0.330001 0.435644 0.363333 0.476898
0 0.536666 0.476898 0.569999 0.518152
0 0.536667 0.433994 0.571111 0.476898
0 0.586666 0.226073 0.622222 0.272278
0 0.328889 0.476898 0.364445 0.519802
0 0.432222 0.437294 0.465556 0.478548
0 0.434445 0.351485 0.467777 0.396039
0 0.433334 0.268977 0.467778 0.313531
0 0.588889 0.273927 0.621111 0.315181
