0 0.844444 0.641914 0.877777 0.681518
0 0.656666 0.433993 0.677778 0.471947
0 0.896666 0.638614 0.932222 0.679868
0 0.605556 0.396039 0.628889 0.429042
0 0.277778 0.351485 0.312222 0.396039
0 0.603333 0.270627 0.626667 0.305281
0 0.605556 0.438945 0.627778 0.471948
0 0.843333 0.681517 0.878889 0.727723
0 0.742223 0.594059 0.775556 0.640265
0 0.633333 0.396039 0.655555 0.429042
0 0.578889 0.437294 0.604445 0.473598
0 0.276666 0.268977 0.313333 0.311881
0 0.606667 0.519802 0.628889 0.556106
0 0.578889 0.268977 0.602222 0.305281
0 0.581112 0.523103 0.602223 0.556105
0 0.844444 0.594059 0.877777 0.641914
0 0.606667 0.480199 0.628889 0.511552
0 0.632222 0.808581 0.657778 0.846535
0 0.893333 0.262377 0.928889 0.310231
0 0.706666 0.433993 0.730000 0.470297
0 0.738888 0.310231 0.775555 0.348185
0 0.633333 0.437294 0.653333 0.471947
0 0.534444 0.227723 0.567778 0.262377
0 0.914444 0.767327 0.940000 0.801980
0 0.577778 0.311881 0.602222 0.344884
0 0.605556 0.561056 0.627778 0.595710
0 0.578889 0.396040 0.602222 0.427393
0 0.328889 0.229374 0.362223 0.264026
0 0.605556 0.354786 0.628889 0.386138
0 0.891111 0.722772 0.914444 0.760726
0 0.890000 0.765676 0.913334 0.801980
0 0.063333 0.399340 0.085555 0.435644
0 0.328889 0.313532 0.364445 0.346535
0 0.896667 0.678218 0.933334 0.722772
0 0.915555 0.724422 0.938889 0.760726
0 0.580000 0.478548 0.604444 0.516502
0 0.634444 0.727723 0.655556 0.764027
0 0.605556 0.315182 0.627778 0.344885
0 0.656666 0.396039 0.677778 0.432343
0 0.661111 0.894389 0.684445 0.933993
0 0.173333 0.313531 0.208889 0.349835
0 0.706666 0.396039 0.727778 0.430693
0 0.172222 0.232674 0.210000 0.265676
0 0.062222 0.438944 0.086666 0.475248
0 0.660000 0.731024 0.681112 0.762377
0 0.791111 0.308581 0.825555 0.351485
0 0.122222 0.316832 0.158889 0.348185
0 0.633333 0.851485 0.658889 0.887789
0 0.893334 0.310231 0.927778 0.351485
0 0.658889 0.810231 0.684445 0.844885
0 0.707777 0.516501 0.731110 0.551154
0 0.633333 0.896039 0.658889 0.932343
0 0.088890 0.402640 0.112223 0.432343
0 0.381111 0.311881 0.416667 0.353135
0 0.661111 0.851485 0.683333 0.889439
0 0.487777 0.514851 0.516666 0.554455
0 0.062222 0.481848 0.086666 0.518152
0 0.477777 0.123762 0.524444 0.161716
0 0.534444 0.316832 0.570000 0.341584
0 0.277778 0.310231 0.312222 0.346535
0 0.478889 0.161716 0.523333 0.199670
0 0.478889 0.358086 0.524445 0.394390
0 0.658890 0.767327 0.682223 0.803631
0 0.502223 0.726073 0.525556 0.757425
0 0.063334 0.521452 0.087778 0.557756
0 0.243334 0.400990 0.266667 0.430694
0 0.477778 0.219472 0.522222 0.265677
0 0.478889 0.325082 0.524445 0.361386
0 0.477777 0.193069 0.524444 0.224422
0 0.480000 0.300331 0.524444 0.334984
0 0.480000 0.267327 0.523334 0.308581
0 0.480000 0.429043 0.521111 0.471947
0 0.431111 0.354786 0.468889 0.397690
0 0.792222 0.641914 0.827778 0.681518
0 0.892223 0.351485 0.928890 0.392739
0 0.432222 0.310231 0.466666 0.349835
0 0.895555 0.590758 0.933333 0.638613
0 0.688889 0.676567 0.725556 0.724422
0 0.842222 0.311881 0.875556 0.351485
0 0.636667 0.678218 0.673334 0.727722
0 0.533334 0.265677 0.570001 0.310231
0 0.327777 0.265677 0.364445 0.310231
0 0.586666 0.681519 0.623333 0.731023
0 0.638889 0.590759 0.674445 0.646865
0 0.686667 0.264026 0.724445 0.311881
0 0.686666 0.344884 0.723333 0.394390
0 0.381111 0.265676 0.415555 0.311882
0 0.790000 0.260725 0.824444 0.308580
0 0.121111 0.349834 0.157778 0.396040
0 0.792222 0.594059 0.827778 0.641914
0 0.587778 0.599009 0.622222 0.646864
0 0.738889 0.262377 0.774445 0.310231
0 0.433334 0.268977 0.466666 0.311881
0 0.841111 0.351485 0.875555 0.394389
0 0.841111 0.264026 0.875555 0.310232
0 0.172223 0.349834 0.211112 0.396040
0 0.068889 0.313531 0.106667 0.354785
0 0.793333 0.681518 0.828889 0.724422
0 0.738889 0.348184 0.774445 0.394390
0 0.172223 0.267327 0.208890 0.311881
0 0.533333 0.171617 0.568889 0.226073
0 0.742222 0.681519 0.777778 0.731023
0 0.635556 0.344884 0.672223 0.392739
0 0.328888 0.348185 0.365555 0.397690
0 0.276666 0.219471 0.312222 0.268977
0 0.690000 0.597359 0.725556 0.648514
0 0.068888 0.353135 0.107777 0.396039
0 0.534444 0.344884 0.570000 0.394390
0 0.741111 0.640264 0.777778 0.683168
0 0.790000 0.351484 0.825556 0.397690
0 0.327778 0.171617 0.363334 0.227723
0 0.481111 0.473598 0.521111 0.516502
0 0.173333 0.176567 0.208889 0.231023
0 0.123334 0.268977 0.157778 0.313531
0 0.224444 0.265676 0.260000 0.313531
0 0.432222 0.221122 0.466666 0.270628
0 0.225555 0.353135 0.261111 0.396039
0 0.123334 0.219471 0.157778 0.268977
0 0.068888 0.264026 0.107777 0.313532
0 0.381111 0.353136 0.417778 0.397690
0 0.635556 0.264026 0.670000 0.315181
0 0.578889 0.351485 0.603333 0.391089
0 0.633333 0.765676 0.656667 0.803630
0 0.224444 0.315181 0.260000 0.353135
