0 0.117333 0.542635 0.149333 0.579844
0 0.626667 0.868217 0.662667 0.903877
0 0.630667 0.579844 0.662667 0.613953
0 0.481333 0.241861 0.513333 0.274419
0 0.381333 0.798450 0.417333 0.831008
0 0.626667 0.800000 0.664000 0.831008
0 0.681333 0.654263 0.718666 0.688372
0 0.213334 0.688372 0.248001 0.722480
0 0.573333 0.835659 0.609333 0.868217
0 0.682667 0.548837 0.718667 0.581395
0 0.741333 0.215504 0.774667 0.257364
0 0.848000 0.581395 0.882667 0.617055
0 0.270666 0.832558 0.305333 0.869768
0 0.435999 0.544186 0.470666 0.576744
0 0.849333 0.474419 0.885333 0.506977
0 0.382667 0.615504 0.418667 0.648062
0 0.435999 0.654263 0.470666 0.689923
0 0.682667 0.510077 0.718667 0.547287
0 0.092000 0.286822 0.120000 0.319380
0 0.849333 0.437210 0.884000 0.472869
0 0.093333 0.505427 0.121333 0.541086
0 0.161333 0.396899 0.193333 0.429457
0 0.216000 0.869768 0.248000 0.903876
0 0.682667 0.401550 0.718667 0.434108
0 0.740000 0.258915 0.776000 0.291473
0 0.272000 0.361240 0.306667 0.398450
0 0.118667 0.429457 0.148000 0.468217
0 0.214667 0.578295 0.249334 0.612403
0 0.628000 0.725581 0.664000 0.761241
0 0.092000 0.320931 0.121333 0.356590
0 0.381333 0.871318 0.417333 0.905427
0 0.120000 0.286822 0.148000 0.322481
0 0.518667 0.871318 0.554667 0.905427
0 0.382667 0.832558 0.417334 0.869768
0 0.794667 0.474419 0.830667 0.506977
0 0.573334 0.581395 0.608001 0.613953
0 0.435999 0.868217 0.470666 0.902326
0 0.161333 0.581395 0.194666 0.610853
0 0.683999 0.437209 0.718666 0.469767
0 0.573333 0.727132 0.609333 0.761240
0 0.329333 0.396899 0.362667 0.434109
0 0.849333 0.365891 0.885333 0.396899
0 0.520000 0.762791 0.556000 0.796899
0 0.437333 0.435659 0.469333 0.468217
0 0.685333 0.362791 0.718666 0.398450
0 0.848000 0.400000 0.885333 0.435659
0 0.685334 0.327132 0.720001 0.361240
0 0.435999 0.579844 0.470666 0.613953
0 0.629333 0.545737 0.664000 0.578295
0 0.520000 0.652713 0.556000 0.686821
0 0.518667 0.542635 0.554667 0.579844
0 0.270666 0.725581 0.305333 0.761241
0 0.272000 0.400000 0.308000 0.432558
0 0.793333 0.544186 0.829333 0.582946
0 0.794666 0.330232 0.827999 0.361240
0 0.518667 0.579844 0.554667 0.615504
0 0.522666 0.398450 0.555999 0.431008
0 0.628000 0.831008 0.664000 0.868217
0 0.849333 0.330233 0.885333 0.364341
0 0.794667 0.289922 0.829334 0.328682
0 0.381333 0.761240 0.417333 0.796900
0 0.626667 0.762790 0.662667 0.798450
0 0.269334 0.796899 0.306666 0.832559
0 0.518667 0.798450 0.554667 0.832558
0 0.434667 0.829457 0.471999 0.868217
0 0.628000 0.689922 0.664000 0.725582
0 0.382667 0.469768 0.419999 0.505427
0 0.270667 0.505427 0.306667 0.541086
0 0.574667 0.399999 0.610667 0.434109
0 0.849333 0.291473 0.886667 0.328683
0 0.158667 0.651162 0.194667 0.688372
0 0.158666 0.505427 0.197333 0.542636
0 0.216000 0.359689 0.250667 0.393799
0 0.573333 0.542635 0.609333 0.579844
0 0.517334 0.834109 0.556001 0.871318
0 0.385333 0.283721 0.418667 0.322481
0 0.629333 0.472869 0.664000 0.508528
0 0.330666 0.285271 0.364000 0.322481
0 0.269334 0.652713 0.306666 0.688373
0 0.520000 0.469768 0.556000 0.505427
0 0.158666 0.431007 0.195999 0.468217
0 0.216000 0.322481 0.252000 0.358139
0 0.574666 0.468217 0.609333 0.505427
0 0.628000 0.649612 0.664000 0.688372
0 0.572001 0.648062 0.609334 0.685272
0 0.629333 0.365892 0.664000 0.398450
0 0.326667 0.579846 0.362667 0.617055
0 0.629333 0.327132 0.665333 0.365892
0 0.384000 0.322481 0.420000 0.358139
0 0.214667 0.395348 0.251999 0.432558
0 0.682666 0.582946 0.720000 0.617054
0 0.270667 0.578294 0.306667 0.613954
0 0.738667 0.438759 0.776000 0.472869
0 0.214667 0.469768 0.250667 0.505427
0 0.329334 0.359689 0.364001 0.395348
0 0.270667 0.688372 0.306667 0.724032
0 0.270667 0.469768 0.307999 0.503876
0 0.325333 0.652713 0.364001 0.693023
0 0.382667 0.359689 0.419999 0.395348
0 0.629333 0.286822 0.666667 0.327132
0 0.437333 0.288372 0.469333 0.325582
0 0.436001 0.361240 0.473333 0.395350
0 0.157333 0.317829 0.197333 0.358139
0 0.435999 0.398450 0.470666 0.434109
0 0.326667 0.541085 0.362667 0.579845
0 0.737333 0.573644 0.776000 0.615504
0 0.327999 0.503876 0.362667 0.541085
0 0.270667 0.283721 0.310667 0.322481
0 0.384000 0.396900 0.420000 0.432559
0 0.270667 0.542635 0.307999 0.578295
0 0.269334 0.761240 0.306666 0.796900
0 0.737333 0.472867 0.774667 0.506977
0 0.574666 0.506976 0.609333 0.542636
0 0.846666 0.654263 0.884000 0.688372
0 0.436001 0.725581 0.469333 0.758139
0 0.150667 0.874418 0.176000 0.905426
0 0.737333 0.654263 0.773333 0.688372
0 0.737333 0.689922 0.774667 0.725582
0 0.435999 0.689923 0.470666 0.722481
0 0.149334 0.803101 0.174667 0.834109
0 0.737333 0.762791 0.774667 0.793799
0 0.150667 0.730232 0.177334 0.759690
0 0.269333 0.869768 0.305333 0.902326
0 0.736000 0.868217 0.773334 0.903877
0 0.573334 0.869768 0.608001 0.902326
0 0.435999 0.796899 0.470666 0.827907
0 0.434667 0.615503 0.471999 0.651163
0 0.738667 0.725581 0.773334 0.761241
0 0.093333 0.396900 0.120000 0.426356
0 0.434667 0.505426 0.471999 0.544186
0 0.737333 0.796899 0.773333 0.832559
0 0.846666 0.688372 0.884000 0.725581
0 0.484001 0.344496 0.513333 0.381395
0 0.091999 0.466666 0.122666 0.502325
0 0.846666 0.767442 0.884000 0.789148
0 0.481333 0.277519 0.513333 0.305426
0 0.489333 0.761240 0.514667 0.792248
0 0.849333 0.260465 0.885333 0.285271
0 0.574666 0.620155 0.609333 0.641861
0 0.272001 0.251163 0.309333 0.275969
0 0.630667 0.255814 0.668000 0.280620
0 0.738667 0.550388 0.774667 0.570542
0 0.384000 0.255815 0.420000 0.277519
0 0.382667 0.582946 0.418667 0.606202
0 0.846666 0.835659 0.881333 0.869768
0 0.481334 0.417054 0.508001 0.451164
0 0.845333 0.869768 0.884000 0.903876
0 0.482667 0.384497 0.510667 0.413953
0 0.117334 0.361240 0.146667 0.392248
0 0.848000 0.506977 0.884000 0.545737
0 0.845333 0.793798 0.884000 0.834108
0 0.737333 0.834109 0.773333 0.868217
0 0.846666 0.727131 0.884000 0.764340
0 0.574667 0.796899 0.606667 0.832559
0 0.094667 0.358139 0.121333 0.393798
0 0.094667 0.432558 0.119999 0.466666
0 0.482666 0.207752 0.513333 0.238760
0 0.174667 0.731783 0.202667 0.761240
0 0.176000 0.875969 0.204000 0.903875
0 0.435999 0.325581 0.470666 0.359691
0 0.628000 0.508527 0.664000 0.544187
0 0.122667 0.506977 0.149334 0.539535
0 0.118667 0.396899 0.146667 0.427907
0 0.120000 0.471318 0.148000 0.503876
0 0.848000 0.615504 0.882667 0.654264
0 0.436001 0.759690 0.469333 0.793798
0 0.118667 0.324030 0.146667 0.358140
0 0.482666 0.178294 0.513333 0.206202
0 0.519999 0.615503 0.554666 0.651163
0 0.848000 0.547287 0.882667 0.579845
0 0.628000 0.615503 0.664000 0.649612
0 0.213333 0.834109 0.249333 0.868217
0 0.270667 0.613953 0.303999 0.652713
0 0.381334 0.725581 0.418666 0.761241
0 0.794667 0.437210 0.830667 0.472869
0 0.157333 0.612403 0.194666 0.649613
0 0.521334 0.434109 0.556001 0.468217
0 0.520000 0.505427 0.556000 0.542636
0 0.685333 0.469767 0.718666 0.508527
0 0.214667 0.434109 0.251999 0.466667
0 0.213333 0.612403 0.249333 0.649613
0 0.383999 0.432559 0.418666 0.468218
0 0.577333 0.362791 0.609333 0.395349
0 0.155999 0.689922 0.194666 0.727132
0 0.213334 0.758139 0.250667 0.796899
0 0.522666 0.288372 0.555999 0.324031
0 0.213334 0.724031 0.250667 0.758139
0 0.176001 0.837210 0.205334 0.871318
0 0.382667 0.649612 0.418667 0.688372
0 0.270666 0.434109 0.309333 0.468217
0 0.740000 0.293023 0.774667 0.328682
0 0.737333 0.403100 0.776000 0.437210
0 0.577333 0.289923 0.609333 0.325582
0 0.327999 0.435658 0.362667 0.469768
0 0.629333 0.437210 0.664000 0.471318
0 0.329333 0.324030 0.365333 0.359689
0 0.326666 0.617055 0.361333 0.651164
0 0.629333 0.400000 0.664000 0.435659
0 0.738667 0.328681 0.777334 0.362791
0 0.521333 0.325582 0.557333 0.361241
0 0.329333 0.471318 0.362667 0.502326
0 0.174667 0.798449 0.205334 0.835658
0 0.793333 0.508527 0.829333 0.544187
0 0.160000 0.469768 0.196000 0.503876
0 0.738667 0.364341 0.776000 0.401551
0 0.158666 0.359689 0.195999 0.395348
0 0.382667 0.545737 0.418667 0.579846
0 0.793334 0.362791 0.828001 0.398450
0 0.214667 0.539535 0.249334 0.578295
0 0.738667 0.508527 0.774667 0.547287
0 0.575999 0.327132 0.610667 0.361240
0 0.685334 0.289922 0.720001 0.327132
0 0.217333 0.283721 0.252000 0.320931
0 0.159999 0.282170 0.194666 0.316280
0 0.518666 0.724031 0.555999 0.761240
0 0.796000 0.401550 0.829334 0.437209
0 0.272000 0.325581 0.308000 0.359691
0 0.382667 0.506976 0.418667 0.544185
0 0.572001 0.686822 0.609334 0.725582
0 0.382667 0.689922 0.418667 0.725582
0 0.523999 0.362791 0.554666 0.395349
0 0.681333 0.618605 0.718666 0.652713
0 0.158667 0.544186 0.194667 0.579846
0 0.436001 0.469768 0.469333 0.503876
0 0.574666 0.435659 0.609333 0.466667
0 0.213333 0.796899 0.249333 0.832559
0 0.216000 0.506977 0.248000 0.537985
0 0.518666 0.688372 0.555999 0.724032
0 0.737333 0.617054 0.776000 0.654263
0 0.176000 0.765891 0.204000 0.796899
0 0.573334 0.762791 0.608001 0.796899
0 0.148001 0.835658 0.177334 0.871318
0 0.149334 0.764340 0.176001 0.798449
0 0.213333 0.651162 0.249333 0.686822
