0 0.801111 0.206897 0.832223 0.244664
0 0.476667 0.472907 0.521111 0.504105
0 0.398889 0.433497 0.421111 0.467981
0 0.424445 0.896552 0.448889 0.929392
0 0.383333 0.513958 0.413333 0.555009
0 0.120000 0.172413 0.154444 0.218390
0 0.834444 0.201970 0.877777 0.243022
0 0.172222 0.848932 0.207778 0.893267
0 0.425556 0.848932 0.447778 0.883416
0 0.450001 0.124795 0.471112 0.160920
0 0.398889 0.348111 0.421111 0.382595
0 0.122222 0.515599 0.154444 0.555009
0 0.478890 0.321838 0.522223 0.354679
0 0.551110 0.891626 0.577777 0.927751
0 0.275556 0.681445 0.310000 0.725780
0 0.425555 0.765188 0.448889 0.794745
0 0.173334 0.893267 0.207778 0.935961
0 0.172222 0.686370 0.207778 0.722495
0 0.424445 0.517242 0.446667 0.550082
0 0.896667 0.847290 0.931111 0.885058
0 0.121111 0.847291 0.158889 0.893267
0 0.425556 0.684728 0.447778 0.719212
0 0.842222 0.885058 0.877778 0.931034
0 0.424445 0.555008 0.447778 0.592776
0 0.527778 0.431856 0.550000 0.466339
0 0.896667 0.885058 0.931111 0.931034
0 0.741111 0.597701 0.774444 0.637111
0 0.792222 0.596059 0.824444 0.635468
0 0.121111 0.683087 0.156667 0.722496
0 0.687778 0.510674 0.722222 0.553367
0 0.894445 0.722495 0.928889 0.761904
0 0.424445 0.642037 0.447778 0.676520
0 0.480000 0.353038 0.523334 0.387521
0 0.424445 0.597701 0.447778 0.635469
0 0.120000 0.893267 0.158889 0.939244
0 0.066666 0.220032 0.105555 0.264367
0 0.894444 0.802955 0.930000 0.845649
0 0.894444 0.760262 0.930000 0.802956
0 0.893334 0.341543 0.927778 0.385879
0 0.120000 0.809524 0.157778 0.850575
0 0.477778 0.256158 0.522222 0.285714
0 0.426667 0.804597 0.448889 0.842365
0 0.397778 0.474548 0.420000 0.509031
0 0.584445 0.341543 0.618889 0.384236
0 0.172222 0.599344 0.206666 0.638753
0 0.791111 0.512316 0.831111 0.553366
0 0.586667 0.513958 0.618889 0.550083
0 0.476666 0.188833 0.522222 0.216749
0 0.424445 0.724137 0.448889 0.758621
0 0.370000 0.126436 0.395556 0.162561
0 0.553333 0.428571 0.574445 0.467981
0 0.552222 0.848932 0.577778 0.886700
0 0.894444 0.512315 0.927778 0.550083
0 0.172222 0.471264 0.207778 0.515599
0 0.501799 0.717208 0.525389 0.737356
0 0.501889 0.736978 0.526067 0.759672
0 0.791111 0.433990 0.826667 0.467980
0 0.476666 0.114943 0.522222 0.150411
0 0.477778 0.147783 0.521111 0.188177
0 0.477778 0.215107 0.522222 0.256815
0 0.687777 0.384236 0.721110 0.428571
0 0.274444 0.302134 0.310000 0.346469
0 0.168889 0.220033 0.206667 0.262726
0 0.533334 0.343186 0.567778 0.384236
0 0.636667 0.471264 0.670000 0.510674
0 0.841111 0.254516 0.875555 0.298851
0 0.738889 0.382595 0.774445 0.423645
0 0.741111 0.638752 0.776667 0.681446
0 0.740000 0.722495 0.775556 0.766830
0 0.221111 0.121511 0.258889 0.172413
0 0.534445 0.300492 0.566667 0.343185
0 0.843333 0.592775 0.876667 0.635468
0 0.585556 0.169129 0.618889 0.213465
0 0.586666 0.467980 0.617778 0.512315
0 0.684444 0.254516 0.722222 0.302134
0 0.789999 0.252874 0.826666 0.300492
0 0.842222 0.426930 0.875556 0.467980
0 0.635555 0.300493 0.668888 0.341543
0 0.842222 0.384236 0.876666 0.428571
0 0.584445 0.116585 0.618889 0.169130
0 0.533334 0.213465 0.567778 0.259441
0 0.841111 0.300492 0.875555 0.344828
0 0.843333 0.467980 0.875555 0.512315
0 0.637777 0.385879 0.671111 0.428571
0 0.740000 0.469622 0.774444 0.510674
0 0.325556 0.218390 0.360000 0.262726
0 0.326666 0.174056 0.360000 0.216748
0 0.635555 0.339901 0.668888 0.385879
0 0.532222 0.169129 0.567778 0.213465
0 0.584444 0.387520 0.620000 0.431856
0 0.738889 0.423645 0.774445 0.469622
0 0.274444 0.216749 0.310000 0.262726
0 0.636667 0.428571 0.671111 0.471264
0 0.168889 0.175698 0.206667 0.218390
0 0.533334 0.259442 0.567778 0.300492
0 0.170000 0.389162 0.207778 0.433497
0 0.274445 0.119869 0.308889 0.174056
0 0.067777 0.389163 0.104444 0.431856
0 0.842222 0.344828 0.875556 0.384237
0 0.637777 0.638752 0.671111 0.683087
0 0.792222 0.637109 0.824444 0.678160
0 0.791111 0.341543 0.823333 0.382594
0 0.477778 0.420361 0.521111 0.467980
0 0.738889 0.251231 0.772223 0.298850
0 0.791111 0.300492 0.824445 0.339902
0 0.222222 0.216749 0.258889 0.267651
0 0.686667 0.302134 0.721111 0.341543
0 0.380000 0.596059 0.413334 0.638753
0 0.276667 0.597701 0.311111 0.643678
0 0.636667 0.512316 0.670000 0.553366
0 0.843333 0.512316 0.875555 0.553366
0 0.170000 0.344828 0.207778 0.389163
0 0.843333 0.720853 0.876667 0.763547
0 0.275555 0.264367 0.308889 0.303777
0 0.325555 0.128078 0.358889 0.172413
0 0.585555 0.302135 0.616667 0.339902
0 0.635555 0.553366 0.671111 0.594417
0 0.893334 0.467981 0.927778 0.510674
0 0.067777 0.433498 0.104444 0.476191
0 0.584445 0.257800 0.618889 0.300492
0 0.276667 0.553366 0.309999 0.596060
0 0.273333 0.174055 0.308889 0.213465
0 0.221111 0.174056 0.260000 0.218391
0 0.396666 0.305419 0.420000 0.341543
0 0.276667 0.643678 0.311111 0.681446
0 0.120000 0.471264 0.155556 0.515599
0 0.842222 0.763546 0.877778 0.806239
0 0.585556 0.215107 0.617778 0.256157
0 0.585556 0.431856 0.618889 0.466339
0 0.741111 0.804597 0.775555 0.847291
0 0.171111 0.555009 0.208889 0.600985
0 0.892222 0.251231 0.927778 0.298850
0 0.551110 0.802955 0.577777 0.845649
0 0.586667 0.550083 0.618889 0.596059
0 0.274444 0.389163 0.310000 0.430213
0 0.275556 0.430213 0.310000 0.476191
0 0.688889 0.717569 0.724445 0.765189
0 0.274444 0.348112 0.311111 0.389162
0 0.740000 0.679802 0.776667 0.722496
0 0.737778 0.300492 0.772222 0.346470
0 0.586667 0.596060 0.621111 0.642037
0 0.690001 0.676519 0.723334 0.717569
0 0.120000 0.303777 0.155556 0.346469
0 0.686667 0.341543 0.721111 0.384236
0 0.171110 0.722496 0.207778 0.768473
0 0.894445 0.594417 0.928889 0.637111
0 0.792222 0.678160 0.824444 0.722495
0 0.424445 0.302135 0.447778 0.339902
0 0.894444 0.428571 0.927778 0.466338
0 0.552222 0.472907 0.576666 0.510674
0 0.791111 0.804597 0.827778 0.847291
0 0.118889 0.220032 0.154445 0.264367
0 0.171110 0.515599 0.207778 0.555009
0 0.893334 0.385879 0.927778 0.428571
0 0.552222 0.724137 0.576666 0.761905
0 0.845556 0.553366 0.874444 0.591134
0 0.383333 0.555009 0.413333 0.594418
0 0.688889 0.637109 0.722222 0.679803
0 0.171111 0.262726 0.205555 0.302135
0 0.478890 0.284073 0.522223 0.323482
0 0.688889 0.845648 0.724445 0.888342
0 0.169999 0.303777 0.206667 0.346469
0 0.790000 0.760263 0.827778 0.806239
0 0.066667 0.348112 0.104445 0.389162
0 0.425556 0.389162 0.447778 0.423646
0 0.120000 0.430213 0.156667 0.469622
0 0.842222 0.844006 0.878889 0.886700
0 0.066667 0.170771 0.103334 0.220032
0 0.792222 0.722495 0.826666 0.760263
0 0.688889 0.801314 0.723333 0.847290
0 0.171110 0.433497 0.207778 0.471264
0 0.551110 0.683087 0.577777 0.719212
0 0.371111 0.175697 0.395555 0.211822
0 0.397778 0.392446 0.420000 0.425287
0 0.424444 0.174056 0.444444 0.210181
0 0.066667 0.307061 0.104445 0.348111
0 0.791111 0.847290 0.828889 0.889984
0 0.894445 0.550083 0.928889 0.596059
0 0.527778 0.515599 0.550000 0.551724
0 0.424445 0.261084 0.447778 0.298851
0 0.687777 0.426930 0.721110 0.467980
0 0.741111 0.765188 0.774444 0.804597
0 0.451111 0.175697 0.472222 0.211822
0 0.554445 0.556650 0.576667 0.591133
0 0.843334 0.807881 0.877778 0.845649
0 0.791111 0.467980 0.828889 0.512315
0 0.274444 0.476190 0.310000 0.510674
0 0.741111 0.885058 0.775555 0.935960
0 0.121111 0.553366 0.155555 0.596060
0 0.741111 0.847290 0.775555 0.886699
0 0.118889 0.390804 0.156667 0.430214
0 0.276666 0.510674 0.307777 0.555009
0 0.528889 0.556651 0.551111 0.589491
0 0.120000 0.596060 0.155556 0.642037
0 0.843333 0.681445 0.876667 0.720854
0 0.424445 0.476190 0.447778 0.510674
0 0.738889 0.344828 0.773333 0.382595
0 0.688889 0.596060 0.722222 0.637111
0 0.687778 0.467980 0.722222 0.512315
0 0.553333 0.512316 0.576666 0.551725
0 0.553333 0.596059 0.576666 0.633827
0 0.424445 0.428571 0.447778 0.467981
0 0.423333 0.221674 0.446667 0.254516
0 0.527778 0.471264 0.550000 0.509031
0 0.552222 0.766830 0.576666 0.801314
0 0.372222 0.221674 0.394444 0.254516
0 0.066667 0.261083 0.104445 0.307061
0 0.894445 0.638753 0.928889 0.679804
0 0.120000 0.642036 0.156667 0.684729
0 0.120000 0.722495 0.155556 0.765189
0 0.740000 0.555008 0.774444 0.597701
0 0.688889 0.763547 0.723333 0.802956
0 0.120000 0.344828 0.156667 0.392446
0 0.121111 0.262726 0.153333 0.302135
0 0.893333 0.302134 0.925555 0.341543
0 0.172222 0.806239 0.207778 0.848933
0 0.895555 0.679802 0.928889 0.720853
0 0.121111 0.765188 0.156667 0.807882
0 0.171110 0.768473 0.207778 0.807882
0 0.425556 0.346469 0.446667 0.380953
0 0.422223 0.124795 0.445556 0.162561
0 0.791111 0.551724 0.825555 0.594418
0 0.688889 0.888342 0.724445 0.932677
0 0.553333 0.638752 0.576666 0.674876
0 0.169999 0.638752 0.206667 0.686372
0 0.687778 0.551724 0.722222 0.596059
0 0.395555 0.266010 0.418888 0.298851
0 0.791111 0.889984 0.828889 0.931034
0 0.740000 0.510674 0.774444 0.555009
0 0.533333 0.121511 0.568889 0.169130
0 0.635556 0.257800 0.667778 0.298850
0 0.843333 0.637111 0.876667 0.681446
0 0.636666 0.594417 0.672222 0.637111
0 0.169999 0.123153 0.206667 0.174056
0 0.790000 0.384236 0.825556 0.430214
0 0.533334 0.384237 0.567778 0.426930
