0 0.274667 0.767188 0.307999 0.801563
0 0.220000 0.401562 0.256000 0.439062
0 0.793334 0.656250 0.828001 0.689063
0 0.792000 0.689062 0.828000 0.726562
0 0.162667 0.799999 0.198667 0.834375
0 0.792000 0.728125 0.829334 0.762501
0 0.574666 0.868750 0.609333 0.898438
0 0.485333 0.390625 0.514667 0.418749
0 0.846666 0.654687 0.881333 0.689063
0 0.218666 0.803125 0.253333 0.834375
0 0.574666 0.801562 0.609333 0.834375
0 0.484000 0.214062 0.517334 0.243750
0 0.789334 0.871876 0.828001 0.907812
0 0.576000 0.225000 0.613333 0.260937
0 0.484000 0.282812 0.516000 0.312499
0 0.792000 0.798437 0.828000 0.835937
0 0.575999 0.551562 0.610667 0.581249
0 0.518667 0.371875 0.541334 0.403125
0 0.577333 0.189062 0.613333 0.223437
0 0.682667 0.835938 0.718667 0.868750
0 0.109333 0.401563 0.145333 0.440625
0 0.682667 0.799999 0.718667 0.834375
0 0.438667 0.657813 0.473334 0.689063
0 0.574666 0.834375 0.609333 0.868750
0 0.106667 0.510938 0.142667 0.546874
0 0.525333 0.290625 0.561333 0.331250
0 0.484000 0.184375 0.517334 0.214063
0 0.109334 0.442188 0.144001 0.471875
0 0.105333 0.835938 0.142667 0.870313
0 0.521334 0.839063 0.554667 0.868750
0 0.682666 0.762501 0.720000 0.798437
0 0.162666 0.835938 0.197333 0.868750
0 0.540000 0.335938 0.568000 0.365625
0 0.849333 0.481249 0.882667 0.515625
0 0.108000 0.618750 0.144000 0.653126
0 0.329334 0.837500 0.364001 0.867188
0 0.162666 0.870313 0.197333 0.903126
0 0.438667 0.834375 0.473334 0.871875
0 0.436001 0.728125 0.473333 0.765625
0 0.793334 0.621874 0.828001 0.656250
0 0.272001 0.873437 0.309333 0.906250
0 0.274666 0.803125 0.309333 0.835938
0 0.578667 0.262501 0.610667 0.298438
0 0.163999 0.692187 0.198666 0.723437
0 0.740000 0.548438 0.774667 0.582813
0 0.216000 0.870312 0.252000 0.904687
0 0.440001 0.514062 0.473333 0.545312
0 0.328001 0.803125 0.365333 0.837500
0 0.541333 0.443750 0.569333 0.473438
0 0.850666 0.298437 0.885333 0.332813
0 0.438667 0.584375 0.470667 0.618750
0 0.846666 0.554688 0.881333 0.589063
0 0.332001 0.440625 0.365333 0.471875
0 0.682667 0.690625 0.718667 0.726562
0 0.437333 0.620313 0.473333 0.656249
0 0.107999 0.654687 0.142667 0.685937
0 0.681333 0.870313 0.718666 0.906249
0 0.437334 0.690625 0.474666 0.726562
0 0.537334 0.548437 0.568001 0.584375
0 0.517333 0.406251 0.541333 0.435938
0 0.520000 0.800000 0.556000 0.839062
0 0.513333 0.510937 0.540000 0.545312
0 0.684000 0.659374 0.720000 0.692187
0 0.165333 0.510938 0.201333 0.546874
0 0.574666 0.693750 0.608000 0.728125
0 0.517334 0.334374 0.542667 0.368750
0 0.521334 0.690625 0.554667 0.726562
0 0.273334 0.728125 0.310666 0.765625
0 0.848000 0.370312 0.885333 0.407812
0 0.573333 0.729687 0.609333 0.767187
0 0.794667 0.295313 0.829334 0.332813
0 0.161333 0.762500 0.198666 0.800000
0 0.330667 0.471875 0.366667 0.509375
0 0.218667 0.725000 0.254667 0.762500
0 0.272001 0.693750 0.309333 0.728125
0 0.106667 0.762500 0.142667 0.800000
0 0.218667 0.621874 0.254667 0.656250
0 0.685334 0.510938 0.720001 0.546874
0 0.541333 0.368750 0.569333 0.404687
0 0.521334 0.617188 0.556001 0.653125
0 0.162667 0.656251 0.198667 0.692187
0 0.629333 0.549999 0.666667 0.582812
0 0.217333 0.545313 0.253333 0.582813
0 0.273334 0.548438 0.312001 0.581251
0 0.793333 0.512500 0.829333 0.551562
0 0.276000 0.367188 0.312000 0.400000
0 0.163999 0.328125 0.202666 0.362501
0 0.741333 0.442187 0.774667 0.476562
0 0.575999 0.581250 0.610667 0.618750
0 0.440001 0.401562 0.473333 0.434375
0 0.108000 0.689062 0.144000 0.726562
0 0.218667 0.690624 0.254667 0.725000
0 0.164000 0.362501 0.201333 0.398438
0 0.540000 0.407813 0.568000 0.439063
0 0.578666 0.476562 0.609333 0.510938
0 0.630667 0.476562 0.665334 0.510938
0 0.630667 0.439063 0.666667 0.475000
0 0.794667 0.370312 0.829334 0.404688
0 0.521334 0.728125 0.556001 0.764063
0 0.274667 0.621874 0.310667 0.656250
0 0.273334 0.510938 0.312001 0.546874
0 0.630667 0.329688 0.666667 0.365625
0 0.274667 0.582812 0.310667 0.620312
0 0.274667 0.403124 0.310667 0.437500
0 0.272000 0.656251 0.312000 0.692187
0 0.166667 0.285938 0.202667 0.326563
0 0.440001 0.435938 0.473333 0.475000
0 0.218667 0.439062 0.254667 0.473438
0 0.218666 0.582812 0.253333 0.620312
0 0.165333 0.435938 0.202666 0.475000
0 0.219999 0.365625 0.254667 0.401562
0 0.436000 0.765626 0.472000 0.801562
0 0.108000 0.364063 0.145334 0.400000
0 0.441333 0.367188 0.473333 0.400000
0 0.685334 0.440626 0.720001 0.475001
0 0.574666 0.404687 0.612000 0.440624
0 0.540000 0.476562 0.569334 0.510938
0 0.219999 0.475000 0.254667 0.509375
0 0.573333 0.656251 0.609333 0.692187
0 0.521333 0.764063 0.557333 0.799999
0 0.577333 0.440626 0.612000 0.475001
0 0.109333 0.287500 0.145333 0.326562
0 0.273334 0.437500 0.310666 0.475000
0 0.162666 0.581250 0.199999 0.618750
0 0.440000 0.290625 0.476000 0.329687
0 0.684000 0.620313 0.720000 0.659375
0 0.330667 0.368750 0.367999 0.401562
0 0.333333 0.328125 0.369333 0.367187
0 0.218667 0.764063 0.254667 0.803125
0 0.577333 0.331250 0.610667 0.368750
0 0.688001 0.265624 0.721334 0.287499
0 0.336000 0.259375 0.372000 0.284375
0 0.849333 0.265625 0.886667 0.292187
0 0.845333 0.834375 0.881333 0.865625
0 0.492000 0.770313 0.514667 0.798438
0 0.484000 0.351562 0.516000 0.389062
0 0.164000 0.548437 0.200000 0.573437
0 0.110667 0.257812 0.146667 0.281250
0 0.846666 0.690625 0.884000 0.729687
0 0.845333 0.796875 0.884000 0.834375
0 0.846666 0.729688 0.880000 0.762501
0 0.848000 0.587500 0.882667 0.621876
0 0.845333 0.867188 0.882667 0.903125
0 0.484000 0.421875 0.514667 0.459375
0 0.845333 0.764062 0.882667 0.795312
0 0.792000 0.762500 0.829334 0.793750
0 0.438666 0.801562 0.472000 0.834375
0 0.791999 0.835938 0.826666 0.871875
0 0.848000 0.621874 0.881333 0.656250
0 0.105333 0.799999 0.142667 0.834375
0 0.107999 0.728125 0.142667 0.762501
0 0.629333 0.692187 0.666667 0.726562
0 0.687999 0.476562 0.718666 0.509375
0 0.516000 0.440625 0.541334 0.473438
0 0.632000 0.295312 0.668000 0.329688
0 0.685333 0.292187 0.721333 0.329687
0 0.848000 0.515625 0.884000 0.553125
0 0.628000 0.729687 0.664000 0.764062
0 0.328001 0.868750 0.365333 0.904688
0 0.330666 0.548438 0.365333 0.582813
0 0.220000 0.510937 0.253333 0.545312
0 0.103999 0.870312 0.142667 0.907812
0 0.573334 0.768750 0.608001 0.800000
0 0.688001 0.404687 0.717334 0.439063
0 0.161333 0.725000 0.198666 0.762500
0 0.330666 0.584375 0.365333 0.618750
0 0.108000 0.471876 0.144000 0.507812
0 0.108000 0.584375 0.144000 0.617188
0 0.793334 0.406250 0.828001 0.440626
0 0.793334 0.585938 0.828001 0.621875
0 0.578666 0.298438 0.612000 0.329688
0 0.328001 0.767187 0.365333 0.803125
0 0.218667 0.834375 0.254667 0.868750
0 0.848000 0.407812 0.884000 0.442188
0 0.514667 0.476563 0.542667 0.507813
0 0.386667 0.293749 0.423999 0.328125
0 0.682667 0.728125 0.718667 0.764063
0 0.630667 0.404687 0.666667 0.439063
0 0.626667 0.764063 0.665334 0.803125
0 0.630667 0.623437 0.664000 0.654687
0 0.524000 0.582812 0.557334 0.617188
0 0.685334 0.548437 0.720001 0.585937
0 0.738667 0.514062 0.774667 0.546875
0 0.576001 0.621875 0.609334 0.653125
0 0.685334 0.585938 0.720001 0.618750
0 0.328001 0.692187 0.365333 0.728125
0 0.164000 0.400000 0.201333 0.435937
0 0.334666 0.293749 0.369333 0.326562
0 0.162666 0.617188 0.199999 0.656250
0 0.630667 0.657813 0.664000 0.689063
0 0.482667 0.246876 0.518667 0.282813
0 0.106666 0.548437 0.145334 0.584375
0 0.328001 0.656250 0.365333 0.690626
0 0.389333 0.403125 0.422667 0.443750
0 0.794666 0.440626 0.827999 0.476562
0 0.220000 0.657813 0.253333 0.689063
0 0.848000 0.442188 0.884000 0.479688
0 0.740000 0.295312 0.776000 0.329688
0 0.437333 0.546875 0.473333 0.584375
0 0.109334 0.328125 0.144001 0.362501
0 0.793333 0.476562 0.829333 0.512499
0 0.686666 0.370312 0.717333 0.404688
0 0.848000 0.334375 0.885333 0.370312
0 0.438667 0.475000 0.474667 0.512500
0 0.329334 0.620312 0.366666 0.654687
0 0.165333 0.476562 0.200000 0.510938
0 0.628000 0.510938 0.665334 0.550000
0 0.521334 0.653126 0.556001 0.689062
0 0.521334 0.868750 0.556001 0.907812
0 0.273333 0.837500 0.309333 0.871876
0 0.276000 0.476562 0.309334 0.510938
0 0.328001 0.729688 0.365333 0.765624
0 0.437333 0.871876 0.472000 0.907812
0 0.792000 0.551562 0.829334 0.585938
0 0.327999 0.509375 0.366667 0.548437
0 0.628000 0.584375 0.665334 0.621875
0 0.575999 0.368750 0.610667 0.404687
0 0.441333 0.331251 0.473333 0.365626
0 0.574667 0.510937 0.610667 0.553125
0 0.630667 0.368750 0.666667 0.404687
0 0.740000 0.370312 0.774667 0.406249
0 0.538666 0.514062 0.567999 0.546875
0 0.740000 0.476562 0.774667 0.512499
0 0.329334 0.403126 0.366666 0.439063
0 0.738667 0.332813 0.774667 0.368750
0 0.220000 0.325000 0.257333 0.365625
0 0.740000 0.406251 0.774667 0.442188
0 0.793334 0.332812 0.830667 0.370312
0 0.221333 0.287500 0.257333 0.326562
0 0.387999 0.368749 0.422667 0.403124
0 0.276001 0.290625 0.313333 0.328125
0 0.386667 0.331250 0.423999 0.368750
0 0.685334 0.332813 0.720001 0.368750
0 0.274666 0.331251 0.313333 0.367188
