0 0.483333 0.478618 0.522222 0.509868
0 0.845555 0.847040 0.881111 0.888158
0 0.744444 0.850329 0.781111 0.891447
0 0.505556 0.733553 0.527778 0.761513
0 0.444444 0.769737 0.470000 0.810855
0 0.073333 0.478619 0.108889 0.519737
0 0.484445 0.328947 0.526667 0.360197
0 0.844445 0.310856 0.881112 0.353619
0 0.074444 0.309211 0.107777 0.350329
0 0.482223 0.197369 0.525556 0.226973
0 0.484444 0.263158 0.524444 0.294408
0 0.743333 0.682566 0.778889 0.726974
0 0.846666 0.809210 0.880000 0.848684
0 0.435555 0.562499 0.468889 0.600329
0 0.175555 0.768092 0.211111 0.814144
0 0.176667 0.310856 0.211111 0.345394
0 0.301111 0.396382 0.321111 0.427632
0 0.483334 0.358553 0.527778 0.394737
0 0.483333 0.162829 0.525555 0.199013
0 0.845556 0.684210 0.878889 0.726974
0 0.744444 0.768092 0.780000 0.809210
0 0.540000 0.226973 0.570000 0.264802
0 0.845556 0.889803 0.882223 0.935855
0 0.744444 0.809211 0.780000 0.850329
0 0.844445 0.598685 0.878889 0.636513
0 0.072222 0.177631 0.108890 0.223685
0 0.793333 0.847039 0.831111 0.889803
0 0.743334 0.600329 0.777778 0.639803
0 0.482222 0.225329 0.524444 0.264803
0 0.794444 0.557565 0.827778 0.600329
0 0.845555 0.726974 0.881111 0.766448
0 0.845555 0.764802 0.881111 0.807566
0 0.274445 0.310856 0.296667 0.345394
0 0.794444 0.437500 0.827778 0.473684
0 0.282222 0.434210 0.312222 0.473684
0 0.794444 0.810855 0.830000 0.848685
0 0.844445 0.476974 0.878889 0.516448
0 0.436667 0.601974 0.468889 0.643092
0 0.845556 0.638158 0.880000 0.685856
0 0.300001 0.353619 0.321111 0.388157
0 0.177778 0.726974 0.210000 0.768092
0 0.483334 0.128290 0.524444 0.161185
0 0.844445 0.516448 0.878889 0.557566
0 0.845556 0.353619 0.878889 0.389803
0 0.300001 0.273026 0.321111 0.309210
0 0.743333 0.312500 0.775555 0.351974
0 0.484445 0.291118 0.526667 0.330592
0 0.590000 0.226974 0.621112 0.266448
0 0.743333 0.891447 0.781111 0.934211
0 0.334444 0.689145 0.363334 0.725329
0 0.176667 0.396381 0.210000 0.434210
0 0.845556 0.266447 0.878889 0.310855
0 0.334444 0.725329 0.363334 0.768093
0 0.332222 0.812500 0.366666 0.848684
0 0.281112 0.475329 0.312223 0.519737
0 0.794444 0.891447 0.830000 0.934211
0 0.273333 0.271381 0.295555 0.309210
0 0.298889 0.310855 0.322223 0.347039
0 0.792222 0.307566 0.827778 0.351974
0 0.843333 0.128290 0.878889 0.179277
0 0.483333 0.425987 0.522222 0.475329
0 0.691111 0.225329 0.723333 0.266447
0 0.434445 0.643092 0.471112 0.685856
0 0.793333 0.396381 0.828889 0.435855
0 0.125555 0.310855 0.158888 0.350329
0 0.073333 0.562500 0.108889 0.605264
0 0.332222 0.768092 0.366666 0.810856
0 0.073334 0.223684 0.107778 0.264802
0 0.794444 0.766447 0.830000 0.809211
0 0.175556 0.562500 0.212223 0.605264
0 0.272222 0.351973 0.297778 0.389802
0 0.073333 0.264802 0.108889 0.310856
0 0.435555 0.725329 0.472222 0.766447
0 0.230000 0.271381 0.262222 0.310855
0 0.435556 0.389803 0.470000 0.430921
0 0.383334 0.309210 0.417778 0.348684
0 0.690000 0.174342 0.724444 0.223684
0 0.072222 0.131578 0.108890 0.177631
0 0.742223 0.555921 0.778890 0.598685
0 0.637778 0.129935 0.673334 0.177631
0 0.743333 0.266447 0.775555 0.310855
0 0.177778 0.133223 0.211111 0.180920
0 0.176667 0.348685 0.211111 0.396381
0 0.793333 0.264803 0.828889 0.309211
0 0.434444 0.475330 0.470000 0.518093
0 0.741111 0.434210 0.775555 0.473684
0 0.383334 0.268093 0.417778 0.310856
0 0.435556 0.309211 0.470000 0.350329
0 0.590000 0.180921 0.620000 0.225329
0 0.074445 0.435856 0.108889 0.478619
0 0.125555 0.131580 0.161111 0.179277
0 0.794445 0.641448 0.828889 0.682566
0 0.073333 0.393092 0.106666 0.434210
0 0.123333 0.518092 0.160000 0.560856
0 0.280000 0.223684 0.314444 0.268092
0 0.538890 0.131579 0.572223 0.180921
0 0.073334 0.519736 0.107778 0.562500
0 0.384445 0.348685 0.416667 0.391448
0 0.638889 0.268093 0.674445 0.315790
0 0.793334 0.351974 0.827778 0.396382
0 0.742222 0.391448 0.776666 0.434210
0 0.382223 0.131578 0.418890 0.177631
0 0.794445 0.723684 0.828889 0.766448
0 0.175555 0.518092 0.211111 0.562500
0 0.742222 0.473684 0.776666 0.514802
0 0.124445 0.394737 0.158889 0.434211
0 0.332222 0.518092 0.365556 0.559210
0 0.690000 0.266448 0.725556 0.312501
0 0.332222 0.600329 0.365556 0.643093
0 0.436666 0.225329 0.470000 0.266447
0 0.123333 0.478618 0.158889 0.518092
0 0.741111 0.225329 0.776667 0.266447
0 0.434444 0.518092 0.470000 0.564144
0 0.333333 0.309211 0.365555 0.350329
0 0.126666 0.180920 0.159999 0.226973
0 0.538889 0.180920 0.574445 0.226973
0 0.588889 0.126644 0.623333 0.177631
0 0.332222 0.478618 0.365556 0.518092
0 0.434445 0.430921 0.471112 0.475329
0 0.124444 0.348684 0.161111 0.393092
0 0.740000 0.175988 0.776667 0.223685
0 0.230000 0.179276 0.263333 0.223684
0 0.332222 0.136514 0.366666 0.179277
0 0.228889 0.223685 0.262223 0.269738
0 0.332222 0.222040 0.365556 0.264802
0 0.640000 0.179277 0.672222 0.225330
0 0.123333 0.434210 0.160000 0.476973
0 0.332222 0.179277 0.365556 0.222040
0 0.333333 0.435856 0.365555 0.478619
0 0.435555 0.180921 0.471111 0.225329
0 0.383333 0.179276 0.418889 0.223684
0 0.280000 0.134869 0.316667 0.180922
0 0.227778 0.133223 0.263334 0.180920
0 0.280000 0.180922 0.314444 0.223685
0 0.384444 0.435856 0.417778 0.478619
0 0.333333 0.266448 0.365555 0.309210
0 0.332222 0.351974 0.366666 0.393092
0 0.434445 0.131580 0.471112 0.179277
0 0.434444 0.268092 0.470000 0.309210
0 0.383334 0.223684 0.417778 0.268092
0 0.384444 0.391447 0.417778 0.435855
0 0.638889 0.223685 0.673333 0.266448
0 0.794445 0.598684 0.828889 0.641448
0 0.743333 0.514802 0.776667 0.557566
0 0.743333 0.725329 0.780000 0.766447
0 0.436667 0.685855 0.471111 0.726973
0 0.278889 0.518092 0.314445 0.564144
0 0.273333 0.394738 0.296666 0.429277
0 0.332222 0.559210 0.365556 0.598684
0 0.794445 0.475329 0.826667 0.516447
0 0.177778 0.435855 0.207778 0.475329
0 0.844445 0.557566 0.878889 0.598684
0 0.794445 0.682566 0.828889 0.723684
0 0.331110 0.848685 0.367777 0.899671
0 0.743334 0.639802 0.777778 0.682566
0 0.176667 0.476974 0.210000 0.516448
0 0.688889 0.310856 0.725556 0.358552
0 0.334444 0.394736 0.365555 0.432565
0 0.073334 0.350330 0.107778 0.393093
0 0.844444 0.223684 0.877777 0.264802
0 0.126667 0.269737 0.158889 0.310855
0 0.794444 0.516447 0.827778 0.559211
0 0.794444 0.177631 0.825556 0.223685
0 0.178889 0.685855 0.210000 0.726973
0 0.332222 0.643092 0.365556 0.689144
0 0.125555 0.225329 0.158888 0.269737
0 0.176667 0.223684 0.211111 0.268092
0 0.176667 0.269736 0.210000 0.307565
0 0.794444 0.223684 0.827778 0.264802
0 0.176666 0.644736 0.212222 0.687500
0 0.845556 0.434211 0.880000 0.475329
0 0.844444 0.180922 0.877777 0.223685
0 0.844445 0.391448 0.878889 0.434210
0 0.893333 0.172698 0.931111 0.228619
0 0.436667 0.348685 0.468889 0.391448
0 0.176667 0.605263 0.211111 0.646381
0 0.176667 0.179276 0.211111 0.223684
0 0.744444 0.351974 0.774444 0.391448
