0 0.777500 0.327532 0.797500 0.352848
0 0.863750 0.712025 0.902500 0.740506
0 0.498750 0.572785 0.521250 0.593355
0 0.758750 0.420886 0.790000 0.449367
0 0.753750 0.833861 0.790000 0.868671
0 0.802500 0.708861 0.823750 0.735760
0 0.693750 0.487341 0.716250 0.514240
0 0.750000 0.329114 0.771250 0.354430
0 0.755000 0.802215 0.791250 0.837025
0 0.803750 0.677215 0.826250 0.704114
0 0.265000 0.417722 0.297500 0.452532
0 0.831250 0.357595 0.852500 0.386076
0 0.263750 0.389241 0.297500 0.428797
0 0.486250 0.498418 0.515000 0.522152
0 0.755000 0.768987 0.790000 0.800633
0 0.753750 0.867088 0.791250 0.898734
0 0.831250 0.485760 0.853750 0.515822
0 0.721250 0.487341 0.741250 0.515822
0 0.263750 0.450950 0.296250 0.487342
0 0.757500 0.670886 0.791250 0.707278
0 0.483750 0.322785 0.513750 0.354431
0 0.832500 0.454114 0.851250 0.479430
0 0.810000 0.802215 0.845000 0.835443
0 0.803750 0.643988 0.826250 0.670887
0 0.756250 0.450950 0.792500 0.487342
0 0.262500 0.582279 0.296250 0.610760
0 0.756250 0.738924 0.791250 0.768987
0 0.811250 0.770569 0.842500 0.802215
0 0.485000 0.384493 0.515000 0.422468
0 0.700000 0.454114 0.736250 0.485760
0 0.096250 0.832278 0.130000 0.863924
0 0.485000 0.354431 0.516250 0.382912
0 0.318750 0.419304 0.353750 0.449367
0 0.808750 0.833861 0.843750 0.870253
0 0.645000 0.770570 0.680000 0.800632
0 0.812500 0.735760 0.842500 0.770570
0 0.776250 0.643988 0.798750 0.672469
0 0.097500 0.351266 0.131250 0.387658
0 0.095000 0.640823 0.127500 0.675633
0 0.096250 0.800633 0.128750 0.832279
0 0.152500 0.705697 0.182500 0.735760
0 0.590000 0.452532 0.623750 0.485760
0 0.832500 0.552215 0.852500 0.579114
0 0.805000 0.390823 0.825000 0.417722
0 0.866250 0.643987 0.902500 0.677215
0 0.831250 0.582279 0.852500 0.609178
0 0.803750 0.613923 0.826250 0.640822
0 0.590000 0.803798 0.625000 0.833861
0 0.265000 0.484177 0.297500 0.515823
0 0.867500 0.424050 0.898750 0.454113
0 0.748750 0.612341 0.770000 0.640822
0 0.831250 0.422469 0.852500 0.450950
0 0.093750 0.452531 0.130000 0.484177
0 0.866250 0.612342 0.902500 0.645570
0 0.757500 0.704114 0.791250 0.740506
0 0.865000 0.675633 0.902500 0.710443
0 0.095000 0.735759 0.128750 0.767405
0 0.588750 0.833861 0.625000 0.865507
0 0.870000 0.550633 0.898750 0.582279
0 0.776250 0.613923 0.798750 0.640822
0 0.776250 0.582279 0.798750 0.607595
0 0.642500 0.837025 0.677500 0.867088
0 0.153750 0.484178 0.185000 0.514240
0 0.095000 0.768987 0.128750 0.800633
0 0.427500 0.738924 0.461250 0.770570
0 0.643750 0.705696 0.678750 0.740506
0 0.590000 0.770570 0.625000 0.803798
0 0.206250 0.640823 0.241250 0.674051
0 0.371250 0.837025 0.406250 0.868671
0 0.316250 0.835443 0.351250 0.868671
0 0.590000 0.422468 0.625000 0.455696
0 0.428750 0.867089 0.461250 0.900317
0 0.315000 0.868671 0.352500 0.900317
0 0.152500 0.387658 0.185000 0.420886
0 0.645000 0.610759 0.680000 0.642405
0 0.430000 0.351266 0.463750 0.387658
0 0.866250 0.389241 0.901250 0.424051
0 0.152500 0.545886 0.185000 0.577532
0 0.260000 0.770570 0.293750 0.803798
0 0.207500 0.579114 0.242500 0.610760
0 0.372500 0.742089 0.407500 0.770570
0 0.590000 0.677215 0.622500 0.708861
0 0.205000 0.738924 0.240000 0.772152
0 0.152500 0.419304 0.186250 0.449367
0 0.428750 0.708861 0.461250 0.738923
0 0.318750 0.352848 0.353750 0.389240
0 0.375000 0.450949 0.407500 0.482595
0 0.428750 0.643987 0.462500 0.675633
0 0.370000 0.868671 0.407500 0.900317
0 0.095000 0.610759 0.130000 0.642405
0 0.315000 0.770570 0.351250 0.806962
0 0.867500 0.485759 0.901250 0.517405
0 0.646250 0.452532 0.678750 0.482594
0 0.588750 0.707278 0.623750 0.740506
0 0.152500 0.450949 0.185000 0.484177
0 0.316250 0.640823 0.351250 0.675633
0 0.150000 0.674050 0.185000 0.705696
0 0.537500 0.802215 0.570000 0.833861
0 0.647500 0.549050 0.677500 0.580696
0 0.318750 0.547468 0.352500 0.580696
0 0.261250 0.708861 0.295000 0.740507
0 0.590000 0.612341 0.622500 0.642404
0 0.537500 0.613924 0.568750 0.643987
0 0.373750 0.549050 0.406250 0.580696
0 0.207500 0.419304 0.241250 0.450950
0 0.536250 0.738924 0.568750 0.770570
0 0.428750 0.514240 0.462500 0.547468
0 0.372500 0.770569 0.407500 0.802215
0 0.720000 0.518988 0.743750 0.547469
0 0.587500 0.642405 0.622500 0.675633
0 0.536250 0.454115 0.568750 0.484177
0 0.095000 0.545886 0.131250 0.579114
0 0.866250 0.517405 0.902500 0.550633
0 0.590000 0.582279 0.623750 0.612341
0 0.646250 0.420886 0.680000 0.452532
0 0.701250 0.422468 0.735000 0.455696
0 0.646250 0.389240 0.681250 0.422468
0 0.258750 0.868671 0.297500 0.900317
0 0.536250 0.770569 0.568750 0.802215
0 0.207500 0.387658 0.241250 0.419304
0 0.372500 0.610760 0.406250 0.640822
0 0.426250 0.802215 0.462500 0.837025
0 0.702500 0.390823 0.736250 0.422469
0 0.317500 0.580696 0.352500 0.612342
0 0.207500 0.449367 0.240000 0.485759
0 0.261250 0.609177 0.296250 0.642405
0 0.372500 0.579114 0.406250 0.610760
0 0.590000 0.390823 0.625000 0.422469
0 0.427500 0.675633 0.462500 0.708861
0 0.316250 0.482595 0.351250 0.515823
0 0.318750 0.514240 0.352500 0.547468
0 0.646250 0.354430 0.680000 0.389240
0 0.207500 0.547468 0.241250 0.579114
0 0.373750 0.640823 0.406250 0.675633
0 0.316250 0.707278 0.351250 0.740506
0 0.262500 0.642405 0.296250 0.675633
0 0.152500 0.610759 0.183750 0.642405
0 0.260000 0.835443 0.295000 0.868671
0 0.373750 0.352848 0.408750 0.389240
0 0.646250 0.517406 0.677500 0.547469
0 0.702500 0.324367 0.736250 0.359177
0 0.372500 0.420886 0.408750 0.452532
0 0.537500 0.833861 0.570000 0.867089
0 0.373750 0.708861 0.406250 0.742089
0 0.316250 0.675633 0.352500 0.707279
0 0.263750 0.515823 0.298750 0.547469
0 0.315000 0.740506 0.351250 0.772152
0 0.428750 0.452532 0.462500 0.485760
0 0.536250 0.642405 0.568750 0.677215
0 0.206250 0.674051 0.240000 0.708861
0 0.151250 0.577532 0.185000 0.610760
0 0.375000 0.481013 0.406250 0.514241
0 0.536250 0.390823 0.570000 0.420885
0 0.371250 0.802215 0.407500 0.838607
0 0.590000 0.517405 0.623750 0.549051
0 0.262500 0.675633 0.296250 0.708861
0 0.373750 0.389240 0.408750 0.422468
0 0.536250 0.675633 0.570000 0.708861
0 0.646250 0.482595 0.677500 0.515823
0 0.702500 0.359177 0.736250 0.390823
0 0.263750 0.547468 0.298750 0.582278
0 0.536250 0.485759 0.567500 0.517405
0 0.588750 0.484177 0.623750 0.517405
0 0.536250 0.549050 0.568750 0.579113
0 0.536250 0.420886 0.570000 0.455696
0 0.373750 0.514241 0.407500 0.549051
0 0.590000 0.549051 0.625000 0.582279
0 0.207500 0.514241 0.240000 0.549051
0 0.588750 0.352848 0.625000 0.389240
0 0.536250 0.518987 0.567500 0.550633
0 0.430000 0.580696 0.462500 0.613924
0 0.428750 0.547468 0.462500 0.580696
0 0.428750 0.387658 0.463750 0.420886
0 0.430000 0.422469 0.462500 0.452531
0 0.535000 0.352848 0.571250 0.390823
0 0.536250 0.579114 0.570000 0.613924
0 0.206250 0.708861 0.240000 0.738923
0 0.318750 0.387658 0.353750 0.420886
0 0.750000 0.547468 0.771250 0.580696
0 0.645000 0.675633 0.678750 0.705696
0 0.150000 0.735760 0.185000 0.770570
0 0.643750 0.800633 0.678750 0.835443
0 0.867500 0.580696 0.900000 0.612342
0 0.756250 0.488924 0.791250 0.517405
0 0.152500 0.514240 0.185000 0.547468
0 0.427500 0.837025 0.461250 0.867088
0 0.150000 0.770569 0.185000 0.802215
0 0.501362 0.593766 0.522362 0.615094
0 0.501625 0.635428 0.521849 0.654794
0 0.503187 0.655111 0.521850 0.672183
0 0.262500 0.802215 0.295000 0.835443
0 0.645000 0.740506 0.678750 0.772152
0 0.263750 0.354430 0.296250 0.389240
0 0.148750 0.802215 0.185000 0.833861
0 0.483500 0.420886 0.516126 0.456645
0 0.208750 0.484178 0.240000 0.512659
0 0.095000 0.417722 0.131250 0.452532
0 0.152500 0.352848 0.185000 0.386076
0 0.866250 0.322785 0.901250 0.357595
0 0.207500 0.352848 0.241250 0.386076
0 0.095000 0.674050 0.127500 0.705696
0 0.207500 0.610759 0.241250 0.642405
0 0.831250 0.390823 0.852500 0.417722
0 0.761250 0.389240 0.791250 0.422468
0 0.485000 0.522151 0.516250 0.550632
0 0.501250 0.613924 0.521250 0.636076
0 0.758750 0.356013 0.793750 0.386075
0 0.483750 0.781645 0.516250 0.808544
0 0.150000 0.865506 0.187500 0.898734
0 0.093750 0.705696 0.128750 0.737342
0 0.805000 0.580697 0.826250 0.609178
0 0.093750 0.514240 0.131250 0.545886
0 0.832500 0.517405 0.853750 0.549051
0 0.316250 0.805380 0.351250 0.835442
0 0.757500 0.517405 0.791250 0.545886
0 0.748750 0.582279 0.771250 0.610760
0 0.806250 0.357596 0.827500 0.387658
0 0.692500 0.517406 0.715000 0.547469
0 0.092500 0.482595 0.130000 0.514241
0 0.206250 0.867089 0.242500 0.900317
0 0.427500 0.770569 0.462500 0.802215
0 0.093750 0.863924 0.133750 0.900316
0 0.537500 0.708861 0.568750 0.738923
0 0.205000 0.772152 0.240000 0.803798
0 0.151250 0.640823 0.185000 0.675633
0 0.588750 0.865506 0.625000 0.900316
0 0.646250 0.580697 0.678750 0.610760
0 0.262500 0.738924 0.293750 0.772152
0 0.803750 0.454114 0.826250 0.482594
0 0.095000 0.386076 0.131250 0.419304
0 0.373750 0.677215 0.403750 0.707278
0 0.206250 0.833861 0.241250 0.867089
0 0.867500 0.359177 0.901250 0.390823
0 0.317500 0.612341 0.351250 0.642404
0 0.206250 0.803798 0.240000 0.833861
0 0.316250 0.447785 0.352500 0.482595
0 0.591250 0.738924 0.623750 0.770570
0 0.428750 0.485760 0.462500 0.515822
0 0.867500 0.452532 0.900000 0.485760
0 0.805000 0.484178 0.825000 0.514240
0 0.537500 0.867089 0.568750 0.897151
0 0.776250 0.549051 0.801250 0.582279
0 0.430000 0.613924 0.462500 0.643987
0 0.803750 0.550632 0.826250 0.579113
0 0.645000 0.640823 0.680000 0.675633
0 0.646250 0.867088 0.677500 0.898734
0 0.805000 0.425633 0.825000 0.450949
0 0.803750 0.517405 0.826250 0.545886
0 0.150000 0.833861 0.186250 0.867089
0 0.096250 0.577532 0.130000 0.610760
