0 0.537778 0.264026 0.572222 0.305280
0 0.536667 0.636964 0.571111 0.681518
0 0.382223 0.122112 0.418890 0.169967
0 0.586666 0.305281 0.623333 0.348185
0 0.587778 0.176568 0.623334 0.219472
0 0.842222 0.262376 0.877778 0.305280
0 0.842222 0.168317 0.877778 0.216171
0 0.536666 0.556106 0.572222 0.599010
0 0.794445 0.470297 0.826667 0.511551
0 0.382222 0.262376 0.417778 0.306930
0 0.587778 0.219472 0.622222 0.260726
0 0.226666 0.470297 0.263333 0.511551
0 0.690001 0.305281 0.723334 0.344885
0 0.587778 0.262376 0.622222 0.303630
0 0.587778 0.122113 0.623334 0.174918
0 0.792223 0.722773 0.828890 0.767327
0 0.538890 0.303630 0.572223 0.343234
0 0.690001 0.468647 0.723334 0.513201
0 0.277778 0.259076 0.314445 0.303630
0 0.794445 0.387789 0.826667 0.429043
0 0.690001 0.386139 0.723334 0.429043
0 0.741111 0.171617 0.775555 0.217822
0 0.434444 0.219472 0.470000 0.262376
0 0.434444 0.262376 0.470000 0.305280
0 0.230000 0.217822 0.262222 0.262376
0 0.894444 0.216171 0.932222 0.262377
0 0.895556 0.386139 0.930000 0.429043
0 0.075556 0.216172 0.110000 0.257426
0 0.792222 0.305281 0.825555 0.348185
0 0.173333 0.808581 0.208889 0.848185
0 0.175555 0.166666 0.211111 0.216172
0 0.895555 0.166667 0.931111 0.214522
0 0.843333 0.216172 0.876667 0.260726
0 0.330000 0.257426 0.365556 0.301980
0 0.536666 0.171617 0.572222 0.217822
0 0.537778 0.122112 0.571111 0.169967
0 0.895556 0.262376 0.930000 0.301980
0 0.228888 0.301980 0.259999 0.343234
0 0.125555 0.255775 0.161111 0.303630
0 0.382222 0.171617 0.417778 0.217822
0 0.638889 0.173267 0.672223 0.212871
0 0.227777 0.384489 0.261111 0.429043
0 0.383333 0.217822 0.416667 0.262376
0 0.791111 0.259075 0.825555 0.305281
0 0.224444 0.679868 0.260000 0.724422
0 0.844444 0.384489 0.877777 0.429043
0 0.794444 0.554456 0.827778 0.597360
0 0.174445 0.552805 0.208889 0.595709
0 0.331111 0.122112 0.366667 0.173267
0 0.794444 0.597360 0.827778 0.638614
0 0.686667 0.123762 0.725556 0.169967
0 0.226666 0.429043 0.262222 0.470297
0 0.228889 0.173267 0.264445 0.216171
0 0.741111 0.264026 0.775555 0.303630
0 0.691111 0.344885 0.723333 0.386139
0 0.331111 0.343234 0.366667 0.386138
0 0.742223 0.120463 0.775556 0.171618
0 0.896667 0.343234 0.928889 0.386138
0 0.896666 0.429043 0.929999 0.468647
0 0.690000 0.219472 0.722222 0.260726
0 0.482222 0.420791 0.523333 0.466997
0 0.176667 0.259076 0.211111 0.301980
0 0.433333 0.305281 0.470000 0.346535
0 0.432222 0.427393 0.467778 0.470297
0 0.228888 0.344884 0.259999 0.382838
0 0.281111 0.217822 0.314445 0.259076
0 0.691111 0.597360 0.724445 0.638614
0 0.176667 0.386139 0.210000 0.427393
0 0.331111 0.214522 0.366667 0.257426
0 0.845555 0.470297 0.876667 0.509901
0 0.230000 0.262376 0.260000 0.300330
0 0.331111 0.387789 0.365555 0.429043
0 0.844444 0.511551 0.877777 0.554455
0 0.176667 0.470297 0.207778 0.509901
0 0.591112 0.389439 0.622222 0.430693
0 0.072222 0.387789 0.108890 0.427393
0 0.844444 0.556106 0.877777 0.597360
0 0.176667 0.301980 0.210000 0.343234
0 0.173334 0.894390 0.210001 0.938944
0 0.844444 0.641914 0.880000 0.679868
0 0.538890 0.473597 0.572223 0.511551
0 0.895556 0.849835 0.934445 0.891089
0 0.073334 0.427393 0.107778 0.471947
0 0.538889 0.382838 0.573333 0.429044
0 0.073333 0.514851 0.105555 0.554455
0 0.689999 0.815182 0.726666 0.836634
0 0.503333 0.727722 0.526667 0.755776
0 0.503333 0.712871 0.525555 0.731023
0 0.176667 0.341584 0.211111 0.386138
0 0.844445 0.848185 0.878889 0.894390
0 0.482222 0.468646 0.524444 0.498350
0 0.174444 0.679868 0.210000 0.722772
0 0.278889 0.511551 0.313333 0.554455
0 0.794445 0.772277 0.828889 0.797029
0 0.482222 0.351650 0.526666 0.386138
0 0.482222 0.325082 0.526666 0.351485
0 0.230000 0.120463 0.263333 0.173267
0 0.278889 0.638614 0.313333 0.681518
0 0.437777 0.123762 0.468888 0.171617
0 0.331112 0.595710 0.364444 0.636964
0 0.896667 0.805281 0.931111 0.849835
0 0.225555 0.635314 0.261111 0.679868
0 0.225556 0.765677 0.260000 0.806931
0 0.691112 0.556106 0.722222 0.597360
0 0.537778 0.513201 0.572222 0.556105
0 0.278889 0.554455 0.313333 0.592409
0 0.282222 0.173267 0.313333 0.216171
0 0.330000 0.681518 0.364444 0.721122
0 0.795555 0.805281 0.828889 0.844885
0 0.536667 0.599010 0.571111 0.636964
0 0.176667 0.427393 0.208889 0.468647
0 0.844444 0.896040 0.880000 0.938944
0 0.690000 0.681518 0.724444 0.724422
0 0.330000 0.511551 0.364444 0.552805
0 0.897778 0.765677 0.932222 0.805281
0 0.226666 0.597360 0.262222 0.635314
0 0.690000 0.722772 0.725556 0.764026
0 0.482222 0.188119 0.526666 0.217822
0 0.741111 0.217822 0.775555 0.262376
0 0.636666 0.262376 0.672222 0.306930
0 0.637778 0.214522 0.673334 0.260727
0 0.742223 0.303630 0.775556 0.344884
0 0.537778 0.219472 0.573334 0.262376
0 0.688889 0.260725 0.724445 0.308580
0 0.067777 0.848185 0.106666 0.891089
0 0.484444 0.150165 0.524444 0.189769
0 0.435556 0.171618 0.470000 0.219472
0 0.793333 0.346535 0.825555 0.384489
0 0.071111 0.592409 0.108889 0.635313
0 0.067777 0.892740 0.106666 0.940595
0 0.069999 0.724423 0.106666 0.767327
0 0.278889 0.305281 0.314445 0.338284
0 0.074445 0.173267 0.108889 0.214521
0 0.435556 0.346535 0.467778 0.386139
0 0.071110 0.636964 0.107777 0.681518
0 0.538889 0.343234 0.571111 0.382838
0 0.845556 0.679868 0.877778 0.721122
0 0.433333 0.470296 0.468889 0.516501
0 0.844445 0.429043 0.876667 0.466997
0 0.277778 0.341584 0.313334 0.384488
0 0.897778 0.892739 0.932222 0.935643
0 0.071111 0.806931 0.105555 0.846535
0 0.483333 0.118813 0.525555 0.153466
0 0.182222 0.511551 0.210000 0.551155
0 0.690000 0.894390 0.725556 0.938944
0 0.072222 0.339933 0.106666 0.386139
0 0.071111 0.765677 0.105555 0.805281
0 0.173333 0.848185 0.208889 0.892739
0 0.073333 0.471947 0.108889 0.514851
0 0.072222 0.554455 0.106666 0.592409
0 0.276666 0.681517 0.313333 0.727723
0 0.482223 0.255776 0.525556 0.287129
0 0.793334 0.511551 0.827778 0.554455
0 0.069999 0.681518 0.106666 0.722772
0 0.844445 0.303630 0.876667 0.343234
0 0.538889 0.430693 0.573333 0.471947
0 0.224444 0.806931 0.260000 0.848185
0 0.897778 0.726073 0.932222 0.767327
0 0.072222 0.300330 0.108890 0.339934
0 0.174444 0.640264 0.210000 0.681518
0 0.843333 0.343234 0.876667 0.384488
0 0.796667 0.844885 0.828889 0.889439
0 0.844444 0.597360 0.877777 0.641914
0 0.331111 0.429043 0.365555 0.468647
0 0.482223 0.217822 0.525556 0.257426
0 0.330000 0.719472 0.364444 0.762376
0 0.483334 0.283828 0.526667 0.325082
0 0.691111 0.429043 0.723333 0.466997
0 0.224444 0.892740 0.262222 0.937294
0 0.689999 0.764027 0.726666 0.811882
0 0.331112 0.470297 0.364444 0.511551
0 0.690000 0.638614 0.724444 0.681518
0 0.281112 0.468647 0.312223 0.513201
0 0.638889 0.306931 0.671111 0.344885
0 0.174444 0.722772 0.210000 0.762376
0 0.333333 0.301980 0.365555 0.343234
0 0.074445 0.259076 0.108889 0.298680
0 0.328888 0.552805 0.365555 0.595709
0 0.792222 0.171617 0.824444 0.214521
0 0.278889 0.592409 0.313333 0.636963
0 0.224444 0.846535 0.261111 0.891089
0 0.844445 0.765677 0.878889 0.805281
0 0.328888 0.808581 0.365555 0.853135
0 0.278889 0.429043 0.313333 0.466997
0 0.794444 0.638614 0.827778 0.679868
0 0.331111 0.174918 0.366667 0.216172
0 0.330000 0.764027 0.364444 0.808581
0 0.590000 0.348185 0.622222 0.389439
0 0.328889 0.636964 0.364445 0.681518
0 0.536667 0.679868 0.571111 0.724422
0 0.897778 0.683169 0.932222 0.727723
0 0.896666 0.640264 0.932222 0.683168
0 0.174445 0.762376 0.206667 0.806930
0 0.689999 0.841584 0.726666 0.892740
0 0.638889 0.344885 0.672223 0.389439
0 0.688889 0.169966 0.724445 0.219472
0 0.174444 0.595710 0.210000 0.640264
0 0.227778 0.513201 0.262222 0.552805
0 0.743334 0.389439 0.774444 0.429043
0 0.177778 0.216172 0.210000 0.259076
0 0.074445 0.120463 0.108889 0.171618
0 0.795556 0.429043 0.826666 0.468647
0 0.794445 0.889439 0.828889 0.937294
0 0.844445 0.806931 0.878889 0.849835
0 0.845556 0.722772 0.878889 0.764026
0 0.896667 0.470297 0.927777 0.509901
0 0.435556 0.386139 0.467778 0.427393
0 0.895556 0.552806 0.930000 0.597360
0 0.224444 0.724423 0.260000 0.765677
0 0.691111 0.513201 0.724445 0.556105
0 0.792222 0.216172 0.825555 0.259076
0 0.895555 0.300330 0.928889 0.343234
0 0.895556 0.511551 0.930000 0.552805
0 0.227778 0.552806 0.262222 0.597360
0 0.795556 0.679868 0.826666 0.722772
0 0.896667 0.597360 0.931111 0.640264
0 0.743333 0.344885 0.775555 0.386139
0 0.280000 0.118813 0.315556 0.171618
0 0.277778 0.384489 0.314445 0.429043
