0 0.896666 0.313115 0.929999 0.352459
0 0.480000 0.126229 0.524444 0.162295
0 0.687778 0.309836 0.722222 0.350820
0 0.740000 0.600000 0.776667 0.644262
0 0.328888 0.181968 0.365555 0.229509
0 0.328888 0.134427 0.365555 0.181968
0 0.380000 0.134426 0.417778 0.180328
0 0.740000 0.644262 0.776667 0.686886
0 0.793334 0.642622 0.826667 0.685246
0 0.740000 0.726229 0.775556 0.768853
0 0.380000 0.180328 0.418888 0.231148
0 0.740000 0.516394 0.777778 0.560656
0 0.740000 0.263934 0.776667 0.311476
0 0.738889 0.475410 0.777778 0.516394
0 0.791111 0.518033 0.827778 0.560656
0 0.121111 0.129508 0.160000 0.181967
0 0.741111 0.560656 0.776667 0.601640
0 0.327777 0.308197 0.364445 0.352459
0 0.637778 0.559016 0.673334 0.604918
0 0.791111 0.177049 0.828889 0.229508
0 0.224444 0.180328 0.261111 0.224590
0 0.223333 0.350819 0.261111 0.396721
0 0.275556 0.181967 0.314444 0.226229
0 0.172222 0.132787 0.210000 0.181967
0 0.841111 0.393443 0.878889 0.437705
0 0.170000 0.265574 0.210000 0.313114
0 0.636666 0.640983 0.672222 0.688524
0 0.791111 0.313115 0.826667 0.355737
0 0.688889 0.559017 0.723333 0.603279
0 0.636667 0.473770 0.673334 0.519672
0 0.431112 0.178688 0.470000 0.224590
0 0.223333 0.132787 0.262222 0.180328
0 0.791111 0.355738 0.826667 0.395082
0 0.740000 0.768852 0.776667 0.811476
0 0.792222 0.601639 0.826666 0.642623
0 0.792222 0.395082 0.826666 0.436066
0 0.432222 0.134426 0.470000 0.180328
0 0.634444 0.309837 0.671111 0.352459
0 0.688889 0.603279 0.724445 0.647541
0 0.688889 0.683607 0.724445 0.731148
0 0.636667 0.767213 0.673334 0.811475
0 0.841110 0.475410 0.877777 0.521312
0 0.742222 0.686885 0.774444 0.726229
0 0.224444 0.308197 0.260000 0.350820
0 0.791111 0.268853 0.826667 0.313115
0 0.690001 0.518033 0.723334 0.559017
0 0.792222 0.683607 0.827778 0.726230
0 0.223333 0.434426 0.260000 0.478688
0 0.690000 0.475410 0.722222 0.516394
0 0.841112 0.219672 0.880000 0.270492
0 0.741111 0.311475 0.774444 0.352459
0 0.275555 0.436065 0.313333 0.478688
0 0.275555 0.352459 0.313333 0.393443
0 0.535556 0.265574 0.567778 0.309836
0 0.327777 0.350820 0.364445 0.395082
0 0.688889 0.436065 0.723333 0.477049
0 0.275556 0.270491 0.312223 0.313114
0 0.172222 0.219672 0.210000 0.263934
0 0.687778 0.809836 0.725556 0.850820
0 0.636667 0.350820 0.671111 0.393442
0 0.275556 0.226230 0.312223 0.270492
0 0.224444 0.224590 0.261111 0.268852
0 0.687778 0.393443 0.722222 0.432787
0 0.792222 0.436065 0.826666 0.477049
0 0.638889 0.890164 0.672223 0.936066
0 0.740000 0.890164 0.777778 0.936066
0 0.276667 0.391804 0.311111 0.434426
0 0.535556 0.219672 0.567778 0.263934
0 0.686667 0.891803 0.724445 0.936065
0 0.843333 0.808197 0.878889 0.854099
0 0.635555 0.267213 0.671111 0.309836
0 0.222222 0.516393 0.261111 0.559017
0 0.687778 0.268852 0.722222 0.311475
0 0.792222 0.808197 0.827778 0.849181
0 0.791111 0.475410 0.826667 0.518033
0 0.740000 0.809836 0.776667 0.850820
0 0.841111 0.311476 0.878889 0.354098
0 0.842222 0.644262 0.878889 0.686886
0 0.842222 0.355737 0.877778 0.393442
0 0.894444 0.393443 0.932222 0.437705
0 0.740000 0.352459 0.776667 0.395081
0 0.792222 0.849180 0.827778 0.895082
0 0.636666 0.724590 0.672222 0.767213
0 0.223333 0.396721 0.260000 0.436065
0 0.431112 0.224590 0.470000 0.267213
0 0.843333 0.768852 0.876667 0.809836
0 0.843334 0.562295 0.877778 0.603279
0 0.687778 0.767213 0.725556 0.811475
0 0.172222 0.180328 0.210000 0.219672
0 0.533334 0.309836 0.567778 0.357378
0 0.636666 0.393443 0.672222 0.437705
0 0.843333 0.603278 0.878889 0.645902
0 0.842222 0.726229 0.876666 0.768853
0 0.791111 0.560655 0.826667 0.603279
0 0.433333 0.268852 0.470000 0.309836
0 0.792223 0.724590 0.828890 0.768852
0 0.638889 0.604918 0.671111 0.640984
0 0.895556 0.644262 0.934445 0.690164
0 0.843333 0.522951 0.876667 0.562295
0 0.842222 0.686885 0.877778 0.727869
0 0.637778 0.521311 0.672222 0.559017
0 0.740000 0.393443 0.776667 0.437705
0 0.585556 0.265574 0.620000 0.309836
0 0.842222 0.270492 0.877778 0.311476
0 0.740000 0.436066 0.775556 0.475410
0 0.842222 0.439345 0.876666 0.477050
0 0.792222 0.227869 0.827778 0.268853
0 0.276666 0.516393 0.313333 0.562295
0 0.585555 0.311476 0.621111 0.355738
0 0.894444 0.437704 0.932222 0.480327
0 0.896666 0.265574 0.929999 0.311476
0 0.792223 0.895082 0.828890 0.934426
0 0.222222 0.601639 0.262222 0.645901
0 0.688889 0.645902 0.723333 0.685246
0 0.740000 0.849180 0.776667 0.890164
0 0.636667 0.686885 0.671111 0.726229
0 0.687778 0.349181 0.723334 0.391803
0 0.275555 0.477049 0.313333 0.518033
0 0.481111 0.291967 0.523333 0.329509
0 0.432222 0.349180 0.467778 0.393442
0 0.431112 0.309836 0.470000 0.349180
0 0.483333 0.429508 0.518889 0.477050
0 0.483022 0.329983 0.524133 0.362770
0 0.431889 0.393442 0.467777 0.439344
0 0.275556 0.132787 0.314444 0.182295
0 0.480745 0.263377 0.523412 0.291902
0 0.916667 0.565574 0.936667 0.596722
0 0.482222 0.355737 0.523333 0.391803
0 0.480000 0.193442 0.524444 0.224590
0 0.481111 0.160656 0.523333 0.196722
0 0.894444 0.478689 0.933333 0.522951
0 0.893334 0.521311 0.932222 0.563935
0 0.070000 0.129508 0.103333 0.178688
0 0.222222 0.477050 0.261111 0.519672
0 0.224444 0.267213 0.260000 0.309836
0 0.275555 0.311475 0.313333 0.352459
0 0.327778 0.268853 0.363334 0.308197
0 0.637778 0.811475 0.672222 0.849181
0 0.895555 0.598360 0.933333 0.644262
0 0.894444 0.350820 0.932222 0.393442
0 0.637777 0.439344 0.671111 0.475410
0 0.690000 0.731147 0.724444 0.767213
0 0.687778 0.850819 0.724445 0.891803
0 0.222222 0.559017 0.260000 0.603279
0 0.637777 0.849180 0.671111 0.888524
0 0.221111 0.645901 0.261111 0.686885
0 0.793334 0.767213 0.827778 0.808197
0 0.481111 0.222950 0.523333 0.265574
0 0.327778 0.231148 0.363334 0.268852
