0 0.274667 0.359375 0.310667 0.396875
0 0.790667 0.795313 0.829334 0.832813
0 0.162667 0.507812 0.198667 0.540625
0 0.481333 0.237501 0.514667 0.273438
0 0.792000 0.360938 0.828000 0.396875
0 0.628000 0.506250 0.664000 0.542188
0 0.522667 0.362501 0.557334 0.396876
0 0.522667 0.543750 0.557334 0.575000
0 0.682666 0.723437 0.717333 0.757812
0 0.162666 0.757812 0.199999 0.798437
0 0.629333 0.687501 0.664000 0.723437
0 0.790666 0.654687 0.827999 0.689063
0 0.792000 0.689063 0.828000 0.723438
0 0.162666 0.432813 0.201333 0.471875
0 0.574667 0.614062 0.610667 0.648438
0 0.105333 0.281250 0.144001 0.318750
0 0.217333 0.831250 0.257333 0.870312
0 0.274667 0.323437 0.311999 0.359374
0 0.792000 0.545312 0.828000 0.578125
0 0.438666 0.282812 0.472000 0.323437
0 0.274667 0.434374 0.311999 0.468750
0 0.738667 0.362501 0.773334 0.396876
0 0.522667 0.325000 0.558667 0.362500
0 0.684000 0.325000 0.720000 0.364062
0 0.329333 0.175000 0.369333 0.217188
0 0.218666 0.870313 0.255999 0.903126
0 0.276000 0.250001 0.312000 0.285938
0 0.573333 0.689062 0.610667 0.725000
0 0.218667 0.725000 0.254667 0.762500
0 0.790666 0.760937 0.827999 0.795312
0 0.520000 0.757813 0.556000 0.795313
0 0.437333 0.429688 0.473333 0.468750
0 0.106667 0.868750 0.142667 0.907812
0 0.520000 0.612500 0.556000 0.650000
0 0.274667 0.396875 0.311999 0.434375
0 0.736000 0.870313 0.773334 0.906249
0 0.846667 0.545312 0.882667 0.578125
0 0.161333 0.834375 0.201333 0.871875
0 0.683999 0.617187 0.718666 0.648437
0 0.438666 0.398438 0.472000 0.428125
0 0.330666 0.434375 0.365333 0.473437
0 0.740000 0.759375 0.772000 0.793751
0 0.626667 0.870313 0.664000 0.906249
0 0.274666 0.206250 0.313333 0.246875
0 0.626667 0.831250 0.664000 0.868750
0 0.441333 0.543750 0.472000 0.575000
0 0.793334 0.285938 0.828001 0.325000
0 0.161333 0.796875 0.201333 0.834375
0 0.792000 0.620312 0.828000 0.654687
0 0.220000 0.359374 0.253333 0.392187
0 0.738667 0.723437 0.772000 0.757812
0 0.332000 0.473438 0.364000 0.506251
0 0.788000 0.868750 0.828000 0.904688
0 0.482667 0.273438 0.514667 0.306250
0 0.573333 0.829687 0.610667 0.865625
0 0.218666 0.320312 0.255999 0.357812
0 0.486667 0.400000 0.513333 0.425000
0 0.290666 0.470312 0.317333 0.499999
0 0.438667 0.723437 0.473334 0.754687
0 0.845333 0.612500 0.884000 0.654688
0 0.326667 0.218750 0.367999 0.242188
0 0.484000 0.357813 0.514667 0.379688
0 0.488000 0.379688 0.512000 0.400001
0 0.485333 0.337500 0.514667 0.360938
0 0.520000 0.651562 0.556000 0.685937
0 0.846666 0.289062 0.884000 0.326562
0 0.794667 0.470313 0.826667 0.507813
0 0.217333 0.798438 0.256000 0.832813
0 0.630667 0.362501 0.666667 0.396876
0 0.106666 0.648438 0.144000 0.684375
0 0.438667 0.685938 0.473334 0.723438
0 0.574667 0.432813 0.610667 0.471875
0 0.218666 0.504687 0.253333 0.539062
0 0.161333 0.653124 0.198666 0.687500
0 0.629333 0.396875 0.665333 0.434375
0 0.521334 0.503125 0.558667 0.542187
0 0.218666 0.393750 0.255999 0.431250
0 0.520000 0.576563 0.557334 0.614063
0 0.629333 0.542188 0.664000 0.578124
0 0.218666 0.540625 0.255999 0.578125
0 0.575999 0.398438 0.610667 0.432813
0 0.682667 0.543749 0.718667 0.578125
0 0.738667 0.435937 0.774667 0.470313
0 0.574666 0.284375 0.612000 0.323437
0 0.629333 0.470313 0.665333 0.506250
0 0.684000 0.399999 0.720000 0.434374
0 0.384000 0.281250 0.424000 0.323438
0 0.272001 0.542188 0.313333 0.578124
0 0.740000 0.471876 0.773334 0.507812
0 0.684000 0.471876 0.720000 0.507812
0 0.329334 0.246875 0.368001 0.287500
0 0.738667 0.509375 0.774667 0.543751
0 0.736000 0.651563 0.773334 0.687499
0 0.522667 0.284375 0.558667 0.323437
0 0.737333 0.579687 0.774667 0.615625
0 0.683999 0.579687 0.718666 0.615625
0 0.737333 0.543750 0.774667 0.581250
0 0.218666 0.250001 0.257333 0.285938
0 0.329334 0.507812 0.364001 0.540625
0 0.792000 0.723438 0.828000 0.760938
0 0.218667 0.173438 0.258667 0.210938
0 0.846666 0.509375 0.884000 0.545313
0 0.846666 0.762501 0.881333 0.792188
0 0.438667 0.507812 0.473334 0.543750
0 0.162666 0.323437 0.201333 0.360937
0 0.571999 0.793750 0.610667 0.831250
0 0.484001 0.204687 0.513333 0.232813
0 0.273333 0.726562 0.309333 0.759375
0 0.848000 0.401562 0.884000 0.432812
0 0.628000 0.723437 0.664000 0.759375
0 0.845333 0.793750 0.882667 0.832812
0 0.162666 0.721874 0.195999 0.756250
0 0.845333 0.832812 0.884000 0.870312
0 0.106667 0.832812 0.142667 0.867188
0 0.518666 0.865625 0.555999 0.901563
0 0.573333 0.868750 0.610667 0.901563
0 0.573333 0.762500 0.609333 0.793750
0 0.846666 0.689062 0.881333 0.725000
0 0.683999 0.829688 0.718666 0.864063
0 0.272000 0.687500 0.310667 0.728124
0 0.485334 0.176562 0.512001 0.204687
0 0.106667 0.793750 0.142667 0.831250
0 0.106667 0.762500 0.142667 0.793750
0 0.162667 0.614062 0.198667 0.651562
0 0.629333 0.323438 0.666667 0.362500
0 0.272000 0.831249 0.312000 0.864062
0 0.790666 0.832812 0.827999 0.867188
0 0.629333 0.614062 0.664000 0.650000
0 0.844000 0.725000 0.882667 0.764062
0 0.518666 0.831249 0.555999 0.865625
0 0.272000 0.650000 0.312000 0.687500
0 0.273334 0.795313 0.310666 0.831249
0 0.846666 0.326563 0.884000 0.364063
0 0.795999 0.437500 0.826666 0.468750
0 0.520000 0.796875 0.557334 0.829688
0 0.685334 0.759375 0.716001 0.790625
0 0.103999 0.431250 0.142667 0.467187
0 0.220000 0.212501 0.256000 0.248438
0 0.793334 0.328125 0.828001 0.359375
0 0.628000 0.759375 0.664000 0.795313
0 0.105333 0.356250 0.144001 0.393750
0 0.273334 0.614062 0.310666 0.651562
0 0.105333 0.395312 0.144001 0.429688
0 0.438667 0.867188 0.474667 0.906250
0 0.164000 0.873438 0.200000 0.910938
0 0.437333 0.756250 0.472000 0.792188
0 0.272000 0.865625 0.312000 0.904687
0 0.106667 0.614062 0.142667 0.648438
0 0.846666 0.432812 0.884000 0.468749
0 0.220000 0.615625 0.253333 0.648438
0 0.437334 0.832812 0.474666 0.867188
0 0.574666 0.725000 0.609333 0.762500
0 0.105333 0.723438 0.142667 0.762500
0 0.842666 0.870312 0.884000 0.907812
0 0.681334 0.865625 0.720001 0.900000
0 0.437334 0.614062 0.474666 0.650000
0 0.105333 0.318750 0.144001 0.356250
0 0.105333 0.540625 0.141333 0.573438
0 0.440001 0.324999 0.473333 0.359375
0 0.846667 0.579688 0.882667 0.610938
0 0.270667 0.759375 0.310667 0.793751
0 0.845333 0.654687 0.882667 0.687500
0 0.682667 0.792187 0.718667 0.829687
0 0.736000 0.835938 0.772000 0.868750
0 0.629333 0.795312 0.665333 0.829688
0 0.520000 0.721875 0.556000 0.757812
0 0.220000 0.285937 0.257333 0.320312
0 0.329333 0.542187 0.365333 0.576562
0 0.104000 0.467187 0.144000 0.503124
0 0.845333 0.364063 0.884000 0.400000
0 0.437333 0.470313 0.473333 0.507813
0 0.629333 0.578126 0.664000 0.614062
0 0.437333 0.793750 0.472000 0.831250
0 0.685333 0.364063 0.718666 0.400000
0 0.738667 0.617188 0.772000 0.651563
0 0.162666 0.689063 0.197333 0.721876
0 0.273334 0.285938 0.312001 0.321875
0 0.272000 0.578125 0.310667 0.615625
0 0.274667 0.499999 0.311999 0.540624
0 0.164000 0.360937 0.200000 0.395313
0 0.792000 0.507812 0.828000 0.543750
0 0.630667 0.434376 0.665334 0.470313
0 0.737333 0.285938 0.774667 0.323438
0 0.576001 0.506250 0.609334 0.539062
0 0.576001 0.473438 0.609334 0.504688
0 0.164000 0.396875 0.200000 0.432812
0 0.522667 0.434376 0.558667 0.470313
0 0.218666 0.432812 0.253333 0.468749
0 0.520000 0.685938 0.557334 0.723438
0 0.686667 0.285938 0.718667 0.325000
0 0.104000 0.504687 0.144000 0.540625
0 0.217333 0.685938 0.254666 0.723438
0 0.574667 0.539063 0.610667 0.576563
0 0.105333 0.576562 0.141333 0.610938
0 0.218666 0.468751 0.253333 0.504687
0 0.437333 0.576563 0.473333 0.612499
0 0.437333 0.650000 0.473333 0.685938
0 0.793334 0.400000 0.828001 0.435937
0 0.105333 0.685938 0.144001 0.723438
0 0.630667 0.281251 0.666667 0.321876
0 0.329333 0.320312 0.365333 0.357812
0 0.218667 0.760937 0.254667 0.798437
0 0.329333 0.614062 0.365333 0.651562
0 0.738667 0.690624 0.773334 0.723437
0 0.573334 0.578126 0.608001 0.614062
0 0.573333 0.648438 0.610667 0.689062
0 0.790667 0.578125 0.829334 0.618749
0 0.164000 0.281251 0.201333 0.321876
0 0.330667 0.357813 0.367999 0.395313
0 0.683999 0.507812 0.718666 0.542188
0 0.576000 0.325001 0.612000 0.360938
0 0.162667 0.471876 0.198667 0.506251
0 0.217333 0.650000 0.253333 0.684376
0 0.521334 0.470313 0.558667 0.503126
0 0.738667 0.323438 0.776000 0.362500
0 0.332001 0.289063 0.365333 0.320313
0 0.327999 0.396875 0.366667 0.434375
0 0.736000 0.795313 0.773334 0.834375
0 0.218666 0.579688 0.253333 0.614063
0 0.438667 0.359375 0.473334 0.396875
0 0.162666 0.542187 0.199999 0.576562
0 0.575999 0.362501 0.610667 0.396876
0 0.521334 0.398438 0.558667 0.434374
0 0.327999 0.576563 0.366667 0.614063
0 0.685333 0.435937 0.718666 0.470313
0 0.684001 0.685938 0.717334 0.721874
0 0.737333 0.398438 0.773333 0.434374
0 0.846666 0.470313 0.884000 0.507813
0 0.628000 0.650000 0.665334 0.685938
0 0.684000 0.650000 0.720000 0.684376
0 0.162667 0.576563 0.198667 0.614063
