0 0.569334 0.617418 0.596001 0.650077
0 0.706666 0.688958 0.732000 0.720062
0 0.796000 0.578538 0.832000 0.614308
0 0.594667 0.765163 0.622667 0.794713
0 0.569333 0.576983 0.594666 0.612753
0 0.333334 0.398134 0.368001 0.430793
0 0.738667 0.870917 0.777334 0.905133
0 0.277334 0.580094 0.312001 0.612753
0 0.705333 0.726282 0.732000 0.760498
0 0.440000 0.687403 0.476000 0.724728
0 0.678666 0.542768 0.705333 0.575427
0 0.439999 0.576982 0.474666 0.611198
0 0.165333 0.688959 0.202666 0.726284
0 0.109334 0.321929 0.146667 0.356144
0 0.849333 0.432348 0.886667 0.468118
0 0.568000 0.797822 0.596000 0.830481
0 0.526667 0.685847 0.558667 0.720063
0 0.277333 0.469674 0.313333 0.500778
0 0.333334 0.726283 0.368001 0.758942
0 0.222666 0.727838 0.255999 0.758942
0 0.849333 0.360808 0.885333 0.395023
0 0.333333 0.430793 0.369333 0.469673
0 0.705333 0.763609 0.733333 0.796268
0 0.594667 0.654744 0.622667 0.687403
0 0.526666 0.283048 0.559999 0.317263
0 0.649334 0.325039 0.678667 0.359254
0 0.625333 0.289269 0.650667 0.320373
0 0.741333 0.835148 0.776000 0.870918
0 0.796000 0.359254 0.832000 0.393468
0 0.333334 0.654744 0.368001 0.687403
0 0.221333 0.471229 0.258666 0.502333
0 0.740000 0.799377 0.774667 0.833593
0 0.633333 0.360808 0.669333 0.393467
0 0.333334 0.286158 0.370666 0.320373
0 0.569333 0.688959 0.594666 0.721618
0 0.651999 0.289270 0.678666 0.321929
0 0.580000 0.398134 0.613333 0.429238
0 0.440000 0.760498 0.476000 0.796268
0 0.166667 0.471229 0.202667 0.502333
0 0.849333 0.688958 0.885333 0.724728
0 0.438667 0.724728 0.475999 0.760498
0 0.389333 0.729394 0.422667 0.762053
0 0.594667 0.508553 0.622667 0.538103
0 0.108000 0.356143 0.144000 0.391913
0 0.527999 0.323484 0.558666 0.354588
0 0.221333 0.580093 0.257333 0.611197
0 0.849333 0.541213 0.886667 0.576983
0 0.165333 0.794712 0.201333 0.833592
0 0.849333 0.503888 0.886667 0.542768
0 0.632000 0.835147 0.665334 0.864696
0 0.109334 0.615864 0.146667 0.653189
0 0.330667 0.835148 0.366667 0.870918
0 0.165333 0.833592 0.201333 0.867808
0 0.741333 0.287714 0.777333 0.321929
0 0.109333 0.724728 0.145333 0.763608
0 0.166667 0.321928 0.202667 0.357698
0 0.632000 0.800933 0.666667 0.833592
0 0.850666 0.615864 0.885333 0.648523
0 0.568000 0.760498 0.596000 0.796268
0 0.109334 0.653188 0.146667 0.690514
0 0.484000 0.237947 0.516000 0.270606
0 0.849333 0.323484 0.886667 0.360808
0 0.168000 0.359254 0.201333 0.391912
0 0.221333 0.872473 0.257333 0.908243
0 0.336000 0.321929 0.368000 0.356144
0 0.493333 0.762052 0.516000 0.788492
0 0.276000 0.799377 0.314667 0.836703
0 0.220000 0.611197 0.257333 0.651632
0 0.849333 0.867807 0.884000 0.903577
0 0.334667 0.255055 0.370667 0.278383
0 0.521334 0.874028 0.558667 0.897356
0 0.485334 0.415241 0.512001 0.447900
0 0.528000 0.255054 0.561334 0.276828
0 0.484000 0.270607 0.516000 0.301711
0 0.686666 0.396579 0.724000 0.433903
0 0.632000 0.578538 0.668000 0.615864
0 0.386667 0.395023 0.423999 0.433903
0 0.441333 0.325039 0.476000 0.362363
0 0.576000 0.359254 0.613333 0.396578
0 0.485120 0.232986 0.516267 0.238445
0 0.332000 0.870918 0.369600 0.911353
0 0.525333 0.356143 0.561333 0.395023
0 0.278667 0.872473 0.311999 0.913531
0 0.485333 0.340591 0.517333 0.383048
0 0.485333 0.381026 0.514667 0.412441
0 0.741333 0.542768 0.778667 0.576984
0 0.388000 0.690514 0.424000 0.727839
0 0.594666 0.615864 0.624000 0.653189
0 0.388001 0.542768 0.425333 0.578538
0 0.632000 0.503888 0.669334 0.542768
0 0.165333 0.393468 0.204001 0.435459
0 0.633333 0.469674 0.669333 0.502333
0 0.633333 0.650077 0.666667 0.687403
0 0.525333 0.396578 0.561333 0.432348
0 0.332000 0.615864 0.368000 0.653189
0 0.741333 0.396578 0.777333 0.432348
0 0.165333 0.578538 0.202666 0.615864
0 0.741333 0.505443 0.776000 0.541213
0 0.277333 0.393468 0.313333 0.430794
0 0.704000 0.580093 0.732000 0.614309
0 0.578667 0.284604 0.614667 0.321928
0 0.705333 0.541212 0.732000 0.575428
0 0.632000 0.433903 0.668000 0.466562
0 0.741333 0.468118 0.776000 0.503888
0 0.523999 0.762053 0.558666 0.797823
0 0.686667 0.360808 0.722667 0.395023
0 0.797334 0.503888 0.832001 0.539658
0 0.633333 0.762053 0.665333 0.797823
0 0.221333 0.687403 0.257333 0.726283
0 0.439999 0.395023 0.474666 0.432349
0 0.525334 0.648522 0.558667 0.684292
0 0.276001 0.542768 0.313333 0.578538
0 0.632000 0.866251 0.666667 0.903577
0 0.525333 0.542768 0.561333 0.576984
0 0.741333 0.650078 0.777333 0.685848
0 0.596000 0.580093 0.624000 0.614309
0 0.386667 0.468118 0.423999 0.505444
0 0.633333 0.726282 0.666667 0.760498
0 0.388000 0.284604 0.424000 0.321928
0 0.577333 0.323483 0.614667 0.357698
0 0.630667 0.396579 0.669334 0.430793
0 0.332001 0.542768 0.369333 0.576984
0 0.687999 0.284603 0.722666 0.320373
0 0.594666 0.690514 0.624000 0.724729
0 0.524000 0.723172 0.561334 0.760498
0 0.386667 0.580093 0.422667 0.614309
0 0.439999 0.433903 0.474666 0.469673
0 0.632000 0.544323 0.666667 0.578539
0 0.440001 0.614308 0.477333 0.651633
0 0.386667 0.615863 0.422667 0.651633
0 0.596000 0.797822 0.624000 0.832038
0 0.442666 0.287714 0.476000 0.321929
0 0.221333 0.356143 0.257333 0.393468
0 0.741333 0.726283 0.777333 0.762053
0 0.796000 0.651633 0.832000 0.687403
0 0.741333 0.360808 0.778667 0.395023
0 0.594667 0.469673 0.622667 0.505443
0 0.276000 0.727839 0.312000 0.760498
0 0.220000 0.762052 0.256000 0.796268
0 0.742667 0.688958 0.777334 0.723173
0 0.849333 0.396579 0.886667 0.430793
0 0.524000 0.618974 0.560000 0.642302
0 0.276001 0.615863 0.313333 0.651633
0 0.849333 0.832037 0.886667 0.869363
0 0.687999 0.321929 0.722666 0.360809
0 0.440000 0.832037 0.476000 0.867807
0 0.485333 0.205288 0.517333 0.233282
0 0.705333 0.510109 0.732000 0.538103
0 0.678666 0.614307 0.705333 0.648523
0 0.106666 0.433903 0.145334 0.468118
0 0.109333 0.800933 0.145333 0.830483
0 0.277333 0.839813 0.313333 0.870917
0 0.109334 0.541214 0.146667 0.573873
0 0.485333 0.175739 0.517333 0.203733
0 0.681333 0.510108 0.705333 0.539658
0 0.107999 0.874028 0.146667 0.905132
0 0.278666 0.321928 0.313333 0.357698
0 0.220000 0.836703 0.256000 0.872473
0 0.109334 0.469674 0.146667 0.500778
0 0.794666 0.869362 0.832000 0.903578
0 0.849333 0.794712 0.886667 0.830482
0 0.222666 0.323483 0.257333 0.356142
0 0.569333 0.469674 0.594666 0.503889
0 0.107999 0.503888 0.146667 0.539658
0 0.677334 0.762054 0.704001 0.794713
0 0.594667 0.435458 0.622667 0.465008
0 0.109334 0.690514 0.146667 0.724729
0 0.794666 0.833592 0.832000 0.867808
0 0.109334 0.832037 0.146667 0.872472
0 0.332001 0.797822 0.365333 0.835148
0 0.524000 0.836704 0.557334 0.869363
0 0.166666 0.283048 0.201333 0.317263
0 0.626667 0.323483 0.650667 0.356142
0 0.108000 0.763607 0.145334 0.797823
0 0.441333 0.867807 0.476000 0.905133
0 0.705333 0.797822 0.732000 0.830481
0 0.166666 0.615862 0.199999 0.650078
0 0.676001 0.870918 0.705334 0.903577
0 0.704000 0.869363 0.732000 0.902022
0 0.165333 0.762053 0.201333 0.793157
0 0.168000 0.435459 0.201333 0.466563
0 0.796000 0.323483 0.832000 0.357698
0 0.741333 0.321928 0.777333 0.359254
0 0.849333 0.760497 0.886667 0.794713
0 0.277333 0.432349 0.313333 0.466564
0 0.597333 0.544324 0.624000 0.575428
0 0.704000 0.835148 0.732000 0.866252
0 0.741333 0.615863 0.776000 0.646967
0 0.678666 0.578537 0.704000 0.612753
0 0.677334 0.835147 0.704001 0.869363
0 0.849333 0.723172 0.886667 0.760498
0 0.441334 0.544324 0.474666 0.575428
0 0.675999 0.797822 0.706666 0.832038
0 0.108000 0.393468 0.145334 0.432348
0 0.705333 0.617418 0.733333 0.648522
0 0.796000 0.762054 0.832000 0.794713
0 0.218666 0.796268 0.255999 0.835148
0 0.797334 0.284604 0.832001 0.323484
0 0.571999 0.435458 0.594666 0.465008
0 0.441333 0.799377 0.476000 0.833593
0 0.569333 0.508554 0.594666 0.539658
0 0.441334 0.506998 0.474666 0.541214
0 0.168000 0.505444 0.200000 0.538103
0 0.849333 0.286158 0.886667 0.323484
0 0.677333 0.688959 0.706666 0.721618
0 0.687999 0.468118 0.722666 0.500777
0 0.334666 0.360808 0.368000 0.395023
0 0.797334 0.541213 0.832001 0.576983
0 0.109334 0.575427 0.146667 0.612753
0 0.567999 0.653187 0.594666 0.687403
0 0.633333 0.615862 0.666667 0.650078
0 0.796000 0.687403 0.832000 0.724728
0 0.793334 0.794712 0.832001 0.832037
0 0.221333 0.505443 0.257333 0.539659
0 0.388001 0.325039 0.425333 0.359254
0 0.740000 0.762053 0.776000 0.797823
0 0.705333 0.653188 0.732000 0.685847
0 0.163999 0.869362 0.202666 0.908242
0 0.569334 0.541212 0.596001 0.575428
0 0.677333 0.651633 0.705333 0.687403
0 0.221333 0.432348 0.258666 0.468118
0 0.522666 0.797822 0.559999 0.835148
0 0.596000 0.726282 0.624000 0.760498
0 0.332000 0.760498 0.368000 0.796268
0 0.332000 0.505443 0.368000 0.541213
0 0.850667 0.469674 0.886667 0.503889
0 0.442667 0.363919 0.474667 0.395023
0 0.222666 0.279938 0.257333 0.321929
0 0.387999 0.653188 0.422667 0.688958
0 0.109334 0.279938 0.146667 0.321929
0 0.221333 0.539659 0.257333 0.580094
0 0.168000 0.542768 0.201333 0.576984
0 0.165333 0.650077 0.201333 0.687403
0 0.388001 0.763609 0.425333 0.804044
0 0.440000 0.653187 0.476000 0.687403
0 0.523999 0.578537 0.558666 0.612753
0 0.163999 0.726283 0.202666 0.763609
0 0.525334 0.471229 0.560001 0.502333
0 0.849333 0.648523 0.885333 0.687403
0 0.439999 0.471228 0.474666 0.503888
0 0.741333 0.578538 0.774667 0.615864
0 0.221333 0.654744 0.256000 0.687403
0 0.333334 0.688958 0.368001 0.723173
0 0.276001 0.762053 0.313333 0.797823
0 0.796000 0.614308 0.832000 0.650078
0 0.795999 0.395023 0.830666 0.430793
0 0.796000 0.432348 0.829334 0.468118
0 0.677333 0.724728 0.706666 0.760498
0 0.276001 0.502333 0.313333 0.541213
0 0.632000 0.687403 0.665334 0.724728
0 0.686667 0.433903 0.722667 0.466562
0 0.221333 0.395023 0.257333 0.430793
0 0.278666 0.357698 0.313333 0.391913
0 0.525333 0.505443 0.561333 0.541213
0 0.568000 0.724727 0.596000 0.758943
0 0.525334 0.433903 0.560001 0.471229
0 0.386667 0.435459 0.422667 0.468118
0 0.333333 0.469673 0.369333 0.505443
0 0.332000 0.578537 0.368000 0.612753
0 0.796000 0.469674 0.833334 0.503889
0 0.386667 0.506998 0.423999 0.541214
0 0.741333 0.432349 0.777333 0.466564
0 0.849333 0.576982 0.886667 0.614308
0 0.794666 0.724727 0.833333 0.762053
0 0.276001 0.653188 0.313333 0.688958
0 0.278666 0.283049 0.313333 0.320373
0 0.387999 0.359254 0.422667 0.393468
0 0.276001 0.690513 0.313333 0.726283
