0 0.219999 0.406250 0.254667 0.437500
0 0.792000 0.873437 0.828000 0.906250
0 0.793334 0.729688 0.828001 0.760938
0 0.107999 0.326562 0.142667 0.362499
0 0.164000 0.867188 0.200000 0.900000
0 0.792000 0.803125 0.828000 0.835938
0 0.164000 0.509375 0.197333 0.540625
0 0.108000 0.398437 0.144000 0.435937
0 0.385333 0.868750 0.421333 0.901563
0 0.864000 0.517188 0.894667 0.550001
0 0.108000 0.685938 0.141334 0.721874
0 0.274666 0.865625 0.309333 0.901563
0 0.684001 0.835937 0.717334 0.867187
0 0.866667 0.481250 0.894667 0.512500
0 0.485334 0.399999 0.512001 0.434374
0 0.107999 0.793750 0.142667 0.831250
0 0.682666 0.868750 0.717333 0.900000
0 0.162666 0.720313 0.197333 0.754688
0 0.577333 0.585938 0.610667 0.614062
0 0.866667 0.446876 0.894667 0.475000
0 0.106667 0.829688 0.142667 0.868750
0 0.485333 0.217188 0.514667 0.243750
0 0.106666 0.615625 0.141334 0.653125
0 0.165333 0.401562 0.200000 0.437499
0 0.106666 0.725000 0.139999 0.757812
0 0.162667 0.615625 0.198667 0.651563
0 0.524000 0.340624 0.560000 0.360938
0 0.861333 0.414063 0.893333 0.445313
0 0.486667 0.192187 0.513333 0.215625
0 0.273334 0.692187 0.310666 0.714063
0 0.633333 0.304687 0.668000 0.328125
0 0.484000 0.351562 0.516000 0.375000
0 0.441334 0.265624 0.474666 0.287499
0 0.575999 0.768749 0.610667 0.790625
0 0.385333 0.695312 0.421333 0.715626
0 0.850666 0.271875 0.888000 0.293750
0 0.389333 0.264062 0.424001 0.287500
0 0.162666 0.828126 0.199999 0.864062
0 0.687999 0.268750 0.722666 0.292188
0 0.109333 0.259375 0.145333 0.282813
0 0.688001 0.298438 0.721334 0.334375
0 0.797333 0.270312 0.833333 0.293750
0 0.105333 0.478126 0.144001 0.500001
0 0.486667 0.371874 0.512000 0.393749
0 0.277333 0.265624 0.313333 0.285938
0 0.106666 0.434375 0.144000 0.476563
0 0.630667 0.587500 0.666667 0.620313
0 0.161333 0.653124 0.198666 0.687500
0 0.524000 0.690624 0.556000 0.723437
0 0.683999 0.657813 0.718666 0.690626
0 0.522666 0.584375 0.555999 0.618750
0 0.487213 0.243548 0.515613 0.261985
0 0.165333 0.329688 0.201333 0.365625
0 0.439999 0.334375 0.474666 0.370312
0 0.164000 0.365625 0.200000 0.401562
0 0.574666 0.618750 0.612000 0.657812
0 0.686666 0.371874 0.720000 0.406250
0 0.330667 0.404687 0.366667 0.439063
0 0.276000 0.581250 0.309334 0.617188
0 0.686666 0.515625 0.720000 0.548438
0 0.632000 0.332813 0.666667 0.368750
0 0.741333 0.375001 0.774667 0.410938
0 0.685334 0.585938 0.720001 0.620313
0 0.632000 0.442188 0.665334 0.478125
0 0.330666 0.621874 0.365333 0.656250
0 0.629333 0.654688 0.666667 0.690624
0 0.522667 0.514062 0.557334 0.548438
0 0.632000 0.514062 0.666667 0.548438
0 0.277334 0.331251 0.310666 0.365626
0 0.741333 0.476562 0.774667 0.514062
0 0.438667 0.546876 0.474667 0.582812
0 0.439999 0.293750 0.474666 0.332812
0 0.522667 0.762499 0.554667 0.795312
0 0.634667 0.407813 0.665334 0.440626
0 0.685334 0.621874 0.720001 0.656250
0 0.389333 0.370312 0.421333 0.403125
0 0.626667 0.870313 0.665334 0.901563
0 0.575999 0.478125 0.610667 0.510938
0 0.794667 0.476563 0.830667 0.515625
0 0.163999 0.437501 0.198666 0.473438
0 0.333333 0.292188 0.366667 0.331250
0 0.577333 0.406250 0.612000 0.440626
0 0.276000 0.757813 0.309334 0.795313
0 0.439999 0.478125 0.474666 0.514062
0 0.165333 0.290625 0.200000 0.328125
0 0.686666 0.443750 0.720000 0.476562
0 0.794667 0.657812 0.830667 0.695312
0 0.218667 0.689062 0.254667 0.725000
0 0.386667 0.582812 0.422667 0.618750
0 0.738667 0.729687 0.773334 0.767187
0 0.438667 0.723438 0.473334 0.762500
0 0.740000 0.693750 0.774667 0.728125
0 0.630667 0.548437 0.665334 0.585937
0 0.740000 0.587500 0.774667 0.623438
0 0.686666 0.478124 0.720000 0.512499
0 0.164000 0.540625 0.197333 0.579687
0 0.741333 0.659374 0.774667 0.692187
0 0.524000 0.442188 0.557334 0.475000
0 0.218667 0.579688 0.250667 0.618750
0 0.521334 0.795313 0.554667 0.832813
0 0.742667 0.300001 0.774667 0.334376
0 0.794667 0.621876 0.829334 0.657812
0 0.794667 0.515626 0.830667 0.551562
0 0.522666 0.725000 0.555999 0.760938
0 0.276000 0.442188 0.310667 0.475000
0 0.385333 0.756250 0.421333 0.793750
0 0.388000 0.442187 0.421334 0.476562
0 0.741333 0.515625 0.774667 0.548438
0 0.575999 0.549999 0.610667 0.582812
0 0.276000 0.292187 0.312000 0.329687
0 0.850666 0.229688 0.885333 0.267188
0 0.521334 0.654687 0.556001 0.689063
0 0.741333 0.548438 0.774667 0.587500
0 0.796000 0.339062 0.832000 0.374999
0 0.222666 0.292187 0.253333 0.328124
0 0.792000 0.764063 0.828000 0.799999
0 0.332000 0.657813 0.364000 0.687500
0 0.573333 0.868750 0.609333 0.901563
0 0.276000 0.507812 0.308000 0.540625
0 0.273333 0.548438 0.309333 0.579688
0 0.573333 0.798438 0.610667 0.832813
0 0.330666 0.728125 0.365333 0.760938
0 0.218666 0.865625 0.251999 0.900000
0 0.218666 0.828126 0.253333 0.864062
0 0.794667 0.695312 0.829334 0.728125
0 0.629333 0.798438 0.665333 0.832813
0 0.105333 0.651562 0.141333 0.685937
0 0.165333 0.581249 0.197333 0.614062
0 0.385333 0.831250 0.420000 0.867188
0 0.163999 0.687500 0.198666 0.720313
0 0.106667 0.759375 0.142667 0.793751
0 0.486667 0.764062 0.510667 0.785938
0 0.485333 0.254688 0.514667 0.285938
0 0.488000 0.289063 0.513333 0.314063
0 0.576000 0.656250 0.612000 0.690626
0 0.218666 0.793749 0.251999 0.826562
0 0.438666 0.689063 0.472000 0.721876
0 0.276000 0.620313 0.308000 0.653126
0 0.106666 0.868750 0.141334 0.903126
0 0.164000 0.754687 0.197333 0.790625
0 0.791999 0.837500 0.826666 0.873438
0 0.795999 0.375000 0.830666 0.414062
0 0.850667 0.195312 0.886667 0.229687
0 0.274666 0.829687 0.309333 0.865625
0 0.438667 0.584375 0.473334 0.618750
0 0.682667 0.798437 0.718667 0.834375
0 0.440001 0.796876 0.473333 0.832812
0 0.682667 0.764062 0.718667 0.798438
0 0.220000 0.439062 0.252000 0.473438
0 0.440001 0.514062 0.473333 0.545312
0 0.330666 0.546876 0.365333 0.582812
0 0.106667 0.503125 0.142667 0.540625
0 0.276000 0.796875 0.309334 0.829688
0 0.438667 0.654687 0.473334 0.687500
0 0.385333 0.795313 0.418667 0.831249
0 0.218666 0.757812 0.251999 0.792188
0 0.574666 0.729688 0.612000 0.765624
0 0.440001 0.618750 0.473333 0.654688
0 0.628000 0.834375 0.664000 0.868750
0 0.482666 0.439062 0.512000 0.473438
0 0.574666 0.831250 0.609333 0.867188
0 0.629333 0.726562 0.664000 0.762500
0 0.741333 0.443750 0.774667 0.475000
0 0.630667 0.620312 0.665334 0.654687
0 0.684000 0.728125 0.720000 0.764063
0 0.521334 0.620313 0.556001 0.653126
0 0.218666 0.620313 0.251999 0.653126
0 0.105333 0.581250 0.142667 0.617188
0 0.795999 0.587500 0.826666 0.621876
0 0.522666 0.548438 0.555999 0.582813
0 0.108000 0.362501 0.144000 0.398438
0 0.164000 0.792187 0.197333 0.826562
0 0.389333 0.293750 0.424001 0.332812
0 0.218666 0.653126 0.251999 0.689062
0 0.218666 0.725000 0.253333 0.757812
0 0.220000 0.546875 0.252000 0.578125
0 0.850666 0.339062 0.885333 0.370312
0 0.108000 0.289062 0.144000 0.326562
0 0.629333 0.690625 0.665333 0.726562
0 0.332001 0.509375 0.365333 0.545313
0 0.741333 0.623437 0.774667 0.657813
0 0.388000 0.654688 0.421334 0.690624
0 0.575999 0.690625 0.610667 0.728125
0 0.794667 0.551562 0.830667 0.585938
0 0.274666 0.718750 0.309333 0.756250
0 0.629333 0.764062 0.664000 0.796875
0 0.440001 0.762499 0.473333 0.795312
0 0.218666 0.509375 0.253333 0.546875
0 0.108000 0.543750 0.141334 0.581250
0 0.852000 0.371875 0.886667 0.409375
0 0.385334 0.720312 0.422667 0.756250
0 0.388000 0.620312 0.420000 0.654687
0 0.163999 0.475000 0.198666 0.506250
0 0.386667 0.543750 0.421334 0.581250
0 0.274667 0.654688 0.310667 0.690624
0 0.330666 0.584375 0.365333 0.620313
0 0.330666 0.689062 0.364000 0.725000
0 0.742667 0.410938 0.774667 0.442188
0 0.221333 0.332813 0.254667 0.365625
0 0.522666 0.403125 0.559999 0.440625
0 0.685333 0.551562 0.718666 0.585938
0 0.522667 0.478125 0.558667 0.514062
0 0.387999 0.404688 0.422667 0.442188
0 0.332000 0.370312 0.366667 0.404688
0 0.389333 0.332813 0.422667 0.368750
0 0.332001 0.439063 0.365333 0.475000
0 0.387999 0.478124 0.422667 0.512499
0 0.332000 0.332813 0.366667 0.368750
0 0.440001 0.442187 0.473333 0.476562
0 0.578666 0.298437 0.612000 0.332813
0 0.576000 0.512500 0.612000 0.550000
0 0.632000 0.478124 0.666667 0.512499
0 0.742667 0.335937 0.774667 0.373437
0 0.277334 0.475000 0.308001 0.507812
0 0.685334 0.406251 0.720001 0.442188
0 0.688001 0.335938 0.721334 0.371874
0 0.580000 0.334375 0.610667 0.367188
0 0.220000 0.367188 0.256000 0.403124
0 0.276000 0.367188 0.310667 0.403124
0 0.684000 0.692187 0.720000 0.728125
0 0.523999 0.370312 0.558666 0.403125
0 0.632000 0.371874 0.666667 0.406250
0 0.332001 0.476562 0.365333 0.509375
0 0.794666 0.298437 0.832000 0.339062
0 0.850667 0.298438 0.886667 0.337500
0 0.441333 0.370312 0.473333 0.406249
0 0.274667 0.403125 0.310667 0.440625
0 0.220000 0.475000 0.253333 0.509375
0 0.439999 0.406250 0.474666 0.440626
0 0.576000 0.440626 0.612000 0.476562
0 0.578666 0.370312 0.612000 0.406249
0 0.522666 0.295312 0.559999 0.335938
