0 0.483333 0.257002 0.525555 0.286656
0 0.640000 0.268533 0.674444 0.294893
0 0.482222 0.324547 0.526666 0.359143
0 0.482222 0.352554 0.527778 0.387150
0 0.503333 0.723229 0.524445 0.754530
0 0.813333 0.395387 0.835555 0.429983
0 0.481111 0.187809 0.526667 0.217463
0 0.123334 0.301482 0.156667 0.341021
0 0.812222 0.728172 0.834444 0.761120
0 0.277778 0.678748 0.312222 0.719934
0 0.846666 0.308073 0.880000 0.349259
0 0.743333 0.680396 0.776667 0.724877
0 0.481111 0.217463 0.525555 0.261943
0 0.811111 0.766063 0.836667 0.803953
0 0.382222 0.261944 0.416666 0.298188
0 0.138889 0.723229 0.162222 0.759473
0 0.278889 0.341021 0.314445 0.390444
0 0.071111 0.339373 0.106667 0.385502
0 0.140000 0.764415 0.164444 0.800659
0 0.482222 0.151564 0.526666 0.191103
0 0.483334 0.283361 0.526667 0.324547
0 0.486667 0.509062 0.518889 0.546952
0 0.072222 0.299835 0.105555 0.337726
0 0.481110 0.116969 0.527778 0.154860
0 0.590000 0.308072 0.622222 0.345963
0 0.538890 0.345964 0.572223 0.388798
0 0.124444 0.342669 0.157777 0.385503
0 0.383334 0.219110 0.417778 0.261944
0 0.641111 0.219110 0.674445 0.261944
0 0.536667 0.680395 0.571111 0.723229
0 0.070000 0.588139 0.105556 0.632620
0 0.332222 0.301483 0.363333 0.344317
0 0.641111 0.169687 0.674445 0.219110
0 0.743333 0.642504 0.776667 0.682042
0 0.794444 0.682043 0.827778 0.723229
0 0.538890 0.306424 0.572223 0.345963
0 0.898889 0.224053 0.931111 0.265239
0 0.540001 0.258649 0.571111 0.306425
0 0.743333 0.591434 0.776667 0.640857
0 0.898890 0.266886 0.932223 0.309720
0 0.072222 0.253707 0.107778 0.298187
0 0.277778 0.635914 0.311110 0.678748
0 0.744444 0.347610 0.777778 0.393739
0 0.280000 0.303130 0.313334 0.341021
0 0.122223 0.634267 0.155556 0.677101
0 0.537778 0.637562 0.572222 0.682042
0 0.846667 0.265239 0.878889 0.308073
0 0.225555 0.635914 0.261111 0.678748
0 0.173334 0.678748 0.207778 0.719934
0 0.787778 0.476112 0.810000 0.510708
0 0.814445 0.434926 0.836667 0.469522
0 0.788889 0.434926 0.811111 0.469522
0 0.794444 0.637562 0.827778 0.682042
0 0.332222 0.258649 0.364444 0.301483
0 0.590000 0.261945 0.623333 0.306426
0 0.814445 0.476112 0.837778 0.512356
0 0.225555 0.678748 0.261111 0.723229
0 0.537778 0.589785 0.571111 0.635915
0 0.280000 0.586492 0.313334 0.635915
0 0.898890 0.172982 0.932223 0.224052
0 0.070000 0.632620 0.105556 0.677100
0 0.743334 0.306425 0.777778 0.347611
0 0.122222 0.588139 0.156666 0.634268
0 0.068889 0.677100 0.106667 0.721581
0 0.228889 0.301483 0.261111 0.342669
0 0.121111 0.677100 0.156667 0.723230
0 0.175556 0.342668 0.208889 0.387149
0 0.434445 0.303131 0.468889 0.342670
0 0.691111 0.258649 0.723333 0.304777
0 0.435555 0.255354 0.468889 0.304777
0 0.434445 0.341021 0.468889 0.390444
0 0.847778 0.219110 0.878888 0.265240
0 0.690001 0.347611 0.723334 0.395387
0 0.794444 0.261945 0.827778 0.306426
0 0.227777 0.342669 0.261111 0.385503
0 0.333333 0.214168 0.365555 0.260296
0 0.795556 0.593081 0.827778 0.637562
0 0.691111 0.304777 0.723333 0.347611
0 0.175556 0.255354 0.210000 0.299835
0 0.278889 0.252059 0.313333 0.301482
0 0.641111 0.299835 0.675555 0.347611
0 0.796666 0.350906 0.827778 0.393740
0 0.173334 0.589785 0.207778 0.634266
0 0.383334 0.166392 0.417778 0.219110
0 0.743334 0.260296 0.777778 0.306425
0 0.173334 0.634266 0.207778 0.678747
0 0.381111 0.298188 0.417778 0.345964
0 0.225555 0.589785 0.261111 0.634266
0 0.483333 0.467875 0.523333 0.509061
0 0.175556 0.299835 0.208889 0.342669
0 0.482222 0.421747 0.523333 0.467875
0 0.123333 0.253707 0.158889 0.299835
0 0.227778 0.255354 0.262222 0.301482
0 0.590000 0.214168 0.624444 0.261944
0 0.794444 0.306425 0.827778 0.349259
