0 0.381111 0.393443 0.416667 0.432787
0 0.174445 0.262295 0.208889 0.308197
0 0.278889 0.809836 0.314445 0.854098
0 0.277778 0.473770 0.313334 0.514754
0 0.638889 0.309836 0.674445 0.354098
0 0.588889 0.685245 0.623333 0.727869
0 0.793333 0.306558 0.828889 0.350820
0 0.433334 0.473771 0.467778 0.516394
0 0.330000 0.598361 0.364444 0.642623
0 0.280000 0.686885 0.313334 0.726229
0 0.330000 0.393442 0.364444 0.434426
0 0.382222 0.685246 0.416666 0.729508
0 0.225556 0.685246 0.260000 0.729508
0 0.537778 0.603278 0.572222 0.645902
0 0.330000 0.514754 0.364444 0.560656
0 0.328888 0.349180 0.365555 0.393442
0 0.226666 0.768852 0.262222 0.811476
0 0.280000 0.598361 0.313334 0.642623
0 0.588889 0.349180 0.624445 0.393442
0 0.225556 0.559017 0.260000 0.603279
0 0.382222 0.350820 0.416666 0.393442
0 0.434445 0.642623 0.467777 0.683607
0 0.434445 0.601639 0.467777 0.640983
0 0.226666 0.391804 0.259999 0.434426
0 0.226667 0.640984 0.261111 0.685246
0 0.536667 0.308197 0.571111 0.350820
0 0.172223 0.557377 0.208890 0.603279
0 0.226666 0.514755 0.259999 0.557378
0 0.174444 0.770491 0.210000 0.813115
0 0.536667 0.350820 0.571111 0.393442
0 0.381111 0.639344 0.416667 0.685246
0 0.502222 0.718032 0.526666 0.746394
0 0.483333 0.326230 0.525555 0.356230
0 0.504445 0.745902 0.526667 0.764754
0 0.483334 0.355247 0.527778 0.391803
0 0.483334 0.260656 0.524444 0.291476
0 0.482222 0.124590 0.526666 0.159508
0 0.691111 0.268852 0.724445 0.311475
0 0.226667 0.347541 0.261111 0.391803
0 0.381111 0.477049 0.416667 0.518033
0 0.382222 0.767213 0.417778 0.809837
0 0.123333 0.393443 0.158889 0.436065
0 0.330001 0.644262 0.363333 0.685246
0 0.331111 0.306557 0.365555 0.347541
0 0.434445 0.260656 0.468889 0.308196
0 0.068888 0.390163 0.107777 0.437705
0 0.278889 0.391804 0.313333 0.434426
0 0.742222 0.267213 0.776666 0.309836
0 0.434445 0.811476 0.468889 0.854099
0 0.123334 0.349181 0.156667 0.391803
0 0.743333 0.127869 0.776667 0.178689
0 0.691111 0.311476 0.725555 0.354098
0 0.690000 0.131148 0.724444 0.178689
0 0.278890 0.352459 0.312222 0.393443
0 0.587778 0.265574 0.623334 0.313114
0 0.331112 0.475410 0.362223 0.516394
0 0.536667 0.559016 0.571111 0.601639
0 0.690000 0.390164 0.725556 0.436066
0 0.174445 0.727868 0.208889 0.770491
0 0.227778 0.308197 0.260000 0.347541
0 0.434445 0.349180 0.467777 0.385246
0 0.536667 0.518033 0.571111 0.560656
0 0.536667 0.393442 0.571111 0.434426
0 0.277778 0.303279 0.313334 0.352459
0 0.481111 0.426229 0.524444 0.472131
0 0.588889 0.601639 0.623333 0.644263
0 0.638889 0.521311 0.674445 0.562295
0 0.587778 0.129508 0.623334 0.178688
0 0.122222 0.308197 0.156666 0.349181
0 0.382223 0.603278 0.415555 0.640984
0 0.330000 0.726229 0.364444 0.768853
0 0.278889 0.726230 0.313333 0.765574
0 0.793333 0.350820 0.828889 0.393442
0 0.382223 0.811475 0.415555 0.852459
0 0.226666 0.729508 0.259999 0.768852
0 0.174445 0.432787 0.208889 0.475409
0 0.280000 0.436065 0.312222 0.473770
0 0.381111 0.260656 0.416667 0.306558
0 0.278889 0.642623 0.313333 0.686885
0 0.845555 0.265574 0.881111 0.313114
0 0.536666 0.436065 0.572222 0.477049
0 0.332222 0.260656 0.364444 0.306558
0 0.586666 0.224590 0.623333 0.265574
0 0.123334 0.263935 0.156667 0.308197
0 0.537778 0.683607 0.571111 0.727869
0 0.382222 0.850819 0.416666 0.896721
0 0.278889 0.765574 0.314445 0.809836
0 0.691111 0.221311 0.724445 0.268852
0 0.070000 0.260656 0.105556 0.309836
0 0.638888 0.726229 0.675555 0.768853
0 0.638888 0.770491 0.675555 0.813115
0 0.173333 0.349180 0.208889 0.388524
0 0.435556 0.765574 0.467778 0.811476
0 0.331112 0.767213 0.364444 0.809837
0 0.741111 0.222951 0.778889 0.267213
0 0.537778 0.808196 0.572222 0.850820
0 0.122222 0.642623 0.156666 0.686885
0 0.588889 0.434426 0.622223 0.477049
0 0.277778 0.514754 0.313334 0.559016
0 0.174445 0.391804 0.208889 0.434426
0 0.226666 0.477050 0.259999 0.514755
0 0.173333 0.519672 0.208889 0.557378
0 0.434445 0.683607 0.471112 0.726230
0 0.536666 0.477049 0.572222 0.518033
0 0.123334 0.436065 0.157778 0.473770
0 0.586666 0.767213 0.623333 0.809837
0 0.896667 0.127869 0.933334 0.180328
0 0.068888 0.722950 0.107777 0.770491
0 0.587778 0.521311 0.623334 0.562295
0 0.070000 0.473771 0.107778 0.518033
0 0.638889 0.267213 0.673333 0.311475
0 0.123334 0.768852 0.157778 0.811476
0 0.691111 0.180328 0.725555 0.222951
0 0.587778 0.888524 0.623334 0.939344
0 0.588889 0.562295 0.624445 0.601639
0 0.433333 0.852459 0.468889 0.895082
0 0.071111 0.347541 0.105555 0.390163
0 0.640000 0.354098 0.674444 0.391803
0 0.587778 0.313115 0.623334 0.349181
0 0.173334 0.309836 0.210001 0.349180
0 0.277778 0.559017 0.313334 0.598361
0 0.174444 0.603278 0.210000 0.644262
0 0.588889 0.478689 0.622223 0.522951
0 0.225556 0.260656 0.260000 0.308196
0 0.846666 0.436066 0.880000 0.475410
0 0.071111 0.309836 0.105555 0.349180
0 0.226667 0.811475 0.261111 0.852459
0 0.794444 0.473771 0.827778 0.516394
0 0.174444 0.893442 0.210000 0.940983
0 0.691111 0.434426 0.724445 0.477049
0 0.071111 0.436065 0.106667 0.473770
0 0.331111 0.434426 0.363333 0.473770
0 0.537778 0.893443 0.572222 0.937705
0 0.794444 0.391803 0.827778 0.432787
0 0.796667 0.434426 0.826667 0.472131
0 0.896666 0.309836 0.932222 0.355738
0 0.538889 0.767213 0.569999 0.806557
0 0.638889 0.393443 0.674445 0.431148
0 0.173334 0.642623 0.210001 0.686885
0 0.640000 0.852459 0.674444 0.891803
0 0.174444 0.813115 0.210000 0.854099
0 0.069999 0.680327 0.106666 0.722951
0 0.897778 0.640983 0.934445 0.683607
0 0.330000 0.811476 0.364444 0.850820
0 0.897778 0.559016 0.931111 0.600000
0 0.897778 0.270492 0.931111 0.309836
0 0.691111 0.808196 0.725555 0.850820
0 0.278888 0.854098 0.309999 0.893442
0 0.382222 0.519673 0.416666 0.552459
0 0.691111 0.727868 0.725555 0.765574
0 0.691111 0.886885 0.724445 0.937705
0 0.897778 0.516393 0.932222 0.559017
0 0.795556 0.598361 0.826666 0.642623
0 0.743334 0.311476 0.777778 0.355738
0 0.898889 0.683607 0.934445 0.727869
0 0.845556 0.313115 0.880000 0.355737
0 0.898889 0.726229 0.934445 0.767213
0 0.846666 0.475410 0.880000 0.516394
0 0.845555 0.514754 0.881111 0.560656
0 0.897778 0.355737 0.932222 0.393442
0 0.846666 0.601639 0.880000 0.642623
0 0.846667 0.640983 0.881111 0.683607
0 0.896666 0.436065 0.932222 0.473770
0 0.897778 0.767213 0.934445 0.811475
0 0.896667 0.598360 0.933334 0.640984
0 0.844444 0.172131 0.880000 0.227869
0 0.896667 0.473771 0.933334 0.518033
0 0.691111 0.560656 0.725555 0.600000
0 0.436667 0.724590 0.467778 0.763934
0 0.587778 0.850819 0.622222 0.888525
0 0.846666 0.806557 0.882222 0.852459
0 0.846666 0.724590 0.882222 0.767213
0 0.071111 0.770492 0.106667 0.806558
0 0.898888 0.893442 0.935555 0.944262
0 0.846667 0.891803 0.881111 0.936065
0 0.847778 0.681967 0.882222 0.726229
0 0.382222 0.898361 0.416666 0.932787
0 0.900000 0.849180 0.934444 0.893442
0 0.847777 0.765574 0.881111 0.806558
0 0.482223 0.157378 0.525556 0.195082
0 0.481111 0.195082 0.526667 0.224590
0 0.846666 0.852459 0.882222 0.891803
0 0.330000 0.563934 0.365556 0.590164
0 0.908888 0.811475 0.935555 0.849181
0 0.691111 0.854098 0.726667 0.880328
0 0.481111 0.478689 0.524444 0.511475
0 0.588889 0.642622 0.623333 0.685246
0 0.588889 0.393442 0.623333 0.434426
0 0.432223 0.895082 0.468890 0.936066
0 0.070000 0.603278 0.105556 0.640984
0 0.845555 0.560656 0.881111 0.601640
0 0.640000 0.686885 0.672222 0.726229
0 0.640000 0.813115 0.675556 0.852459
0 0.587778 0.809836 0.623334 0.850820
0 0.482222 0.222951 0.524444 0.262295
0 0.795555 0.560655 0.828889 0.598361
0 0.536666 0.645901 0.572222 0.683607
0 0.072222 0.640984 0.106666 0.680328
0 0.124444 0.599999 0.154444 0.642622
0 0.845556 0.226230 0.878889 0.265574
0 0.122222 0.893443 0.158889 0.937705
0 0.690000 0.518033 0.725556 0.563935
0 0.896666 0.180328 0.932222 0.222951
0 0.691111 0.477049 0.724445 0.518033
0 0.381111 0.729509 0.416667 0.767214
0 0.690000 0.644262 0.725556 0.685246
0 0.689999 0.601639 0.726666 0.642623
0 0.586666 0.729508 0.623333 0.768852
0 0.123334 0.729508 0.156667 0.770492
0 0.638889 0.562295 0.673333 0.600001
0 0.794445 0.226230 0.826667 0.265574
0 0.122222 0.811476 0.157778 0.850820
0 0.175556 0.854098 0.206667 0.893442
0 0.537778 0.852459 0.570000 0.893443
0 0.845556 0.355737 0.878889 0.391803
0 0.277778 0.893442 0.314445 0.939344
0 0.794444 0.173771 0.827778 0.226230
0 0.640000 0.891803 0.674444 0.936065
0 0.690000 0.683607 0.725556 0.727869
0 0.896666 0.222951 0.932222 0.272131
0 0.122222 0.849180 0.157778 0.893442
0 0.174444 0.685246 0.210000 0.726230
0 0.071111 0.806557 0.106667 0.854098
0 0.640000 0.642623 0.672222 0.686885
0 0.587778 0.178688 0.622222 0.224590
0 0.691111 0.763934 0.726667 0.809836
0 0.071111 0.518033 0.106667 0.559017
0 0.225556 0.603278 0.260000 0.639344
0 0.691111 0.354098 0.724445 0.390164
0 0.640000 0.601639 0.673334 0.642623
0 0.536667 0.729509 0.571111 0.767214
0 0.640000 0.478688 0.673334 0.519672
0 0.123334 0.519672 0.157778 0.559016
0 0.071111 0.557377 0.106667 0.603279
0 0.226667 0.850819 0.261111 0.893443
0 0.070000 0.898361 0.107778 0.942623
0 0.845556 0.393442 0.878889 0.434426
0 0.794444 0.265574 0.827778 0.308196
0 0.536667 0.263935 0.571111 0.308197
0 0.226666 0.893443 0.262222 0.937705
0 0.278889 0.263934 0.313333 0.304918
0 0.896666 0.391803 0.932222 0.436065
0 0.332222 0.850819 0.365556 0.891803
0 0.330000 0.686885 0.365556 0.726229
0 0.123334 0.559016 0.157778 0.600000
0 0.330000 0.891803 0.364444 0.937705
0 0.123334 0.686885 0.156667 0.729509
0 0.640000 0.431148 0.672222 0.475410
0 0.072222 0.854098 0.107778 0.896722
0 0.483333 0.288524 0.525555 0.329508
0 0.794444 0.516394 0.830000 0.560656
0 0.742222 0.178689 0.777778 0.222951
0 0.228888 0.434426 0.259999 0.475410
0 0.381111 0.304918 0.416667 0.350820
0 0.433333 0.308197 0.470000 0.350820
0 0.434445 0.562295 0.466667 0.601639
0 0.122222 0.473770 0.157778 0.521312
0 0.381111 0.432787 0.416667 0.477049
0 0.434445 0.386885 0.467777 0.432787
0 0.173333 0.473770 0.208889 0.519672
0 0.433334 0.434426 0.467778 0.475410
0 0.381111 0.555738 0.416667 0.601640
0 0.433333 0.516394 0.468889 0.560656
