0 0.122222 0.848932 0.156666 0.891626
0 0.481112 0.474548 0.520000 0.512316
0 0.535556 0.266010 0.570000 0.307060
0 0.534444 0.224959 0.571111 0.266010
0 0.173334 0.640394 0.206667 0.684729
0 0.223333 0.515599 0.260000 0.558293
0 0.535555 0.131362 0.571111 0.177339
0 0.223333 0.683086 0.258889 0.725780
0 0.534444 0.180623 0.571111 0.224959
0 0.223333 0.389162 0.258889 0.433497
0 0.842222 0.435140 0.876666 0.476190
0 0.223333 0.724137 0.258889 0.766831
0 0.224444 0.262726 0.260000 0.308703
0 0.173333 0.474548 0.208889 0.517242
0 0.429999 0.389162 0.466666 0.435140
0 0.534444 0.307061 0.570000 0.351396
0 0.326666 0.558293 0.362222 0.599344
0 0.635555 0.392447 0.671111 0.433497
0 0.586667 0.177340 0.621111 0.226601
0 0.122222 0.640394 0.154444 0.683088
0 0.121111 0.556651 0.155555 0.600986
0 0.122222 0.807881 0.156666 0.850575
0 0.635555 0.351396 0.671111 0.392446
0 0.790000 0.351396 0.825556 0.394089
0 0.636666 0.683087 0.672222 0.727422
0 0.636666 0.638752 0.672222 0.683087
0 0.635556 0.177340 0.672223 0.223317
0 0.327778 0.307061 0.362222 0.349753
0 0.121111 0.724137 0.156667 0.766831
0 0.533334 0.428571 0.570001 0.474549
0 0.172222 0.308703 0.207778 0.349753
0 0.326666 0.390804 0.362222 0.436782
0 0.536667 0.351395 0.568889 0.390804
0 0.172222 0.349753 0.206666 0.394089
0 0.173334 0.724137 0.207778 0.768473
0 0.276667 0.804597 0.311111 0.847291
0 0.225556 0.558293 0.257778 0.599344
0 0.841111 0.392447 0.875555 0.435140
0 0.224444 0.806239 0.260000 0.848933
0 0.121111 0.262726 0.155555 0.311986
0 0.740000 0.133004 0.776667 0.180624
0 0.276667 0.763547 0.311111 0.804597
0 0.173333 0.394089 0.205555 0.435139
0 0.534444 0.474548 0.570000 0.517242
0 0.224444 0.638752 0.257777 0.683087
0 0.635556 0.221674 0.672223 0.269294
0 0.634444 0.310345 0.672222 0.351395
0 0.326666 0.638752 0.362222 0.681446
0 0.431111 0.177339 0.466667 0.221674
0 0.172222 0.768473 0.207778 0.807882
0 0.327778 0.515599 0.363334 0.558293
0 0.224445 0.308703 0.256667 0.349753
0 0.173334 0.435140 0.207778 0.474549
0 0.586666 0.267652 0.620000 0.308702
0 0.791111 0.435140 0.826667 0.479475
0 0.687778 0.556650 0.724445 0.599344
0 0.791111 0.270936 0.826667 0.311986
0 0.791111 0.394089 0.827778 0.435139
0 0.173334 0.517241 0.207778 0.555009
0 0.380000 0.556651 0.413334 0.597701
0 0.738889 0.353038 0.774445 0.399015
0 0.687778 0.349753 0.723334 0.394089
0 0.894445 0.134647 0.928889 0.178982
0 0.431111 0.223317 0.465555 0.270935
0 0.173334 0.555008 0.206667 0.597701
0 0.477778 0.357799 0.523334 0.392446
0 0.478889 0.330049 0.523333 0.356978
0 0.327778 0.474549 0.362222 0.515599
0 0.277778 0.642036 0.310000 0.684729
0 0.740000 0.180623 0.773334 0.224959
0 0.842222 0.182265 0.876666 0.224958
0 0.380000 0.267651 0.415556 0.310344
0 0.586666 0.392447 0.620000 0.435140
0 0.687778 0.472907 0.723334 0.515599
0 0.225555 0.766830 0.258888 0.806239
0 0.172222 0.261084 0.207778 0.308702
0 0.380000 0.435140 0.413334 0.476190
0 0.894444 0.476191 0.930000 0.518884
0 0.841111 0.308702 0.875555 0.351395
0 0.841111 0.596060 0.878889 0.642037
0 0.790000 0.226600 0.825556 0.270935
0 0.635555 0.806239 0.671111 0.852216
0 0.841110 0.133004 0.877777 0.180624
0 0.686666 0.394089 0.723333 0.436781
0 0.121111 0.766830 0.156667 0.807881
0 0.173334 0.597701 0.206667 0.638752
0 0.275556 0.348112 0.312223 0.392447
0 0.686666 0.722495 0.722222 0.766830
0 0.173334 0.684728 0.206667 0.722496
0 0.687778 0.226601 0.722222 0.269294
0 0.378889 0.351396 0.414445 0.394089
0 0.430000 0.348112 0.464444 0.389162
0 0.276667 0.476190 0.311111 0.515599
0 0.121111 0.476191 0.155555 0.517242
0 0.225555 0.433498 0.258888 0.476191
0 0.328889 0.724137 0.363333 0.765188
0 0.737777 0.307061 0.776666 0.351396
0 0.893334 0.269294 0.927778 0.311986
0 0.685555 0.177339 0.724444 0.224959
0 0.068889 0.264368 0.104445 0.307061
0 0.636667 0.513957 0.671111 0.558292
0 0.893334 0.435140 0.927778 0.476190
0 0.688889 0.269293 0.721111 0.308702
0 0.327778 0.765188 0.363334 0.807882
0 0.534445 0.763546 0.568889 0.806239
0 0.636667 0.433497 0.671111 0.477832
0 0.893334 0.221674 0.927778 0.267651
0 0.636667 0.558293 0.671111 0.599344
0 0.380000 0.394089 0.414444 0.435139
0 0.276666 0.597701 0.312222 0.642037
0 0.326667 0.261083 0.361111 0.307061
0 0.688889 0.637111 0.723333 0.681446
0 0.433333 0.308702 0.462223 0.348112
0 0.327777 0.436781 0.361111 0.474548
0 0.378889 0.886700 0.416667 0.932677
0 0.327778 0.681445 0.362222 0.722495
0 0.277778 0.684728 0.311110 0.724137
0 0.536667 0.390804 0.568889 0.428571
0 0.068889 0.518884 0.104445 0.559935
0 0.478889 0.423645 0.521111 0.469622
0 0.121111 0.517242 0.155555 0.556651
0 0.381111 0.638752 0.412222 0.681446
0 0.738888 0.264368 0.775555 0.307061
0 0.841111 0.556651 0.878889 0.597701
0 0.225555 0.889983 0.261111 0.932677
0 0.791111 0.175698 0.825555 0.226600
0 0.380000 0.223317 0.415556 0.266010
0 0.278888 0.724137 0.309999 0.761905
0 0.635555 0.891625 0.671111 0.939245
0 0.380000 0.131362 0.414444 0.178982
0 0.686667 0.133004 0.724445 0.177340
0 0.122222 0.599344 0.154444 0.640394
0 0.533333 0.515599 0.568889 0.559935
0 0.225555 0.351396 0.256667 0.389163
0 0.121112 0.435140 0.154445 0.476190
0 0.842222 0.224959 0.876666 0.270935
0 0.381111 0.515599 0.412222 0.558293
0 0.842222 0.474549 0.876666 0.515599
0 0.327777 0.889984 0.364445 0.934319
0 0.636666 0.269294 0.672222 0.310344
0 0.173333 0.888342 0.211111 0.934318
0 0.533333 0.558292 0.568889 0.597701
0 0.586666 0.226601 0.620000 0.267651
0 0.173334 0.809523 0.206667 0.848932
0 0.121111 0.390804 0.155555 0.435140
0 0.841111 0.351396 0.875555 0.394089
0 0.276667 0.305419 0.314445 0.346469
0 0.688889 0.806239 0.723333 0.848933
0 0.893334 0.392447 0.927778 0.433497
0 0.636667 0.763547 0.671111 0.804597
0 0.380000 0.597701 0.413334 0.638752
0 0.432223 0.270935 0.463334 0.308702
0 0.327778 0.847290 0.363334 0.889984
0 0.533333 0.597701 0.568889 0.642037
0 0.276666 0.889984 0.312222 0.934319
0 0.842222 0.642036 0.877778 0.684729
0 0.276666 0.556651 0.312222 0.597701
0 0.636666 0.597701 0.672222 0.637111
0 0.378889 0.722495 0.413333 0.761904
0 0.688889 0.766830 0.722222 0.806239
0 0.225556 0.850575 0.260000 0.889984
0 0.586667 0.354680 0.618889 0.390804
0 0.276667 0.435140 0.311111 0.476190
0 0.276667 0.390804 0.311111 0.433497
0 0.070000 0.392447 0.105556 0.433497
0 0.326666 0.349753 0.362222 0.392446
0 0.687778 0.515599 0.723334 0.558293
0 0.121111 0.310345 0.155555 0.351395
0 0.533334 0.640394 0.567778 0.679804
0 0.841110 0.515599 0.877777 0.556650
0 0.122222 0.351396 0.154444 0.392446
0 0.842222 0.269293 0.875556 0.308702
0 0.636667 0.477832 0.671111 0.515599
0 0.533333 0.679802 0.568889 0.722496
0 0.893333 0.349753 0.928889 0.392446
0 0.381111 0.474548 0.412222 0.513957
0 0.789999 0.310345 0.826666 0.353038
0 0.225555 0.599344 0.256667 0.638753
0 0.277778 0.515599 0.311110 0.556650
0 0.070000 0.433498 0.104444 0.476191
0 0.534444 0.807882 0.567778 0.848932
0 0.741111 0.226601 0.774444 0.264368
0 0.121111 0.683087 0.155555 0.724137
0 0.225556 0.479475 0.260000 0.515599
0 0.687777 0.308702 0.721110 0.351395
0 0.378889 0.178981 0.414445 0.223317
0 0.842222 0.806239 0.877778 0.850575
0 0.378889 0.845648 0.414445 0.888342
0 0.070000 0.558292 0.105556 0.600986
0 0.893333 0.311986 0.928889 0.351396
0 0.478888 0.290641 0.525555 0.331691
0 0.068888 0.349753 0.105555 0.394089
0 0.637778 0.727422 0.670000 0.763547
0 0.328889 0.599344 0.361111 0.638753
0 0.687777 0.436782 0.721110 0.472907
0 0.636667 0.853858 0.671111 0.891626
0 0.841110 0.683086 0.877777 0.725780
0 0.328889 0.807882 0.362223 0.848932
0 0.688889 0.599343 0.723333 0.637111
0 0.378889 0.761904 0.413333 0.804598
0 0.277778 0.264368 0.311110 0.305418
0 0.380000 0.804598 0.412222 0.845649
0 0.068888 0.476191 0.105555 0.518884
0 0.841110 0.889984 0.877777 0.934319
0 0.534445 0.724137 0.568889 0.763547
0 0.068889 0.307061 0.104445 0.349753
0 0.893334 0.178981 0.927778 0.223317
0 0.842222 0.727421 0.876666 0.766830
0 0.585555 0.310344 0.621111 0.356322
0 0.534444 0.848932 0.567778 0.891626
0 0.477778 0.221674 0.523334 0.262726
0 0.123334 0.891626 0.156667 0.932677
0 0.276667 0.847290 0.311111 0.889984
0 0.842222 0.850575 0.877778 0.891625
0 0.690000 0.889984 0.722222 0.934319
0 0.088889 0.643678 0.111111 0.681446
0 0.842222 0.766830 0.876666 0.806239
0 0.378889 0.683087 0.413333 0.724137
0 0.477777 0.126437 0.524444 0.159278
0 0.063333 0.725780 0.085555 0.761904
0 0.062222 0.684728 0.086666 0.719212
0 0.174445 0.848932 0.206667 0.886700
0 0.088890 0.812808 0.112223 0.845648
0 0.535556 0.891626 0.567778 0.932677
0 0.088889 0.605911 0.111111 0.640394
0 0.478889 0.159278 0.523333 0.197045
0 0.088889 0.768472 0.111111 0.806239
0 0.062223 0.770114 0.085555 0.804597
0 0.063334 0.848932 0.084444 0.885057
0 0.687778 0.847290 0.724445 0.889984
0 0.062222 0.604270 0.084444 0.638753
0 0.088889 0.729063 0.111111 0.760262
0 0.063334 0.894909 0.086666 0.932677
0 0.063334 0.811166 0.084444 0.844006
0 0.090000 0.894909 0.113333 0.932677
0 0.380000 0.310345 0.414444 0.351395
0 0.088890 0.850575 0.112223 0.883415
0 0.088889 0.684728 0.111111 0.715927
0 0.063334 0.643679 0.084444 0.676519
0 0.501111 0.727422 0.523333 0.758621
0 0.478889 0.261083 0.524445 0.293924
0 0.687778 0.683087 0.722222 0.724137
0 0.477778 0.195402 0.525556 0.223318
