0 0.637778 0.426688 0.670000 0.469522
0 0.068889 0.133443 0.101111 0.179571
0 0.893333 0.347611 0.928889 0.385997
0 0.478889 0.469523 0.521111 0.502471
0 0.502223 0.723229 0.525556 0.754530
0 0.476667 0.260296 0.524445 0.291598
0 0.475556 0.192751 0.524444 0.222405
0 0.478889 0.326194 0.524445 0.357496
0 0.122223 0.596376 0.155556 0.635915
0 0.475555 0.159802 0.523333 0.194398
0 0.892223 0.174629 0.928890 0.220759
0 0.172223 0.766062 0.208890 0.812192
0 0.120000 0.313015 0.155556 0.352554
0 0.068889 0.479407 0.102222 0.522241
0 0.328889 0.810544 0.363333 0.848434
0 0.893334 0.388797 0.927778 0.429983
0 0.071111 0.769358 0.101111 0.803954
0 0.121112 0.560132 0.154445 0.599670
0 0.476666 0.220758 0.522222 0.261944
0 0.122223 0.433278 0.153334 0.474464
0 0.327777 0.438221 0.361111 0.467875
0 0.121111 0.682043 0.155555 0.724877
0 0.477777 0.354202 0.524444 0.392093
0 0.067778 0.560132 0.103334 0.599670
0 0.173334 0.808897 0.207778 0.848436
0 0.171111 0.436573 0.206667 0.472817
0 0.067778 0.520593 0.103334 0.560132
0 0.068889 0.434926 0.103333 0.479407
0 0.070000 0.848435 0.105556 0.891269
0 0.334444 0.556838 0.362222 0.594728
0 0.173334 0.723228 0.207778 0.769358
0 0.121111 0.393740 0.153333 0.433279
0 0.068889 0.598024 0.103333 0.642505
0 0.478888 0.423394 0.519999 0.466228
0 0.325556 0.176277 0.360000 0.219111
0 0.428889 0.265239 0.463333 0.308073
0 0.477778 0.286656 0.523334 0.326194
0 0.070000 0.803953 0.104444 0.848434
0 0.791111 0.347612 0.824445 0.385503
0 0.275556 0.682042 0.312223 0.726523
0 0.068889 0.642504 0.104445 0.685338
0 0.686667 0.176277 0.721111 0.220757
0 0.173333 0.848435 0.208889 0.891269
0 0.894445 0.677100 0.928889 0.723230
0 0.690000 0.716639 0.725556 0.761120
0 0.121112 0.354201 0.154445 0.390445
0 0.691111 0.802307 0.724445 0.840197
0 0.687777 0.345964 0.721110 0.388798
0 0.637778 0.886326 0.673334 0.934102
0 0.121111 0.514003 0.155555 0.560133
0 0.892222 0.220757 0.927778 0.265238
0 0.068889 0.685338 0.104445 0.724877
0 0.841111 0.884679 0.878889 0.927513
0 0.690000 0.678749 0.725556 0.716639
0 0.121112 0.472817 0.154445 0.514003
0 0.326666 0.390445 0.362222 0.434926
0 0.274444 0.309719 0.310000 0.349258
0 0.120000 0.637562 0.155556 0.683691
0 0.690000 0.759473 0.725556 0.802307
0 0.327778 0.845140 0.363334 0.889621
0 0.892222 0.306425 0.927778 0.347611
0 0.892222 0.265239 0.926666 0.306425
0 0.843333 0.428337 0.875555 0.466228
0 0.791111 0.886326 0.826667 0.927512
0 0.638889 0.764415 0.672223 0.800659
0 0.168888 0.392092 0.205556 0.434926
0 0.173333 0.891269 0.208889 0.939045
0 0.173334 0.683690 0.206667 0.724876
0 0.638889 0.846788 0.673333 0.887974
0 0.894444 0.428335 0.927778 0.467874
0 0.071111 0.892916 0.105555 0.934102
0 0.172222 0.596376 0.207778 0.637562
0 0.894445 0.512356 0.928889 0.553542
0 0.842222 0.677100 0.881111 0.719934
0 0.688889 0.887973 0.724445 0.932454
0 0.475556 0.118616 0.524444 0.161450
0 0.328889 0.723229 0.363333 0.762768
0 0.894445 0.551895 0.928889 0.593081
0 0.328889 0.762767 0.363333 0.808897
0 0.173334 0.558485 0.206667 0.598024
0 0.841111 0.172982 0.875555 0.219110
0 0.121112 0.270181 0.154445 0.311367
0 0.121112 0.179571 0.154445 0.224052
0 0.791111 0.512355 0.826667 0.551894
0 0.433334 0.887973 0.466666 0.932454
0 0.638889 0.800659 0.673333 0.845140
0 0.070000 0.724876 0.103333 0.767710
0 0.688889 0.594728 0.723333 0.635914
0 0.841111 0.347611 0.876667 0.383855
0 0.843334 0.800659 0.877778 0.843493
0 0.893333 0.593081 0.928889 0.635915
0 0.120000 0.766062 0.155556 0.812192
0 0.688889 0.841846 0.724445 0.886327
0 0.326666 0.268534 0.360000 0.309720
0 0.121111 0.723229 0.155555 0.766063
0 0.172222 0.522240 0.206666 0.560131
0 0.067778 0.181219 0.102222 0.224053
0 0.843333 0.721582 0.878889 0.762768
0 0.842222 0.843493 0.878889 0.884679
0 0.842222 0.512355 0.877778 0.551894
0 0.121112 0.224053 0.154445 0.268534
0 0.223333 0.308073 0.256667 0.347612
0 0.841111 0.217463 0.875555 0.261943
0 0.327777 0.349258 0.361111 0.392092
0 0.638889 0.719934 0.673333 0.762768
0 0.894445 0.635914 0.928889 0.677100
0 0.432222 0.762768 0.465556 0.800658
0 0.067778 0.308073 0.102222 0.349259
0 0.638889 0.596376 0.672223 0.632620
0 0.276666 0.726524 0.312222 0.767710
0 0.223333 0.270182 0.254444 0.308073
0 0.325556 0.220757 0.360000 0.266887
0 0.274445 0.263592 0.308889 0.309721
0 0.326667 0.309719 0.361111 0.349258
0 0.843334 0.761120 0.877778 0.800659
0 0.330000 0.515651 0.362222 0.558485
0 0.068889 0.266886 0.102222 0.308072
0 0.793334 0.807249 0.826667 0.846788
0 0.328889 0.594728 0.364445 0.634267
0 0.067778 0.350906 0.103334 0.392092
0 0.792222 0.635915 0.825555 0.675454
0 0.067778 0.392092 0.103334 0.434926
0 0.327777 0.889621 0.364445 0.937397
0 0.688889 0.510708 0.722222 0.553542
0 0.432222 0.845140 0.465556 0.887974
0 0.276667 0.558485 0.308889 0.596375
0 0.431111 0.130149 0.464445 0.176277
0 0.430001 0.306424 0.463333 0.345963
0 0.171111 0.309719 0.205555 0.349258
0 0.223334 0.392093 0.257778 0.431632
0 0.222222 0.177924 0.256666 0.224052
0 0.171111 0.347612 0.206667 0.392093
0 0.222222 0.224053 0.255555 0.268534
0 0.223333 0.474465 0.256667 0.518946
0 0.328889 0.683690 0.362223 0.723229
0 0.532223 0.266887 0.568890 0.306426
0 0.842222 0.385502 0.875556 0.428336
0 0.891111 0.123559 0.926667 0.174629
0 0.431111 0.723229 0.465555 0.759473
0 0.842222 0.466228 0.877778 0.512356
0 0.894445 0.469522 0.928889 0.512356
0 0.792222 0.721582 0.826666 0.762768
0 0.638889 0.632620 0.673333 0.677100
0 0.169999 0.472817 0.206667 0.520593
0 0.690000 0.637562 0.725556 0.678748
0 0.840000 0.126853 0.876667 0.174629
0 0.637778 0.677100 0.672222 0.719934
0 0.222222 0.128501 0.256666 0.176277
0 0.842222 0.593081 0.877778 0.635915
0 0.223334 0.429983 0.257778 0.472817
0 0.430001 0.219110 0.463333 0.265240
0 0.792222 0.596376 0.825555 0.637562
0 0.792222 0.846788 0.826666 0.887974
0 0.068889 0.224053 0.103333 0.265239
0 0.638889 0.553542 0.672223 0.594728
0 0.377778 0.258649 0.412222 0.311367
0 0.791111 0.761120 0.826667 0.807250
0 0.275555 0.637562 0.311111 0.683691
0 0.841111 0.261944 0.875555 0.303130
0 0.172222 0.637562 0.207778 0.683691
0 0.431111 0.472817 0.464445 0.514003
0 0.791111 0.385502 0.824445 0.428336
0 0.533334 0.222405 0.567778 0.263591
0 0.169999 0.225700 0.206667 0.266886
0 0.792222 0.675454 0.826666 0.719935
0 0.533333 0.177924 0.568889 0.219110
0 0.584444 0.306425 0.620000 0.349259
0 0.430001 0.177924 0.463333 0.220758
0 0.686667 0.220758 0.721111 0.263592
0 0.842222 0.551894 0.877778 0.594728
0 0.170000 0.266886 0.205556 0.308072
0 0.274444 0.347611 0.312222 0.390445
0 0.741111 0.429984 0.774444 0.467875
0 0.687778 0.303130 0.720000 0.345964
0 0.690001 0.553542 0.723334 0.594728
0 0.687777 0.388797 0.721110 0.429983
0 0.274444 0.390445 0.311111 0.433279
0 0.325556 0.126854 0.360000 0.176277
0 0.275556 0.433278 0.310000 0.476112
0 0.638888 0.388798 0.670000 0.428337
0 0.276667 0.596376 0.311111 0.637562
0 0.686667 0.128501 0.721111 0.174629
0 0.686667 0.263591 0.721111 0.303130
0 0.223334 0.347612 0.257778 0.392093
0 0.843334 0.635914 0.877778 0.678748
0 0.275556 0.476112 0.310000 0.517298
0 0.168888 0.177924 0.205556 0.224052
0 0.327778 0.469522 0.362222 0.515651
0 0.792222 0.474465 0.825555 0.514004
0 0.687778 0.429984 0.722222 0.471170
0 0.432222 0.802307 0.465556 0.846788
0 0.432222 0.558485 0.464444 0.596375
0 0.637777 0.510708 0.671111 0.553542
0 0.638888 0.471170 0.670000 0.512356
0 0.792222 0.428337 0.825555 0.472818
0 0.170000 0.130148 0.205556 0.177924
0 0.690000 0.471170 0.722222 0.510709
0 0.432222 0.514004 0.464444 0.558485
0 0.792222 0.551894 0.825555 0.596375
0 0.637778 0.347611 0.670000 0.388797
0 0.432222 0.431631 0.464444 0.472817
0 0.533334 0.128501 0.567778 0.176277
0 0.791111 0.306425 0.823333 0.347611
0 0.327778 0.635914 0.362222 0.683690
0 0.790000 0.258649 0.824444 0.304777
0 0.432222 0.637562 0.464444 0.678748
0 0.741111 0.555190 0.774444 0.599670
0 0.274444 0.517298 0.310000 0.558484
0 0.431111 0.345963 0.463333 0.390444
0 0.637778 0.258649 0.668888 0.304777
0 0.741111 0.471170 0.774444 0.512356
0 0.431111 0.596376 0.464445 0.637562
0 0.584445 0.258649 0.618889 0.306425
0 0.636667 0.306425 0.670000 0.347611
0 0.841111 0.303131 0.876667 0.347612
0 0.741111 0.512356 0.773333 0.555190
0 0.738889 0.347612 0.774445 0.387151
0 0.738889 0.260296 0.773333 0.304777
0 0.741111 0.387149 0.774444 0.431630
0 0.432222 0.677100 0.465556 0.721581
0 0.431111 0.390445 0.464445 0.433279
0 0.738889 0.304777 0.774445 0.347611
