0 0.478890 0.476974 0.522223 0.508224
0 0.742222 0.271382 0.776666 0.302632
0 0.171111 0.847040 0.206667 0.893092
0 0.690000 0.269736 0.722222 0.312499
0 0.535556 0.226974 0.567778 0.268092
0 0.636667 0.685855 0.671111 0.725329
0 0.326666 0.682565 0.362222 0.725329
0 0.842222 0.478619 0.876666 0.519737
0 0.172223 0.269737 0.205556 0.310855
0 0.378889 0.225329 0.414445 0.266447
0 0.070000 0.434210 0.105556 0.478618
0 0.120001 0.598684 0.153334 0.639802
0 0.792222 0.725329 0.826666 0.768093
0 0.843333 0.434210 0.878889 0.476973
0 0.070000 0.478619 0.104444 0.519737
0 0.327778 0.725329 0.362222 0.766447
0 0.894445 0.809210 0.928889 0.853618
0 0.791111 0.893092 0.827778 0.937500
0 0.741111 0.476974 0.776667 0.518092
0 0.638889 0.136514 0.674445 0.184210
0 0.793334 0.769737 0.826667 0.809211
0 0.432222 0.226974 0.464444 0.268092
0 0.122223 0.559210 0.153334 0.598684
0 0.431111 0.269737 0.465555 0.309211
0 0.171111 0.807566 0.205555 0.848684
0 0.070000 0.389802 0.105556 0.432565
0 0.377777 0.184211 0.414444 0.225329
0 0.378889 0.516448 0.414445 0.557566
0 0.686666 0.725329 0.723333 0.769737
0 0.171110 0.764803 0.207778 0.805921
0 0.791111 0.639803 0.826667 0.684211
0 0.586667 0.559210 0.621111 0.601974
0 0.534444 0.136513 0.570000 0.185855
0 0.378889 0.430920 0.413333 0.476973
0 0.894444 0.644737 0.930000 0.685855
0 0.793334 0.393092 0.826667 0.434210
0 0.844445 0.314144 0.876667 0.351973
0 0.843334 0.393092 0.877778 0.434210
0 0.223334 0.351974 0.257778 0.393092
0 0.326667 0.263157 0.361111 0.309210
0 0.328888 0.393092 0.359999 0.434210
0 0.431111 0.472040 0.464445 0.514803
0 0.842222 0.518092 0.876666 0.560856
0 0.792222 0.809211 0.826666 0.850329
0 0.894444 0.393093 0.930000 0.435856
0 0.586666 0.138159 0.622222 0.185856
0 0.894444 0.600329 0.930000 0.644737
0 0.636666 0.476973 0.672222 0.514803
0 0.431111 0.180921 0.465555 0.225329
0 0.690001 0.394737 0.723334 0.434211
0 0.377778 0.305921 0.413334 0.350329
0 0.842222 0.560855 0.876666 0.601973
0 0.172223 0.555921 0.205556 0.598685
0 0.893333 0.891447 0.931111 0.939145
0 0.740000 0.639803 0.775556 0.684211
0 0.687778 0.559211 0.723334 0.600329
0 0.326666 0.638158 0.362222 0.682566
0 0.638889 0.228619 0.672223 0.271381
0 0.223334 0.723684 0.257778 0.764802
0 0.326666 0.434211 0.360000 0.475329
0 0.895556 0.684210 0.930000 0.728618
0 0.172222 0.350329 0.206666 0.394737
0 0.638889 0.184210 0.674445 0.228618
0 0.222222 0.807566 0.257778 0.848684
0 0.690000 0.475329 0.722222 0.516447
0 0.378889 0.266447 0.414445 0.305921
0 0.587778 0.310855 0.622222 0.351973
0 0.172222 0.725329 0.206666 0.764803
0 0.793334 0.600329 0.827778 0.639803
0 0.895555 0.351974 0.931111 0.393092
0 0.223333 0.138157 0.258889 0.184210
0 0.793334 0.481907 0.826667 0.519737
0 0.380000 0.559211 0.414444 0.597039
0 0.121111 0.805921 0.155555 0.847039
0 0.586666 0.480264 0.622222 0.518093
0 0.223334 0.393092 0.257778 0.434210
0 0.895556 0.437500 0.930000 0.478618
0 0.222222 0.847039 0.258889 0.891447
0 0.502778 0.728455 0.523222 0.743421
0 0.502777 0.708224 0.526111 0.729276
0 0.223334 0.684211 0.257778 0.722039
0 0.742222 0.307566 0.776666 0.351974
0 0.431111 0.514803 0.464445 0.555921
0 0.068889 0.641447 0.104445 0.684211
0 0.690000 0.312500 0.724444 0.351974
0 0.223334 0.225330 0.257778 0.268093
0 0.224444 0.434210 0.257777 0.473684
0 0.171110 0.894737 0.207778 0.942435
0 0.067777 0.723684 0.104444 0.766448
0 0.328889 0.309210 0.358889 0.348684
0 0.794444 0.519737 0.825556 0.555921
0 0.793334 0.684210 0.827778 0.723684
0 0.377777 0.391448 0.414444 0.432566
0 0.638889 0.435855 0.673333 0.476973
0 0.791111 0.850329 0.826667 0.893093
0 0.121111 0.225330 0.155555 0.268093
0 0.585555 0.641447 0.621111 0.684211
0 0.171111 0.310855 0.205555 0.350329
0 0.274444 0.310856 0.311111 0.353619
0 0.894445 0.728618 0.928889 0.768092
0 0.687778 0.600329 0.722222 0.639803
0 0.171111 0.518093 0.205555 0.555921
0 0.326666 0.475329 0.360000 0.516447
0 0.121111 0.269736 0.155555 0.312499
0 0.223334 0.185855 0.257778 0.225329
0 0.740000 0.603618 0.776667 0.638158
0 0.070000 0.521381 0.104444 0.560855
0 0.222222 0.764803 0.257778 0.805921
0 0.122223 0.514803 0.155556 0.559211
0 0.068889 0.560855 0.103333 0.600329
0 0.793333 0.353618 0.825555 0.393092
0 0.172223 0.226974 0.205556 0.268092
0 0.274444 0.264803 0.310000 0.309211
0 0.172223 0.177631 0.205556 0.225328
0 0.377777 0.722039 0.414444 0.766447
0 0.377777 0.134869 0.414444 0.182565
0 0.223333 0.891448 0.258889 0.937500
0 0.741111 0.396381 0.775555 0.434210
0 0.843334 0.685855 0.877778 0.725329
0 0.378889 0.476974 0.412223 0.516448
0 0.535556 0.269737 0.570000 0.310855
0 0.688889 0.514803 0.723333 0.559211
0 0.478889 0.427632 0.521111 0.472040
0 0.378889 0.351974 0.413333 0.393092
0 0.171111 0.597040 0.205555 0.638158
0 0.121111 0.434210 0.155555 0.478618
0 0.844444 0.353619 0.877777 0.391448
0 0.635555 0.725329 0.673333 0.766447
0 0.688889 0.682566 0.724445 0.726974
0 0.842222 0.726973 0.878889 0.769737
0 0.587778 0.271382 0.622222 0.312500
0 0.431111 0.133223 0.465555 0.180920
0 0.223333 0.473685 0.258889 0.516448
0 0.222222 0.641447 0.256666 0.684211
0 0.895555 0.268091 0.932222 0.314144
0 0.171111 0.430921 0.206667 0.475329
0 0.842222 0.644737 0.877778 0.685855
0 0.636666 0.514803 0.672222 0.555921
0 0.172223 0.475330 0.205556 0.518093
0 0.638889 0.271381 0.674445 0.314144
0 0.588889 0.230263 0.622223 0.269737
0 0.586666 0.435855 0.622222 0.480263
0 0.534445 0.353619 0.568889 0.396381
0 0.432222 0.351974 0.465556 0.391448
0 0.844444 0.268091 0.877777 0.314144
0 0.843334 0.600329 0.877778 0.644737
0 0.587778 0.394737 0.622222 0.435855
0 0.690000 0.434211 0.722222 0.475329
0 0.535555 0.187500 0.568889 0.226974
0 0.792222 0.557565 0.827778 0.600329
0 0.377777 0.888158 0.414444 0.935856
0 0.638889 0.312500 0.672223 0.353618
0 0.327778 0.350330 0.360000 0.393093
0 0.586667 0.516447 0.621111 0.560855
0 0.432222 0.310855 0.464444 0.351973
0 0.223334 0.555921 0.257778 0.600329
0 0.431111 0.391447 0.466667 0.435855
0 0.171111 0.684210 0.206667 0.723684
0 0.741111 0.518092 0.775555 0.559210
0 0.587778 0.187500 0.622222 0.228618
0 0.120000 0.641448 0.155556 0.682566
0 0.587777 0.601974 0.621111 0.643092
0 0.741111 0.434210 0.776667 0.476973
0 0.690001 0.350329 0.723334 0.394737
0 0.535555 0.310856 0.568889 0.353619
0 0.792222 0.434210 0.826666 0.480264
0 0.638889 0.353619 0.672223 0.394737
0 0.742222 0.353619 0.777778 0.394737
0 0.587778 0.351973 0.622222 0.394736
0 0.688889 0.639802 0.723333 0.682566
0 0.171111 0.638158 0.206667 0.682566
0 0.740000 0.559210 0.775556 0.603618
0 0.636666 0.600329 0.672222 0.643093
0 0.638889 0.394737 0.673333 0.435855
0 0.636666 0.643092 0.672222 0.685856
0 0.637778 0.557565 0.672222 0.600329
0 0.895555 0.521382 0.931111 0.557566
0 0.067778 0.809210 0.102222 0.848684
0 0.433333 0.435856 0.463333 0.470394
0 0.837777 0.773027 0.858889 0.805921
0 0.378889 0.680921 0.413333 0.723685
0 0.478890 0.225329 0.522223 0.264803
0 0.068888 0.225329 0.105555 0.266447
0 0.377778 0.850329 0.412222 0.886513
0 0.067778 0.850329 0.103334 0.889803
0 0.687778 0.185856 0.724445 0.231909
0 0.586666 0.725329 0.620000 0.768093
0 0.586666 0.766447 0.620000 0.804277
0 0.068889 0.268092 0.104445 0.309210
0 0.588889 0.805921 0.617777 0.847039
0 0.377778 0.766447 0.413334 0.802631
0 0.834445 0.896381 0.858889 0.930921
0 0.223333 0.268092 0.256667 0.307566
0 0.861112 0.894737 0.884445 0.930921
0 0.585556 0.684210 0.620000 0.726974
0 0.481111 0.162829 0.522222 0.199013
0 0.120000 0.847039 0.155556 0.891447
0 0.480000 0.128290 0.523334 0.162828
0 0.478889 0.263159 0.523333 0.292764
0 0.862222 0.856908 0.884444 0.886514
0 0.478889 0.197369 0.523333 0.226973
0 0.480000 0.328947 0.524444 0.360197
0 0.862223 0.774671 0.883334 0.805921
0 0.481111 0.356907 0.524444 0.394736
0 0.786667 0.314144 0.808889 0.347040
0 0.835556 0.853619 0.858889 0.891447
0 0.224444 0.315790 0.257777 0.350328
0 0.120000 0.682566 0.155556 0.723684
0 0.688889 0.138159 0.724445 0.185856
0 0.117778 0.891447 0.154445 0.935855
0 0.067778 0.309211 0.105556 0.350329
0 0.328889 0.560855 0.361111 0.597039
0 0.836666 0.812500 0.860000 0.848684
0 0.377778 0.643092 0.413334 0.679276
0 0.812222 0.315790 0.834444 0.348685
0 0.121111 0.355263 0.155555 0.394737
0 0.378889 0.595395 0.413333 0.641447
0 0.863333 0.814144 0.884445 0.848684
0 0.740000 0.684210 0.775556 0.726974
0 0.121111 0.180921 0.156667 0.225329
0 0.690001 0.233552 0.723334 0.268091
0 0.894445 0.853619 0.928889 0.891447
0 0.222222 0.514803 0.258889 0.555921
0 0.326666 0.807566 0.362222 0.848684
0 0.067777 0.764802 0.104444 0.807566
0 0.327778 0.766447 0.362222 0.805921
0 0.433333 0.555921 0.463333 0.597039
0 0.326666 0.848684 0.362222 0.889802
0 0.894444 0.476973 0.930000 0.519737
0 0.326666 0.514803 0.360000 0.560855
0 0.895555 0.312500 0.931111 0.351974
0 0.067777 0.684210 0.104444 0.723684
0 0.121111 0.312500 0.155555 0.356908
0 0.121111 0.766447 0.155555 0.805921
0 0.328889 0.597039 0.361111 0.636513
0 0.068889 0.179276 0.104445 0.223684
0 0.224445 0.601974 0.256667 0.638158
0 0.788889 0.269736 0.808889 0.307565
0 0.121112 0.476973 0.154445 0.514803
0 0.068889 0.598684 0.103333 0.639802
0 0.065555 0.889803 0.103333 0.939145
0 0.070000 0.350329 0.104444 0.389803
0 0.502156 0.743734 0.524378 0.756234
0 0.325555 0.888158 0.362223 0.935856
0 0.894444 0.768092 0.927778 0.809210
0 0.812222 0.269737 0.833334 0.305921
0 0.895555 0.559210 0.928889 0.598684
0 0.172222 0.393093 0.206666 0.430922
0 0.121111 0.394737 0.155555 0.434211
0 0.481111 0.292764 0.523333 0.330593
0 0.120000 0.723684 0.154444 0.768092
0 0.377777 0.802632 0.414444 0.848684
