0 0.686666 0.682565 0.723333 0.730263
0 0.165555 0.523026 0.188888 0.559210
0 0.191112 0.523027 0.214445 0.560855
0 0.166666 0.649671 0.187777 0.685855
0 0.121111 0.646381 0.155555 0.689145
0 0.192222 0.606908 0.214444 0.646382
0 0.171111 0.348685 0.206667 0.394738
0 0.166666 0.605263 0.189999 0.641447
0 0.067777 0.268093 0.104444 0.315790
0 0.378889 0.689144 0.415556 0.731908
0 0.791111 0.684210 0.825555 0.728618
0 0.910000 0.356907 0.934444 0.394736
0 0.191111 0.692435 0.215555 0.730263
0 0.395555 0.401316 0.418888 0.437500
0 0.550000 0.355263 0.574444 0.394737
0 0.274445 0.231907 0.308889 0.269736
0 0.066667 0.353619 0.104445 0.401315
0 0.841111 0.685856 0.878889 0.731908
0 0.164445 0.562500 0.188889 0.598684
0 0.841110 0.644736 0.877777 0.687500
0 0.223334 0.271381 0.257778 0.314144
0 0.550000 0.399671 0.574444 0.435855
0 0.433334 0.687500 0.466666 0.730264
0 0.894444 0.273027 0.927778 0.315790
0 0.841111 0.356907 0.876667 0.402960
0 0.738889 0.644737 0.774445 0.685855
0 0.584445 0.230263 0.618889 0.269737
0 0.397777 0.440790 0.421110 0.475328
0 0.584444 0.179276 0.617777 0.228618
0 0.738888 0.684211 0.775555 0.730263
0 0.171110 0.263158 0.207778 0.315790
0 0.790000 0.315790 0.824444 0.358552
0 0.222222 0.223685 0.257778 0.271381
0 0.118890 0.353618 0.152223 0.398026
0 0.791111 0.595395 0.824445 0.644737
0 0.841111 0.315790 0.875555 0.358552
0 0.686666 0.317434 0.720000 0.356908
0 0.635556 0.312500 0.670000 0.351974
0 0.121111 0.598684 0.155555 0.646382
0 0.274444 0.269736 0.310000 0.315790
0 0.687778 0.595395 0.722222 0.644737
0 0.378889 0.312501 0.414445 0.355264
0 0.892222 0.225330 0.930000 0.273027
0 0.326666 0.314145 0.362222 0.353619
0 0.584444 0.269737 0.620000 0.314145
0 0.478889 0.427631 0.518889 0.473685
0 0.120000 0.687500 0.156667 0.733552
0 0.274444 0.175987 0.310000 0.230263
0 0.737778 0.314145 0.773334 0.355263
0 0.478888 0.473684 0.519999 0.514802
0 0.533334 0.269737 0.566667 0.314145
0 0.841110 0.595395 0.877777 0.644737
0 0.378889 0.600329 0.413333 0.648027
0 0.633333 0.351973 0.670000 0.399670
0 0.790000 0.358552 0.824444 0.398026
0 0.738889 0.595395 0.774445 0.644737
0 0.431111 0.648026 0.466667 0.687500
0 0.790000 0.264803 0.824444 0.314145
0 0.478890 0.328948 0.522223 0.363486
0 0.861111 0.853618 0.886667 0.888158
0 0.477778 0.291118 0.522222 0.330592
0 0.477778 0.264803 0.521111 0.296053
0 0.476666 0.199012 0.522222 0.226973
0 0.478890 0.358553 0.522223 0.394737
0 0.893334 0.319078 0.930001 0.347040
0 0.481111 0.516447 0.516667 0.555921
0 0.758889 0.855264 0.783333 0.888158
0 0.477778 0.131578 0.523334 0.164473
0 0.380000 0.648026 0.414444 0.687500
0 0.192222 0.399671 0.212222 0.435855
0 0.856667 0.733552 0.884445 0.768092
0 0.756667 0.733553 0.781111 0.764803
0 0.478890 0.164473 0.522223 0.199012
0 0.807777 0.730263 0.831110 0.768093
0 0.477778 0.225329 0.521111 0.266447
0 0.120001 0.314145 0.153334 0.353619
0 0.808889 0.771381 0.832222 0.805921
0 0.756667 0.771382 0.783334 0.807566
0 0.501111 0.726974 0.522223 0.753290
0 0.138889 0.815790 0.163333 0.848684
0 0.911111 0.399671 0.935555 0.435855
0 0.067778 0.314145 0.103334 0.353619
0 0.191112 0.485198 0.214445 0.519737
0 0.138889 0.774671 0.163333 0.807565
0 0.164445 0.399672 0.188889 0.437501
0 0.687777 0.643092 0.721110 0.684210
0 0.191111 0.652960 0.213333 0.687500
0 0.222222 0.315789 0.258889 0.355263
0 0.790000 0.643092 0.825556 0.685856
0 0.137778 0.738487 0.163334 0.771381
0 0.531111 0.315790 0.567778 0.351974
0 0.164444 0.481907 0.187777 0.519737
0 0.164444 0.440790 0.187777 0.476974
0 0.858889 0.771382 0.884445 0.807566
0 0.191112 0.439145 0.214445 0.478619
0 0.120000 0.269736 0.154444 0.315790
0 0.378889 0.266448 0.414445 0.312501
0 0.431111 0.312501 0.465555 0.355264
0 0.429999 0.597040 0.466666 0.646382
0 0.431111 0.266447 0.466667 0.310855
0 0.326667 0.266448 0.361111 0.314144
0 0.737778 0.266448 0.773334 0.314144
0 0.432222 0.353619 0.464444 0.396381
0 0.685555 0.268093 0.721111 0.315790
0 0.686667 0.355264 0.721111 0.398027
0 0.738889 0.355263 0.773333 0.394737
0 0.532222 0.222040 0.567778 0.269736
0 0.841111 0.268093 0.876667 0.315790
0 0.633333 0.263158 0.670000 0.312500
0 0.378889 0.353618 0.414445 0.398026
0 0.325555 0.353618 0.363333 0.398026
