0 0.432223 0.134426 0.468890 0.177049
0 0.688889 0.309837 0.723333 0.352459
0 0.432222 0.519672 0.467778 0.557378
0 0.845556 0.472131 0.880000 0.513115
0 0.536667 0.352459 0.568889 0.386885
0 0.431111 0.557377 0.467778 0.598361
0 0.118889 0.768852 0.154445 0.814754
0 0.067777 0.304918 0.104444 0.350820
0 0.275556 0.683606 0.312223 0.729508
0 0.845556 0.598360 0.880000 0.644262
0 0.172222 0.560656 0.206666 0.600000
0 0.535556 0.432787 0.570000 0.477049
0 0.173334 0.518033 0.206667 0.560656
0 0.690000 0.642623 0.724444 0.681967
0 0.588889 0.681967 0.621111 0.722951
0 0.172223 0.767213 0.205556 0.808197
0 0.637778 0.391804 0.672222 0.434426
0 0.590000 0.722950 0.621112 0.765574
0 0.895555 0.434426 0.931111 0.472131
0 0.534444 0.477050 0.570000 0.524591
0 0.223333 0.768853 0.258889 0.813115
0 0.381111 0.396721 0.413333 0.436065
0 0.172223 0.806557 0.205556 0.849181
0 0.844445 0.350819 0.878889 0.391803
0 0.068889 0.224590 0.104445 0.267213
0 0.481111 0.291803 0.525555 0.331147
0 0.640000 0.640983 0.671112 0.681967
0 0.172222 0.847540 0.206666 0.890163
0 0.121111 0.396721 0.155555 0.436065
0 0.121112 0.309836 0.154445 0.350820
0 0.897778 0.721312 0.933334 0.765574
0 0.845556 0.431148 0.878889 0.470492
0 0.896667 0.639344 0.933334 0.683606
0 0.275556 0.639344 0.312223 0.683606
0 0.431111 0.806557 0.467778 0.847541
0 0.536667 0.267213 0.571111 0.306557
0 0.380000 0.724590 0.414444 0.765574
0 0.481111 0.126230 0.524444 0.160656
0 0.117778 0.640984 0.154445 0.685246
0 0.378889 0.685246 0.414445 0.726230
0 0.897778 0.801639 0.934445 0.845901
0 0.481111 0.159017 0.523333 0.196721
0 0.431111 0.888524 0.467778 0.936065
0 0.587778 0.844262 0.623334 0.881968
0 0.588889 0.765574 0.621111 0.804918
0 0.275555 0.598361 0.311111 0.642623
0 0.118889 0.600000 0.153333 0.640984
0 0.846667 0.559016 0.876667 0.596722
0 0.430000 0.683607 0.465556 0.722951
0 0.692222 0.809836 0.722222 0.847542
0 0.121112 0.560656 0.154445 0.600000
0 0.224445 0.896721 0.258889 0.936065
0 0.431111 0.767213 0.466667 0.806557
0 0.898889 0.763935 0.933333 0.803279
0 0.690000 0.681967 0.725556 0.724591
0 0.897778 0.845902 0.934445 0.890164
0 0.120000 0.477050 0.155556 0.519672
0 0.897778 0.681967 0.933334 0.722951
0 0.792222 0.224590 0.826666 0.268852
0 0.640000 0.842622 0.672222 0.890163
0 0.691111 0.724590 0.724445 0.763934
0 0.431111 0.847541 0.467778 0.888525
0 0.380000 0.763934 0.414444 0.806558
0 0.482222 0.262296 0.523333 0.295083
0 0.480000 0.198360 0.524444 0.224590
0 0.587778 0.809837 0.623334 0.842623
0 0.691111 0.849180 0.723333 0.890164
0 0.122222 0.685246 0.150000 0.724590
0 0.640000 0.813115 0.675556 0.839345
0 0.501111 0.724590 0.526667 0.760656
0 0.482222 0.478689 0.520000 0.511475
0 0.381111 0.849180 0.413333 0.888524
0 0.120000 0.519672 0.155556 0.562296
0 0.637778 0.600000 0.672222 0.639344
0 0.070000 0.178689 0.104444 0.226230
0 0.896667 0.596721 0.931111 0.637705
0 0.585555 0.886885 0.623333 0.936065
0 0.741111 0.308197 0.776667 0.352459
0 0.118889 0.726229 0.154445 0.767213
0 0.691111 0.762295 0.724445 0.806557
0 0.638889 0.724590 0.673333 0.765574
0 0.380000 0.309836 0.415556 0.350820
0 0.276666 0.180328 0.312222 0.222951
0 0.380000 0.173770 0.415556 0.224590
0 0.688889 0.600000 0.724445 0.644262
0 0.431111 0.721311 0.466667 0.767213
0 0.381111 0.599999 0.413333 0.642622
0 0.068889 0.267213 0.103333 0.306557
0 0.224445 0.852459 0.258889 0.896721
0 0.846667 0.514754 0.876667 0.559016
0 0.173334 0.268852 0.206667 0.309836
0 0.328889 0.267213 0.364445 0.314755
0 0.741111 0.224590 0.775555 0.267213
0 0.223333 0.265574 0.258889 0.308196
0 0.172222 0.308197 0.206666 0.349181
0 0.843333 0.313115 0.878889 0.350820
0 0.379999 0.888524 0.416666 0.936065
0 0.120000 0.436065 0.155556 0.477049
0 0.637778 0.347541 0.673334 0.393443
0 0.637778 0.267213 0.672222 0.313115
0 0.173334 0.222951 0.206667 0.267213
0 0.636667 0.181967 0.673334 0.224590
0 0.274444 0.393443 0.311111 0.436065
0 0.586667 0.434426 0.621111 0.477049
0 0.275555 0.436066 0.311111 0.475410
0 0.586666 0.640983 0.623333 0.683607
0 0.380000 0.268852 0.415556 0.311475
0 0.687778 0.267213 0.723334 0.311475
0 0.741111 0.354099 0.775555 0.398361
0 0.637778 0.555737 0.673334 0.598361
0 0.434444 0.268852 0.464444 0.309836
0 0.223333 0.350820 0.258889 0.393442
0 0.378889 0.518033 0.415556 0.559017
0 0.378889 0.350819 0.414445 0.396721
0 0.586667 0.557377 0.621111 0.601639
0 0.691111 0.432787 0.723333 0.473771
0 0.171110 0.434426 0.207778 0.477049
0 0.276666 0.222950 0.312222 0.265574
0 0.842222 0.132787 0.878889 0.181967
0 0.432222 0.388525 0.467778 0.432787
0 0.223333 0.393442 0.260000 0.434426
0 0.792222 0.309837 0.826666 0.352459
0 0.275556 0.306558 0.312223 0.350820
0 0.276667 0.352459 0.309999 0.393443
0 0.792222 0.183606 0.826666 0.226230
0 0.223333 0.306558 0.258889 0.350820
0 0.742223 0.183606 0.773333 0.226230
0 0.637778 0.224590 0.672222 0.265574
0 0.688889 0.183606 0.722222 0.226230
0 0.586666 0.224590 0.622222 0.268852
0 0.638888 0.313115 0.670000 0.347541
0 0.433334 0.311476 0.466666 0.354098
0 0.742222 0.132787 0.776666 0.181967
0 0.688889 0.352459 0.722222 0.393443
0 0.223333 0.726229 0.260000 0.768853
0 0.792222 0.268852 0.826666 0.309836
0 0.171111 0.347541 0.205555 0.391803
0 0.792222 0.390163 0.827778 0.437705
0 0.171111 0.600000 0.206667 0.644262
0 0.432222 0.475410 0.466666 0.519672
0 0.896667 0.263935 0.931111 0.308197
0 0.224444 0.175410 0.260000 0.224590
0 0.430000 0.596721 0.468888 0.642623
0 0.434445 0.224590 0.466667 0.268852
0 0.690001 0.473771 0.723334 0.516394
0 0.586666 0.181967 0.622222 0.224590
0 0.274444 0.475410 0.311111 0.518033
0 0.536666 0.388525 0.569999 0.432787
0 0.223333 0.473771 0.260000 0.518033
0 0.895555 0.514754 0.932222 0.559016
0 0.433333 0.434426 0.465555 0.477049
0 0.843333 0.181967 0.878889 0.226229
0 0.636667 0.475410 0.674445 0.516394
0 0.480000 0.424590 0.521111 0.473770
0 0.276666 0.129508 0.312222 0.178688
0 0.637778 0.134426 0.673334 0.178688
0 0.223333 0.132787 0.260000 0.175410
0 0.638889 0.767213 0.674445 0.809837
0 0.381112 0.806558 0.414444 0.850820
0 0.120000 0.349181 0.155556 0.396721
0 0.122222 0.173771 0.156666 0.227869
0 0.690000 0.393443 0.722222 0.432787
0 0.480000 0.357869 0.525556 0.393443
0 0.482222 0.331148 0.524444 0.360328
0 0.378889 0.559017 0.415556 0.598361
0 0.431111 0.177049 0.467778 0.222951
0 0.224445 0.681967 0.258889 0.726229
0 0.223333 0.598361 0.258889 0.642623
0 0.637778 0.516394 0.672222 0.555738
0 0.690000 0.136065 0.722222 0.181967
0 0.381112 0.436065 0.414444 0.477049
0 0.587777 0.477049 0.621111 0.518033
0 0.276667 0.516393 0.308889 0.559017
0 0.896666 0.393442 0.929999 0.434426
0 0.844444 0.268852 0.877777 0.311475
0 0.895555 0.308197 0.931111 0.350820
0 0.172222 0.724590 0.204444 0.768852
0 0.688889 0.226229 0.723333 0.267213
0 0.895556 0.559017 0.930000 0.598361
0 0.896667 0.470492 0.931111 0.514754
0 0.172222 0.393442 0.204444 0.434426
0 0.170000 0.644262 0.205556 0.683606
0 0.842222 0.224590 0.880000 0.267213
0 0.223333 0.811476 0.260000 0.854099
0 0.637778 0.681967 0.673334 0.724591
0 0.587777 0.518033 0.621111 0.559017
0 0.068889 0.134426 0.103333 0.177049
0 0.172222 0.477049 0.206666 0.518033
0 0.588889 0.267213 0.621111 0.313115
0 0.225556 0.226230 0.257778 0.265574
0 0.536666 0.308197 0.567778 0.352459
0 0.122223 0.268852 0.153334 0.309836
0 0.224445 0.434426 0.258889 0.473770
0 0.587777 0.599999 0.621111 0.642622
0 0.380000 0.224590 0.414444 0.267213
0 0.741111 0.267213 0.775555 0.311475
0 0.687778 0.557377 0.724445 0.601639
0 0.587778 0.132787 0.622222 0.180328
0 0.378889 0.642622 0.415556 0.685246
0 0.688889 0.516393 0.723333 0.559017
0 0.174445 0.177049 0.206667 0.222951
0 0.845556 0.391803 0.880000 0.432787
0 0.794445 0.352459 0.826667 0.391803
0 0.793334 0.134426 0.826667 0.180328
0 0.637778 0.434426 0.672222 0.475410
0 0.586666 0.393442 0.620000 0.434426
0 0.434445 0.354098 0.465556 0.388524
0 0.171111 0.685246 0.205555 0.726230
0 0.429999 0.640983 0.466666 0.683607
0 0.587778 0.354098 0.620000 0.391803
0 0.224445 0.516393 0.258889 0.559017
0 0.122223 0.226230 0.155556 0.268852
0 0.224445 0.559017 0.256667 0.598361
0 0.897778 0.352459 0.932222 0.393443
0 0.275555 0.559017 0.311111 0.598361
0 0.378889 0.477049 0.414445 0.516393
0 0.478888 0.224590 0.525555 0.263934
0 0.277778 0.267213 0.311110 0.306557
0 0.587778 0.313115 0.620000 0.355737
0 0.224444 0.642623 0.257777 0.683607
0 0.171111 0.891803 0.208889 0.936065
