0 0.176667 0.399023 0.208889 0.444625
0 0.384445 0.728013 0.415556 0.767101
0 0.177778 0.314332 0.208889 0.353420
0 0.540000 0.811074 0.574444 0.851792
0 0.224444 0.892508 0.263333 0.938111
0 0.281111 0.848534 0.314445 0.887622
0 0.848889 0.363192 0.884445 0.400651
0 0.800001 0.851791 0.833334 0.894137
0 0.695555 0.565146 0.728889 0.607492
0 0.332222 0.894136 0.366666 0.934854
0 0.483334 0.231270 0.527778 0.268730
0 0.901111 0.276873 0.934445 0.315961
0 0.902222 0.894137 0.936666 0.936482
0 0.902222 0.646580 0.937778 0.687296
0 0.227778 0.770358 0.262222 0.812704
0 0.800001 0.811074 0.833334 0.851792
0 0.126666 0.441368 0.157777 0.478828
0 0.542222 0.482084 0.572222 0.519543
0 0.439999 0.399023 0.466666 0.438111
0 0.848889 0.892508 0.886667 0.938111
0 0.593333 0.522801 0.623333 0.561889
0 0.073333 0.641694 0.106666 0.680782
0 0.383333 0.845277 0.418889 0.889251
0 0.383333 0.889250 0.418889 0.934854
0 0.072222 0.521172 0.105555 0.563518
0 0.074444 0.351792 0.105555 0.394137
0 0.484445 0.166124 0.528889 0.205212
0 0.277778 0.889250 0.316666 0.936481
0 0.485555 0.296417 0.528888 0.335505
0 0.227778 0.441368 0.262222 0.477198
0 0.798889 0.563518 0.834445 0.605863
0 0.123333 0.311076 0.158889 0.348535
0 0.643334 0.644951 0.676667 0.688925
0 0.541111 0.563518 0.574445 0.605863
0 0.847778 0.770358 0.885556 0.812704
0 0.643334 0.770358 0.676667 0.811076
0 0.280000 0.768729 0.314444 0.811075
0 0.127777 0.140065 0.158888 0.184039
0 0.125556 0.232899 0.157778 0.271987
0 0.176667 0.270358 0.207778 0.314332
0 0.848889 0.439740 0.883333 0.480457
0 0.848889 0.276873 0.883333 0.317590
0 0.798889 0.687296 0.835556 0.731270
0 0.125556 0.403909 0.157778 0.441368
0 0.848889 0.521172 0.882223 0.563518
0 0.901111 0.237785 0.936667 0.278502
0 0.071111 0.439740 0.106667 0.480457
0 0.072222 0.478828 0.106666 0.519545
0 0.591111 0.602606 0.625555 0.646580
0 0.642223 0.851792 0.678890 0.895766
0 0.745555 0.356677 0.781111 0.403909
0 0.591111 0.728013 0.625555 0.770359
0 0.541111 0.234528 0.574445 0.273616
0 0.280000 0.726384 0.314444 0.768730
0 0.901111 0.604235 0.936667 0.646580
0 0.797778 0.646580 0.834445 0.687296
0 0.695555 0.480456 0.726667 0.519544
0 0.642222 0.809446 0.677778 0.851792
0 0.384445 0.687296 0.415556 0.728014
0 0.332222 0.687296 0.366666 0.729642
0 0.540000 0.770358 0.573334 0.811076
0 0.901111 0.441368 0.935555 0.480456
0 0.125556 0.271987 0.157778 0.311075
0 0.591112 0.646580 0.624445 0.684038
0 0.848889 0.646580 0.885556 0.690554
0 0.486667 0.482085 0.526667 0.513030
0 0.071111 0.568404 0.105555 0.592834
0 0.508888 0.714984 0.530000 0.739414
0 0.383334 0.439740 0.417778 0.480457
0 0.592222 0.355049 0.624444 0.399023
0 0.332222 0.441368 0.366666 0.482085
0 0.384445 0.522801 0.416667 0.563519
0 0.384444 0.480457 0.417778 0.522802
0 0.540000 0.275245 0.575556 0.317589
0 0.798889 0.185668 0.832222 0.213518
0 0.642222 0.138437 0.677778 0.167264
0 0.847778 0.187297 0.882222 0.210098
0 0.508556 0.735668 0.530000 0.753908
0 0.541111 0.521172 0.574445 0.563518
0 0.332222 0.604235 0.366666 0.646580
0 0.384444 0.355049 0.417778 0.397394
0 0.590000 0.480457 0.624444 0.522802
0 0.646945 0.167052 0.674167 0.186270
0 0.802623 0.213860 0.829290 0.232427
0 0.854378 0.210326 0.881822 0.228404
0 0.508600 0.753583 0.528144 0.766319
0 0.643333 0.900651 0.681111 0.928338
0 0.797778 0.358307 0.833334 0.400651
0 0.540000 0.317590 0.574444 0.358307
0 0.226666 0.563518 0.263333 0.605863
0 0.281111 0.270359 0.314445 0.315961
0 0.540000 0.358306 0.574444 0.402280
0 0.798889 0.439740 0.834445 0.482084
0 0.541111 0.439740 0.573333 0.482084
0 0.642222 0.519543 0.676666 0.565146
0 0.692222 0.234527 0.727778 0.276872
0 0.331111 0.358306 0.365555 0.397394
0 0.592222 0.270358 0.625556 0.319218
0 0.796666 0.232899 0.833333 0.276873
0 0.332222 0.397394 0.366666 0.441368
0 0.642222 0.358305 0.677778 0.399023
0 0.592222 0.684038 0.626666 0.729642
0 0.484445 0.429968 0.525555 0.477199
0 0.333333 0.519544 0.366667 0.561890
0 0.745555 0.317590 0.781111 0.361564
0 0.435555 0.438111 0.468889 0.483713
0 0.694445 0.397394 0.728889 0.438111
0 0.643334 0.399023 0.677778 0.441367
0 0.278889 0.439740 0.314445 0.480457
0 0.227777 0.605863 0.261111 0.648209
0 0.280000 0.521173 0.314444 0.561889
0 0.643334 0.315962 0.677778 0.358306
0 0.694445 0.439740 0.728889 0.480457
0 0.384444 0.397395 0.417778 0.439740
0 0.383333 0.600977 0.416667 0.644951
0 0.541111 0.605862 0.574445 0.646580
0 0.592222 0.185667 0.625556 0.231270
0 0.278889 0.478828 0.313333 0.521173
0 0.798889 0.317590 0.832222 0.358307
0 0.227778 0.355049 0.263334 0.397394
0 0.228889 0.397395 0.262223 0.439740
0 0.796667 0.276873 0.834445 0.317590
0 0.123333 0.348534 0.158889 0.399023
0 0.332222 0.317590 0.364444 0.356678
0 0.693334 0.276873 0.727778 0.317590
0 0.692222 0.190554 0.727778 0.234528
0 0.332222 0.482084 0.366666 0.519543
0 0.068889 0.685667 0.106667 0.731271
0 0.332222 0.646580 0.365556 0.687296
0 0.643333 0.604235 0.675555 0.644951
0 0.280000 0.355049 0.314444 0.397394
0 0.176667 0.355049 0.208889 0.399023
0 0.798889 0.522801 0.834445 0.563519
0 0.643334 0.271987 0.676667 0.315961
0 0.280000 0.644952 0.314444 0.687297
0 0.280000 0.600977 0.314444 0.646581
0 0.642222 0.187296 0.676666 0.231270
0 0.798889 0.400651 0.833333 0.441368
0 0.437778 0.355049 0.470000 0.397394
0 0.694445 0.519543 0.727778 0.565146
0 0.592222 0.560260 0.624444 0.602606
0 0.745556 0.232898 0.780000 0.278501
0 0.797778 0.605863 0.834445 0.648209
0 0.901111 0.319219 0.935555 0.359936
0 0.694445 0.319219 0.728889 0.361563
0 0.592222 0.319218 0.625556 0.355050
0 0.901111 0.184040 0.936667 0.236156
0 0.798889 0.482084 0.833333 0.522801
0 0.383333 0.563518 0.416667 0.602606
0 0.692222 0.138436 0.728889 0.188925
0 0.541111 0.184038 0.573333 0.234527
0 0.592222 0.232899 0.624444 0.270359
0 0.590000 0.851791 0.625556 0.894137
0 0.332222 0.561889 0.365556 0.602607
0 0.227778 0.646580 0.262222 0.690554
0 0.228889 0.726384 0.262223 0.768730
0 0.383333 0.314333 0.416667 0.355050
0 0.848889 0.315962 0.884445 0.363193
0 0.331111 0.268730 0.365555 0.317590
0 0.541111 0.402280 0.573333 0.439740
0 0.745556 0.278502 0.777778 0.317590
0 0.591111 0.436482 0.625555 0.480456
0 0.848889 0.605863 0.885556 0.648209
0 0.591112 0.771987 0.624445 0.811075
0 0.695555 0.359935 0.728889 0.399023
0 0.227778 0.521173 0.262222 0.565147
0 0.591112 0.399023 0.624445 0.436482
0 0.643334 0.480457 0.676667 0.517915
0 0.798889 0.768729 0.834445 0.811075
0 0.438889 0.311076 0.471111 0.353420
0 0.227778 0.478827 0.262222 0.522801
0 0.281111 0.688926 0.313333 0.726384
0 0.385555 0.278502 0.416666 0.315961
0 0.281111 0.315961 0.313333 0.355049
0 0.848889 0.480457 0.884445 0.522802
0 0.745556 0.188924 0.780000 0.234527
0 0.227778 0.314332 0.263334 0.353420
0 0.381111 0.644952 0.417778 0.687297
0 0.591112 0.811074 0.624445 0.851792
0 0.280000 0.397394 0.314444 0.441368
0 0.643334 0.441368 0.676667 0.480456
0 0.332222 0.850163 0.367778 0.894137
0 0.901111 0.359934 0.935555 0.402279
0 0.281111 0.561889 0.313333 0.602607
0 0.588889 0.894137 0.624445 0.938111
0 0.848889 0.690553 0.884445 0.732899
0 0.901111 0.522801 0.936667 0.565146
0 0.643334 0.688925 0.677778 0.732899
0 0.385556 0.234528 0.418888 0.278502
0 0.847777 0.228013 0.884444 0.278502
0 0.848889 0.563517 0.884445 0.604235
0 0.901111 0.403909 0.935555 0.441368
0 0.228889 0.270359 0.262223 0.311076
0 0.902222 0.480457 0.936666 0.522802
0 0.126666 0.185667 0.159999 0.231270
0 0.485555 0.133550 0.528888 0.167752
0 0.384445 0.140065 0.418889 0.185668
0 0.902223 0.811075 0.938890 0.853421
0 0.850000 0.731270 0.884444 0.771988
0 0.072222 0.395765 0.104444 0.438110
0 0.227778 0.814332 0.263334 0.853420
0 0.850000 0.400651 0.884444 0.438111
0 0.281111 0.811076 0.314445 0.848534
0 0.227778 0.690554 0.262222 0.724756
0 0.332222 0.729642 0.365556 0.768730
0 0.541111 0.685667 0.572223 0.728013
0 0.332222 0.811075 0.366666 0.850163
0 0.643333 0.231270 0.675555 0.271987
0 0.643334 0.732900 0.677778 0.770358
0 0.382222 0.767101 0.417778 0.811075
0 0.540000 0.646580 0.574444 0.684038
0 0.903333 0.767101 0.938889 0.811075
0 0.847778 0.811075 0.885556 0.855049
0 0.438889 0.276873 0.471111 0.309446
0 0.541111 0.885993 0.574445 0.934853
0 0.227778 0.851792 0.262222 0.892508
0 0.641111 0.563518 0.675555 0.602606
0 0.903334 0.853420 0.937778 0.892508
0 0.798889 0.895765 0.832222 0.934853
0 0.902222 0.565147 0.935555 0.604235
0 0.850000 0.853420 0.884444 0.892508
0 0.383333 0.811075 0.418889 0.846905
0 0.332222 0.768730 0.366666 0.812704
0 0.904444 0.690554 0.934444 0.728012
0 0.485555 0.363192 0.528888 0.397394
0 0.383333 0.188924 0.418889 0.234527
0 0.074444 0.597719 0.102222 0.638437
0 0.541111 0.726384 0.574445 0.768730
0 0.486667 0.335506 0.528889 0.368078
0 0.798889 0.731271 0.834445 0.768729
0 0.092222 0.271987 0.114444 0.307817
0 0.904444 0.728013 0.937778 0.767101
0 0.091111 0.188925 0.115555 0.221499
0 0.091111 0.141694 0.115555 0.180782
0 0.483334 0.270358 0.527778 0.299674
0 0.483334 0.203583 0.527778 0.232899
0 0.141112 0.480456 0.164444 0.516286
0 0.090000 0.312704 0.112222 0.345276
0 0.092222 0.228013 0.114444 0.265473
0 0.540000 0.856677 0.575556 0.882737
