0 0.255000 0.210443 0.276250 0.242089
0 0.646250 0.582278 0.680000 0.613924
0 0.537500 0.452532 0.570000 0.485760
0 0.263750 0.607595 0.292500 0.642405
0 0.205000 0.577532 0.240000 0.610760
0 0.372500 0.484178 0.405000 0.514240
0 0.537500 0.422468 0.570000 0.454114
0 0.646250 0.550633 0.680000 0.582279
0 0.592500 0.392405 0.626250 0.424051
0 0.093750 0.863924 0.131250 0.898734
0 0.757500 0.518987 0.792500 0.550633
0 0.198750 0.245253 0.222500 0.275316
0 0.647500 0.487341 0.680000 0.517404
0 0.702500 0.487342 0.735000 0.518988
0 0.430000 0.422468 0.461250 0.454114
0 0.645000 0.865507 0.681250 0.901899
0 0.206250 0.674051 0.240000 0.707279
0 0.253750 0.280064 0.278750 0.310126
0 0.757500 0.487342 0.790000 0.518988
0 0.536250 0.485759 0.570000 0.517405
0 0.535000 0.356013 0.568750 0.390823
0 0.591250 0.675633 0.627500 0.710443
0 0.372500 0.515823 0.403750 0.549051
0 0.536250 0.642405 0.570000 0.677215
0 0.645000 0.740506 0.680000 0.772152
0 0.591250 0.424050 0.627500 0.454113
0 0.252500 0.177215 0.277500 0.207279
0 0.198750 0.280063 0.222500 0.313291
0 0.260000 0.386076 0.296250 0.422468
0 0.702500 0.518987 0.735000 0.550633
0 0.811250 0.356013 0.845000 0.392405
0 0.535000 0.612342 0.568750 0.643988
0 0.701250 0.738924 0.736250 0.773734
0 0.592500 0.454114 0.627500 0.487342
0 0.536250 0.549051 0.568750 0.582279
0 0.646250 0.357595 0.680000 0.393987
0 0.701250 0.356013 0.735000 0.390823
0 0.646250 0.454114 0.680000 0.487342
0 0.702500 0.550633 0.736250 0.583861
0 0.315000 0.419304 0.351250 0.455696
0 0.757500 0.390823 0.791250 0.425633
0 0.428750 0.454114 0.461250 0.485760
0 0.537500 0.517405 0.568750 0.550633
0 0.205000 0.384494 0.241250 0.420886
0 0.535000 0.582279 0.570000 0.612341
0 0.701250 0.675633 0.737500 0.710443
0 0.427500 0.613923 0.461250 0.640822
0 0.095000 0.802215 0.128750 0.830696
0 0.861250 0.742089 0.881250 0.765823
0 0.812500 0.454114 0.846250 0.487342
0 0.095000 0.640823 0.130000 0.672469
0 0.283750 0.143988 0.303750 0.169304
0 0.866250 0.803797 0.900000 0.837025
0 0.171250 0.140822 0.193750 0.170885
0 0.536250 0.837025 0.568750 0.868671
0 0.116250 0.139241 0.137500 0.167721
0 0.646250 0.835444 0.680000 0.865506
0 0.593750 0.487342 0.623750 0.518988
0 0.261250 0.544304 0.296250 0.577532
0 0.171250 0.212026 0.195000 0.240506
0 0.591250 0.647151 0.626250 0.675632
0 0.536250 0.865506 0.571250 0.900316
0 0.427500 0.740507 0.460000 0.770570
0 0.096250 0.354430 0.127500 0.386076
0 0.087500 0.136076 0.111250 0.167722
0 0.865000 0.835443 0.901250 0.870253
0 0.115000 0.245254 0.138750 0.272153
0 0.866250 0.708861 0.902500 0.742089
0 0.757500 0.770569 0.792500 0.802215
0 0.095000 0.737342 0.130000 0.768988
0 0.316250 0.674050 0.348750 0.704113
0 0.172500 0.281646 0.193750 0.306962
0 0.262500 0.642405 0.293750 0.674051
0 0.283750 0.248418 0.303750 0.273734
0 0.093750 0.767405 0.130000 0.802215
0 0.537500 0.770570 0.570000 0.803798
0 0.756250 0.613924 0.792500 0.645570
0 0.096250 0.514240 0.128750 0.545886
0 0.866250 0.612342 0.902500 0.645570
0 0.093750 0.482595 0.128750 0.514241
0 0.426250 0.642405 0.461250 0.675633
0 0.812500 0.868671 0.847500 0.900317
0 0.172500 0.177215 0.193750 0.204115
0 0.812500 0.770569 0.846250 0.802215
0 0.815000 0.424050 0.846250 0.455696
0 0.588750 0.734177 0.625000 0.772153
0 0.425000 0.802215 0.458750 0.837025
0 0.282500 0.210443 0.303750 0.243671
0 0.337500 0.212026 0.361250 0.242089
0 0.812500 0.707278 0.846250 0.738924
0 0.372500 0.579114 0.406250 0.604430
0 0.086250 0.278481 0.110000 0.310127
0 0.142500 0.280064 0.166250 0.308544
0 0.867500 0.552215 0.902500 0.583861
0 0.260000 0.672468 0.296250 0.705696
0 0.115000 0.174050 0.137500 0.204114
0 0.426250 0.707278 0.458750 0.740506
0 0.260000 0.833861 0.296250 0.867089
0 0.336250 0.245253 0.361250 0.276899
0 0.261250 0.450949 0.296250 0.484177
0 0.757500 0.454114 0.791250 0.487342
0 0.316250 0.579114 0.350000 0.612342
0 0.867500 0.357595 0.901250 0.393987
0 0.336250 0.175633 0.362500 0.207279
0 0.093750 0.417721 0.130000 0.450949
0 0.646250 0.675633 0.681250 0.708861
0 0.150000 0.387658 0.185000 0.422468
0 0.198750 0.177215 0.221250 0.207279
0 0.646250 0.770570 0.680000 0.803798
0 0.646250 0.708861 0.681250 0.740507
0 0.646250 0.424050 0.680000 0.454113
0 0.591250 0.549051 0.625000 0.583861
0 0.226250 0.175633 0.250000 0.207279
0 0.148750 0.322785 0.186250 0.357595
0 0.200000 0.210443 0.222500 0.243671
0 0.647500 0.517405 0.681250 0.550633
0 0.482500 0.324367 0.516250 0.354905
0 0.501250 0.591772 0.522500 0.613924
0 0.502500 0.613766 0.523750 0.632912
0 0.483750 0.522152 0.517500 0.544462
0 0.482937 0.404779 0.517937 0.419937
0 0.483750 0.438290 0.516250 0.455379
0 0.483750 0.354431 0.517500 0.383861
0 0.481250 0.383070 0.517500 0.404272
0 0.502112 0.870918 0.521737 0.894652
0 0.486063 0.545553 0.515050 0.554208
0 0.484163 0.454905 0.517138 0.471835
0 0.483251 0.419510 0.515387 0.438924
0 0.316250 0.512658 0.350000 0.545886
0 0.885000 0.770569 0.908750 0.802215
0 0.427500 0.770569 0.458750 0.802215
0 0.501250 0.569620 0.522500 0.591772
0 0.265000 0.580696 0.292500 0.606012
0 0.865000 0.865506 0.901250 0.900316
0 0.861250 0.772152 0.882500 0.797468
0 0.143750 0.140823 0.166250 0.169303
0 0.371250 0.805380 0.403750 0.835442
0 0.590000 0.835443 0.626250 0.867089
0 0.095000 0.672469 0.128750 0.702531
0 0.260000 0.514240 0.296250 0.542721
0 0.201250 0.143988 0.222500 0.169304
0 0.591250 0.712025 0.625000 0.738924
0 0.483750 0.496836 0.516250 0.522152
0 0.486250 0.781646 0.516250 0.805380
0 0.887500 0.740506 0.908750 0.767405
0 0.593750 0.518988 0.623750 0.549050
0 0.500000 0.844937 0.521250 0.868671
0 0.502500 0.651899 0.522500 0.675633
0 0.313750 0.530064 0.352500 0.579114
0 0.812500 0.615507 0.845000 0.645570
0 0.370000 0.772152 0.403750 0.803798
0 0.502500 0.632911 0.522500 0.651899
0 0.261250 0.484177 0.297500 0.517405
0 0.812500 0.582278 0.847500 0.615506
0 0.316250 0.640823 0.348750 0.674051
0 0.087500 0.174050 0.110000 0.202531
0 0.206250 0.833861 0.238750 0.863923
0 0.207500 0.420886 0.240000 0.449367
0 0.590000 0.803797 0.626250 0.837025
0 0.812500 0.677215 0.845000 0.707278
0 0.087500 0.208861 0.111250 0.238924
0 0.096250 0.609177 0.131250 0.642405
0 0.867500 0.455697 0.901250 0.485759
0 0.866250 0.424051 0.901250 0.457279
0 0.756250 0.738924 0.791250 0.772152
0 0.757500 0.867088 0.791250 0.898734
0 0.227500 0.281645 0.248750 0.310126
0 0.316250 0.867088 0.350000 0.898734
0 0.373750 0.420887 0.405000 0.450950
0 0.371250 0.867088 0.402500 0.898734
0 0.113750 0.278481 0.137500 0.310127
0 0.086250 0.242089 0.110000 0.276899
0 0.590000 0.613924 0.627500 0.648734
0 0.867500 0.582278 0.902500 0.613924
0 0.260000 0.705696 0.295000 0.738924
0 0.261250 0.420886 0.295000 0.452532
0 0.316250 0.612341 0.348750 0.642404
0 0.701250 0.773734 0.736250 0.803797
0 0.370000 0.738924 0.405000 0.772152
0 0.095000 0.545886 0.128750 0.579114
0 0.310000 0.210443 0.332500 0.242089
0 0.373750 0.384494 0.405000 0.419304
0 0.226250 0.142405 0.251250 0.172468
0 0.370000 0.835444 0.405000 0.865506
0 0.115000 0.208861 0.138750 0.240507
0 0.702500 0.612342 0.735000 0.643988
0 0.205000 0.770569 0.240000 0.802215
0 0.260000 0.740506 0.293750 0.772152
0 0.205000 0.863924 0.240000 0.895570
0 0.370000 0.643987 0.406250 0.677215
0 0.701250 0.803797 0.736250 0.835443
0 0.536250 0.805380 0.570000 0.838608
0 0.205000 0.482595 0.238750 0.514241
0 0.428750 0.485760 0.461250 0.515822
0 0.096250 0.577531 0.131250 0.609177
0 0.812500 0.643987 0.845000 0.677215
0 0.151250 0.357596 0.185000 0.387658
0 0.093750 0.832278 0.128750 0.863924
0 0.702500 0.583861 0.736250 0.612341
0 0.316250 0.737342 0.350000 0.770570
0 0.143750 0.174050 0.166250 0.204114
0 0.315000 0.484177 0.350000 0.515823
0 0.372500 0.549050 0.405000 0.579113
0 0.206250 0.547469 0.238750 0.577531
0 0.310000 0.281645 0.332500 0.310126
0 0.701250 0.837025 0.735000 0.867088
0 0.757500 0.425633 0.791250 0.455696
0 0.316250 0.770569 0.348750 0.802215
0 0.261250 0.802215 0.295000 0.832278
0 0.812500 0.738924 0.847500 0.772152
0 0.315000 0.455697 0.350000 0.484177
0 0.812500 0.835443 0.846250 0.867089
0 0.591250 0.865506 0.626250 0.900316
0 0.811250 0.803797 0.846250 0.837025
0 0.143750 0.208861 0.166250 0.240507
0 0.867500 0.518987 0.903750 0.552215
0 0.207500 0.642405 0.240000 0.674051
0 0.426250 0.675633 0.458750 0.708861
0 0.225000 0.212026 0.248750 0.242089
0 0.142500 0.243671 0.166250 0.275317
0 0.093750 0.450949 0.131250 0.484177
0 0.370000 0.604430 0.406250 0.642406
0 0.373750 0.452531 0.403750 0.484177
0 0.590000 0.770570 0.626250 0.803798
0 0.308750 0.142405 0.333750 0.172468
0 0.756250 0.802215 0.792500 0.835443
0 0.255000 0.143987 0.278750 0.174050
0 0.591250 0.582278 0.626250 0.613924
0 0.700000 0.865506 0.737500 0.900316
0 0.867500 0.675633 0.901250 0.708861
0 0.427500 0.549050 0.461250 0.579113
0 0.255000 0.245253 0.276250 0.275316
0 0.646250 0.802215 0.680000 0.838607
0 0.701250 0.643987 0.735000 0.675633
0 0.813750 0.392405 0.846250 0.424051
0 0.536250 0.738924 0.570000 0.770570
0 0.811250 0.520570 0.846250 0.550632
0 0.702500 0.452532 0.735000 0.487342
0 0.316250 0.833861 0.350000 0.867089
0 0.226250 0.246835 0.248750 0.275316
0 0.093750 0.702532 0.130000 0.737342
0 0.095000 0.386076 0.130000 0.417722
0 0.758750 0.357595 0.790000 0.390823
0 0.171250 0.246835 0.195000 0.273734
0 0.206250 0.738924 0.240000 0.772152
0 0.536250 0.707278 0.570000 0.738924
0 0.316250 0.382912 0.352500 0.419304
0 0.281250 0.280064 0.305000 0.310126
0 0.260000 0.770569 0.295000 0.802215
0 0.756250 0.835443 0.791250 0.867089
0 0.867500 0.393987 0.900000 0.425633
0 0.427500 0.582279 0.462500 0.610760
0 0.206250 0.449367 0.240000 0.482595
0 0.260000 0.865506 0.295000 0.898734
0 0.702500 0.425632 0.736250 0.452531
0 0.646250 0.393987 0.680000 0.425633
0 0.206250 0.705696 0.240000 0.738924
0 0.207500 0.610759 0.240000 0.643987
0 0.757500 0.645570 0.792500 0.675632
0 0.336250 0.140823 0.362500 0.172469
0 0.205000 0.800633 0.240000 0.833861
0 0.315000 0.802215 0.350000 0.833861
0 0.756250 0.707278 0.791250 0.740506
0 0.315000 0.705696 0.351250 0.738924
0 0.282500 0.175633 0.305000 0.207279
0 0.536250 0.677215 0.570000 0.707278
0 0.206250 0.514240 0.237500 0.545886
0 0.310000 0.175633 0.332500 0.205697
0 0.756250 0.582278 0.792500 0.615506
0 0.371250 0.675633 0.405000 0.707279
0 0.701250 0.710444 0.736250 0.740506
0 0.756250 0.677215 0.791250 0.708861
0 0.756250 0.552215 0.792500 0.583861
0 0.867500 0.485760 0.901250 0.520570
0 0.370000 0.705696 0.405000 0.738924
0 0.310000 0.245253 0.332500 0.275316
0 0.867500 0.645569 0.901250 0.677215
0 0.648750 0.612342 0.678750 0.643988
0 0.646250 0.643987 0.681250 0.677215
0 0.336250 0.281646 0.361250 0.311708
0 0.812500 0.550633 0.847500 0.583861
0 0.811250 0.487342 0.846250 0.520570
0 0.536250 0.390823 0.570000 0.424051
0 0.427500 0.354430 0.463750 0.389240
0 0.427500 0.515823 0.462500 0.550633
0 0.591250 0.356013 0.626250 0.393987
0 0.427500 0.390823 0.462500 0.422469
0 0.701250 0.390823 0.736250 0.425633
