0 0.736667 0.163097 0.775555 0.210873
0 0.892223 0.168040 0.928890 0.212521
0 0.276666 0.120264 0.313333 0.168040
0 0.434445 0.258649 0.467777 0.298187
0 0.741111 0.807249 0.776667 0.848435
0 0.741111 0.761120 0.776667 0.805601
0 0.635555 0.120263 0.671111 0.169686
0 0.174444 0.217463 0.210000 0.261943
0 0.792222 0.843492 0.827778 0.886326
0 0.382222 0.387150 0.417778 0.429984
0 0.740000 0.210873 0.774444 0.257001
0 0.687778 0.339373 0.723334 0.383854
0 0.690000 0.635914 0.725556 0.677100
0 0.383333 0.466228 0.415555 0.510709
0 0.587777 0.467875 0.621111 0.510709
0 0.687778 0.164745 0.720000 0.214168
0 0.637777 0.171335 0.671111 0.212521
0 0.688889 0.299835 0.723333 0.341021
0 0.381111 0.260297 0.415555 0.301483
0 0.690001 0.426689 0.723334 0.466228
0 0.587777 0.428336 0.621111 0.469522
0 0.688889 0.464580 0.724445 0.510709
0 0.379999 0.169687 0.416666 0.215815
0 0.842222 0.382207 0.877778 0.426688
0 0.792222 0.342669 0.825555 0.385503
0 0.841112 0.298188 0.874445 0.341022
0 0.791111 0.258649 0.824445 0.299835
0 0.690000 0.593081 0.725556 0.635915
0 0.690000 0.509061 0.724444 0.553542
0 0.434445 0.344316 0.468889 0.385502
0 0.741111 0.423394 0.774444 0.466228
0 0.792222 0.719934 0.827778 0.761120
0 0.278889 0.169687 0.313333 0.212521
0 0.741111 0.635914 0.776667 0.678748
0 0.741111 0.594728 0.776667 0.635914
0 0.280000 0.212521 0.313334 0.258649
0 0.535555 0.257001 0.568889 0.303130
0 0.380000 0.116969 0.417778 0.169687
0 0.586667 0.171335 0.621111 0.212521
0 0.174445 0.163097 0.211112 0.215815
0 0.586667 0.258649 0.621111 0.301483
0 0.742223 0.466227 0.775556 0.507413
0 0.791111 0.762768 0.827778 0.805602
0 0.227778 0.168040 0.260000 0.212521
0 0.226667 0.214168 0.261111 0.257002
0 0.535555 0.120264 0.571111 0.168040
0 0.690000 0.383855 0.722222 0.426689
0 0.481111 0.418452 0.523333 0.464581
0 0.586666 0.301483 0.622222 0.342669
0 0.741111 0.721582 0.776667 0.762768
0 0.637777 0.258649 0.671111 0.296540
0 0.331112 0.299835 0.364444 0.349258
0 0.434445 0.298187 0.468889 0.342668
0 0.331112 0.168040 0.364444 0.212521
0 0.690000 0.677100 0.725556 0.721581
0 0.841110 0.425041 0.877777 0.467875
0 0.226667 0.257001 0.261111 0.299835
0 0.740000 0.296540 0.774444 0.341021
0 0.791111 0.385503 0.825555 0.426689
0 0.792222 0.301483 0.825555 0.342669
0 0.841111 0.217463 0.875555 0.258649
0 0.791111 0.214168 0.824445 0.257002
0 0.433334 0.166392 0.467778 0.215815
0 0.742223 0.507414 0.775556 0.548600
0 0.433334 0.217463 0.467778 0.257001
0 0.842222 0.341021 0.875556 0.382207
0 0.740000 0.678748 0.776667 0.719934
0 0.740000 0.341021 0.775556 0.385502
0 0.792222 0.632620 0.827778 0.678749
0 0.841111 0.164745 0.875555 0.217463
0 0.331111 0.260296 0.363333 0.299835
0 0.381111 0.215815 0.416667 0.260296
0 0.585555 0.118616 0.621111 0.169687
0 0.332222 0.215815 0.363333 0.258649
0 0.637778 0.383855 0.672222 0.426689
0 0.534444 0.210873 0.570000 0.257001
0 0.586667 0.383856 0.621111 0.428337
0 0.791111 0.166392 0.825555 0.214168
0 0.586667 0.341021 0.621111 0.383855
0 0.637777 0.212521 0.671111 0.258649
0 0.585556 0.210873 0.622223 0.258649
0 0.535555 0.169687 0.568889 0.212521
0 0.480922 0.349670 0.525366 0.383278
0 0.482222 0.322899 0.524444 0.352059
0 0.501111 0.738056 0.527778 0.762768
0 0.501111 0.713344 0.528889 0.739703
0 0.894445 0.551894 0.928889 0.596375
0 0.482222 0.467875 0.522222 0.499177
0 0.382223 0.808896 0.415555 0.850082
0 0.638889 0.296540 0.672223 0.344316
0 0.382223 0.846788 0.415555 0.891269
0 0.072222 0.260296 0.106666 0.296540
0 0.382222 0.685338 0.416666 0.719934
0 0.894444 0.593081 0.930000 0.634267
0 0.382222 0.767710 0.417778 0.810544
0 0.068888 0.342668 0.107777 0.387149
0 0.069999 0.296540 0.106666 0.339374
0 0.481111 0.187808 0.525555 0.214168
0 0.894444 0.635915 0.930000 0.680396
0 0.174444 0.471170 0.210000 0.510709
0 0.842222 0.719934 0.877778 0.761120
0 0.792222 0.678748 0.827778 0.721582
0 0.893333 0.299835 0.928889 0.344316
0 0.842222 0.466227 0.876666 0.507413
0 0.433334 0.387149 0.466666 0.426688
0 0.690000 0.759472 0.724444 0.805602
0 0.893333 0.257002 0.928889 0.298188
0 0.225555 0.766062 0.261111 0.808896
0 0.226666 0.383855 0.259999 0.426689
0 0.738889 0.257001 0.773333 0.296540
0 0.124445 0.260296 0.158889 0.303130
0 0.741111 0.548599 0.776667 0.594728
0 0.687778 0.258649 0.722222 0.299835
0 0.483333 0.281713 0.525555 0.322899
0 0.792222 0.469522 0.825555 0.512356
0 0.226667 0.425041 0.261111 0.467875
0 0.842222 0.507413 0.877778 0.551894
0 0.842222 0.761120 0.877778 0.803954
0 0.894444 0.212521 0.927778 0.257001
0 0.226666 0.298188 0.259999 0.339374
0 0.278889 0.258649 0.311111 0.298187
0 0.481111 0.214168 0.524444 0.253707
0 0.433334 0.120264 0.466666 0.166392
0 0.381111 0.553543 0.418889 0.598024
0 0.586666 0.510709 0.622222 0.550248
0 0.226666 0.121910 0.262222 0.168040
0 0.381111 0.721581 0.417778 0.766062
0 0.791111 0.426688 0.825555 0.469522
0 0.224444 0.721581 0.263333 0.766062
0 0.225555 0.637562 0.262222 0.680396
0 0.174445 0.301483 0.208889 0.342669
0 0.226666 0.337726 0.259999 0.382207
0 0.226667 0.510708 0.261111 0.553542
0 0.381111 0.510708 0.417778 0.551894
0 0.226666 0.551894 0.262222 0.594728
0 0.687777 0.217463 0.721110 0.260297
0 0.637778 0.344316 0.672222 0.382207
0 0.690000 0.553542 0.724444 0.594728
0 0.742222 0.385502 0.774444 0.423393
0 0.894444 0.512356 0.930000 0.553542
0 0.072222 0.121912 0.107778 0.166392
0 0.072222 0.428337 0.106666 0.466228
0 0.070000 0.215815 0.107778 0.258649
0 0.071110 0.166392 0.107777 0.215815
0 0.893333 0.719935 0.931111 0.764416
0 0.071111 0.387150 0.110001 0.428336
0 0.893333 0.342669 0.928889 0.378913
0 0.741111 0.848435 0.777778 0.891269
0 0.894444 0.675454 0.931111 0.719935
0 0.381111 0.891268 0.416667 0.937397
0 0.225555 0.892916 0.262222 0.935750
0 0.894444 0.764416 0.932222 0.803955
0 0.893334 0.428336 0.927778 0.464580
0 0.843333 0.805602 0.876667 0.843492
0 0.480000 0.113673 0.525556 0.151564
0 0.481111 0.149918 0.524444 0.186162
0 0.381111 0.596376 0.417778 0.635915
0 0.843333 0.551895 0.878889 0.593081
0 0.382222 0.344316 0.417778 0.387150
0 0.122222 0.120264 0.160000 0.168040
0 0.894444 0.848435 0.932222 0.889621
0 0.587777 0.635914 0.621111 0.678748
0 0.071110 0.469523 0.107777 0.514004
0 0.688889 0.889621 0.725556 0.934102
0 0.481111 0.253707 0.524444 0.285008
0 0.895555 0.803953 0.932222 0.848434
0 0.893334 0.889620 0.932222 0.935750
0 0.586666 0.550246 0.622222 0.589785
0 0.586666 0.677100 0.622222 0.721581
0 0.224444 0.848435 0.262222 0.891269
0 0.586666 0.718287 0.622222 0.762768
0 0.893333 0.378912 0.928889 0.429983
0 0.226667 0.808897 0.261111 0.848436
0 0.174444 0.429984 0.210000 0.471170
0 0.741111 0.891269 0.776667 0.935750
0 0.174445 0.512356 0.208889 0.555190
0 0.791111 0.887973 0.826667 0.937396
0 0.382222 0.428337 0.416666 0.466228
0 0.842222 0.887974 0.878889 0.935750
0 0.893334 0.464580 0.930001 0.510709
0 0.382222 0.303130 0.414444 0.344316
0 0.690000 0.846787 0.724444 0.889621
0 0.123333 0.215815 0.158889 0.260296
0 0.381111 0.637562 0.416667 0.685338
0 0.690001 0.719934 0.723334 0.761120
0 0.843334 0.680396 0.877778 0.718286
0 0.842222 0.593081 0.877778 0.637562
0 0.122222 0.169687 0.160000 0.214168
0 0.174444 0.341021 0.210000 0.382207
0 0.791111 0.548600 0.827778 0.593081
0 0.174445 0.383854 0.211112 0.429983
0 0.225555 0.680395 0.261111 0.721581
0 0.691111 0.805601 0.725555 0.846787
0 0.793334 0.805602 0.826667 0.843492
0 0.843333 0.635914 0.876667 0.678748
0 0.892222 0.118617 0.927778 0.168040
0 0.842222 0.843492 0.878889 0.886326
0 0.792222 0.510708 0.826666 0.551894
0 0.226667 0.594728 0.261111 0.635914
0 0.226667 0.467875 0.261111 0.510709
0 0.586666 0.589785 0.623333 0.635915
0 0.174445 0.261943 0.208889 0.301482
0 0.792222 0.593081 0.826666 0.634267
0 0.842222 0.260296 0.874444 0.298187
