0 0.480000 0.363306 0.522222 0.398346
0 0.431111 0.271074 0.464445 0.314049
0 0.634444 0.355372 0.667778 0.398347
0 0.706667 0.687603 0.728889 0.715703
0 0.481110 0.485951 0.517778 0.517355
0 0.911111 0.317356 0.933333 0.348761
0 0.703333 0.395042 0.726666 0.434710
0 0.376667 0.190083 0.414445 0.219835
0 0.585555 0.851240 0.621111 0.894215
0 0.481111 0.335537 0.522222 0.366943
0 0.326667 0.180165 0.361111 0.233059
0 0.680000 0.482645 0.701111 0.509091
0 0.681111 0.689256 0.703333 0.719008
0 0.275555 0.816530 0.313333 0.856198
0 0.705556 0.480992 0.726667 0.507438
0 0.681111 0.766943 0.703333 0.801654
0 0.682222 0.725620 0.702222 0.760331
0 0.502222 0.732232 0.524444 0.763636
0 0.278890 0.854546 0.312222 0.892563
0 0.706667 0.768596 0.728889 0.800001
0 0.705556 0.520661 0.727778 0.553719
0 0.475555 0.203306 0.521111 0.229752
0 0.705556 0.727273 0.727778 0.760331
0 0.382222 0.854546 0.414444 0.894215
0 0.707778 0.603306 0.727778 0.636364
0 0.885556 0.276033 0.907778 0.309091
0 0.912222 0.276033 0.932222 0.309091
0 0.476667 0.267768 0.520000 0.299173
0 0.584444 0.684298 0.620000 0.730579
0 0.893334 0.479339 0.927778 0.515703
0 0.478890 0.295868 0.522223 0.335536
0 0.585555 0.766942 0.621111 0.809917
0 0.681111 0.601653 0.701111 0.638017
0 0.478890 0.132231 0.522223 0.165289
0 0.740000 0.851240 0.774444 0.889257
0 0.068888 0.816529 0.105555 0.857851
0 0.680000 0.519008 0.702222 0.557025
0 0.706666 0.641322 0.727778 0.677686
0 0.740000 0.809918 0.773334 0.849587
0 0.071111 0.690909 0.104444 0.728926
0 0.894445 0.517356 0.925555 0.558678
0 0.704444 0.274380 0.724444 0.309092
0 0.704444 0.315702 0.724444 0.352066
0 0.121111 0.856198 0.157778 0.900826
0 0.681111 0.641323 0.703333 0.679339
0 0.068889 0.725619 0.106667 0.771900
0 0.585555 0.809917 0.621111 0.852892
0 0.706666 0.563636 0.727778 0.596694
0 0.585556 0.728926 0.620000 0.768594
0 0.738889 0.890909 0.774445 0.935537
0 0.122222 0.689256 0.154444 0.730578
0 0.678888 0.272728 0.699999 0.310744
0 0.121111 0.899173 0.157778 0.945454
0 0.120000 0.814877 0.157778 0.857851
0 0.331111 0.482644 0.358889 0.519008
0 0.738889 0.684298 0.774445 0.727272
0 0.121111 0.649587 0.156667 0.690909
0 0.585556 0.892562 0.622223 0.938843
0 0.276667 0.480992 0.311111 0.522314
0 0.585556 0.646281 0.618889 0.684298
0 0.276667 0.647934 0.311111 0.687603
0 0.378889 0.647934 0.413333 0.689256
0 0.382223 0.894215 0.415555 0.935537
0 0.894444 0.352067 0.927778 0.391735
0 0.277778 0.317356 0.308889 0.360330
0 0.070000 0.482645 0.102222 0.520661
0 0.892222 0.560331 0.927778 0.601653
0 0.432222 0.851240 0.465556 0.894215
0 0.680000 0.396694 0.702222 0.434710
0 0.121111 0.771901 0.156667 0.816529
0 0.330000 0.732232 0.362222 0.770249
0 0.740000 0.725619 0.773334 0.768594
0 0.121111 0.133885 0.156667 0.183472
0 0.704445 0.439669 0.727778 0.472727
0 0.330001 0.854546 0.363333 0.895868
0 0.432222 0.894215 0.465556 0.940496
0 0.120000 0.528926 0.155556 0.566943
0 0.738889 0.396695 0.771111 0.436363
0 0.121111 0.606611 0.153333 0.649586
0 0.841112 0.310745 0.874445 0.350413
0 0.070000 0.771901 0.104444 0.816529
0 0.276666 0.890910 0.313333 0.937191
0 0.841112 0.269422 0.874445 0.310744
0 0.477778 0.228099 0.520000 0.267768
0 0.678889 0.561984 0.701111 0.596695
0 0.703333 0.355371 0.726666 0.390082
0 0.070000 0.649587 0.105556 0.690909
0 0.431111 0.811570 0.465555 0.852892
0 0.478888 0.163636 0.519999 0.203306
0 0.893334 0.393389 0.927778 0.433057
0 0.331112 0.771900 0.362223 0.809917
0 0.121111 0.730579 0.156667 0.771901
0 0.788889 0.231406 0.821111 0.271074
0 0.380000 0.770249 0.414444 0.813223
0 0.681111 0.439669 0.701111 0.471075
0 0.680000 0.355371 0.701111 0.390082
0 0.173334 0.358678 0.206667 0.396695
0 0.787778 0.178512 0.820000 0.229752
0 0.173334 0.396694 0.207778 0.441322
0 0.431111 0.523968 0.463333 0.563636
0 0.276666 0.773554 0.313333 0.818182
0 0.173333 0.137190 0.208889 0.185124
0 0.737778 0.517356 0.773334 0.558678
0 0.121111 0.400000 0.155555 0.441322
0 0.738888 0.768595 0.775555 0.809917
0 0.071111 0.400000 0.101111 0.441322
0 0.172222 0.271075 0.206666 0.312397
0 0.738889 0.642975 0.773333 0.684297
0 0.431111 0.646281 0.464445 0.684298
0 0.277778 0.400000 0.310000 0.436364
0 0.068889 0.186777 0.102222 0.231405
0 0.838889 0.178512 0.874445 0.226446
0 0.735555 0.135537 0.771111 0.180165
0 0.276666 0.727273 0.312222 0.771901
0 0.328889 0.894215 0.363333 0.938843
0 0.635556 0.269422 0.667778 0.310744
0 0.840000 0.352067 0.871112 0.398348
0 0.431111 0.138844 0.464445 0.181818
0 0.121111 0.565289 0.155555 0.606611
0 0.585556 0.561984 0.618889 0.603306
0 0.840000 0.226446 0.873333 0.269421
0 0.433333 0.314050 0.464444 0.353718
0 0.583333 0.133884 0.620000 0.181818
0 0.172223 0.439669 0.208890 0.482644
0 0.787778 0.269421 0.822222 0.312396
0 0.070000 0.608265 0.104444 0.649587
0 0.738889 0.436364 0.769999 0.477686
0 0.276667 0.358678 0.309999 0.398346
0 0.070000 0.522314 0.104444 0.563636
0 0.378889 0.813223 0.415556 0.854545
0 0.122223 0.231405 0.155556 0.272727
0 0.431111 0.682645 0.464445 0.727273
0 0.787778 0.355372 0.822222 0.396694
0 0.892222 0.434711 0.927778 0.479339
0 0.380000 0.689256 0.413334 0.727272
0 0.838889 0.132232 0.874445 0.178513
0 0.327778 0.687604 0.362222 0.733885
0 0.068889 0.274380 0.102222 0.315702
0 0.635555 0.644628 0.668888 0.690909
0 0.678889 0.315702 0.701111 0.353719
0 0.173333 0.186777 0.205555 0.229751
0 0.740001 0.477686 0.771111 0.519008
0 0.331111 0.563637 0.361111 0.604959
0 0.583333 0.181818 0.618889 0.226446
0 0.740000 0.603306 0.773334 0.644628
0 0.070000 0.442976 0.103333 0.482644
0 0.328889 0.809917 0.363333 0.856198
0 0.737777 0.353720 0.771111 0.396695
0 0.172223 0.229753 0.205556 0.272728
0 0.431111 0.604958 0.464445 0.647933
0 0.326667 0.439669 0.361111 0.482644
0 0.172222 0.482645 0.206666 0.528926
0 0.172222 0.312397 0.206666 0.357025
0 0.584445 0.228099 0.616667 0.272727
0 0.121111 0.183471 0.156667 0.229752
0 0.585556 0.523967 0.617778 0.561983
0 0.737778 0.558678 0.772222 0.603306
0 0.276666 0.565290 0.312222 0.604958
0 0.332222 0.604959 0.361112 0.646281
0 0.068889 0.357025 0.103333 0.398347
0 0.277778 0.687603 0.311110 0.728925
0 0.068888 0.563636 0.105555 0.606611
0 0.585556 0.358678 0.614444 0.395042
0 0.380000 0.314050 0.413334 0.355372
0 0.735556 0.183471 0.772223 0.228099
0 0.431111 0.768595 0.466667 0.811570
0 0.430000 0.482645 0.464444 0.525620
0 0.736667 0.310744 0.771111 0.355372
0 0.121111 0.357025 0.155555 0.400000
0 0.121111 0.439669 0.155555 0.484297
0 0.378889 0.523968 0.415556 0.563636
0 0.584444 0.480992 0.617777 0.523967
0 0.067777 0.231405 0.104444 0.272727
0 0.120000 0.272728 0.156667 0.315702
0 0.534445 0.601653 0.568889 0.644628
0 0.636667 0.601653 0.667777 0.646281
0 0.067778 0.314049 0.103334 0.357024
0 0.120000 0.484298 0.157778 0.528926
0 0.787778 0.312397 0.820000 0.357025
0 0.636667 0.398346 0.667777 0.436363
0 0.584445 0.272727 0.615555 0.314049
0 0.637777 0.438017 0.664444 0.479339
0 0.431111 0.563636 0.464445 0.603305
0 0.276667 0.272728 0.308889 0.315702
0 0.736666 0.271075 0.772222 0.312397
0 0.431111 0.727273 0.466667 0.768595
0 0.276666 0.522315 0.313333 0.565290
0 0.378889 0.727272 0.415556 0.770247
0 0.277778 0.436364 0.311110 0.480992
0 0.735556 0.228100 0.772223 0.271074
0 0.478889 0.431405 0.518889 0.479339
0 0.431111 0.183471 0.465555 0.228099
0 0.378889 0.563637 0.414445 0.604959
0 0.534445 0.480992 0.566667 0.522314
0 0.533334 0.561983 0.566667 0.601652
0 0.380000 0.608264 0.413334 0.647933
0 0.534445 0.522315 0.566667 0.561983
0 0.533333 0.271074 0.565555 0.314049
0 0.276666 0.604959 0.312222 0.646281
0 0.585556 0.604959 0.618889 0.644628
0 0.636667 0.561984 0.665555 0.603306
0 0.637778 0.520661 0.665556 0.560330
0 0.121111 0.314049 0.156667 0.357024
0 0.224444 0.181818 0.257777 0.229752
0 0.532222 0.229753 0.565555 0.272728
0 0.326666 0.317355 0.362222 0.353719
0 0.327778 0.646281 0.362222 0.689256
0 0.431111 0.439669 0.464445 0.482644
0 0.326667 0.396695 0.361111 0.439669
0 0.224444 0.315702 0.260000 0.361984
0 0.584445 0.315702 0.616667 0.358677
0 0.534444 0.398347 0.565556 0.439669
0 0.431111 0.398348 0.463333 0.441323
0 0.328889 0.520661 0.362223 0.563636
0 0.223333 0.229753 0.258889 0.272728
0 0.380000 0.396695 0.412222 0.439669
0 0.378889 0.272727 0.413333 0.314049
0 0.584445 0.395041 0.616667 0.439669
0 0.634445 0.312397 0.666667 0.355372
0 0.327778 0.355372 0.362222 0.398347
0 0.223333 0.272728 0.260000 0.315702
0 0.531111 0.181818 0.566667 0.229752
0 0.377778 0.228099 0.412222 0.272727
0 0.275555 0.183471 0.311111 0.231405
0 0.328889 0.233058 0.361111 0.271074
0 0.636667 0.477687 0.667777 0.520661
0 0.328888 0.271074 0.359999 0.315702
0 0.377778 0.441322 0.412222 0.482644
0 0.433333 0.229752 0.463333 0.271074
0 0.378889 0.482645 0.414445 0.523967
0 0.380000 0.355372 0.413334 0.396694
0 0.585555 0.439670 0.616667 0.480992
0 0.533334 0.439670 0.566667 0.480992
0 0.430000 0.355372 0.464444 0.398347
0 0.532222 0.312397 0.565555 0.360331
0 0.275556 0.231405 0.310000 0.272727
0 0.533334 0.358678 0.566667 0.400000
