0 0.124445 0.815790 0.158889 0.856908
0 0.124444 0.855263 0.157777 0.899671
0 0.538890 0.851974 0.572223 0.898026
0 0.895556 0.315790 0.930000 0.358552
0 0.383333 0.733553 0.416667 0.771381
0 0.897778 0.398026 0.930000 0.437500
0 0.843333 0.139802 0.878889 0.187499
0 0.072222 0.444079 0.104444 0.485197
0 0.331112 0.815790 0.364444 0.856908
0 0.226667 0.236842 0.261111 0.276316
0 0.843333 0.605263 0.881111 0.649671
0 0.642222 0.440789 0.672222 0.480263
0 0.227778 0.858553 0.263334 0.899671
0 0.123334 0.485197 0.156667 0.524671
0 0.691111 0.189145 0.720000 0.230263
0 0.435556 0.277960 0.467778 0.320723
0 0.843333 0.233552 0.878889 0.276315
0 0.792222 0.187501 0.825555 0.235198
0 0.741111 0.187501 0.774444 0.230264
0 0.688889 0.358552 0.724445 0.406249
0 0.176667 0.319079 0.207778 0.358553
0 0.434445 0.648026 0.467777 0.687500
0 0.691112 0.319079 0.722222 0.360197
0 0.483333 0.435856 0.523333 0.481909
0 0.536666 0.141448 0.569999 0.189144
0 0.280000 0.567434 0.313334 0.606908
0 0.072222 0.605263 0.106666 0.649671
0 0.124445 0.567435 0.158889 0.605263
0 0.434445 0.187499 0.466667 0.233552
0 0.792222 0.233552 0.825555 0.271381
0 0.742222 0.398027 0.777778 0.440790
0 0.124445 0.606908 0.156667 0.648026
0 0.227777 0.567434 0.261111 0.603618
0 0.124445 0.319079 0.155556 0.360197
0 0.434445 0.569079 0.467777 0.608553
0 0.794444 0.523026 0.827778 0.565790
0 0.844445 0.440789 0.878889 0.480263
0 0.071111 0.527960 0.106667 0.567434
0 0.433334 0.442435 0.467778 0.485198
0 0.227778 0.901316 0.262222 0.940790
0 0.844445 0.315789 0.878889 0.360197
0 0.434445 0.483553 0.468889 0.524671
0 0.332222 0.774671 0.364444 0.814145
0 0.280000 0.856908 0.313334 0.898026
0 0.123333 0.185856 0.158889 0.231909
0 0.640000 0.233553 0.671112 0.274671
0 0.434445 0.610197 0.468889 0.649671
0 0.332222 0.605263 0.364444 0.646381
0 0.640000 0.189144 0.672222 0.231907
0 0.072222 0.485198 0.106666 0.527961
0 0.122222 0.445724 0.157778 0.485198
0 0.383333 0.690789 0.416667 0.733553
0 0.536667 0.189145 0.571111 0.233553
0 0.434445 0.360198 0.467777 0.401316
0 0.538889 0.319079 0.569999 0.358553
0 0.331111 0.855263 0.366667 0.898027
0 0.227778 0.812500 0.263334 0.858552
0 0.280000 0.320724 0.312222 0.356908
0 0.434445 0.689145 0.468889 0.730263
0 0.537778 0.603619 0.572222 0.649671
0 0.280000 0.731908 0.314444 0.771382
0 0.383333 0.187501 0.415555 0.230264
0 0.280000 0.235198 0.312222 0.277960
0 0.176667 0.690790 0.210000 0.731908
0 0.226666 0.483552 0.259999 0.526316
0 0.432222 0.524671 0.470000 0.569079
0 0.741111 0.440790 0.777778 0.481908
0 0.641111 0.274671 0.671111 0.319079
0 0.332222 0.565789 0.364444 0.605263
0 0.641112 0.398027 0.672222 0.440790
0 0.175556 0.610197 0.210000 0.649671
0 0.740000 0.274672 0.775556 0.317435
0 0.278890 0.401315 0.312222 0.444078
0 0.175556 0.236842 0.210000 0.277960
0 0.642222 0.319079 0.670000 0.358553
0 0.174445 0.567434 0.208889 0.608552
0 0.175556 0.526316 0.210000 0.567434
0 0.073333 0.319080 0.106666 0.361843
0 0.175555 0.184210 0.211111 0.236842
0 0.794444 0.399672 0.827778 0.442435
0 0.332222 0.730263 0.365556 0.773027
0 0.435555 0.235198 0.466666 0.276316
0 0.383333 0.401315 0.416667 0.439144
0 0.330000 0.481907 0.365556 0.527960
0 0.280000 0.773027 0.313334 0.814145
0 0.175556 0.773026 0.208889 0.815790
0 0.331111 0.526316 0.365555 0.565790
0 0.226667 0.526316 0.261111 0.567434
0 0.227778 0.771381 0.262222 0.814145
0 0.281111 0.690790 0.314445 0.731908
0 0.124445 0.360197 0.156667 0.399671
0 0.537778 0.233552 0.570000 0.276315
0 0.688889 0.230263 0.722222 0.274671
0 0.794445 0.317434 0.826667 0.358552
0 0.228889 0.690790 0.262223 0.731908
0 0.227778 0.730263 0.262222 0.771381
0 0.332222 0.690789 0.365556 0.730263
0 0.433334 0.401316 0.466666 0.442434
0 0.536667 0.277961 0.571111 0.319079
0 0.226666 0.651316 0.262222 0.692434
0 0.225555 0.276316 0.261111 0.317434
0 0.330000 0.235198 0.364444 0.276316
0 0.794445 0.358553 0.826667 0.399671
0 0.382222 0.524671 0.416666 0.565789
0 0.226666 0.317434 0.259999 0.358552
0 0.330000 0.185856 0.365556 0.233552
0 0.277778 0.187499 0.313334 0.233552
0 0.280000 0.606908 0.313334 0.648026
0 0.331112 0.440790 0.364444 0.483552
0 0.124444 0.235198 0.160000 0.277960
0 0.640000 0.358553 0.672222 0.399671
0 0.537778 0.358552 0.571111 0.401315
0 0.792222 0.273027 0.826666 0.315790
0 0.073333 0.402961 0.104444 0.444079
0 0.226666 0.444079 0.259999 0.485197
0 0.742223 0.317434 0.775556 0.358552
0 0.332222 0.317434 0.364444 0.358552
0 0.331112 0.276316 0.364444 0.317434
0 0.537778 0.401315 0.571111 0.444078
0 0.124444 0.401316 0.157777 0.445724
0 0.740000 0.230263 0.775556 0.274671
0 0.383333 0.606908 0.416667 0.648026
0 0.226666 0.358553 0.259999 0.399671
0 0.226667 0.401315 0.261111 0.444078
0 0.382222 0.231907 0.416666 0.277960
0 0.280000 0.356908 0.313334 0.401316
0 0.226666 0.185855 0.262222 0.235197
0 0.332222 0.399672 0.364444 0.442435
0 0.175556 0.358552 0.208889 0.401315
0 0.383333 0.358552 0.416667 0.401315
0 0.382223 0.317435 0.415555 0.360198
0 0.227777 0.603619 0.261111 0.649671
0 0.123333 0.524671 0.158889 0.565789
0 0.175556 0.401315 0.207778 0.444078
0 0.331112 0.358553 0.364444 0.399671
0 0.331111 0.648026 0.365555 0.690790
0 0.280000 0.445723 0.312222 0.483552
0 0.894444 0.180920 0.931111 0.231907
0 0.641111 0.731907 0.674445 0.769737
0 0.124445 0.689144 0.156667 0.731908
0 0.845556 0.480263 0.878889 0.521381
0 0.537778 0.815790 0.571111 0.851974
0 0.176667 0.444078 0.208889 0.481907
0 0.895555 0.233552 0.931111 0.276315
0 0.278890 0.526316 0.312222 0.567434
0 0.072222 0.189144 0.106666 0.231907
0 0.072222 0.815790 0.107778 0.856908
0 0.505556 0.725329 0.527778 0.754935
0 0.481111 0.168750 0.524444 0.205592
0 0.482222 0.271382 0.524444 0.302632
0 0.482222 0.139802 0.524444 0.169243
0 0.484444 0.340460 0.524444 0.368914
0 0.479811 0.204113 0.526478 0.232402
0 0.483333 0.485197 0.522222 0.505593
0 0.537778 0.569079 0.572222 0.600329
0 0.501467 0.757878 0.528667 0.765230
0 0.176667 0.277961 0.207778 0.319079
0 0.537778 0.651315 0.572222 0.689145
0 0.283333 0.649671 0.311111 0.687501
0 0.074445 0.856907 0.106667 0.899671
0 0.074444 0.899671 0.107777 0.944079
0 0.538889 0.731908 0.571111 0.771382
0 0.174445 0.817434 0.208889 0.856908
0 0.074445 0.730263 0.106667 0.771381
0 0.280000 0.277960 0.313334 0.320723
0 0.383333 0.773027 0.415555 0.814145
0 0.641111 0.649671 0.673333 0.689145
0 0.690000 0.139802 0.722222 0.187499
0 0.484445 0.368420 0.525555 0.401315
0 0.642222 0.896382 0.673334 0.937500
0 0.895556 0.276316 0.930000 0.315790
0 0.073334 0.692434 0.107778 0.731908
0 0.073333 0.649671 0.106666 0.692435
0 0.071111 0.277960 0.106667 0.317434
0 0.383333 0.279606 0.415555 0.317435
0 0.071111 0.773026 0.108889 0.815790
0 0.124444 0.901315 0.157777 0.944079
0 0.846666 0.521381 0.880000 0.564145
0 0.640000 0.481908 0.674444 0.523026
0 0.383333 0.565790 0.416667 0.606908
0 0.382222 0.440790 0.416666 0.476974
0 0.638889 0.562500 0.673333 0.605264
0 0.074444 0.360197 0.105555 0.399671
0 0.174444 0.899671 0.212222 0.942435
0 0.383333 0.648026 0.416667 0.692434
0 0.484445 0.300987 0.525555 0.340461
0 0.795556 0.444079 0.827778 0.485197
0 0.845556 0.562500 0.880000 0.603618
0 0.434445 0.773027 0.467777 0.814145
0 0.690001 0.274671 0.723334 0.319079
0 0.641111 0.523027 0.673333 0.564145
0 0.124444 0.648026 0.157777 0.690790
0 0.640000 0.689144 0.674444 0.731908
0 0.640000 0.771382 0.674444 0.812500
0 0.436667 0.320724 0.466667 0.356908
0 0.638889 0.606908 0.674445 0.651316
0 0.845556 0.398027 0.878889 0.440790
0 0.278889 0.898026 0.314445 0.942434
0 0.432223 0.894737 0.471111 0.940789
0 0.537778 0.442435 0.571111 0.485198
0 0.383333 0.855263 0.416667 0.899671
0 0.537778 0.527960 0.572222 0.567434
0 0.896666 0.437501 0.929999 0.480264
0 0.895555 0.478619 0.931111 0.524671
0 0.174445 0.481908 0.208889 0.526316
0 0.176667 0.731908 0.208889 0.773026
0 0.640000 0.141447 0.671112 0.185855
0 0.382222 0.476973 0.416666 0.524671
0 0.434445 0.730263 0.467777 0.773027
0 0.742223 0.139803 0.773333 0.184211
0 0.176667 0.651316 0.208889 0.690790
0 0.482222 0.233552 0.524444 0.273026
0 0.383333 0.899671 0.418889 0.939145
0 0.640000 0.812500 0.674444 0.853618
0 0.588889 0.274672 0.621111 0.322369
0 0.124444 0.773026 0.157777 0.815790
0 0.125555 0.281250 0.158888 0.317434
0 0.843333 0.189144 0.878889 0.231907
0 0.537778 0.485198 0.571111 0.527961
0 0.331111 0.898026 0.365555 0.940790
0 0.742223 0.360198 0.775556 0.398027
0 0.072222 0.567435 0.105555 0.605263
0 0.537778 0.773027 0.572222 0.814145
0 0.843334 0.277960 0.877778 0.315790
0 0.124445 0.731908 0.158889 0.773026
0 0.640000 0.855263 0.674444 0.894737
0 0.280000 0.814144 0.313334 0.856908
0 0.280000 0.485198 0.312222 0.527961
0 0.793334 0.139802 0.826667 0.187499
0 0.072222 0.233552 0.107778 0.276315
0 0.434445 0.143093 0.467777 0.185856
0 0.382222 0.810855 0.417778 0.855263
0 0.896666 0.358552 0.929999 0.398026
0 0.175556 0.856908 0.210000 0.901316
0 0.795556 0.481908 0.827778 0.523026
0 0.434445 0.853619 0.468889 0.894737
0 0.540000 0.689144 0.570000 0.731908
0 0.845555 0.360198 0.876667 0.398027
0 0.434445 0.812500 0.467777 0.853618
