0 0.635555 0.268533 0.671111 0.313014
0 0.433334 0.644151 0.467778 0.690281
0 0.635556 0.313014 0.670000 0.350905
0 0.480000 0.164745 0.523334 0.200989
0 0.477778 0.130148 0.525556 0.164744
0 0.635556 0.230642 0.670000 0.266886
0 0.791111 0.228995 0.824445 0.265239
0 0.789999 0.313014 0.826666 0.345963
0 0.481111 0.296540 0.523333 0.334431
0 0.478890 0.232290 0.522223 0.268534
0 0.481111 0.365733 0.525555 0.397035
0 0.478889 0.202636 0.524445 0.233938
0 0.740000 0.316310 0.774444 0.349259
0 0.486667 0.515651 0.518889 0.551895
0 0.482222 0.336079 0.524444 0.367380
0 0.504445 0.741351 0.526667 0.764415
0 0.585556 0.314663 0.618889 0.354202
0 0.481111 0.268535 0.522222 0.299836
0 0.483333 0.474465 0.522222 0.515651
0 0.536666 0.642505 0.569999 0.686986
0 0.635555 0.352554 0.671111 0.397035
0 0.790000 0.347610 0.825556 0.393739
0 0.482222 0.429984 0.523333 0.474465
0 0.687777 0.265239 0.721110 0.313015
0 0.741111 0.271829 0.772223 0.313015
0 0.634445 0.177924 0.668889 0.230642
0 0.503333 0.719934 0.526667 0.744646
0 0.893333 0.316309 0.928889 0.342668
0 0.434445 0.598023 0.467777 0.645799
0 0.535555 0.594728 0.568889 0.642504
0 0.586666 0.271829 0.617778 0.313015
0 0.432222 0.314663 0.467778 0.359144
0 0.738889 0.224052 0.774445 0.270182
0 0.891111 0.222405 0.928889 0.268535
0 0.688889 0.593081 0.723333 0.640857
0 0.686666 0.313015 0.722222 0.360791
0 0.894445 0.270181 0.926667 0.313015
0 0.435555 0.268533 0.466666 0.313014
0 0.585556 0.225700 0.618889 0.270182
0 0.532222 0.266887 0.566666 0.313016
0 0.688889 0.640856 0.726667 0.683690
0 0.841111 0.311367 0.876667 0.354201
0 0.689999 0.721581 0.726666 0.767711
0 0.842222 0.263591 0.875556 0.313014
0 0.690000 0.683690 0.724444 0.724876
0 0.534444 0.313015 0.565556 0.355849
0 0.788888 0.266887 0.825555 0.311368
0 0.790000 0.174629 0.824444 0.228995
