0 0.727778 0.138801 0.763334 0.182965
0 0.042223 0.779180 0.073333 0.817034
0 0.674445 0.397476 0.707778 0.440063
0 0.621111 0.730285 0.656667 0.771294
0 0.890000 0.646687 0.925556 0.687697
0 0.414444 0.648265 0.452222 0.689275
0 0.307778 0.487382 0.342222 0.526814
0 0.310001 0.362776 0.341112 0.400631
0 0.515555 0.484227 0.548889 0.523659
0 0.092222 0.861198 0.130000 0.902208
0 0.147778 0.529969 0.182222 0.572555
0 0.413333 0.272871 0.448889 0.317035
0 0.093333 0.570978 0.130000 0.611988
0 0.730001 0.440063 0.761111 0.477918
0 0.038889 0.570978 0.073333 0.611988
0 0.254445 0.403786 0.291112 0.444794
0 0.674444 0.807571 0.710000 0.851735
0 0.415555 0.813881 0.453333 0.854890
0 0.146666 0.570978 0.182222 0.611988
0 0.201111 0.490537 0.235555 0.528392
0 0.621111 0.810725 0.655555 0.851735
0 0.728889 0.686119 0.765556 0.728706
0 0.146667 0.738170 0.183334 0.779180
0 0.673334 0.564669 0.710001 0.608833
0 0.412222 0.187697 0.447778 0.228707
0 0.888888 0.607256 0.925555 0.645111
0 0.887778 0.477918 0.925556 0.522082
0 0.674445 0.728707 0.711112 0.771293
0 0.464445 0.435331 0.498889 0.479495
0 0.201110 0.608832 0.237778 0.654574
0 0.200000 0.141956 0.237778 0.192429
0 0.481111 0.723974 0.503333 0.753470
0 0.482833 0.753770 0.504055 0.765994
0 0.092222 0.488959 0.131111 0.531546
0 0.836666 0.646688 0.872222 0.689275
0 0.357777 0.186121 0.394444 0.231861
0 0.308889 0.187696 0.343333 0.235015
0 0.413334 0.485805 0.450001 0.526814
0 0.514444 0.181389 0.551111 0.227129
0 0.307778 0.400632 0.340000 0.441640
0 0.362223 0.649842 0.398890 0.692429
0 0.673333 0.182966 0.708889 0.230285
0 0.834445 0.566246 0.871112 0.608832
0 0.728889 0.479496 0.764445 0.522083
0 0.513333 0.441640 0.550001 0.482649
0 0.413333 0.440063 0.448889 0.484227
0 0.567777 0.359622 0.601110 0.399054
0 0.727778 0.184542 0.763334 0.230283
0 0.514445 0.523659 0.548889 0.564669
0 0.310001 0.280757 0.343333 0.320189
0 0.308889 0.236593 0.344445 0.280757
0 0.835555 0.522082 0.871111 0.566246
0 0.728889 0.605679 0.764445 0.648265
0 0.359999 0.525237 0.396666 0.564669
0 0.145555 0.405362 0.183333 0.447950
0 0.727777 0.358044 0.764444 0.397476
0 0.145556 0.488960 0.182223 0.529969
0 0.620000 0.315458 0.655556 0.358045
0 0.361111 0.607255 0.396667 0.648265
0 0.782222 0.358045 0.817778 0.399054
0 0.567778 0.689275 0.605556 0.731861
0 0.514444 0.648265 0.550000 0.689275
0 0.567778 0.646688 0.604445 0.689275
0 0.145555 0.321767 0.183333 0.362775
0 0.359999 0.485804 0.396666 0.523659
0 0.514445 0.605679 0.548889 0.648265
0 0.094445 0.698738 0.128889 0.738170
0 0.674444 0.482651 0.710000 0.523660
0 0.145555 0.362775 0.183333 0.405363
0 0.307778 0.528392 0.342222 0.569401
0 0.092222 0.361198 0.130000 0.403786
0 0.728889 0.561514 0.764445 0.605678
0 0.620000 0.484227 0.656667 0.526814
0 0.727777 0.522082 0.764444 0.561514
0 0.620000 0.271293 0.656667 0.315457
0 0.308890 0.569401 0.342222 0.608833
0 0.145555 0.652997 0.183333 0.697161
0 0.620000 0.358045 0.656667 0.399054
0 0.199999 0.362775 0.236667 0.410094
0 0.566666 0.182966 0.602222 0.228706
0 0.673334 0.356467 0.710001 0.395899
0 0.146666 0.613565 0.182222 0.652997
0 0.727777 0.397476 0.764444 0.440063
0 0.360000 0.277603 0.392222 0.318611
0 0.413333 0.317035 0.448889 0.356467
0 0.620000 0.441640 0.655556 0.484228
0 0.567777 0.441640 0.601110 0.482649
0 0.622222 0.648265 0.656666 0.689275
0 0.781111 0.182966 0.816667 0.228706
0 0.255556 0.279180 0.290000 0.320189
0 0.888888 0.564669 0.925555 0.605679
0 0.093333 0.277603 0.128889 0.321767
0 0.674445 0.646687 0.708889 0.687697
0 0.568889 0.482651 0.602222 0.523660
0 0.567778 0.564669 0.603334 0.608833
0 0.674444 0.523659 0.710000 0.564669
0 0.092222 0.447950 0.128889 0.487382
0 0.358888 0.443217 0.395556 0.485805
0 0.781111 0.230284 0.816667 0.272871
0 0.567778 0.399054 0.602222 0.441641
0 0.781111 0.481073 0.816667 0.522082
0 0.093333 0.611988 0.128889 0.654574
0 0.464444 0.298107 0.502222 0.337539
0 0.358889 0.231861 0.394445 0.276025
0 0.415555 0.728707 0.453333 0.774448
0 0.362223 0.564669 0.395555 0.607255
0 0.836666 0.730284 0.873333 0.772871
0 0.146666 0.447950 0.182222 0.488958
0 0.040000 0.361198 0.075556 0.403786
0 0.674444 0.892744 0.712222 0.938485
0 0.567778 0.276025 0.602222 0.315457
0 0.888888 0.522082 0.925555 0.564669
0 0.092222 0.403785 0.128889 0.446373
0 0.145556 0.697161 0.182223 0.738171
0 0.413334 0.356466 0.447778 0.399054
0 0.042223 0.403785 0.073333 0.449526
0 0.835556 0.481073 0.870000 0.522082
0 0.621111 0.687698 0.657778 0.730285
0 0.730000 0.646688 0.765556 0.686120
0 0.835556 0.440063 0.870000 0.479495
0 0.565555 0.228706 0.603333 0.276025
0 0.674444 0.438485 0.710000 0.481073
0 0.835555 0.358044 0.871111 0.400632
0 0.255555 0.488958 0.291111 0.526813
0 0.620000 0.525236 0.657778 0.566246
0 0.256667 0.569400 0.287778 0.610410
0 0.040000 0.695583 0.074444 0.736592
0 0.618889 0.186120 0.656667 0.230284
0 0.199999 0.862776 0.238889 0.903786
0 0.620000 0.231861 0.655556 0.271293
0 0.310000 0.731862 0.344444 0.774448
0 0.310001 0.652996 0.343333 0.690851
0 0.515556 0.564669 0.547778 0.604101
0 0.570000 0.523659 0.601112 0.563091
0 0.784445 0.564669 0.816667 0.605679
0 0.565555 0.608832 0.602222 0.646687
0 0.891111 0.851735 0.925555 0.894321
0 0.836666 0.400631 0.870000 0.438485
0 0.458889 0.201893 0.503333 0.231861
0 0.255556 0.236593 0.287778 0.277602
0 0.458890 0.134069 0.502223 0.167192
0 0.255556 0.529969 0.288888 0.569401
0 0.889999 0.894322 0.926666 0.938486
0 0.515555 0.307571 0.548889 0.356467
0 0.675556 0.851735 0.710000 0.892745
0 0.890000 0.687697 0.924444 0.731861
0 0.040000 0.531546 0.074444 0.569400
0 0.462223 0.335962 0.501112 0.370662
0 0.514445 0.269717 0.548889 0.310725
0 0.461111 0.269716 0.501111 0.299684
0 0.310000 0.818612 0.345556 0.856467
0 0.837778 0.772871 0.870000 0.813880
0 0.837778 0.856467 0.873334 0.895899
0 0.412222 0.399054 0.447778 0.438486
0 0.414445 0.689275 0.453334 0.728707
0 0.041111 0.818612 0.075555 0.861198
0 0.836666 0.894322 0.872222 0.938486
0 0.892222 0.810725 0.926666 0.851735
0 0.891111 0.771293 0.924445 0.807571
0 0.460000 0.165616 0.501111 0.203470
0 0.890000 0.274448 0.924444 0.313880
0 0.364445 0.900631 0.401112 0.938485
0 0.362222 0.774448 0.397778 0.812303
0 0.730000 0.850158 0.764444 0.894322
0 0.201111 0.738171 0.235555 0.776026
0 0.571111 0.731861 0.600000 0.768139
0 0.201111 0.815457 0.236667 0.861198
0 0.417778 0.854890 0.454445 0.897477
0 0.464445 0.482650 0.498889 0.517350
0 0.462222 0.365931 0.500000 0.400631
0 0.890000 0.358044 0.925556 0.397476
0 0.834444 0.230284 0.870000 0.274448
0 0.093333 0.817035 0.128889 0.861199
0 0.887778 0.399054 0.925556 0.438486
0 0.674444 0.687697 0.710000 0.728707
0 0.674444 0.772871 0.710000 0.805994
0 0.041111 0.862776 0.075555 0.902208
0 0.364445 0.853313 0.401112 0.899054
0 0.571111 0.769716 0.600000 0.809148
0 0.416667 0.897477 0.454445 0.938486
0 0.620000 0.399054 0.656667 0.441641
0 0.309999 0.856467 0.346666 0.899053
0 0.093333 0.905363 0.130000 0.947950
0 0.200000 0.238170 0.235556 0.279179
0 0.888888 0.313881 0.925555 0.354889
0 0.835556 0.318611 0.868889 0.356466
0 0.891111 0.731861 0.926667 0.771293
0 0.728889 0.269717 0.763333 0.310725
0 0.513333 0.689275 0.551111 0.730284
0 0.888889 0.230284 0.923333 0.274448
0 0.836666 0.810725 0.872222 0.856467
0 0.622222 0.851735 0.654444 0.892745
0 0.568889 0.851735 0.603333 0.894321
0 0.411111 0.141956 0.448889 0.184542
0 0.730000 0.812303 0.764444 0.850158
0 0.567778 0.895899 0.604445 0.936909
0 0.041112 0.490537 0.074444 0.528392
0 0.728889 0.312304 0.763333 0.358045
0 0.364444 0.813881 0.400000 0.854890
0 0.728889 0.768139 0.764445 0.810725
0 0.413334 0.526814 0.450001 0.564669
0 0.888888 0.438486 0.925555 0.477918
0 0.094445 0.321767 0.127777 0.359621
0 0.415556 0.564669 0.450000 0.604101
0 0.782222 0.440063 0.816666 0.479495
0 0.040000 0.277602 0.074444 0.320190
0 0.094445 0.738171 0.127777 0.776026
0 0.040001 0.649842 0.073333 0.695584
0 0.094445 0.777603 0.127777 0.817035
0 0.255556 0.364353 0.290000 0.405362
0 0.201111 0.572555 0.236667 0.608833
0 0.782222 0.272871 0.816666 0.313879
0 0.311111 0.776025 0.345555 0.817034
0 0.255555 0.187696 0.292222 0.235015
0 0.147778 0.903786 0.183334 0.949527
0 0.728889 0.894321 0.765556 0.935331
0 0.361111 0.736594 0.398889 0.774448
0 0.514444 0.399054 0.550000 0.440062
0 0.146667 0.818612 0.183334 0.859622
0 0.727778 0.730284 0.765556 0.766562
0 0.146667 0.862776 0.183334 0.903786
0 0.040001 0.611988 0.073333 0.649842
0 0.460000 0.230284 0.502222 0.269716
0 0.622223 0.769716 0.655556 0.809148
0 0.042222 0.449526 0.072222 0.487381
0 0.622223 0.894322 0.655556 0.938486
0 0.887778 0.184542 0.925556 0.230283
0 0.834445 0.276025 0.871112 0.318613
0 0.311111 0.899054 0.347778 0.943218
0 0.674445 0.608832 0.708889 0.646687
0 0.360000 0.406940 0.394444 0.441640
0 0.094444 0.529968 0.130000 0.570978
0 0.093333 0.654574 0.128889 0.698738
0 0.621111 0.566246 0.655555 0.604101
0 0.200000 0.903786 0.240000 0.946372
0 0.310000 0.690851 0.342222 0.731861
0 0.673333 0.312303 0.711111 0.356467
0 0.416666 0.774448 0.452222 0.813880
0 0.833333 0.182966 0.871111 0.230285
0 0.041111 0.903786 0.076667 0.946372
0 0.040000 0.736594 0.074444 0.777603
0 0.199999 0.695584 0.236667 0.738170
0 0.413334 0.230284 0.447778 0.272871
0 0.200000 0.654574 0.235556 0.695584
0 0.514444 0.227130 0.550000 0.269717
0 0.727778 0.231861 0.763334 0.269716
0 0.201111 0.323344 0.235555 0.361198
0 0.041112 0.321767 0.074444 0.359621
0 0.674444 0.274448 0.710000 0.312302
0 0.782222 0.399054 0.816666 0.440062
0 0.201111 0.774448 0.235555 0.817034
0 0.147778 0.779180 0.182222 0.818612
0 0.362223 0.692430 0.398890 0.738171
0 0.568889 0.812303 0.603333 0.851735
0 0.413333 0.605679 0.451111 0.648265
0 0.513333 0.730284 0.550001 0.772871
0 0.514444 0.358044 0.550000 0.400632
0 0.202222 0.408517 0.235556 0.444795
0 0.837778 0.689275 0.872222 0.730284
0 0.201111 0.192430 0.236667 0.238170
0 0.836667 0.610410 0.871111 0.646688
0 0.255555 0.444794 0.291111 0.487382
0 0.200000 0.279180 0.235556 0.323344
0 0.310000 0.318612 0.342222 0.362776
0 0.621111 0.604101 0.657778 0.648265
0 0.307778 0.608832 0.343334 0.651419
0 0.199999 0.446372 0.236667 0.490536
0 0.358888 0.358044 0.395556 0.406940
0 0.254445 0.321766 0.291112 0.364353
0 0.358889 0.320190 0.394445 0.358044
0 0.673333 0.230284 0.711111 0.274448
0 0.783334 0.522082 0.817778 0.564669
0 0.144445 0.277603 0.183334 0.321767
0 0.566666 0.315458 0.602222 0.358045
0 0.201110 0.529968 0.237778 0.570978
0 0.781111 0.313880 0.817778 0.358044
0 0.306666 0.440063 0.342222 0.485805
