0 0.383334 0.257799 0.417778 0.308702
0 0.637778 0.261083 0.673334 0.307061
0 0.537778 0.307061 0.571111 0.346470
0 0.435555 0.259441 0.468889 0.307060
0 0.433333 0.599344 0.470000 0.643679
0 0.587778 0.305419 0.622222 0.348112
0 0.792222 0.261083 0.826666 0.305418
0 0.742222 0.307061 0.776666 0.348111
0 0.434445 0.645321 0.468889 0.686372
0 0.331110 0.681445 0.367777 0.729065
0 0.537778 0.259441 0.570000 0.305419
0 0.332222 0.305419 0.365556 0.346469
0 0.383334 0.642036 0.417778 0.684729
0 0.227777 0.264368 0.261111 0.307061
0 0.176667 0.686371 0.211111 0.733990
0 0.332222 0.261083 0.365556 0.307061
0 0.642222 0.600986 0.673334 0.642037
0 0.587777 0.346469 0.621111 0.390804
0 0.383334 0.596060 0.417778 0.642037
0 0.794445 0.594418 0.828889 0.638753
0 0.176666 0.597701 0.212222 0.645321
0 0.792222 0.307061 0.825555 0.348111
0 0.690001 0.305419 0.723334 0.346469
0 0.333333 0.594418 0.366667 0.643679
0 0.277778 0.305418 0.315556 0.349753
0 0.642222 0.642037 0.674444 0.681446
0 0.383334 0.341543 0.417778 0.392447
0 0.332222 0.643678 0.366666 0.683087
0 0.712222 0.643679 0.734444 0.679804
0 0.278889 0.267651 0.314445 0.305418
0 0.844445 0.264368 0.876667 0.305418
0 0.452222 0.474549 0.477778 0.510674
0 0.123333 0.261083 0.160000 0.307061
0 0.743333 0.348111 0.775555 0.387520
0 0.638889 0.305419 0.673333 0.348112
0 0.071110 0.257800 0.107777 0.307061
0 0.481111 0.221674 0.524444 0.259441
0 0.710000 0.686371 0.732222 0.719212
0 0.183333 0.553366 0.208889 0.584565
0 0.794444 0.648605 0.827778 0.683088
0 0.482222 0.353038 0.528890 0.387521
0 0.482223 0.325124 0.525556 0.362891
0 0.484444 0.466338 0.522222 0.509031
0 0.535556 0.348112 0.570000 0.392447
0 0.331111 0.344827 0.366667 0.390804
0 0.122222 0.344827 0.160000 0.390804
0 0.225555 0.307061 0.261111 0.346470
0 0.435555 0.307061 0.468889 0.344828
0 0.175556 0.259441 0.210000 0.305419
0 0.582222 0.476191 0.604444 0.507390
0 0.537778 0.681446 0.571111 0.730707
0 0.430000 0.433497 0.452222 0.467981
0 0.175555 0.305419 0.211111 0.348112
0 0.793333 0.348112 0.825555 0.392447
0 0.843333 0.305419 0.876667 0.346469
0 0.428889 0.513958 0.453333 0.550083
0 0.428889 0.392446 0.452223 0.426930
0 0.710000 0.600986 0.732222 0.637111
0 0.430001 0.476191 0.451111 0.509031
0 0.794444 0.683087 0.827778 0.724137
0 0.708889 0.472907 0.732222 0.509031
0 0.684445 0.599343 0.708889 0.637111
0 0.123334 0.307061 0.157778 0.346470
0 0.072222 0.686372 0.108890 0.730707
0 0.226666 0.346469 0.262222 0.389162
0 0.540001 0.643679 0.571111 0.679804
0 0.434444 0.343185 0.470000 0.387520
0 0.685555 0.643679 0.708889 0.676519
0 0.481111 0.154351 0.524444 0.193761
0 0.117778 0.558292 0.141110 0.600986
0 0.541112 0.594417 0.570001 0.642037
0 0.176667 0.348112 0.208889 0.392447
0 0.384445 0.308702 0.416667 0.343186
0 0.118889 0.435139 0.141111 0.469622
0 0.277778 0.221674 0.313334 0.264367
0 0.175556 0.645320 0.212223 0.688014
0 0.657778 0.474549 0.681111 0.510674
0 0.684444 0.394089 0.705556 0.426930
0 0.072222 0.600985 0.107778 0.643679
0 0.144445 0.648605 0.166667 0.681445
0 0.434444 0.686372 0.470000 0.727422
0 0.430000 0.730706 0.452222 0.763546
0 0.383334 0.683086 0.417778 0.725780
0 0.637778 0.346469 0.672222 0.389162
0 0.583333 0.563219 0.605555 0.596059
0 0.582222 0.392447 0.603334 0.423646
0 0.710000 0.558292 0.732222 0.592776
0 0.895556 0.262726 0.930000 0.298850
0 0.843333 0.346469 0.875555 0.385879
0 0.118890 0.688013 0.142223 0.725781
0 0.071111 0.308702 0.108889 0.348112
0 0.690001 0.344828 0.723334 0.387520
0 0.490000 0.509031 0.517778 0.545156
0 0.430000 0.561577 0.452222 0.596060
0 0.583333 0.604270 0.606666 0.637110
0 0.657778 0.392446 0.677778 0.425287
0 0.142222 0.394089 0.166666 0.430213
0 0.639999 0.681445 0.676666 0.725780
0 0.277778 0.167487 0.314445 0.223317
0 0.608889 0.561577 0.632223 0.592776
0 0.633333 0.477832 0.652222 0.509031
0 0.117778 0.770114 0.142222 0.807882
0 0.070000 0.344827 0.107778 0.390804
0 0.144445 0.515599 0.165555 0.551724
0 0.608888 0.476191 0.630000 0.507390
0 0.118889 0.476191 0.139999 0.509031
0 0.452222 0.433497 0.475556 0.467981
0 0.144445 0.602627 0.166667 0.638752
0 0.608889 0.604270 0.632223 0.637110
0 0.453333 0.394089 0.475555 0.426930
0 0.118890 0.730706 0.142223 0.765189
0 0.894444 0.172414 0.930000 0.223317
0 0.118889 0.604270 0.139999 0.640394
0 0.072222 0.643678 0.107778 0.686372
0 0.582222 0.513957 0.603334 0.548440
0 0.895555 0.302134 0.931111 0.348112
0 0.143333 0.477832 0.165555 0.510674
0 0.117778 0.394088 0.141110 0.428571
0 0.117778 0.515599 0.141110 0.551724
0 0.683334 0.561577 0.707778 0.592776
0 0.607777 0.433498 0.628889 0.464697
0 0.144445 0.435140 0.165555 0.467981
0 0.144445 0.691298 0.165555 0.722496
0 0.634445 0.392446 0.653334 0.420361
0 0.710000 0.394089 0.730000 0.426930
0 0.710000 0.515599 0.733333 0.553367
0 0.685556 0.513957 0.707778 0.553366
0 0.657778 0.431856 0.677778 0.467980
0 0.684444 0.433497 0.705556 0.463055
0 0.607778 0.394088 0.627778 0.423646
0 0.065556 0.394089 0.088888 0.426930
0 0.453334 0.515599 0.477778 0.546798
0 0.428889 0.766830 0.452223 0.801314
0 0.065556 0.436782 0.087778 0.472907
0 0.710000 0.431856 0.730000 0.463054
0 0.608889 0.518884 0.631111 0.555009
0 0.454445 0.556651 0.476667 0.597701
0 0.090000 0.394089 0.114444 0.430213
0 0.118889 0.648605 0.141111 0.679804
0 0.145556 0.730706 0.164444 0.763546
0 0.455556 0.729063 0.476666 0.760262
0 0.145556 0.812808 0.166666 0.845648
0 0.145556 0.771756 0.166666 0.806239
0 0.685556 0.477832 0.705556 0.507390
0 0.092222 0.436781 0.114444 0.467980
0 0.480000 0.124794 0.526667 0.155993
0 0.582222 0.431856 0.603334 0.467980
0 0.633333 0.433498 0.652222 0.464697
0 0.144445 0.558292 0.165555 0.597701
0 0.120001 0.812808 0.141112 0.844006
0 0.505556 0.730706 0.527778 0.756978
0 0.480000 0.193761 0.526667 0.223318
0 0.481111 0.285715 0.526667 0.326765
0 0.658889 0.517242 0.681111 0.553366
0 0.454445 0.768473 0.476667 0.798030
0 0.894444 0.223317 0.930000 0.261084
0 0.481111 0.259441 0.525555 0.290640
0 0.743334 0.681445 0.777778 0.727421
0 0.226667 0.216748 0.261111 0.264367
0 0.587778 0.259441 0.622222 0.305419
0 0.843334 0.218391 0.877778 0.264368
0 0.742223 0.594418 0.775556 0.640394
0 0.741111 0.261083 0.774444 0.305418
0 0.688889 0.261083 0.723333 0.305418
0 0.743333 0.642037 0.776667 0.683087
0 0.483333 0.423646 0.523333 0.467981
