0 0.788889 0.129934 0.823333 0.179276
0 0.224445 0.136512 0.258889 0.182565
0 0.635555 0.269737 0.668888 0.310855
0 0.223334 0.269736 0.257778 0.312499
0 0.223334 0.184210 0.257778 0.226973
0 0.380000 0.394737 0.413334 0.434211
0 0.327777 0.268093 0.361111 0.310856
0 0.327778 0.222040 0.362222 0.268093
0 0.172222 0.644736 0.207778 0.687500
0 0.585555 0.180921 0.616667 0.225329
0 0.274444 0.133224 0.310000 0.182566
0 0.067778 0.353619 0.102222 0.396381
0 0.326666 0.310856 0.362222 0.353619
0 0.173334 0.768092 0.207778 0.814144
0 0.584445 0.271381 0.616667 0.309210
0 0.172223 0.315790 0.205556 0.353619
0 0.432222 0.723684 0.466666 0.768092
0 0.223334 0.226973 0.257778 0.269736
0 0.173334 0.687500 0.206667 0.730264
0 0.380000 0.351974 0.413334 0.393092
0 0.788890 0.179276 0.822223 0.223684
0 0.172222 0.603619 0.207778 0.644737
0 0.740000 0.514802 0.774444 0.557566
0 0.122223 0.562500 0.155556 0.601974
0 0.225555 0.521382 0.258888 0.557566
0 0.740000 0.350329 0.772222 0.389803
0 0.688889 0.391448 0.719999 0.432566
0 0.068889 0.518092 0.103333 0.565790
0 0.790000 0.350329 0.822222 0.391447
0 0.740000 0.473684 0.772222 0.513158
0 0.068889 0.603618 0.103333 0.646382
0 0.586667 0.518092 0.618889 0.560856
0 0.480000 0.429277 0.520000 0.475330
0 0.275555 0.273027 0.308889 0.314145
0 0.688889 0.476974 0.722222 0.516448
0 0.173334 0.523026 0.206667 0.562500
0 0.068889 0.398026 0.102222 0.437500
0 0.585555 0.601974 0.621111 0.648026
0 0.840000 0.259869 0.874444 0.307565
0 0.688889 0.350329 0.717777 0.391447
0 0.224445 0.687500 0.258889 0.730264
0 0.585556 0.560855 0.620000 0.601973
0 0.788889 0.305922 0.823333 0.348685
0 0.173334 0.562500 0.206667 0.603618
0 0.224445 0.643092 0.258889 0.687500
0 0.893334 0.384869 0.927778 0.430922
0 0.121111 0.601973 0.155555 0.644737
0 0.171111 0.266447 0.205555 0.315789
0 0.381112 0.810855 0.414444 0.850329
0 0.430000 0.179277 0.465556 0.226973
0 0.380000 0.557566 0.414444 0.603618
0 0.894444 0.470394 0.927778 0.513158
0 0.224444 0.851974 0.260000 0.893092
0 0.896666 0.718750 0.932222 0.761514
0 0.121111 0.394737 0.153333 0.435855
0 0.792223 0.391448 0.823333 0.429277
0 0.122223 0.685855 0.153334 0.728619
0 0.791111 0.430921 0.824445 0.472039
0 0.688889 0.516447 0.722222 0.559211
0 0.431111 0.129934 0.465555 0.179276
0 0.381111 0.766447 0.415555 0.809211
0 0.891111 0.129935 0.927778 0.175988
0 0.790001 0.264802 0.821111 0.304276
0 0.223333 0.805921 0.258889 0.851973
0 0.432222 0.768092 0.464444 0.809210
0 0.381111 0.685855 0.415555 0.728619
0 0.173333 0.730263 0.205555 0.769737
0 0.896666 0.761513 0.932222 0.800987
0 0.122222 0.644736 0.154444 0.687500
0 0.120000 0.809211 0.156667 0.855263
0 0.276667 0.478618 0.311111 0.518092
0 0.274444 0.226973 0.310000 0.273027
0 0.586666 0.472039 0.617778 0.516447
0 0.688889 0.600329 0.723333 0.643093
0 0.068889 0.481907 0.103333 0.519737
0 0.381111 0.641447 0.413333 0.684211
0 0.224445 0.314145 0.258889 0.350329
0 0.687778 0.680921 0.724445 0.728619
0 0.448889 0.310855 0.472223 0.347039
0 0.066667 0.138158 0.103334 0.182566
0 0.381111 0.603618 0.413333 0.643092
0 0.432222 0.810855 0.465556 0.851973
0 0.070000 0.564145 0.103333 0.601973
0 0.688889 0.557565 0.723333 0.600329
0 0.741111 0.641447 0.775555 0.680921
0 0.690001 0.641447 0.723334 0.680921
0 0.742223 0.888158 0.778890 0.934210
0 0.381111 0.518093 0.413333 0.555921
0 0.173334 0.853618 0.207778 0.896382
0 0.424445 0.437500 0.448889 0.473684
0 0.172222 0.355264 0.206666 0.389802
0 0.893334 0.430921 0.926667 0.470395
0 0.788890 0.223685 0.822223 0.266448
0 0.892222 0.263158 0.926666 0.302632
0 0.380000 0.850329 0.415556 0.896381
0 0.584444 0.310856 0.617777 0.353619
0 0.892222 0.304277 0.926666 0.345395
0 0.224444 0.894737 0.260000 0.935855
0 0.740000 0.557566 0.775556 0.598684
0 0.743333 0.805921 0.776667 0.845395
0 0.741111 0.600329 0.775555 0.639803
0 0.895555 0.593750 0.931111 0.639802
0 0.223333 0.730263 0.258889 0.768093
0 0.743333 0.723684 0.775555 0.764802
0 0.896666 0.800986 0.932222 0.843750
0 0.067778 0.184210 0.103334 0.228618
0 0.742222 0.764803 0.776666 0.805921
0 0.586667 0.355264 0.616667 0.393093
0 0.173334 0.814145 0.207778 0.851973
0 0.382222 0.728619 0.414444 0.766447
0 0.432222 0.891447 0.466666 0.930921
0 0.892222 0.217106 0.927778 0.263159
0 0.432222 0.850329 0.466666 0.891447
0 0.173334 0.896382 0.207778 0.937500
0 0.113334 0.350328 0.136666 0.388157
0 0.067778 0.226974 0.103334 0.271382
0 0.896666 0.552631 0.929999 0.595395
0 0.451111 0.276315 0.471111 0.305920
0 0.140000 0.271382 0.161111 0.307566
0 0.895555 0.513158 0.928889 0.552632
0 0.425556 0.475328 0.447778 0.513157
0 0.895556 0.639803 0.930000 0.680921
0 0.896667 0.679276 0.931111 0.718750
0 0.424445 0.394737 0.447778 0.430921
0 0.381111 0.478618 0.413333 0.518092
0 0.742222 0.847040 0.776666 0.888158
0 0.742223 0.680921 0.773333 0.723685
0 0.122223 0.766448 0.155556 0.807566
0 0.121111 0.480263 0.155555 0.519737
0 0.585556 0.393092 0.618889 0.432566
0 0.223333 0.766448 0.258889 0.807566
0 0.451111 0.394736 0.473333 0.432565
0 0.427777 0.274670 0.446667 0.302631
0 0.451111 0.435856 0.472222 0.473685
0 0.140000 0.314144 0.161111 0.347040
0 0.896667 0.842105 0.931111 0.886513
0 0.141111 0.355264 0.161111 0.388159
0 0.122222 0.730263 0.154444 0.768093
0 0.477778 0.225329 0.520000 0.266447
0 0.065556 0.305920 0.102223 0.351973
0 0.450000 0.644737 0.473334 0.680921
0 0.894444 0.343750 0.927778 0.384868
0 0.452222 0.481908 0.472222 0.513158
0 0.112223 0.310855 0.135555 0.347039
0 0.896666 0.888158 0.932222 0.929276
0 0.114444 0.271381 0.134444 0.305920
0 0.380000 0.312500 0.413334 0.353618
0 0.448889 0.685855 0.474445 0.722039
0 0.448889 0.355264 0.473333 0.384869
0 0.687778 0.312499 0.720000 0.350328
0 0.585556 0.440789 0.620000 0.467105
0 0.893334 0.175987 0.926667 0.215461
0 0.503333 0.730264 0.525555 0.763158
0 0.477778 0.478619 0.522222 0.508224
0 0.224444 0.557566 0.260000 0.601974
0 0.276667 0.435855 0.309999 0.476973
0 0.483333 0.358882 0.523333 0.394736
0 0.481111 0.291119 0.522222 0.330757
0 0.476667 0.131579 0.520000 0.161349
0 0.480000 0.329227 0.523334 0.361019
0 0.477778 0.159540 0.520000 0.195066
0 0.066666 0.271381 0.102222 0.312664
0 0.476667 0.194901 0.521111 0.222697
0 0.480000 0.264802 0.521111 0.292270
0 0.583334 0.226974 0.617778 0.271382
0 0.531111 0.226973 0.566667 0.269736
0 0.224444 0.439144 0.257777 0.481907
0 0.275555 0.394737 0.308889 0.435855
0 0.223333 0.350328 0.258889 0.396381
0 0.171110 0.481908 0.207778 0.523026
0 0.738889 0.307565 0.773333 0.350328
0 0.121111 0.519737 0.155555 0.564145
0 0.275555 0.312500 0.308889 0.353618
0 0.583334 0.133224 0.617778 0.182566
0 0.740000 0.389802 0.773334 0.429276
0 0.274444 0.184210 0.310000 0.226973
0 0.068889 0.437500 0.102222 0.481908
0 0.172222 0.440790 0.206666 0.481908
0 0.686666 0.263159 0.720000 0.310856
0 0.275556 0.353618 0.307778 0.393092
0 0.225555 0.481908 0.258888 0.521382
0 0.532222 0.269737 0.566666 0.310855
0 0.173334 0.393093 0.206667 0.440790
0 0.532222 0.134869 0.567778 0.182565
0 0.635555 0.223685 0.666667 0.269738
0 0.225555 0.601973 0.258888 0.644737
0 0.741111 0.429276 0.773333 0.473684
0 0.121112 0.437501 0.154445 0.480264
0 0.532222 0.184211 0.565555 0.225329
0 0.633333 0.134869 0.668889 0.180922
0 0.224444 0.394737 0.257777 0.439145
0 0.735555 0.131580 0.771111 0.179277
0 0.381111 0.434210 0.413333 0.478618
0 0.738889 0.268092 0.771111 0.309210
0 0.378889 0.266448 0.414445 0.312501
0 0.431111 0.226974 0.464445 0.271382
0 0.634444 0.182566 0.667778 0.223684
0 0.737777 0.222040 0.771111 0.268093
0 0.688889 0.434210 0.721111 0.476973
0 0.737778 0.179277 0.772222 0.222040
