0 0.868750 0.517405 0.902500 0.552215
0 0.813750 0.582278 0.846250 0.613924
0 0.868750 0.803797 0.901250 0.835443
0 0.813750 0.602849 0.848750 0.643988
0 0.501250 0.588608 0.523750 0.612342
0 0.757500 0.488924 0.791250 0.517405
0 0.868750 0.579114 0.902500 0.613924
0 0.503750 0.686709 0.522500 0.708861
0 0.503750 0.867089 0.523750 0.892405
0 0.813750 0.708861 0.846250 0.740507
0 0.867500 0.640823 0.902500 0.677215
0 0.815000 0.737342 0.846250 0.768988
0 0.372500 0.460444 0.406250 0.488924
0 0.095000 0.393987 0.127500 0.425633
0 0.813750 0.455696 0.847500 0.487342
0 0.868750 0.867089 0.902500 0.900317
0 0.501250 0.667721 0.522500 0.688291
0 0.868750 0.610759 0.903750 0.642405
0 0.498750 0.571202 0.522500 0.590190
0 0.867500 0.768987 0.902500 0.802215
0 0.866250 0.832279 0.901250 0.868671
0 0.868750 0.740506 0.903750 0.768987
0 0.701250 0.332278 0.737500 0.376582
0 0.757500 0.422468 0.791250 0.454114
0 0.757500 0.455697 0.792500 0.493671
0 0.867500 0.675633 0.902500 0.707279
0 0.097500 0.428797 0.126250 0.455697
0 0.815000 0.768987 0.848750 0.803797
0 0.095000 0.615506 0.128750 0.643987
0 0.870000 0.454115 0.901250 0.484177
0 0.372500 0.482595 0.405000 0.517405
0 0.263750 0.582278 0.296250 0.613924
0 0.208750 0.681962 0.237500 0.704114
0 0.502500 0.843355 0.523750 0.867089
0 0.813750 0.803797 0.847500 0.835443
0 0.867500 0.705696 0.902500 0.742088
0 0.096250 0.643987 0.130000 0.675633
0 0.261250 0.710443 0.293750 0.742089
0 0.870000 0.424050 0.901250 0.454113
0 0.096250 0.835443 0.128750 0.867089
0 0.207500 0.618671 0.240000 0.643987
0 0.096250 0.805380 0.127500 0.837026
0 0.815000 0.485759 0.847500 0.517405
0 0.647500 0.806962 0.681250 0.832278
0 0.867500 0.387658 0.903750 0.424050
0 0.153750 0.397151 0.183750 0.424050
0 0.812500 0.867088 0.847500 0.898734
0 0.812500 0.675633 0.848750 0.710443
0 0.812500 0.643987 0.847500 0.677215
0 0.758750 0.582279 0.791250 0.610760
0 0.428750 0.806962 0.458750 0.832278
0 0.812500 0.835443 0.847500 0.867089
0 0.650000 0.359177 0.680000 0.393987
0 0.705000 0.488924 0.736250 0.517405
0 0.261250 0.677215 0.295000 0.713607
0 0.427500 0.455696 0.461250 0.488924
0 0.265000 0.490507 0.295000 0.520570
0 0.096250 0.772152 0.127500 0.805380
0 0.263750 0.803797 0.295000 0.835443
0 0.265000 0.772152 0.295000 0.805380
0 0.705000 0.457278 0.736250 0.488924
0 0.648750 0.487341 0.682500 0.515822
0 0.096250 0.742088 0.128750 0.773734
0 0.152500 0.772152 0.185000 0.803798
0 0.263750 0.552215 0.295000 0.583861
0 0.372500 0.835443 0.405000 0.867089
0 0.317500 0.643987 0.351250 0.677215
0 0.316250 0.868671 0.352500 0.900317
0 0.648750 0.457278 0.681250 0.488924
0 0.261250 0.643987 0.296250 0.678797
0 0.371250 0.425633 0.407500 0.462025
0 0.317500 0.802215 0.352500 0.833861
0 0.647500 0.772153 0.681250 0.802215
0 0.593750 0.613924 0.627500 0.645570
0 0.318750 0.707278 0.351250 0.738924
0 0.261250 0.867089 0.296250 0.901899
0 0.207500 0.705696 0.241250 0.743672
0 0.595000 0.393988 0.627500 0.424050
0 0.593750 0.803797 0.627500 0.835443
0 0.540000 0.613924 0.570000 0.645570
0 0.095000 0.520569 0.128750 0.552215
0 0.151250 0.492089 0.185000 0.522151
0 0.372500 0.867089 0.406250 0.900317
0 0.207500 0.803797 0.240000 0.837025
0 0.206250 0.552215 0.240000 0.580696
0 0.647500 0.738924 0.681250 0.770570
0 0.317500 0.457279 0.350000 0.485760
0 0.593750 0.580696 0.626250 0.613924
0 0.317500 0.485759 0.351250 0.517405
0 0.702500 0.545885 0.737500 0.583861
0 0.647500 0.832279 0.682500 0.867089
0 0.372500 0.738924 0.405000 0.772152
0 0.428750 0.678798 0.461250 0.708861
0 0.206250 0.488924 0.240000 0.520570
0 0.427500 0.708861 0.461250 0.738923
0 0.151250 0.740506 0.185000 0.773734
0 0.317500 0.677215 0.351250 0.708861
0 0.317500 0.833861 0.351250 0.868671
0 0.095000 0.488924 0.127500 0.522152
0 0.757500 0.549051 0.792500 0.583861
0 0.316250 0.552215 0.351250 0.583861
0 0.373750 0.645570 0.405000 0.675632
0 0.262500 0.427216 0.296250 0.457278
0 0.317500 0.393987 0.351250 0.425633
0 0.648750 0.613924 0.681250 0.643987
0 0.373750 0.360759 0.406250 0.392405
0 0.537500 0.837025 0.571250 0.871835
0 0.647500 0.514241 0.682500 0.549051
0 0.263750 0.395569 0.295000 0.427215
0 0.316250 0.359177 0.352500 0.393987
0 0.373750 0.612342 0.405000 0.647152
0 0.206250 0.458861 0.240000 0.488923
0 0.095000 0.707279 0.130000 0.743671
0 0.648750 0.643987 0.681250 0.677215
0 0.537500 0.768987 0.571250 0.806963
0 0.593750 0.454114 0.627500 0.485760
0 0.537500 0.806962 0.571250 0.838608
0 0.151250 0.707278 0.185000 0.740506
0 0.151250 0.462025 0.183750 0.493671
0 0.593750 0.643987 0.628750 0.675633
0 0.206250 0.643988 0.240000 0.680380
0 0.430000 0.393988 0.460000 0.424050
0 0.316250 0.425633 0.350000 0.457279
0 0.593750 0.675633 0.626250 0.708861
0 0.540000 0.517406 0.570000 0.547469
0 0.371250 0.392405 0.406250 0.425633
0 0.538750 0.580696 0.570000 0.612342
0 0.372500 0.675633 0.405000 0.710443
0 0.593750 0.485760 0.627500 0.520570
0 0.428750 0.549051 0.461250 0.582279
0 0.317500 0.518987 0.351250 0.552215
0 0.151250 0.425633 0.185000 0.463608
0 0.538750 0.547468 0.571250 0.580696
0 0.593750 0.357595 0.628750 0.393987
0 0.205000 0.580696 0.241250 0.618672
0 0.536250 0.359177 0.572500 0.395569
0 0.372500 0.579114 0.406250 0.612342
0 0.501250 0.649525 0.523750 0.668038
0 0.480000 0.493671 0.518750 0.521361
0 0.501250 0.610759 0.522500 0.631487
0 0.482500 0.368671 0.516250 0.384968
0 0.483750 0.778481 0.515000 0.802689
0 0.481250 0.329115 0.517500 0.367563
0 0.483750 0.439557 0.515000 0.473101
0 0.501250 0.631487 0.523750 0.650316
0 0.482500 0.406645 0.516250 0.439873
0 0.868750 0.485760 0.903750 0.516931
0 0.870599 0.551598 0.900775 0.580348
0 0.485063 0.384858 0.514925 0.406124
0 0.485376 0.521092 0.516162 0.541962
0 0.486625 0.543528 0.514925 0.552200
0 0.483000 0.802674 0.514800 0.810048
0 0.428750 0.772152 0.461250 0.805380
0 0.095000 0.868671 0.130000 0.903481
0 0.427500 0.487342 0.460000 0.518988
0 0.593750 0.549050 0.627500 0.580696
0 0.261250 0.742089 0.293750 0.772151
0 0.207500 0.397152 0.240000 0.422468
0 0.705000 0.518988 0.737500 0.547469
0 0.151250 0.805380 0.185000 0.835442
0 0.372500 0.800633 0.406250 0.833861
0 0.757500 0.607594 0.792500 0.647151
0 0.815000 0.424050 0.846250 0.455696
0 0.096250 0.675633 0.127500 0.705696
0 0.427500 0.738924 0.458750 0.772152
0 0.428750 0.613924 0.460000 0.645570
0 0.263750 0.835443 0.293750 0.867089
0 0.815000 0.390823 0.847500 0.425633
0 0.758750 0.390823 0.792500 0.425633
0 0.758750 0.517405 0.792500 0.549051
0 0.207500 0.743672 0.241250 0.773734
0 0.206250 0.868671 0.242500 0.903481
0 0.095000 0.457278 0.127500 0.488924
0 0.372500 0.770569 0.406250 0.802215
0 0.426250 0.868671 0.461250 0.900317
0 0.318750 0.615507 0.350000 0.645570
0 0.537500 0.707278 0.571250 0.738924
0 0.537500 0.871835 0.571250 0.898734
0 0.702500 0.427216 0.736250 0.457278
0 0.318750 0.770569 0.350000 0.802215
0 0.152500 0.582278 0.183750 0.613924
0 0.540000 0.740506 0.567500 0.768987
0 0.650000 0.428797 0.681250 0.458860
0 0.540000 0.485759 0.571250 0.517405
0 0.595000 0.518987 0.626250 0.550633
0 0.262500 0.517405 0.296250 0.550633
0 0.096250 0.550633 0.128750 0.580696
0 0.207500 0.837025 0.240000 0.870253
0 0.372500 0.550632 0.405000 0.577531
0 0.538750 0.455696 0.572500 0.487342
0 0.647500 0.707278 0.680000 0.738924
0 0.318750 0.738924 0.351250 0.772152
0 0.207500 0.772152 0.240000 0.805380
0 0.428750 0.518987 0.460000 0.550633
0 0.151250 0.835443 0.185000 0.871835
0 0.153750 0.552215 0.182500 0.582278
0 0.151250 0.612342 0.183750 0.645570
0 0.813750 0.517405 0.847500 0.549051
0 0.593750 0.868671 0.626250 0.900317
0 0.537500 0.395570 0.572500 0.424050
0 0.095000 0.582278 0.128750 0.615506
0 0.262500 0.613924 0.295000 0.645570
0 0.537500 0.680380 0.571250 0.710442
0 0.427500 0.359177 0.463750 0.393987
0 0.596250 0.424050 0.626250 0.454113
0 0.426250 0.833861 0.460000 0.868671
0 0.538750 0.643987 0.571250 0.678797
0 0.813750 0.549051 0.847500 0.583861
0 0.648750 0.675633 0.680000 0.708861
0 0.153750 0.678798 0.183750 0.708861
0 0.372500 0.710444 0.405000 0.740506
0 0.647500 0.868671 0.681250 0.900317
0 0.593750 0.708861 0.625000 0.738923
0 0.592500 0.773734 0.626250 0.805380
0 0.593750 0.835443 0.626250 0.870253
0 0.151250 0.365506 0.183750 0.397152
0 0.428750 0.424050 0.460000 0.455696
0 0.152500 0.645570 0.183750 0.678798
0 0.648750 0.549050 0.682500 0.580696
0 0.702500 0.390823 0.736250 0.428797
0 0.206250 0.518987 0.240000 0.552215
0 0.428750 0.645570 0.461250 0.680380
0 0.648750 0.390823 0.681250 0.427215
0 0.262500 0.457278 0.296250 0.490506
0 0.648750 0.580696 0.681250 0.612342
0 0.537500 0.424051 0.572500 0.457279
0 0.207500 0.359177 0.241250 0.397152
0 0.372500 0.517405 0.405000 0.550633
0 0.316250 0.582278 0.351250 0.615506
0 0.593750 0.738924 0.625000 0.773734
0 0.262500 0.359177 0.297500 0.393987
0 0.207500 0.424051 0.240000 0.458861
0 0.427500 0.582278 0.461250 0.613924
0 0.151250 0.520569 0.183750 0.552215
