0 0.755000 0.487341 0.787500 0.517404
0 0.366250 0.867089 0.405000 0.897151
0 0.479874 0.437026 0.513749 0.469937
0 0.367500 0.675633 0.402500 0.708544
0 0.367500 0.833861 0.402500 0.867089
0 0.495000 0.613923 0.522500 0.632595
0 0.496250 0.846519 0.517500 0.867880
0 0.478750 0.495253 0.512500 0.519778
0 0.810000 0.424050 0.843750 0.454113
0 0.865000 0.549051 0.898750 0.582279
0 0.697500 0.552215 0.732500 0.580696
0 0.698750 0.645570 0.731250 0.675632
0 0.753750 0.455697 0.787500 0.485759
0 0.587500 0.803798 0.621250 0.832279
0 0.312500 0.514240 0.348750 0.547468
0 0.370000 0.514240 0.402500 0.547468
0 0.205000 0.612341 0.237500 0.640822
0 0.202500 0.640823 0.237500 0.674051
0 0.642500 0.740506 0.676250 0.772152
0 0.588750 0.390823 0.622500 0.420885
0 0.313750 0.770570 0.347500 0.800632
0 0.315000 0.800633 0.348750 0.833861
0 0.810000 0.487341 0.841250 0.517404
0 0.700000 0.357595 0.733750 0.390823
0 0.696250 0.612342 0.732500 0.647152
0 0.862500 0.740506 0.897500 0.773734
0 0.808750 0.553798 0.842500 0.582279
0 0.147500 0.832278 0.182500 0.865506
0 0.642500 0.770570 0.676250 0.803798
0 0.808750 0.579114 0.842500 0.612342
0 0.862500 0.805380 0.896250 0.838608
0 0.698750 0.325949 0.735000 0.357595
0 0.258750 0.449367 0.293750 0.481013
0 0.203750 0.417721 0.238750 0.449367
0 0.753750 0.356013 0.787500 0.390823
0 0.862500 0.772152 0.897500 0.805380
0 0.697500 0.449367 0.733750 0.485759
0 0.202500 0.768987 0.236250 0.802215
0 0.642500 0.805380 0.675000 0.833861
0 0.315000 0.870254 0.347500 0.897153
0 0.756250 0.390823 0.786250 0.424051
0 0.201250 0.800633 0.238750 0.833861
0 0.645000 0.647151 0.676250 0.674050
0 0.148750 0.865507 0.182500 0.895570
0 0.147500 0.770569 0.182500 0.802215
0 0.093750 0.382911 0.125000 0.417721
0 0.863750 0.455697 0.898750 0.484177
0 0.865000 0.390823 0.898750 0.427215
0 0.477500 0.321203 0.515000 0.359177
0 0.315000 0.675633 0.347500 0.708861
0 0.148750 0.417721 0.182500 0.450949
0 0.698750 0.392406 0.733750 0.444621
0 0.370000 0.484178 0.401250 0.514240
0 0.368750 0.613924 0.402500 0.642405
0 0.863750 0.708861 0.897500 0.742089
0 0.371250 0.351266 0.403750 0.387658
0 0.810000 0.390823 0.843750 0.424051
0 0.751250 0.773734 0.787500 0.805380
0 0.315000 0.610760 0.347500 0.639240
0 0.146250 0.739398 0.182500 0.770570
0 0.588750 0.581962 0.621250 0.612342
0 0.203750 0.707279 0.237500 0.739399
0 0.203750 0.739082 0.237500 0.768988
0 0.588750 0.548860 0.621250 0.581614
0 0.146250 0.707547 0.182500 0.739083
0 0.643750 0.422468 0.677500 0.454114
0 0.863750 0.485760 0.898750 0.515822
0 0.203750 0.863924 0.237500 0.897152
0 0.202500 0.833861 0.237500 0.865507
0 0.497600 0.670412 0.520438 0.687991
0 0.498788 0.632626 0.519938 0.650348
0 0.498725 0.590237 0.518875 0.612911
0 0.481625 0.398608 0.514837 0.416551
0 0.480500 0.379225 0.515213 0.400016
0 0.368750 0.707911 0.402500 0.737816
0 0.478750 0.357595 0.517500 0.379113
0 0.496250 0.869463 0.520000 0.893987
0 0.496250 0.569620 0.520000 0.590664
0 0.497500 0.650316 0.521250 0.669778
0 0.863750 0.427058 0.898750 0.455697
0 0.480625 0.414399 0.516250 0.438291
0 0.478750 0.519462 0.513750 0.540822
0 0.480000 0.541455 0.513750 0.560127
0 0.313750 0.579114 0.347500 0.612342
0 0.587500 0.773734 0.622500 0.803797
0 0.495000 0.686709 0.520000 0.716772
0 0.533750 0.802215 0.566250 0.835443
0 0.480000 0.780064 0.512500 0.810126
0 0.426250 0.488924 0.458750 0.518987
0 0.092500 0.417721 0.126250 0.450949
0 0.427500 0.515823 0.456250 0.545886
0 0.643750 0.863924 0.673750 0.897152
0 0.148750 0.387658 0.182500 0.422468
0 0.862500 0.870253 0.897500 0.901899
0 0.752500 0.325949 0.788750 0.357595
0 0.863750 0.680380 0.898750 0.712026
0 0.313750 0.707279 0.347500 0.735760
0 0.643750 0.838607 0.673750 0.865506
0 0.370000 0.390823 0.401250 0.417722
0 0.257500 0.422469 0.293750 0.450950
0 0.861250 0.838608 0.897500 0.871836
0 0.368750 0.640823 0.402500 0.675633
0 0.532500 0.772152 0.566250 0.805380
0 0.148750 0.799051 0.181250 0.832279
0 0.371250 0.450949 0.401250 0.484177
0 0.092500 0.450950 0.126250 0.481012
0 0.148750 0.517405 0.182500 0.545886
0 0.863750 0.613924 0.898750 0.645570
0 0.753750 0.425633 0.787500 0.455696
0 0.697500 0.740506 0.731250 0.772152
0 0.752500 0.870254 0.785000 0.900316
0 0.588750 0.351266 0.622500 0.392405
0 0.425000 0.420886 0.458750 0.454114
0 0.587500 0.740506 0.621250 0.773734
0 0.313750 0.482595 0.348750 0.514241
0 0.863750 0.580696 0.900000 0.613924
0 0.535000 0.454114 0.567500 0.482594
0 0.315000 0.640823 0.347500 0.675633
0 0.425000 0.455696 0.458750 0.487342
0 0.203750 0.674051 0.238750 0.707279
0 0.865000 0.357595 0.898750 0.392405
0 0.423750 0.674050 0.453750 0.705696
0 0.810000 0.454114 0.842500 0.487342
0 0.643750 0.354430 0.678750 0.389240
0 0.093750 0.580696 0.126250 0.613924
0 0.531250 0.833861 0.567500 0.867089
0 0.146250 0.640823 0.182500 0.674051
0 0.147500 0.674051 0.183750 0.707279
0 0.750000 0.803797 0.787500 0.837025
0 0.751250 0.837025 0.786250 0.870253
0 0.366250 0.800633 0.402500 0.833861
0 0.642500 0.610760 0.678750 0.647152
0 0.148750 0.449367 0.182500 0.481013
0 0.807500 0.740506 0.842500 0.775316
0 0.313750 0.737342 0.347500 0.772152
0 0.315000 0.833861 0.347500 0.868671
0 0.423750 0.610759 0.457500 0.643987
0 0.148750 0.609177 0.182500 0.642405
0 0.863750 0.645570 0.898750 0.680380
0 0.368750 0.735759 0.402500 0.768987
0 0.423750 0.642405 0.456250 0.675633
0 0.808750 0.354431 0.843750 0.392406
0 0.370000 0.417721 0.402500 0.450949
0 0.697500 0.579114 0.733750 0.612342
0 0.315000 0.547468 0.348750 0.580696
0 0.257500 0.481013 0.293750 0.514241
0 0.697500 0.485759 0.733750 0.518987
0 0.808750 0.643987 0.842500 0.675633
0 0.643750 0.707279 0.676250 0.742089
0 0.697500 0.708861 0.731250 0.742089
0 0.092500 0.481012 0.126250 0.512658
0 0.587500 0.610760 0.623750 0.647152
0 0.643750 0.549050 0.676250 0.580696
0 0.425000 0.580696 0.457500 0.612342
0 0.147500 0.579114 0.182500 0.609177
0 0.257500 0.351266 0.292500 0.387658
0 0.643750 0.672469 0.676250 0.708861
0 0.862500 0.517405 0.898750 0.549051
0 0.532500 0.612342 0.566250 0.643988
0 0.643750 0.580697 0.677500 0.610760
0 0.315000 0.389240 0.348750 0.417721
0 0.426250 0.387658 0.458750 0.420886
0 0.423750 0.867089 0.456250 0.897151
0 0.643750 0.452531 0.678750 0.484177
0 0.808750 0.517405 0.842500 0.553797
0 0.257500 0.387658 0.293750 0.424050
0 0.590000 0.454114 0.622500 0.485760
0 0.367500 0.768987 0.402500 0.802215
0 0.533750 0.549050 0.567500 0.580696
0 0.535000 0.351266 0.567500 0.386076
0 0.587500 0.868671 0.621250 0.900317
0 0.588750 0.422468 0.622500 0.455696
0 0.313750 0.450949 0.348750 0.482595
0 0.752500 0.612342 0.787500 0.645570
0 0.531250 0.865506 0.566250 0.898734
0 0.532500 0.675633 0.568750 0.707279
0 0.203750 0.378164 0.241250 0.419303
0 0.423750 0.737342 0.457500 0.768988
0 0.808750 0.675633 0.842500 0.708861
0 0.753750 0.708861 0.786250 0.742089
0 0.202500 0.514240 0.237500 0.545886
0 0.755000 0.517405 0.787500 0.549051
0 0.423750 0.349684 0.460000 0.387659
0 0.807500 0.610760 0.842500 0.645570
0 0.092500 0.514240 0.127500 0.544303
0 0.588750 0.647151 0.622500 0.675632
0 0.202500 0.482595 0.238750 0.515823
0 0.806250 0.708861 0.842500 0.742089
0 0.147500 0.481013 0.183750 0.518988
0 0.587500 0.708861 0.621250 0.740507
0 0.587500 0.833861 0.621250 0.868671
0 0.425000 0.705696 0.456250 0.738924
0 0.588750 0.675633 0.621250 0.708861
0 0.752500 0.740506 0.786250 0.775316
0 0.532500 0.642405 0.567500 0.675633
0 0.423750 0.768987 0.457500 0.800633
0 0.753750 0.677215 0.786250 0.710443
0 0.203750 0.545886 0.237500 0.579114
0 0.590000 0.484177 0.622500 0.515823
0 0.093750 0.545886 0.126250 0.580696
0 0.315000 0.349684 0.348750 0.387659
0 0.313750 0.417721 0.350000 0.450949
0 0.202500 0.449367 0.238750 0.484177
0 0.753750 0.645569 0.786250 0.677215
0 0.643750 0.389241 0.678750 0.425633
0 0.368750 0.547468 0.402500 0.579114
0 0.532500 0.738924 0.567500 0.772152
0 0.645000 0.484177 0.677500 0.517405
0 0.645000 0.517405 0.677500 0.550633
0 0.202500 0.577532 0.237500 0.610760
0 0.531250 0.707278 0.567500 0.738924
0 0.533750 0.482595 0.567500 0.515823
0 0.425000 0.833861 0.456250 0.867089
0 0.533750 0.422468 0.568750 0.454114
0 0.423750 0.800633 0.456250 0.833861
0 0.753750 0.580696 0.788750 0.613924
0 0.753750 0.549051 0.787500 0.582279
0 0.147500 0.544304 0.182500 0.579114
0 0.533750 0.517405 0.567500 0.550633
0 0.697500 0.675633 0.732500 0.710443
0 0.697500 0.518987 0.733750 0.552215
0 0.367500 0.579114 0.402500 0.613924
0 0.588750 0.517405 0.622500 0.550633
0 0.425000 0.547468 0.458750 0.580696
0 0.533750 0.387658 0.568750 0.422468
0 0.532500 0.579114 0.567500 0.612342
