0 0.682222 0.689770 0.703334 0.721122
0 0.071111 0.600660 0.106667 0.641914
0 0.071111 0.767327 0.105555 0.805281
0 0.707778 0.770628 0.730000 0.805281
0 0.553333 0.902641 0.575555 0.933994
0 0.481111 0.194719 0.525555 0.222772
0 0.557778 0.815182 0.576666 0.846534
0 0.555555 0.859735 0.576667 0.887789
0 0.068889 0.727723 0.106667 0.768977
0 0.528888 0.858086 0.550000 0.889439
0 0.586666 0.310231 0.620000 0.351485
0 0.228888 0.432343 0.257777 0.470297
0 0.528888 0.772278 0.550000 0.803631
0 0.071111 0.643564 0.106667 0.683168
0 0.555555 0.691420 0.576667 0.724422
0 0.894445 0.561056 0.928889 0.595710
0 0.682222 0.727722 0.703334 0.757425
0 0.892222 0.311881 0.926666 0.354785
0 0.530000 0.688119 0.550000 0.722773
0 0.069999 0.894389 0.106666 0.940595
0 0.069999 0.683168 0.106666 0.729374
0 0.278890 0.473597 0.312222 0.514851
0 0.122222 0.516502 0.156666 0.561056
0 0.173334 0.562706 0.207778 0.597360
0 0.173333 0.684819 0.208889 0.726073
0 0.072222 0.178218 0.106666 0.222772
0 0.482222 0.155115 0.523333 0.194719
0 0.683333 0.521452 0.705555 0.552805
0 0.707778 0.731024 0.730000 0.764026
0 0.843333 0.310231 0.873333 0.349835
0 0.707778 0.684818 0.730000 0.719472
0 0.527778 0.732673 0.550000 0.764026
0 0.073333 0.521452 0.105555 0.557756
0 0.070000 0.806931 0.105556 0.848185
0 0.741111 0.224422 0.774444 0.259076
0 0.123333 0.557756 0.155555 0.599010
0 0.068888 0.849835 0.105555 0.894389
0 0.433333 0.394389 0.468889 0.433993
0 0.175556 0.599010 0.206667 0.640264
0 0.707777 0.602310 0.728889 0.638614
0 0.678889 0.603961 0.704445 0.638614
0 0.682222 0.643564 0.703334 0.679868
0 0.682222 0.559406 0.703334 0.595710
0 0.174445 0.391088 0.208889 0.437294
0 0.123334 0.599009 0.157778 0.645215
0 0.707778 0.521452 0.727778 0.556106
0 0.072222 0.557756 0.106666 0.600660
0 0.892222 0.265676 0.926666 0.311882
0 0.688889 0.308581 0.722222 0.351485
0 0.843333 0.476898 0.876667 0.519802
0 0.896667 0.772277 0.928889 0.811881
0 0.791111 0.349834 0.824445 0.396040
0 0.280000 0.433993 0.311111 0.475247
0 0.227778 0.396039 0.260000 0.432343
0 0.072222 0.305281 0.106666 0.349835
0 0.792222 0.308581 0.824444 0.349835
0 0.555556 0.731024 0.577778 0.764026
0 0.708888 0.646865 0.730000 0.678218
0 0.281112 0.224422 0.312223 0.260726
0 0.536666 0.599010 0.569999 0.641914
0 0.687778 0.475248 0.723334 0.518152
0 0.482989 0.325595 0.525211 0.358598
0 0.481111 0.259076 0.524444 0.290428
0 0.482222 0.357426 0.526666 0.392740
0 0.482222 0.123763 0.524444 0.157261
0 0.896666 0.900991 0.929999 0.945709
0 0.435556 0.310231 0.467778 0.347855
0 0.897777 0.728548 0.928889 0.770626
0 0.894444 0.686469 0.930000 0.729043
0 0.483334 0.288284 0.524444 0.326898
0 0.482222 0.476898 0.523333 0.504951
0 0.503333 0.714522 0.524445 0.735974
0 0.555556 0.773928 0.575556 0.798680
0 0.892223 0.183168 0.928890 0.209571
0 0.534444 0.480197 0.571111 0.506601
0 0.893333 0.481849 0.928889 0.508251
0 0.842222 0.521452 0.878889 0.546204
0 0.843333 0.402640 0.876667 0.422442
0 0.503333 0.732674 0.523333 0.757426
0 0.530000 0.810232 0.550000 0.843234
0 0.690000 0.853135 0.724444 0.894389
0 0.892223 0.432343 0.928890 0.478549
0 0.073334 0.125413 0.107778 0.178218
0 0.636666 0.894389 0.672222 0.940595
0 0.894445 0.513202 0.928889 0.562706
0 0.707777 0.561056 0.728889 0.597360
0 0.638889 0.853135 0.671111 0.894389
0 0.688889 0.894389 0.723333 0.940595
0 0.843333 0.552806 0.876667 0.602310
0 0.740000 0.346535 0.774444 0.391089
0 0.071111 0.475247 0.105555 0.521452
0 0.896667 0.854785 0.931111 0.900991
0 0.281112 0.262376 0.312223 0.305280
0 0.893334 0.391089 0.927778 0.432343
0 0.227777 0.127062 0.261111 0.176568
0 0.686666 0.224422 0.723333 0.262376
0 0.636667 0.770627 0.671111 0.808581
0 0.742223 0.308581 0.773333 0.344885
0 0.894444 0.645215 0.930000 0.686469
0 0.072222 0.265677 0.106666 0.305281
0 0.482222 0.425742 0.523333 0.471948
0 0.225555 0.471947 0.261111 0.516501
0 0.174445 0.641914 0.206667 0.684818
0 0.175556 0.476898 0.206667 0.516502
0 0.638889 0.391089 0.671111 0.435643
0 0.893334 0.353135 0.926667 0.392739
0 0.892222 0.216171 0.927778 0.265676
0 0.535556 0.513202 0.570000 0.557756
0 0.791111 0.226073 0.823333 0.268977
0 0.480000 0.221122 0.525556 0.262376
0 0.174445 0.437294 0.207778 0.478548
0 0.537778 0.391089 0.568888 0.430693
0 0.895556 0.811881 0.930000 0.853135
0 0.638889 0.808581 0.673333 0.851485
0 0.690001 0.806930 0.723334 0.853136
0 0.226667 0.518152 0.261111 0.559406
0 0.536666 0.559406 0.569999 0.597360
0 0.280000 0.176568 0.314444 0.221122
0 0.174445 0.176568 0.208889 0.219472
0 0.893334 0.130363 0.927778 0.179869
0 0.434445 0.262377 0.468889 0.310231
0 0.638889 0.435643 0.671111 0.473597
0 0.534444 0.645215 0.570000 0.686469
0 0.843334 0.600660 0.877778 0.646865
0 0.278890 0.392739 0.312222 0.433993
0 0.792223 0.268977 0.823333 0.308581
0 0.073333 0.349835 0.106666 0.391089
0 0.838889 0.265677 0.875556 0.310231
0 0.586666 0.264026 0.622222 0.310232
0 0.687778 0.392739 0.722222 0.433993
0 0.688889 0.262376 0.722222 0.308582
0 0.638889 0.516502 0.671111 0.559406
0 0.226666 0.176567 0.259999 0.222772
0 0.278889 0.130362 0.314445 0.176567
0 0.123333 0.130362 0.158889 0.176567
0 0.175556 0.305281 0.208889 0.346535
0 0.280000 0.305281 0.313334 0.349835
0 0.741111 0.130363 0.774444 0.178218
0 0.792222 0.130363 0.825555 0.179869
0 0.173333 0.514852 0.208889 0.562706
0 0.687778 0.130363 0.723334 0.178218
0 0.175556 0.219472 0.210000 0.265677
0 0.636667 0.688119 0.671111 0.726073
0 0.124444 0.267327 0.157777 0.310231
0 0.842222 0.645215 0.877778 0.689769
0 0.894444 0.597360 0.930000 0.645215
0 0.071111 0.224422 0.106667 0.264026
0 0.687778 0.179868 0.723334 0.222772
0 0.175556 0.348184 0.208889 0.394390
0 0.124445 0.349835 0.156667 0.392739
0 0.383334 0.176567 0.417778 0.222772
0 0.383334 0.127063 0.417778 0.174918
0 0.122222 0.308581 0.157778 0.349835
0 0.073333 0.435644 0.105555 0.475248
0 0.331111 0.127062 0.366667 0.178218
0 0.122222 0.176568 0.158889 0.219472
0 0.586666 0.351485 0.620000 0.394389
0 0.637778 0.264027 0.672222 0.306931
0 0.122222 0.435644 0.157778 0.476898
0 0.536667 0.224423 0.568889 0.265677
0 0.538889 0.265677 0.569999 0.305281
0 0.073333 0.391089 0.106666 0.433993
0 0.176667 0.265677 0.208889 0.306931
0 0.278889 0.349835 0.313333 0.392739
0 0.740000 0.178218 0.774444 0.226072
0 0.638888 0.349835 0.670000 0.391089
0 0.741111 0.262376 0.774444 0.306930
0 0.227777 0.222772 0.258888 0.264026
0 0.637777 0.473598 0.671111 0.518152
0 0.331111 0.306931 0.363333 0.349835
0 0.123334 0.476898 0.157778 0.518152
0 0.638889 0.603960 0.671111 0.643564
0 0.536667 0.178218 0.571111 0.224422
0 0.637778 0.306931 0.672222 0.349835
0 0.535555 0.127062 0.571111 0.176568
0 0.792222 0.178218 0.825555 0.226072
0 0.122222 0.391089 0.157778 0.435643
0 0.842222 0.427393 0.877778 0.476898
0 0.228888 0.306931 0.259999 0.348185
0 0.331111 0.179868 0.366667 0.222772
0 0.844445 0.351486 0.876667 0.399340
0 0.331112 0.265677 0.364444 0.308581
0 0.534444 0.430693 0.571111 0.475247
0 0.331111 0.222772 0.365555 0.264026
0 0.686666 0.351485 0.722222 0.392739
0 0.434445 0.346534 0.468889 0.392740
0 0.687778 0.433994 0.723334 0.476898
0 0.175556 0.130362 0.210000 0.176567
0 0.636666 0.727723 0.672222 0.770627
0 0.225555 0.348184 0.261111 0.394390
0 0.123334 0.219472 0.156667 0.267327
0 0.226666 0.264027 0.259999 0.306931
0 0.637778 0.559406 0.672222 0.603960
0 0.536666 0.348185 0.569999 0.391089
0 0.536666 0.305281 0.569999 0.348185
0 0.637777 0.645215 0.671111 0.688119
