0 0.277778 0.317434 0.312222 0.358552
0 0.536667 0.697368 0.571111 0.740132
0 0.608889 0.409540 0.627777 0.442435
0 0.758889 0.406250 0.783333 0.442434
0 0.451111 0.697369 0.476667 0.733553
0 0.452222 0.911184 0.474444 0.945724
0 0.088889 0.861842 0.111111 0.896382
0 0.426666 0.822369 0.449999 0.858553
0 0.086667 0.906250 0.111111 0.940790
0 0.762222 0.529605 0.786666 0.565789
0 0.063334 0.906250 0.087778 0.942434
0 0.425556 0.863487 0.450000 0.899671
0 0.450000 0.820724 0.474444 0.860198
0 0.482222 0.141448 0.526666 0.174343
0 0.452222 0.781250 0.476666 0.815790
0 0.280000 0.276316 0.312222 0.317434
0 0.481111 0.207237 0.526667 0.233553
0 0.452222 0.736842 0.474444 0.773026
0 0.452222 0.865132 0.474444 0.901316
0 0.762222 0.450658 0.786666 0.486842
0 0.192222 0.444079 0.215555 0.485197
0 0.500000 0.745065 0.524444 0.774671
0 0.605555 0.534539 0.631111 0.569079
0 0.845555 0.231907 0.881111 0.277960
0 0.536667 0.319079 0.571111 0.360197
0 0.484444 0.481908 0.522222 0.526316
0 0.173333 0.605263 0.208889 0.654605
0 0.535556 0.271381 0.570000 0.319078
0 0.434444 0.271381 0.470000 0.317435
0 0.223333 0.690789 0.258889 0.738487
0 0.640000 0.231907 0.674444 0.277960
0 0.795556 0.274672 0.826666 0.317435
0 0.898889 0.184211 0.934445 0.233553
0 0.690000 0.184211 0.725556 0.238487
0 0.536667 0.358552 0.571111 0.406249
0 0.122223 0.605263 0.155556 0.651315
0 0.483333 0.437500 0.522222 0.481908
0 0.225555 0.274670 0.261111 0.320723
0 0.434445 0.317434 0.468889 0.361842
0 0.794445 0.319080 0.828889 0.361843
0 0.278889 0.228618 0.313333 0.277960
0 0.434445 0.361842 0.468889 0.402960
0 0.172222 0.694079 0.207778 0.738487
0 0.482223 0.233552 0.525556 0.271381
0 0.588889 0.273027 0.622223 0.320723
0 0.123334 0.361843 0.156667 0.404606
0 0.174445 0.322369 0.208889 0.360198
0 0.382222 0.603618 0.416666 0.652960
0 0.173334 0.654605 0.207778 0.692435
0 0.741112 0.361842 0.780000 0.402960
0 0.224444 0.319080 0.261111 0.361843
0 0.690001 0.240132 0.723334 0.276316
0 0.068888 0.360197 0.105555 0.409539
0 0.382222 0.654605 0.414444 0.694079
0 0.070000 0.606908 0.105556 0.651316
0 0.690000 0.274672 0.724444 0.322369
0 0.120000 0.651316 0.155556 0.695724
0 0.900000 0.236842 0.933334 0.276316
0 0.588889 0.361843 0.623333 0.404606
0 0.172223 0.360198 0.208890 0.402960
0 0.583333 0.407894 0.604445 0.442433
0 0.742222 0.322368 0.777778 0.361842
0 0.331111 0.182566 0.365555 0.235198
0 0.121111 0.694079 0.155555 0.738487
0 0.225556 0.606908 0.260000 0.654606
0 0.330000 0.276315 0.364444 0.322369
0 0.793334 0.361842 0.830001 0.401316
0 0.897778 0.276316 0.934445 0.320724
0 0.068888 0.651316 0.105555 0.697368
0 0.123334 0.274670 0.156667 0.320723
0 0.067778 0.695724 0.105556 0.736842
0 0.587778 0.649671 0.623334 0.695723
0 0.743333 0.273026 0.775555 0.322368
0 0.485556 0.300987 0.525556 0.340461
0 0.174445 0.271381 0.208889 0.322369
0 0.590000 0.608552 0.623333 0.651316
0 0.382223 0.694079 0.415555 0.740131
0 0.071111 0.319080 0.105555 0.361843
0 0.402222 0.274671 0.424444 0.315789
0 0.428889 0.445723 0.451111 0.483552
0 0.332222 0.236842 0.363333 0.277960
0 0.536667 0.606908 0.571111 0.651316
0 0.488889 0.526316 0.517778 0.567434
0 0.583333 0.445723 0.604445 0.480262
0 0.224444 0.361843 0.260000 0.404606
0 0.453333 0.407895 0.473333 0.444079
0 0.588889 0.320724 0.622223 0.361842
0 0.122223 0.319080 0.155556 0.361843
0 0.847778 0.320723 0.878888 0.358552
0 0.641111 0.320724 0.673333 0.361842
0 0.607777 0.447369 0.628889 0.485198
0 0.428889 0.407894 0.449999 0.442433
0 0.453333 0.488486 0.475555 0.526315
0 0.794444 0.697368 0.830000 0.741776
0 0.535555 0.652961 0.571111 0.699013
0 0.452222 0.569079 0.475556 0.608553
0 0.062222 0.819079 0.087778 0.856907
0 0.587778 0.695724 0.623334 0.740132
0 0.483333 0.371710 0.525555 0.404606
0 0.641111 0.279605 0.673333 0.320723
0 0.797778 0.608553 0.828888 0.652961
0 0.088889 0.738487 0.110000 0.774671
0 0.167778 0.490132 0.192222 0.526316
0 0.425556 0.652961 0.450000 0.689145
0 0.427778 0.567435 0.450000 0.605263
0 0.430001 0.490131 0.451111 0.523026
0 0.087778 0.781250 0.112222 0.817434
0 0.167778 0.406249 0.192222 0.444078
0 0.452222 0.447369 0.474444 0.483553
0 0.426666 0.694079 0.449999 0.731907
0 0.483334 0.273026 0.524444 0.304276
0 0.137778 0.781249 0.163334 0.819079
0 0.193333 0.407894 0.215555 0.440790
0 0.426667 0.611842 0.451111 0.648026
0 0.452222 0.610197 0.474444 0.648027
0 0.425556 0.779605 0.450000 0.815789
0 0.072222 0.276315 0.104444 0.319078
0 0.166667 0.445724 0.191111 0.485198
0 0.062222 0.779605 0.084444 0.817435
0 0.062222 0.860197 0.086666 0.898027
0 0.427777 0.735197 0.451111 0.774671
0 0.482222 0.169407 0.524444 0.207236
0 0.063333 0.738487 0.085555 0.773027
0 0.427778 0.524671 0.450000 0.565789
0 0.167777 0.531250 0.191110 0.567434
0 0.483334 0.338815 0.524444 0.371710
0 0.376666 0.276315 0.400000 0.314144
0 0.848888 0.277960 0.880000 0.320723
0 0.451111 0.652961 0.475555 0.690789
0 0.453333 0.531250 0.475555 0.567434
0 0.795556 0.651316 0.830000 0.697368
0 0.140000 0.741777 0.162222 0.774671
0 0.426666 0.907895 0.449999 0.944079
