0 0.382667 0.506192 0.417334 0.541796
0 0.758667 0.566563 0.785334 0.594427
0 0.436000 0.609907 0.472000 0.634675
0 0.758667 0.707430 0.785334 0.736842
0 0.738667 0.382353 0.776000 0.414861
0 0.157333 0.643963 0.189333 0.676471
0 0.381333 0.869969 0.421333 0.907121
0 0.433334 0.577399 0.470666 0.609907
0 0.849333 0.416409 0.889333 0.450465
0 0.158667 0.467492 0.190667 0.503096
0 0.849333 0.377709 0.888000 0.414861
0 0.382667 0.800309 0.421334 0.835913
0 0.628000 0.592879 0.666667 0.631579
0 0.434667 0.402477 0.470667 0.434985
0 0.433334 0.433436 0.470666 0.464396
0 0.329334 0.504644 0.360001 0.543344
0 0.572000 0.865325 0.612000 0.907121
0 0.157333 0.425696 0.190666 0.458204
0 0.573333 0.727554 0.613333 0.766254
0 0.382667 0.741486 0.419999 0.773994
0 0.158666 0.798761 0.195999 0.837461
0 0.682666 0.346749 0.721333 0.383901
0 0.326667 0.665635 0.362667 0.701239
0 0.434667 0.462848 0.470667 0.495356
0 0.628000 0.510836 0.666667 0.560372
0 0.213334 0.863777 0.250667 0.910217
0 0.325333 0.701238 0.364001 0.736842
0 0.156000 0.518576 0.192000 0.555728
0 0.325333 0.583591 0.361333 0.622291
0 0.477334 0.260062 0.512001 0.294118
0 0.381333 0.707430 0.420000 0.739938
0 0.382667 0.673374 0.417334 0.707430
0 0.156000 0.561919 0.193333 0.600619
0 0.434667 0.343653 0.470667 0.379257
0 0.324000 0.544891 0.360000 0.582043
0 0.210667 0.798761 0.251999 0.839009
0 0.574666 0.585139 0.612000 0.630031
0 0.381333 0.574303 0.417333 0.608359
0 0.380001 0.304953 0.417333 0.342105
0 0.325333 0.623839 0.362666 0.664087
0 0.381333 0.540248 0.417333 0.575852
0 0.268000 0.300309 0.304000 0.342105
0 0.849333 0.342105 0.888000 0.379257
0 0.155999 0.304953 0.190666 0.346749
0 0.380001 0.438080 0.417333 0.470588
0 0.380001 0.369969 0.417333 0.402477
0 0.381333 0.608359 0.417333 0.642415
0 0.518666 0.343653 0.555999 0.380805
0 0.792000 0.345201 0.833334 0.383901
0 0.212000 0.517028 0.250667 0.563468
0 0.212000 0.724458 0.252000 0.767802
0 0.155999 0.863777 0.198666 0.908669
0 0.682666 0.301857 0.721333 0.346749
0 0.157333 0.606811 0.193333 0.640867
0 0.323999 0.465944 0.362667 0.503096
0 0.628000 0.410217 0.664000 0.453561
0 0.381334 0.470588 0.418666 0.507740
0 0.093334 0.343653 0.136000 0.380805
0 0.738667 0.346749 0.776000 0.382353
0 0.573334 0.301857 0.612001 0.345201
0 0.325333 0.306501 0.361333 0.346749
0 0.154666 0.377709 0.191999 0.416409
0 0.155999 0.726006 0.194666 0.764706
0 0.572000 0.444272 0.612000 0.489164
0 0.325333 0.427244 0.361333 0.464396
0 0.096000 0.301857 0.136000 0.343653
0 0.628000 0.301857 0.668000 0.345201
0 0.435999 0.687306 0.474666 0.709287
0 0.437333 0.709908 0.473333 0.736842
0 0.434667 0.495356 0.470667 0.520124
0 0.434667 0.304954 0.469334 0.343344
0 0.342666 0.772446 0.368000 0.798762
0 0.758667 0.739938 0.785334 0.767802
0 0.733333 0.739938 0.757333 0.769350
0 0.489333 0.540248 0.512000 0.568112
0 0.629333 0.798761 0.664000 0.835913
0 0.733333 0.628483 0.757333 0.654799
0 0.753333 0.770898 0.784000 0.800310
0 0.648000 0.769350 0.673334 0.800310
0 0.760000 0.594427 0.788000 0.623839
0 0.760000 0.682662 0.785334 0.705882
0 0.758667 0.537152 0.784000 0.566564
0 0.733333 0.600619 0.758667 0.630031
0 0.758667 0.650155 0.785334 0.679567
0 0.404000 0.773994 0.426667 0.800310
0 0.758667 0.622291 0.785334 0.648607
0 0.732000 0.708978 0.758667 0.739938
0 0.434667 0.631579 0.471999 0.659443
0 0.178667 0.769350 0.201333 0.797214
0 0.733333 0.653251 0.757333 0.681115
0 0.732000 0.681114 0.757333 0.708978
0 0.457334 0.769350 0.478667 0.797214
0 0.760000 0.509288 0.784000 0.535604
0 0.438667 0.800309 0.473334 0.834365
0 0.740000 0.798761 0.776000 0.839009
0 0.733333 0.538700 0.760000 0.568112
0 0.736000 0.839009 0.778667 0.871517
0 0.594666 0.767802 0.620000 0.798762
0 0.760000 0.478328 0.784000 0.507740
0 0.477334 0.294118 0.512001 0.325078
0 0.628000 0.873065 0.666667 0.907121
0 0.733333 0.568111 0.760000 0.599071
0 0.758667 0.447368 0.784000 0.478328
0 0.737333 0.871517 0.774667 0.910217
0 0.234667 0.770898 0.257333 0.798762
0 0.732000 0.510836 0.760000 0.538700
0 0.628000 0.835913 0.665334 0.871517
0 0.328000 0.797213 0.364000 0.835913
0 0.490667 0.504644 0.516000 0.535604
0 0.849333 0.520124 0.886667 0.558824
0 0.326667 0.835913 0.362667 0.869969
0 0.325333 0.869969 0.364001 0.907121
0 0.850666 0.450464 0.888000 0.484520
0 0.433333 0.377709 0.472000 0.404025
0 0.384000 0.643963 0.417334 0.674923
0 0.626667 0.664087 0.664000 0.702787
0 0.574666 0.797213 0.613333 0.839009
0 0.437333 0.738390 0.472000 0.769350
0 0.434667 0.659443 0.473334 0.688855
0 0.732000 0.481424 0.757333 0.510836
0 0.434667 0.518576 0.469334 0.549536
0 0.849333 0.484520 0.888000 0.520124
0 0.480000 0.224458 0.512000 0.255418
0 0.158667 0.681114 0.190667 0.715170
0 0.381333 0.402477 0.417333 0.438081
0 0.381333 0.340557 0.417333 0.369969
0 0.481333 0.198142 0.510667 0.224458
0 0.629333 0.726006 0.668000 0.767802
0 0.740000 0.414861 0.776000 0.447369
0 0.437333 0.834365 0.473333 0.869969
0 0.382667 0.835913 0.421334 0.871517
0 0.732000 0.450464 0.760000 0.479876
0 0.434667 0.547987 0.469334 0.577399
0 0.433334 0.873065 0.474666 0.908669
0 0.326666 0.736842 0.365333 0.770898
0 0.212000 0.622291 0.250667 0.670279
0 0.849333 0.303405 0.889333 0.342105
0 0.520000 0.301857 0.556000 0.342105
0 0.738667 0.301857 0.777334 0.343653
0 0.322667 0.385449 0.363999 0.424149
0 0.209334 0.410217 0.250667 0.452013
0 0.793333 0.301857 0.833333 0.343653
0 0.325333 0.346749 0.364001 0.383901
0 0.265333 0.342105 0.305333 0.382353
0 0.209334 0.298761 0.250667 0.343653
