0 0.488000 0.420154 0.517334 0.455813
0 0.488000 0.386047 0.517334 0.418605
0 0.336000 0.258914 0.372000 0.285271
0 0.109334 0.255814 0.146667 0.279070
0 0.689333 0.731783 0.725333 0.755039
0 0.490667 0.280620 0.517334 0.305426
0 0.490667 0.350388 0.518667 0.379844
0 0.690667 0.260465 0.726667 0.283721
0 0.528000 0.262015 0.564000 0.282170
0 0.334667 0.401550 0.370667 0.438760
0 0.333333 0.694574 0.369333 0.728683
0 0.798666 0.798450 0.836000 0.832558
0 0.277334 0.693023 0.314666 0.728683
0 0.798667 0.725581 0.834667 0.762791
0 0.523999 0.688372 0.562666 0.725581
0 0.852000 0.871318 0.893334 0.905427
0 0.798667 0.762790 0.834667 0.798450
0 0.222667 0.513179 0.258667 0.541085
0 0.526666 0.401550 0.563999 0.437209
0 0.525333 0.798449 0.561333 0.835658
0 0.106667 0.869767 0.146667 0.910077
0 0.332001 0.799999 0.369333 0.835659
0 0.634667 0.803100 0.670667 0.832558
0 0.854666 0.440310 0.889333 0.472868
0 0.221333 0.798449 0.260000 0.837209
0 0.276000 0.800001 0.316000 0.837210
0 0.525334 0.654264 0.562667 0.686822
0 0.109334 0.796899 0.146667 0.834109
0 0.221333 0.693024 0.260000 0.730233
0 0.852000 0.837210 0.890667 0.871318
0 0.854666 0.364341 0.889333 0.401551
0 0.277334 0.365892 0.314666 0.400000
0 0.222667 0.767442 0.258667 0.800000
0 0.633333 0.762791 0.672001 0.801551
0 0.633333 0.869768 0.672001 0.903876
0 0.333333 0.582946 0.369333 0.617054
0 0.633333 0.657365 0.672001 0.691473
0 0.334666 0.510077 0.369333 0.547287
0 0.797333 0.689922 0.837333 0.724031
0 0.633333 0.620155 0.670667 0.657365
0 0.277333 0.727131 0.313333 0.764340
0 0.798667 0.547287 0.834667 0.581395
0 0.853333 0.691472 0.892000 0.727132
0 0.633333 0.548837 0.670667 0.581395
0 0.109334 0.438760 0.146667 0.474419
0 0.854667 0.547287 0.890667 0.586047
0 0.442667 0.511628 0.477334 0.545736
0 0.278667 0.765892 0.314667 0.798450
0 0.525334 0.765892 0.562667 0.798450
0 0.798666 0.440310 0.836000 0.474418
0 0.689333 0.758139 0.726666 0.796899
0 0.745333 0.437209 0.780000 0.469767
0 0.334667 0.327131 0.371999 0.364341
0 0.221333 0.730232 0.258666 0.765892
0 0.527999 0.582946 0.562666 0.617054
0 0.852000 0.618605 0.889333 0.655814
0 0.389333 0.582946 0.426666 0.621706
0 0.109334 0.727131 0.148001 0.764340
0 0.529334 0.288372 0.562667 0.325582
0 0.634667 0.581395 0.669334 0.618605
0 0.798666 0.331782 0.836000 0.365892
0 0.108000 0.544187 0.145334 0.581396
0 0.742667 0.398449 0.781334 0.435659
0 0.798666 0.620155 0.836000 0.654263
0 0.744000 0.367442 0.780000 0.400000
0 0.278667 0.291473 0.315999 0.327132
0 0.222666 0.324031 0.259999 0.361241
0 0.109334 0.325581 0.148001 0.359691
0 0.687999 0.618605 0.726666 0.652713
0 0.744000 0.618604 0.781334 0.657364
0 0.442667 0.545736 0.478667 0.582946
0 0.165333 0.364341 0.204001 0.400000
0 0.442667 0.618605 0.479999 0.655814
0 0.634667 0.438760 0.670667 0.471318
0 0.689333 0.328682 0.725333 0.365892
0 0.276000 0.620155 0.314667 0.658915
0 0.165333 0.288372 0.204001 0.325582
0 0.108000 0.398449 0.148000 0.437209
0 0.276001 0.657364 0.313333 0.693024
0 0.277334 0.581395 0.314666 0.620155
0 0.580000 0.401550 0.616000 0.438760
0 0.688001 0.652713 0.725334 0.689922
0 0.222667 0.475969 0.258667 0.511628
0 0.690667 0.474418 0.726667 0.508528
0 0.107999 0.582945 0.146667 0.618605
0 0.690666 0.544186 0.725333 0.579846
0 0.108000 0.655813 0.145334 0.691473
0 0.797334 0.581395 0.836001 0.618605
0 0.221333 0.401551 0.260000 0.435659
0 0.221333 0.654263 0.260000 0.693023
0 0.854666 0.472868 0.892000 0.511628
0 0.333333 0.620154 0.369333 0.655814
0 0.390667 0.438760 0.423999 0.474419
0 0.636000 0.291473 0.672000 0.327132
0 0.687999 0.689922 0.726666 0.727132
0 0.334666 0.548837 0.368000 0.581395
0 0.109333 0.620154 0.145333 0.655814
0 0.336000 0.289922 0.370667 0.327132
0 0.634667 0.365892 0.672000 0.400000
0 0.528000 0.440310 0.561334 0.472868
0 0.634667 0.472867 0.670667 0.506977
0 0.333333 0.438759 0.369333 0.472869
0 0.221333 0.581395 0.260000 0.620155
0 0.745333 0.582945 0.781333 0.618605
0 0.687999 0.364341 0.726666 0.400000
0 0.277334 0.437209 0.316001 0.474419
0 0.108000 0.359690 0.148000 0.398450
0 0.330667 0.655814 0.370667 0.694574
0 0.165333 0.510077 0.205333 0.548837
0 0.224000 0.361240 0.260000 0.401550
0 0.334667 0.364341 0.370667 0.403101
0 0.689333 0.437210 0.726666 0.472869
0 0.526667 0.472868 0.561334 0.511628
0 0.634667 0.401550 0.672000 0.437209
0 0.578666 0.547287 0.617333 0.586047
0 0.164000 0.469767 0.204000 0.510077
0 0.798666 0.288372 0.836000 0.330232
0 0.334666 0.474419 0.369333 0.510078
0 0.278667 0.328682 0.315999 0.364341
0 0.390667 0.544186 0.426667 0.582946
0 0.165333 0.324031 0.204001 0.362791
0 0.525333 0.545736 0.561333 0.581396
0 0.687999 0.400000 0.726666 0.437210
0 0.581333 0.330233 0.617333 0.364341
0 0.577333 0.510077 0.617333 0.547287
0 0.389333 0.365891 0.426666 0.401550
0 0.745333 0.291473 0.781333 0.330233
0 0.109334 0.285271 0.148001 0.324031
0 0.633333 0.506977 0.673333 0.547287
0 0.633333 0.327132 0.672001 0.365892
0 0.797333 0.367441 0.837333 0.403100
0 0.578666 0.364341 0.616000 0.400000
0 0.578666 0.474419 0.617333 0.510078
0 0.277334 0.475969 0.316001 0.510077
0 0.441334 0.400000 0.478666 0.437210
0 0.442667 0.328682 0.479999 0.364341
0 0.527999 0.364341 0.562666 0.401551
0 0.390667 0.288372 0.427999 0.328682
0 0.581333 0.288372 0.617333 0.328682
0 0.744000 0.331782 0.781334 0.367441
0 0.389333 0.328682 0.429333 0.367442
0 0.442667 0.364341 0.478667 0.400000
0 0.221333 0.435659 0.260000 0.475969
0 0.277334 0.510078 0.316001 0.550388
0 0.442667 0.438760 0.478667 0.474419
0 0.442667 0.475969 0.478667 0.511628
0 0.689333 0.286822 0.726666 0.327132
0 0.221333 0.542636 0.260000 0.581396
0 0.444000 0.291473 0.480000 0.328683
0 0.491200 0.239844 0.517867 0.259690
0 0.490667 0.258605 0.518667 0.279069
0 0.442667 0.871318 0.478667 0.908838
0 0.390666 0.510078 0.425333 0.544187
0 0.165333 0.399999 0.201333 0.434109
0 0.443999 0.762790 0.478666 0.799999
0 0.106667 0.832558 0.146667 0.869768
0 0.852000 0.801550 0.890667 0.837210
0 0.109334 0.764341 0.146667 0.796899
0 0.525334 0.725581 0.562667 0.764341
0 0.221333 0.872868 0.258666 0.910077
0 0.526667 0.835659 0.561334 0.868217
0 0.221333 0.837209 0.257333 0.872869
0 0.107999 0.508527 0.146667 0.544187
0 0.490667 0.182945 0.518667 0.210852
0 0.442667 0.801550 0.478667 0.837210
0 0.797333 0.832558 0.837333 0.868218
0 0.525334 0.617054 0.562667 0.654263
0 0.745333 0.506977 0.781333 0.547287
0 0.689333 0.581395 0.726666 0.618605
0 0.444001 0.838760 0.477333 0.871318
0 0.443999 0.657365 0.478666 0.691473
0 0.797334 0.508527 0.836001 0.547287
0 0.489333 0.209303 0.518667 0.238760
0 0.856000 0.586047 0.890667 0.618605
0 0.334666 0.837209 0.368000 0.872869
0 0.797334 0.404651 0.836001 0.438759
0 0.444000 0.584496 0.480000 0.617054
0 0.798667 0.654263 0.834667 0.688372
0 0.442667 0.693023 0.479999 0.728683
0 0.333334 0.728682 0.370666 0.764342
0 0.853333 0.657364 0.889333 0.689922
0 0.277334 0.838760 0.314666 0.871318
0 0.224000 0.621705 0.257333 0.652713
0 0.525333 0.869767 0.561333 0.905427
0 0.527999 0.327131 0.562666 0.364341
0 0.854666 0.510077 0.892000 0.545737
0 0.798666 0.869767 0.837333 0.905427
0 0.633333 0.725581 0.672001 0.764341
0 0.745333 0.547286 0.780000 0.582946
0 0.277334 0.871318 0.316001 0.910078
0 0.633333 0.691473 0.670667 0.725581
0 0.688000 0.869767 0.724000 0.905427
0 0.526667 0.511628 0.561334 0.544186
0 0.333334 0.764341 0.370666 0.800001
0 0.689333 0.832558 0.725333 0.869768
0 0.442667 0.728681 0.478667 0.762790
0 0.387999 0.401550 0.426667 0.438760
0 0.853333 0.322481 0.890667 0.359690
0 0.852000 0.401550 0.892000 0.440310
0 0.332000 0.872868 0.370667 0.910077
0 0.687999 0.796899 0.726666 0.832559
0 0.224000 0.288372 0.257333 0.324031
0 0.109333 0.474418 0.145333 0.508528
0 0.278667 0.550387 0.314667 0.581395
0 0.277334 0.400000 0.314666 0.435659
0 0.853333 0.286822 0.890667 0.322481
0 0.633333 0.831008 0.672001 0.869768
0 0.390667 0.475969 0.423999 0.510077
0 0.690666 0.508526 0.725333 0.542635
0 0.800001 0.475969 0.833334 0.510077
0 0.853333 0.728682 0.890667 0.764342
0 0.107999 0.691472 0.146667 0.727132
0 0.581333 0.438759 0.614667 0.472869
0 0.166667 0.435658 0.202667 0.469768
0 0.852000 0.762790 0.890667 0.799999
0 0.744000 0.469767 0.781334 0.506976
