0 0.226666 0.223685 0.262222 0.266448
0 0.226667 0.769737 0.261111 0.809211
0 0.795555 0.685855 0.831111 0.728619
0 0.072222 0.269737 0.107778 0.309211
0 0.538889 0.728619 0.571111 0.769737
0 0.845556 0.514803 0.882223 0.560855
0 0.897778 0.516447 0.933334 0.560855
0 0.795555 0.516447 0.828889 0.560855
0 0.122222 0.475330 0.158889 0.518093
0 0.846666 0.603619 0.880000 0.641447
0 0.844445 0.641447 0.881112 0.685855
0 0.383333 0.309210 0.415555 0.353618
0 0.278889 0.175987 0.313333 0.225329
0 0.796667 0.644737 0.828889 0.685855
0 0.845555 0.271381 0.881111 0.310855
0 0.072222 0.521381 0.106666 0.559211
0 0.122222 0.432565 0.157778 0.475328
0 0.587777 0.726974 0.624444 0.771382
0 0.898890 0.559210 0.932223 0.598684
0 0.845556 0.560855 0.880000 0.601973
0 0.844445 0.685855 0.881112 0.728619
0 0.482223 0.292763 0.525556 0.332237
0 0.586666 0.893092 0.625555 0.939144
0 0.588889 0.476974 0.624445 0.518092
0 0.125555 0.268093 0.158888 0.305922
0 0.895555 0.182566 0.931111 0.223684
0 0.330000 0.812500 0.366667 0.853618
0 0.795555 0.560855 0.828889 0.598685
0 0.383333 0.850329 0.416667 0.894737
0 0.383333 0.394736 0.416667 0.432565
0 0.176667 0.223685 0.208889 0.266448
0 0.123334 0.771381 0.156667 0.809211
0 0.897778 0.271382 0.932222 0.312500
0 0.382222 0.562500 0.416666 0.603618
0 0.331111 0.646381 0.365555 0.689145
0 0.227778 0.478619 0.262222 0.519737
0 0.897778 0.393092 0.932222 0.432566
0 0.480000 0.226974 0.524444 0.266448
0 0.588889 0.684210 0.624445 0.726974
0 0.481111 0.162829 0.526667 0.199013
0 0.537778 0.812500 0.571111 0.853618
0 0.744445 0.394736 0.776667 0.432565
0 0.122222 0.893092 0.158889 0.939144
0 0.537778 0.646381 0.573334 0.684211
0 0.384445 0.766448 0.415556 0.807566
0 0.588889 0.853618 0.623333 0.893092
0 0.330000 0.853618 0.366667 0.893092
0 0.847778 0.805921 0.882222 0.850329
0 0.072222 0.475329 0.107778 0.519737
0 0.073333 0.435855 0.106666 0.476973
0 0.174445 0.310856 0.208889 0.353619
0 0.743333 0.309211 0.778889 0.350329
0 0.481111 0.129935 0.525555 0.162830
0 0.121111 0.853619 0.160000 0.891447
0 0.536666 0.480263 0.572222 0.519737
0 0.897778 0.351974 0.933334 0.393092
0 0.845556 0.728619 0.882223 0.769737
0 0.483333 0.332236 0.525555 0.365131
0 0.483334 0.263157 0.524444 0.296052
0 0.504444 0.730263 0.530000 0.766447
0 0.846666 0.893092 0.883333 0.935856
0 0.071111 0.851974 0.105555 0.896382
0 0.480000 0.197369 0.525556 0.226973
0 0.847778 0.850329 0.882222 0.893093
0 0.071111 0.736843 0.108889 0.761513
0 0.536667 0.524671 0.573334 0.550987
0 0.847777 0.771381 0.881111 0.805921
0 0.844445 0.361842 0.881112 0.384868
0 0.483333 0.481908 0.523333 0.513158
0 0.071110 0.814145 0.107777 0.851973
0 0.123334 0.518092 0.157778 0.560856
0 0.587777 0.768092 0.624444 0.814144
0 0.483333 0.360197 0.525555 0.396381
0 0.538889 0.769736 0.571111 0.812500
0 0.384445 0.728619 0.415556 0.764803
0 0.331111 0.689145 0.366667 0.728619
0 0.072222 0.174342 0.108890 0.228618
0 0.897778 0.310855 0.933334 0.351973
0 0.587777 0.814145 0.624444 0.855263
0 0.537778 0.855263 0.573334 0.898027
0 0.122222 0.560855 0.157778 0.600329
0 0.071111 0.307566 0.108889 0.351974
0 0.846666 0.475329 0.880000 0.514803
0 0.538889 0.685855 0.569999 0.728619
0 0.537778 0.355263 0.571111 0.396381
0 0.894444 0.129935 0.931111 0.180922
0 0.073333 0.896382 0.108333 0.942434
0 0.331112 0.175988 0.364444 0.223685
0 0.536667 0.601974 0.573334 0.646382
0 0.331111 0.434210 0.365555 0.476973
0 0.330000 0.225329 0.364444 0.266447
0 0.794445 0.268092 0.828889 0.312500
0 0.588889 0.226973 0.623333 0.269736
0 0.587778 0.182566 0.623334 0.226974
0 0.383334 0.434210 0.417778 0.476973
0 0.225555 0.643092 0.261111 0.684210
0 0.332222 0.391448 0.364444 0.434210
0 0.175556 0.268093 0.208889 0.310856
0 0.794445 0.393093 0.828889 0.435856
0 0.330000 0.307566 0.366667 0.351974
0 0.795555 0.598685 0.831111 0.644737
0 0.640000 0.228618 0.673334 0.273026
0 0.640000 0.133223 0.674444 0.180920
0 0.794445 0.434210 0.828889 0.478618
0 0.121111 0.600329 0.158889 0.644737
0 0.844445 0.388157 0.881112 0.434210
0 0.794444 0.226974 0.827778 0.268092
0 0.590000 0.560855 0.625556 0.603619
0 0.331111 0.266448 0.365555 0.309210
0 0.537778 0.394737 0.571111 0.435855
0 0.433334 0.131580 0.467778 0.179277
0 0.226666 0.685855 0.262222 0.726973
0 0.638888 0.180920 0.675555 0.226973
0 0.122222 0.809210 0.158889 0.853618
0 0.742222 0.351974 0.777778 0.396382
0 0.331111 0.560855 0.366667 0.603619
0 0.123333 0.134869 0.162222 0.177631
0 0.332222 0.350329 0.365556 0.389803
0 0.278889 0.266447 0.314445 0.310855
0 0.070000 0.600329 0.105556 0.644737
0 0.690000 0.228619 0.725556 0.271381
0 0.123334 0.305921 0.157778 0.350329
0 0.537778 0.435856 0.572222 0.478619
0 0.845555 0.225329 0.881111 0.269737
0 0.226666 0.432565 0.263333 0.478619
0 0.070000 0.766448 0.107778 0.812500
0 0.226666 0.266447 0.262222 0.310855
0 0.121111 0.687500 0.158889 0.728618
0 0.072222 0.391448 0.107778 0.434210
0 0.382222 0.519737 0.417778 0.564145
0 0.895555 0.225329 0.932222 0.269737
0 0.794445 0.312501 0.828889 0.355264
0 0.331112 0.475329 0.364444 0.519737
0 0.225555 0.133223 0.263333 0.179277
0 0.227778 0.603618 0.260000 0.643092
0 0.743334 0.432565 0.777778 0.478619
0 0.383334 0.225330 0.417778 0.268093
0 0.897778 0.598685 0.933334 0.644737
0 0.331111 0.519737 0.366667 0.560855
0 0.587778 0.134869 0.623334 0.180922
0 0.227777 0.728619 0.261111 0.769737
0 0.125556 0.222039 0.160000 0.266447
0 0.844445 0.180921 0.881112 0.225329
0 0.226666 0.809210 0.263333 0.853618
0 0.071110 0.687500 0.107777 0.733552
0 0.226666 0.560855 0.262222 0.601973
0 0.536666 0.555921 0.572222 0.600329
0 0.690000 0.184210 0.724444 0.228618
0 0.331110 0.768092 0.367777 0.812500
0 0.122222 0.728618 0.157778 0.771382
0 0.845556 0.434211 0.880000 0.475329
0 0.122222 0.644736 0.157778 0.687500
0 0.588889 0.393093 0.624445 0.435856
0 0.226666 0.348685 0.263333 0.394738
0 0.483333 0.427631 0.523333 0.475328
0 0.537778 0.312501 0.571111 0.355264
0 0.072222 0.228618 0.108890 0.268092
0 0.743334 0.226974 0.777778 0.271382
0 0.588889 0.518092 0.625556 0.560856
0 0.071111 0.644736 0.106667 0.687500
0 0.383333 0.644736 0.415555 0.687500
0 0.072222 0.351974 0.107778 0.391448
0 0.382222 0.476973 0.417778 0.519737
0 0.590000 0.314145 0.622222 0.353619
0 0.588889 0.437500 0.625556 0.478618
0 0.588889 0.601973 0.624445 0.644737
0 0.744445 0.271381 0.778889 0.309210
0 0.225555 0.179276 0.263333 0.223684
0 0.176667 0.175988 0.210000 0.223685
0 0.331111 0.726974 0.366667 0.768092
0 0.124445 0.350329 0.158889 0.394737
0 0.588889 0.643092 0.623333 0.685856
0 0.590000 0.353619 0.623333 0.394737
0 0.844444 0.310855 0.882222 0.360197
0 0.845555 0.133223 0.881111 0.179277
0 0.383334 0.685855 0.417778 0.728619
0 0.124444 0.177632 0.161111 0.222040
0 0.743334 0.180920 0.777778 0.226973
0 0.332222 0.605263 0.365556 0.646381
0 0.280000 0.309210 0.315556 0.351973
0 0.224444 0.896382 0.264444 0.940790
0 0.225555 0.853618 0.263333 0.896382
0 0.794445 0.355264 0.828889 0.393093
0 0.227777 0.310855 0.261111 0.350329
0 0.382223 0.894737 0.418890 0.939145
0 0.794445 0.179277 0.828889 0.226973
0 0.071111 0.560855 0.106667 0.600329
0 0.330000 0.891447 0.366667 0.939145
0 0.743334 0.136512 0.777778 0.182565
0 0.383333 0.351973 0.415555 0.394736
0 0.743334 0.478618 0.777778 0.523026
0 0.383333 0.807565 0.415555 0.850329
0 0.383333 0.603619 0.416667 0.644737
0 0.124445 0.393092 0.156667 0.434210
0 0.434445 0.225329 0.467777 0.264803
0 0.897778 0.434210 0.932222 0.476973
0 0.276666 0.225329 0.313333 0.264803
0 0.896666 0.476974 0.932222 0.518092
0 0.226666 0.396381 0.262222 0.434210
0 0.226666 0.518092 0.262222 0.562500
0 0.794445 0.478619 0.828889 0.516447
0 0.537778 0.263159 0.573334 0.310856
0 0.381111 0.177631 0.417778 0.225328
0 0.688889 0.134869 0.726667 0.182565
0 0.383333 0.268092 0.416667 0.309210
0 0.381111 0.128290 0.418889 0.175986
0 0.433333 0.179276 0.470000 0.223684
0 0.588889 0.271381 0.623333 0.314144
