0 0.578889 0.723229 0.602222 0.759473
0 0.112223 0.805602 0.135555 0.840198
0 0.223333 0.345963 0.262222 0.373970
0 0.503333 0.726523 0.523333 0.752883
0 0.112223 0.723229 0.135555 0.756177
0 0.087778 0.723229 0.108888 0.756177
0 0.482222 0.352554 0.524444 0.385503
0 0.483333 0.321252 0.523333 0.357496
0 0.138889 0.846787 0.163333 0.883031
0 0.140000 0.761121 0.161111 0.794069
0 0.580001 0.766063 0.603334 0.799011
0 0.140000 0.721582 0.162222 0.756178
0 0.086667 0.761120 0.110000 0.795716
0 0.481111 0.187808 0.524444 0.215815
0 0.348888 0.805602 0.369999 0.840198
0 0.482222 0.253707 0.523333 0.283361
0 0.061111 0.721582 0.085555 0.756178
0 0.061111 0.761121 0.085555 0.794069
0 0.323333 0.805602 0.346667 0.840198
0 0.140000 0.802307 0.162222 0.841846
0 0.113334 0.759473 0.136666 0.797364
0 0.554444 0.392093 0.575555 0.425042
0 0.278890 0.214168 0.312222 0.255354
0 0.586667 0.678748 0.618889 0.721582
0 0.604444 0.766063 0.627777 0.800659
0 0.347778 0.761120 0.368889 0.797364
0 0.346666 0.723229 0.367777 0.756177
0 0.117778 0.677101 0.156667 0.718287
0 0.322222 0.723229 0.344444 0.756177
0 0.065556 0.634266 0.104445 0.673805
0 0.065556 0.672158 0.104445 0.719934
0 0.087778 0.471169 0.111111 0.502470
0 0.062222 0.469523 0.084444 0.502471
0 0.481111 0.149918 0.523333 0.186162
0 0.086667 0.509061 0.111111 0.545305
0 0.061111 0.387150 0.085555 0.421746
0 0.322222 0.761120 0.345556 0.797364
0 0.605555 0.724877 0.626667 0.762767
0 0.061111 0.428337 0.085555 0.459638
0 0.895555 0.260296 0.931111 0.299835
0 0.426667 0.766063 0.448889 0.800659
0 0.088889 0.387150 0.111111 0.421746
0 0.481111 0.115321 0.524444 0.151565
0 0.118889 0.634267 0.154445 0.677101
0 0.895555 0.220758 0.931111 0.261944
0 0.451111 0.724877 0.472222 0.757825
0 0.278889 0.257001 0.311111 0.294893
0 0.451111 0.766063 0.473333 0.800659
0 0.425555 0.724877 0.448889 0.759473
0 0.688889 0.680396 0.724445 0.724877
0 0.171110 0.675453 0.207778 0.721582
0 0.552222 0.429984 0.576666 0.467875
0 0.487777 0.504119 0.516666 0.538715
0 0.687778 0.345964 0.724445 0.387150
0 0.086666 0.426689 0.112222 0.461285
0 0.844444 0.260297 0.877777 0.301483
0 0.122222 0.252059 0.157778 0.298188
0 0.481111 0.214168 0.523333 0.255354
0 0.327777 0.677100 0.364445 0.721581
0 0.068889 0.298188 0.104445 0.339374
0 0.172222 0.635914 0.206666 0.677100
0 0.066667 0.584843 0.104445 0.635915
0 0.741111 0.680395 0.775555 0.723229
0 0.174444 0.253707 0.210000 0.298187
0 0.070000 0.252059 0.105556 0.298188
0 0.843334 0.303130 0.877778 0.345964
0 0.792222 0.591433 0.827778 0.639209
0 0.793334 0.680395 0.826667 0.721581
0 0.793334 0.639209 0.826667 0.680395
0 0.483333 0.281714 0.523333 0.321252
0 0.327777 0.632620 0.364445 0.677100
0 0.741111 0.255354 0.775555 0.303130
0 0.741111 0.591433 0.776667 0.637563
0 0.067778 0.341021 0.105556 0.382207
0 0.380000 0.678748 0.414444 0.718287
0 0.225555 0.296540 0.261111 0.339374
0 0.330001 0.589786 0.363333 0.632620
0 0.741111 0.639209 0.775555 0.682043
0 0.688889 0.640857 0.723333 0.682043
0 0.276666 0.296540 0.312222 0.341021
0 0.278890 0.163098 0.312222 0.212521
0 0.587778 0.637562 0.620000 0.678748
0 0.227778 0.257001 0.260000 0.296540
0 0.638889 0.304778 0.671111 0.341022
0 0.894444 0.301482 0.931111 0.347611
0 0.120000 0.584843 0.155556 0.635915
0 0.381111 0.341021 0.415555 0.383855
0 0.637778 0.639209 0.672222 0.680395
0 0.687778 0.591433 0.723334 0.639209
0 0.330000 0.299835 0.364444 0.341021
0 0.433334 0.339373 0.467778 0.383854
0 0.637778 0.591433 0.673334 0.637563
0 0.742223 0.303131 0.775556 0.342670
0 0.894444 0.168040 0.931111 0.220758
0 0.687778 0.301483 0.722222 0.344317
0 0.688889 0.257001 0.723333 0.303130
0 0.586667 0.257001 0.618889 0.303130
0 0.586666 0.589786 0.622222 0.637562
0 0.534444 0.678748 0.570000 0.721582
0 0.482222 0.418452 0.522222 0.464581
0 0.534444 0.637562 0.570000 0.678748
0 0.843333 0.212521 0.878889 0.260297
0 0.381112 0.637562 0.414444 0.678748
0 0.330001 0.339373 0.363333 0.383854
0 0.636667 0.680396 0.673334 0.724877
0 0.226667 0.207578 0.261111 0.255354
0 0.791111 0.255354 0.826667 0.303130
0 0.433333 0.299835 0.468889 0.339374
0 0.432222 0.678748 0.466666 0.719934
0 0.637778 0.342668 0.672222 0.388797
0 0.433334 0.635914 0.466666 0.678748
0 0.381111 0.301482 0.415555 0.341021
0 0.382222 0.253707 0.417778 0.301483
0 0.380000 0.588138 0.415556 0.635914
0 0.586666 0.303130 0.620000 0.344316
0 0.121111 0.331137 0.156667 0.383855
0 0.435556 0.255354 0.470000 0.299835
0 0.740000 0.342669 0.775556 0.390445
0 0.637778 0.253707 0.672222 0.303129
0 0.533333 0.344317 0.571111 0.390446
0 0.535556 0.304777 0.570000 0.344316
0 0.330000 0.250412 0.364444 0.298188
0 0.586667 0.344317 0.621111 0.390446
0 0.432223 0.589785 0.468890 0.635915
0 0.792222 0.342668 0.827778 0.388797
0 0.792222 0.303130 0.826666 0.345964
0 0.535555 0.255354 0.571111 0.303130
0 0.171111 0.584843 0.208889 0.635915
0 0.533334 0.588139 0.570001 0.637562
0 0.172223 0.331137 0.208890 0.382207
0 0.484444 0.464580 0.522222 0.505766
