0 0.826250 0.330696 0.853750 0.356012
0 0.591250 0.367089 0.623750 0.416139
0 0.095000 0.514241 0.125000 0.539557
0 0.497500 0.843355 0.520000 0.867089
0 0.313750 0.773734 0.346250 0.795886
0 0.828750 0.484177 0.851250 0.515823
0 0.500000 0.558544 0.520000 0.579114
0 0.425000 0.672468 0.456250 0.704114
0 0.535000 0.707279 0.566250 0.742089
0 0.258750 0.613924 0.293750 0.634494
0 0.360000 0.321203 0.385000 0.351265
0 0.533750 0.731013 0.567500 0.767405
0 0.423750 0.697784 0.457500 0.735760
0 0.532500 0.832279 0.567500 0.862341
0 0.696250 0.860760 0.732500 0.897152
0 0.260000 0.356013 0.293750 0.379747
0 0.592500 0.352848 0.622500 0.387658
0 0.091250 0.481013 0.127500 0.525317
0 0.588750 0.583861 0.622500 0.602848
0 0.811250 0.356012 0.845000 0.387658
0 0.642500 0.862342 0.676250 0.895570
0 0.803750 0.425633 0.825000 0.449367
0 0.386250 0.322785 0.412500 0.354431
0 0.260000 0.487342 0.292500 0.506329
0 0.313750 0.645569 0.347500 0.666139
0 0.591250 0.417721 0.623750 0.450949
0 0.697500 0.835443 0.732500 0.868671
0 0.371250 0.386076 0.405000 0.414556
0 0.642500 0.833861 0.677500 0.865507
0 0.315000 0.575949 0.347500 0.607595
0 0.831250 0.420886 0.853750 0.454114
0 0.642500 0.800633 0.678750 0.833861
0 0.642500 0.770569 0.678750 0.802215
0 0.371250 0.610759 0.402500 0.642405
0 0.370000 0.640822 0.402500 0.669303
0 0.700000 0.675632 0.733750 0.704113
0 0.535000 0.805380 0.567500 0.833861
0 0.755000 0.642405 0.788750 0.674051
0 0.698750 0.704114 0.733750 0.738924
0 0.095000 0.572785 0.125000 0.606013
0 0.258750 0.670886 0.293750 0.697785
0 0.368750 0.550633 0.401250 0.574367
0 0.830000 0.455697 0.851250 0.482596
0 0.423750 0.735759 0.456250 0.768987
0 0.313750 0.734177 0.347500 0.775316
0 0.147500 0.832279 0.181250 0.857595
0 0.423750 0.800633 0.457500 0.833861
0 0.756250 0.352848 0.791250 0.390823
0 0.698750 0.803797 0.732500 0.837025
0 0.810000 0.387658 0.845000 0.422468
0 0.313750 0.705697 0.347500 0.734178
0 0.753750 0.768987 0.787500 0.802215
0 0.362500 0.420886 0.383750 0.444620
0 0.093750 0.541139 0.125000 0.574367
0 0.258750 0.799050 0.292500 0.830696
0 0.423750 0.640823 0.457500 0.675633
0 0.150000 0.417721 0.183750 0.449367
0 0.371250 0.354431 0.406250 0.384493
0 0.535000 0.484178 0.567500 0.514240
0 0.700000 0.643987 0.735000 0.675633
0 0.698750 0.770570 0.732500 0.803798
0 0.753750 0.833861 0.787500 0.867089
0 0.425000 0.765823 0.457500 0.800633
0 0.315000 0.544304 0.347500 0.577532
0 0.700000 0.610760 0.733750 0.645570
0 0.367500 0.670886 0.401250 0.705696
0 0.148750 0.481013 0.182500 0.514241
0 0.150000 0.449367 0.183750 0.481013
0 0.423750 0.832279 0.458750 0.868671
0 0.388750 0.482595 0.411250 0.515823
0 0.752500 0.865506 0.787500 0.898734
0 0.148750 0.609178 0.181250 0.639240
0 0.753750 0.802215 0.787500 0.835443
0 0.535000 0.674051 0.567500 0.707279
0 0.367500 0.704113 0.402500 0.742089
0 0.258750 0.702532 0.292500 0.735760
0 0.312500 0.667722 0.347500 0.704114
0 0.257500 0.865507 0.291250 0.895570
0 0.478750 0.775317 0.512500 0.811709
0 0.370000 0.575949 0.401250 0.610759
0 0.148750 0.637658 0.181250 0.669304
0 0.257500 0.832278 0.291250 0.865506
0 0.092500 0.420887 0.125000 0.450950
0 0.590000 0.865507 0.621250 0.895570
0 0.258750 0.734177 0.292500 0.767405
0 0.755000 0.737342 0.787500 0.770570
0 0.802500 0.452532 0.823750 0.482594
0 0.535000 0.512658 0.567500 0.544304
0 0.092500 0.447785 0.127500 0.481013
0 0.092500 0.640823 0.125000 0.672469
0 0.587500 0.802215 0.622500 0.833861
0 0.755000 0.514240 0.790000 0.547468
0 0.146250 0.705697 0.182500 0.735760
0 0.642500 0.738924 0.677500 0.773734
0 0.753750 0.705696 0.787500 0.737342
0 0.645000 0.389241 0.678750 0.419303
0 0.148750 0.512658 0.182500 0.544304
0 0.588750 0.707279 0.622500 0.737341
0 0.698750 0.737342 0.733750 0.772152
0 0.755000 0.674051 0.787500 0.707279
0 0.313750 0.512658 0.346250 0.545886
0 0.426250 0.482595 0.460000 0.514241
0 0.425000 0.515823 0.458750 0.545886
0 0.866250 0.390823 0.900000 0.422469
0 0.535000 0.640823 0.566250 0.674051
0 0.532500 0.859177 0.567500 0.895569
0 0.697500 0.482595 0.735000 0.515823
0 0.866250 0.354431 0.900000 0.390823
0 0.427500 0.449367 0.460000 0.482595
0 0.317500 0.417722 0.346250 0.446203
0 0.425000 0.577531 0.458750 0.609177
0 0.387500 0.414557 0.413750 0.449367
0 0.753750 0.547468 0.788750 0.580696
0 0.258750 0.574367 0.295000 0.610759
0 0.388750 0.450950 0.411250 0.481012
0 0.258750 0.509494 0.292500 0.542722
0 0.426250 0.417721 0.458750 0.449367
0 0.368750 0.512658 0.403750 0.549050
0 0.588750 0.640823 0.623750 0.675633
0 0.317500 0.386076 0.346250 0.417722
0 0.258750 0.447785 0.293750 0.485760
0 0.203750 0.351266 0.240000 0.386076
0 0.810000 0.549050 0.845000 0.580696
0 0.535000 0.351266 0.571250 0.389240
0 0.091250 0.381329 0.125000 0.419303
0 0.317500 0.447785 0.346250 0.481013
0 0.535000 0.579114 0.568750 0.612342
0 0.535000 0.545886 0.568750 0.579114
0 0.590000 0.547468 0.623750 0.582278
0 0.260000 0.382912 0.293750 0.419304
0 0.148750 0.542721 0.182500 0.574367
0 0.755000 0.454114 0.788750 0.482594
0 0.257500 0.542722 0.293750 0.572785
0 0.645000 0.514240 0.678750 0.544303
0 0.587500 0.735759 0.623750 0.768987
0 0.427500 0.386076 0.458750 0.417722
0 0.093750 0.606013 0.126250 0.640823
0 0.257500 0.636076 0.293750 0.672468
0 0.425000 0.609177 0.456250 0.642405
0 0.643750 0.642405 0.678750 0.674051
0 0.361250 0.449367 0.382500 0.481013
0 0.257500 0.765823 0.292500 0.802215
0 0.482275 0.343971 0.513549 0.361297
0 0.481825 0.361297 0.513775 0.380649
0 0.482275 0.381234 0.513549 0.401456
0 0.480000 0.401899 0.515000 0.433703
0 0.482875 0.321202 0.514375 0.343988
0 0.479775 0.433703 0.513525 0.469937
0 0.316250 0.349684 0.347500 0.386076
0 0.591250 0.515823 0.621250 0.547469
0 0.203750 0.386076 0.240000 0.420886
0 0.810000 0.580696 0.843750 0.613924
0 0.316250 0.481013 0.346250 0.511076
0 0.536250 0.389241 0.570000 0.419303
0 0.756250 0.389240 0.790000 0.420886
0 0.590000 0.450949 0.623750 0.484177
0 0.697500 0.517406 0.735000 0.547469
0 0.755000 0.422468 0.788750 0.454114
0 0.590000 0.484177 0.622500 0.515823
0 0.698750 0.389240 0.736250 0.422468
0 0.643750 0.705696 0.677500 0.738924
0 0.531250 0.767404 0.567500 0.805380
0 0.146250 0.734177 0.182500 0.767405
0 0.698750 0.354430 0.736250 0.387658
0 0.425000 0.545886 0.458750 0.577532
0 0.645000 0.450949 0.678750 0.482595
0 0.700000 0.579114 0.735000 0.612342
0 0.645000 0.482595 0.680000 0.514241
0 0.588750 0.675633 0.622500 0.707279
0 0.148750 0.575949 0.182500 0.607595
0 0.643750 0.351266 0.681250 0.390822
0 0.753750 0.610759 0.788750 0.643987
0 0.312500 0.607595 0.348750 0.642405
0 0.146250 0.669304 0.181250 0.705696
0 0.426250 0.349684 0.460000 0.386076
0 0.810000 0.514241 0.843750 0.549051
0 0.587500 0.606013 0.623750 0.640823
0 0.501238 0.598687 0.520838 0.619557
0 0.482363 0.518877 0.513775 0.542105
0 0.501000 0.578639 0.520625 0.597785
0 0.500925 0.619161 0.522701 0.634905
0 0.502488 0.664447 0.519900 0.679003
0 0.502488 0.679795 0.519588 0.703418
0 0.804787 0.329857 0.824563 0.354905
0 0.315487 0.837041 0.345937 0.862547
0 0.500612 0.633734 0.522388 0.651456
0 0.500612 0.651455 0.521150 0.663655
0 0.478750 0.541772 0.516250 0.550633
0 0.312500 0.795886 0.347500 0.836709
0 0.496250 0.867880 0.522500 0.893988
0 0.478750 0.492088 0.515000 0.519462
0 0.698750 0.547468 0.735000 0.579114
0 0.643750 0.610759 0.678750 0.643987
0 0.643750 0.674050 0.678750 0.705696
0 0.645000 0.419304 0.678750 0.450950
0 0.147500 0.378164 0.185000 0.419303
0 0.090000 0.670885 0.125000 0.708861
0 0.148750 0.767405 0.182500 0.799051
0 0.535000 0.612341 0.567500 0.639240
0 0.753750 0.482595 0.790000 0.515823
0 0.698750 0.452532 0.735000 0.482594
0 0.866250 0.422469 0.900000 0.452531
0 0.536250 0.419304 0.568750 0.450950
0 0.753750 0.580697 0.788750 0.610760
0 0.311250 0.862342 0.348750 0.897152
0 0.146250 0.799051 0.182500 0.832279
0 0.587500 0.833861 0.622500 0.865507
0 0.698750 0.422469 0.735000 0.452531
0 0.645000 0.544304 0.677500 0.580696
0 0.865000 0.452532 0.898750 0.485760
0 0.147500 0.859177 0.182500 0.893987
0 0.645000 0.579114 0.677500 0.609177
0 0.535000 0.452531 0.567500 0.484177
0 0.587500 0.768987 0.622500 0.802215
0 0.260000 0.419303 0.292500 0.446203
