0 0.862222 0.724877 0.884444 0.759473
0 0.892223 0.764416 0.915556 0.795717
0 0.115556 0.594728 0.136666 0.630972
0 0.634445 0.392093 0.653334 0.423394
0 0.115556 0.555190 0.136666 0.586491
0 0.425556 0.724877 0.447778 0.762767
0 0.916667 0.803954 0.938889 0.840198
0 0.114445 0.682043 0.138889 0.718287
0 0.425555 0.846787 0.448889 0.883031
0 0.115556 0.639209 0.138888 0.675453
0 0.916667 0.764415 0.938889 0.799011
0 0.451111 0.891268 0.473333 0.927512
0 0.381111 0.678748 0.417778 0.726524
0 0.451111 0.726524 0.472222 0.761120
0 0.400000 0.428337 0.422222 0.466228
0 0.478889 0.116969 0.526667 0.154860
0 0.450000 0.845141 0.472222 0.883031
0 0.116667 0.514003 0.137777 0.545304
0 0.838888 0.266886 0.860000 0.298187
0 0.480000 0.285008 0.524444 0.322900
0 0.915555 0.514004 0.938889 0.546952
0 0.656666 0.431631 0.679999 0.466227
0 0.838889 0.724877 0.861111 0.757825
0 0.141111 0.639210 0.165555 0.677100
0 0.425555 0.766063 0.448889 0.799011
0 0.141112 0.724877 0.164444 0.762767
0 0.116667 0.390445 0.137777 0.420099
0 0.838889 0.764415 0.861111 0.799011
0 0.758889 0.429983 0.782223 0.466227
0 0.430000 0.680396 0.467778 0.724877
0 0.115556 0.428336 0.137778 0.462932
0 0.398889 0.390444 0.422223 0.423393
0 0.271112 0.724877 0.292222 0.759473
0 0.141111 0.428337 0.163333 0.466228
0 0.138889 0.596376 0.164445 0.632620
0 0.245555 0.390446 0.266666 0.421747
0 0.244445 0.431631 0.266667 0.466227
0 0.861111 0.308072 0.885555 0.344316
0 0.890000 0.390444 0.911112 0.423393
0 0.220001 0.429984 0.241112 0.462933
0 0.486666 0.509061 0.517778 0.545305
0 0.478889 0.215815 0.523333 0.258649
0 0.115556 0.471170 0.140000 0.509061
0 0.068888 0.682042 0.105555 0.726523
0 0.381111 0.341021 0.416667 0.388797
0 0.122222 0.341021 0.156666 0.385502
0 0.891111 0.472817 0.913333 0.507413
0 0.633333 0.431630 0.653333 0.464579
0 0.223333 0.678748 0.261111 0.728171
0 0.915555 0.429984 0.936667 0.462933
0 0.813333 0.309721 0.833333 0.341022
0 0.173334 0.682043 0.206667 0.724877
0 0.140000 0.514003 0.163333 0.548599
0 0.894444 0.677100 0.931111 0.721581
0 0.225556 0.637562 0.260000 0.680396
0 0.070000 0.301482 0.103333 0.341021
0 0.787777 0.309721 0.808889 0.341022
0 0.758889 0.393740 0.782223 0.426689
0 0.916666 0.393739 0.937778 0.425040
0 0.811111 0.266887 0.833333 0.301483
0 0.173334 0.344316 0.207778 0.387150
0 0.690000 0.675453 0.725556 0.728171
0 0.742222 0.678748 0.777778 0.721582
0 0.174444 0.255354 0.210000 0.301482
0 0.277778 0.637562 0.311110 0.680396
0 0.895555 0.635914 0.931111 0.677100
0 0.431111 0.637562 0.466667 0.680396
0 0.887778 0.428337 0.913334 0.466228
0 0.276666 0.588138 0.312222 0.635914
0 0.587777 0.217463 0.621111 0.260297
0 0.122223 0.301483 0.155556 0.342669
0 0.896666 0.347611 0.929999 0.388797
0 0.915556 0.471170 0.940000 0.505766
0 0.844445 0.675453 0.878889 0.721582
0 0.328889 0.639209 0.363333 0.680395
0 0.174445 0.637562 0.207778 0.682042
0 0.220001 0.388797 0.243334 0.425041
0 0.121111 0.257001 0.157778 0.301482
0 0.637778 0.678747 0.673334 0.724877
0 0.067778 0.589786 0.105556 0.639209
0 0.656666 0.392093 0.679999 0.425042
0 0.381111 0.640857 0.415555 0.680396
0 0.068889 0.639209 0.104445 0.682043
0 0.174445 0.589786 0.207778 0.637562
0 0.742222 0.637562 0.776666 0.678748
0 0.226666 0.301482 0.259999 0.339373
0 0.535556 0.303130 0.570000 0.344316
0 0.431111 0.591433 0.467778 0.637563
0 0.067777 0.342668 0.106666 0.387149
0 0.690000 0.589785 0.725556 0.635915
0 0.637778 0.344317 0.673334 0.390446
0 0.792222 0.678747 0.827778 0.724877
0 0.277778 0.303131 0.312222 0.342670
0 0.381111 0.303131 0.415555 0.342670
0 0.380000 0.588139 0.414444 0.639210
0 0.224444 0.589786 0.261111 0.637562
0 0.224444 0.341022 0.262222 0.387151
0 0.328889 0.301483 0.363333 0.342669
0 0.537778 0.261944 0.570000 0.303130
0 0.327778 0.680396 0.363334 0.724877
0 0.587778 0.261943 0.622222 0.301482
0 0.067778 0.253707 0.105556 0.303129
0 0.638889 0.635914 0.673333 0.678748
0 0.173333 0.301483 0.208889 0.342669
0 0.793334 0.637562 0.827778 0.680396
0 0.638889 0.589785 0.674445 0.635915
0 0.225555 0.257001 0.261111 0.301482
0 0.277778 0.257001 0.311110 0.301482
0 0.844444 0.635914 0.877777 0.677100
0 0.381111 0.255354 0.415555 0.303130
0 0.894444 0.260296 0.931111 0.306425
0 0.895555 0.588139 0.931111 0.634268
0 0.843334 0.589785 0.877778 0.634266
0 0.588889 0.168040 0.621111 0.215816
0 0.328889 0.341022 0.363333 0.392093
0 0.741111 0.589786 0.776667 0.637562
0 0.740000 0.341021 0.776667 0.390444
0 0.741111 0.260296 0.775555 0.304777
0 0.481111 0.420098 0.523333 0.466227
0 0.433334 0.301483 0.467778 0.342669
0 0.328889 0.588139 0.364445 0.637562
0 0.638889 0.258649 0.673333 0.303130
0 0.895556 0.306425 0.930000 0.347611
0 0.327778 0.255354 0.363334 0.301482
0 0.638889 0.304778 0.672223 0.345964
0 0.433334 0.257001 0.467778 0.299835
0 0.794444 0.589785 0.827778 0.635915
0 0.688889 0.258649 0.723333 0.303130
0 0.587778 0.303131 0.622222 0.347612
0 0.688889 0.304778 0.723333 0.345964
0 0.688889 0.345964 0.723333 0.392093
0 0.537778 0.214168 0.571111 0.260296
0 0.482222 0.466227 0.522222 0.509061
0 0.481111 0.257002 0.523333 0.286656
0 0.083334 0.845140 0.112223 0.886326
0 0.503333 0.724876 0.524445 0.754530
0 0.426667 0.891269 0.448889 0.925865
0 0.891111 0.803954 0.914444 0.838550
0 0.425556 0.805601 0.450000 0.841845
0 0.085556 0.761121 0.112223 0.799011
0 0.116667 0.724877 0.137777 0.757825
0 0.840000 0.846788 0.863333 0.879736
0 0.891111 0.846788 0.915555 0.881384
0 0.916667 0.724876 0.938889 0.761120
0 0.086667 0.728171 0.110000 0.759472
0 0.397778 0.764416 0.422222 0.797364
0 0.863333 0.766063 0.884445 0.800659
0 0.862222 0.266886 0.884444 0.298187
0 0.451111 0.766062 0.473333 0.797364
0 0.811111 0.349258 0.834445 0.382207
0 0.535555 0.349259 0.571111 0.383855
0 0.143333 0.390444 0.163333 0.423393
0 0.277778 0.341021 0.313334 0.385502
0 0.838889 0.805602 0.863333 0.838550
0 0.140000 0.556837 0.163333 0.588139
0 0.892222 0.889622 0.916666 0.927512
0 0.271112 0.764415 0.292222 0.799011
0 0.276666 0.678748 0.312222 0.721582
0 0.865555 0.848435 0.886667 0.883031
0 0.480000 0.352554 0.524444 0.385503
0 0.297778 0.766062 0.318889 0.797364
0 0.916666 0.891269 0.939999 0.925865
0 0.394444 0.726524 0.421111 0.759472
0 0.481111 0.322900 0.524444 0.354201
0 0.477778 0.187809 0.525556 0.217463
0 0.444444 0.347612 0.467778 0.385503
0 0.838889 0.889621 0.862223 0.924217
0 0.785556 0.265238 0.807778 0.298187
0 0.916666 0.846787 0.939999 0.883031
0 0.297778 0.726524 0.318889 0.756178
0 0.891111 0.723229 0.915555 0.756177
0 0.141111 0.683690 0.163333 0.719934
0 0.480000 0.151565 0.524444 0.189456
