0 0.536667 0.886885 0.574445 0.937705
0 0.481111 0.429508 0.522222 0.477050
0 0.896667 0.845901 0.933334 0.886885
0 0.845556 0.890163 0.878889 0.932787
0 0.895556 0.885246 0.934445 0.932787
0 0.480000 0.167213 0.522222 0.201639
0 0.481111 0.298361 0.522222 0.336066
0 0.587778 0.850819 0.623334 0.891803
0 0.898889 0.803279 0.934445 0.845902
0 0.638889 0.886885 0.676667 0.936065
0 0.587778 0.890163 0.623334 0.932787
0 0.794444 0.890164 0.830000 0.934426
0 0.535555 0.801640 0.573333 0.850820
0 0.586667 0.803279 0.624445 0.850820
0 0.690000 0.847540 0.725556 0.890163
0 0.794444 0.847540 0.830000 0.890163
0 0.743333 0.890164 0.780000 0.936066
0 0.845555 0.801639 0.881111 0.847541
0 0.745556 0.801639 0.780000 0.847541
0 0.794444 0.801639 0.831112 0.847541
0 0.640000 0.801639 0.675556 0.849181
0 0.690000 0.891803 0.727778 0.936065
0 0.691111 0.801640 0.725555 0.850820
0 0.640000 0.849181 0.674444 0.886886
0 0.708889 0.767213 0.731111 0.801639
0 0.657777 0.767214 0.678889 0.800001
0 0.477778 0.231148 0.522222 0.268852
0 0.482222 0.365574 0.523333 0.396722
0 0.814444 0.767214 0.834444 0.800001
0 0.481111 0.268852 0.522222 0.301640
0 0.916667 0.765574 0.938889 0.800000
0 0.480000 0.134427 0.523334 0.167214
0 0.865555 0.765574 0.886667 0.800000
0 0.605556 0.767213 0.628889 0.801639
0 0.482222 0.337705 0.523333 0.368853
0 0.503333 0.724591 0.524445 0.757377
0 0.845556 0.847541 0.880000 0.891803
0 0.553333 0.767214 0.576666 0.800001
0 0.480000 0.201639 0.522222 0.231147
0 0.744444 0.847541 0.780000 0.891803
0 0.760000 0.767214 0.783334 0.800001
