0 0.223333 0.769737 0.256667 0.809211
0 0.475878 0.331365 0.523256 0.363783
0 0.477778 0.292434 0.521111 0.330592
0 0.477778 0.363322 0.521111 0.395559
0 0.476667 0.478619 0.520000 0.508224
0 0.892222 0.480264 0.926666 0.518093
0 0.478888 0.129935 0.519999 0.162830
0 0.891111 0.314144 0.926667 0.351973
0 0.790000 0.478619 0.822222 0.519737
0 0.477778 0.264802 0.518888 0.292764
0 0.222222 0.481907 0.254444 0.519737
0 0.498889 0.731908 0.523333 0.761514
0 0.221111 0.361843 0.256667 0.386514
0 0.478888 0.159540 0.519999 0.197369
0 0.476667 0.197369 0.521111 0.226973
0 0.894445 0.891447 0.926667 0.939145
0 0.222222 0.730263 0.256666 0.771381
0 0.790000 0.853619 0.824444 0.891447
0 0.223333 0.894737 0.258889 0.940789
0 0.223334 0.858553 0.257778 0.896381
0 0.790000 0.766447 0.824444 0.810855
0 0.894445 0.853619 0.928889 0.889803
0 0.688889 0.851974 0.721111 0.893092
0 0.376666 0.435855 0.412222 0.485197
0 0.582222 0.309210 0.618889 0.355264
0 0.790000 0.728618 0.824444 0.768092
0 0.065556 0.564145 0.097778 0.608553
0 0.584445 0.399671 0.616667 0.435855
0 0.636667 0.853619 0.670000 0.889803
0 0.892222 0.560855 0.926666 0.598685
0 0.476667 0.225329 0.518889 0.264803
0 0.788889 0.312501 0.823333 0.355264
0 0.893334 0.598684 0.926667 0.641448
0 0.894445 0.641447 0.925555 0.680921
0 0.118889 0.562500 0.153333 0.605264
0 0.223333 0.646381 0.256667 0.685855
0 0.790000 0.685855 0.823334 0.728619
0 0.223333 0.809211 0.258889 0.858553
0 0.635556 0.728619 0.670000 0.766447
0 0.065556 0.274672 0.100000 0.312501
0 0.891111 0.437501 0.925555 0.480264
0 0.788889 0.891448 0.823333 0.932566
0 0.222222 0.562500 0.256666 0.603618
0 0.063334 0.184210 0.100001 0.231907
0 0.892223 0.728619 0.928890 0.764803
0 0.221111 0.136514 0.254444 0.187501
0 0.117778 0.138157 0.152222 0.180920
0 0.534444 0.726974 0.564444 0.766448
0 0.687778 0.644737 0.720000 0.685855
0 0.686667 0.476974 0.718889 0.521382
0 0.893334 0.764803 0.927778 0.810855
0 0.790000 0.560855 0.823334 0.601973
0 0.062223 0.233552 0.101112 0.276315
0 0.222222 0.603618 0.256666 0.646382
0 0.892222 0.394737 0.925555 0.435855
0 0.790000 0.605263 0.823334 0.644737
0 0.737778 0.685855 0.773334 0.725329
0 0.380001 0.312500 0.411112 0.351974
0 0.892222 0.519737 0.926666 0.560855
0 0.790000 0.810855 0.824444 0.853619
0 0.117778 0.481908 0.152222 0.523026
0 0.738889 0.851974 0.773333 0.893092
0 0.891111 0.138158 0.926667 0.182566
0 0.788889 0.643092 0.823333 0.685856
0 0.223334 0.685856 0.257778 0.731908
0 0.740000 0.768092 0.773334 0.812500
0 0.531111 0.896381 0.567778 0.939145
0 0.637778 0.524671 0.668888 0.557565
0 0.120000 0.523027 0.152222 0.564145
0 0.065555 0.396381 0.101111 0.439144
0 0.687778 0.893092 0.722222 0.935856
0 0.788889 0.136512 0.821111 0.182565
0 0.690000 0.559211 0.720000 0.600329
0 0.686666 0.812500 0.722222 0.851974
0 0.687778 0.728619 0.722222 0.769737
0 0.533334 0.312499 0.566667 0.350328
0 0.170000 0.269737 0.200000 0.314145
0 0.892222 0.812500 0.927778 0.853618
0 0.063333 0.138157 0.101111 0.184210
0 0.635555 0.440790 0.668888 0.473685
0 0.685556 0.312500 0.720000 0.353618
0 0.066667 0.526316 0.100000 0.565790
0 0.636667 0.682565 0.670000 0.730263
0 0.222222 0.187500 0.253333 0.223684
0 0.378889 0.396382 0.410000 0.437500
0 0.115556 0.180920 0.152223 0.226973
0 0.635555 0.812500 0.671111 0.853618
0 0.790000 0.521381 0.823334 0.560855
0 0.893333 0.682566 0.928889 0.728618
0 0.117778 0.398027 0.152222 0.440790
0 0.533334 0.133223 0.567778 0.180920
0 0.738889 0.812500 0.772223 0.851974
0 0.533333 0.225328 0.565555 0.271381
0 0.837778 0.180920 0.873334 0.226973
0 0.532222 0.685855 0.564444 0.726973
0 0.531111 0.812499 0.566667 0.850329
0 0.531111 0.850329 0.565555 0.894737
0 0.737778 0.600329 0.772222 0.643093
0 0.791111 0.355263 0.822223 0.394737
0 0.787778 0.394737 0.822222 0.435855
0 0.327777 0.134869 0.361111 0.180922
0 0.841112 0.269737 0.872222 0.310855
0 0.118889 0.356908 0.151111 0.398026
0 0.380000 0.351973 0.410000 0.394736
0 0.737778 0.893092 0.775556 0.937500
0 0.221111 0.312501 0.254444 0.355264
0 0.891111 0.274671 0.926667 0.314145
0 0.635556 0.644737 0.670000 0.684211
0 0.634445 0.353619 0.668889 0.394737
0 0.737777 0.356908 0.771111 0.396382
0 0.222222 0.519736 0.255555 0.562500
0 0.221111 0.391448 0.256667 0.437501
0 0.737778 0.519736 0.772222 0.562500
0 0.738889 0.560855 0.772223 0.600329
0 0.686667 0.687500 0.721111 0.728618
0 0.585556 0.435855 0.615556 0.475329
0 0.787778 0.228619 0.823334 0.271381
0 0.736666 0.643092 0.772222 0.685856
0 0.065556 0.439145 0.100000 0.483553
0 0.274444 0.136512 0.310000 0.182565
0 0.377778 0.136512 0.413334 0.182565
0 0.065555 0.483552 0.101111 0.526316
0 0.117778 0.440790 0.153334 0.481908
0 0.533334 0.273027 0.566667 0.314145
0 0.327778 0.269737 0.360000 0.309211
0 0.838889 0.226974 0.874445 0.268092
0 0.838889 0.136513 0.873333 0.180921
0 0.478889 0.427631 0.517778 0.475328
0 0.840000 0.394738 0.873333 0.442435
0 0.787778 0.271382 0.823334 0.312500
0 0.687777 0.521382 0.721110 0.557566
0 0.116666 0.228618 0.152222 0.273026
0 0.634444 0.766448 0.671111 0.812500
0 0.687778 0.601973 0.720000 0.644737
0 0.117778 0.314145 0.152222 0.355263
0 0.790000 0.435855 0.822222 0.480263
0 0.326666 0.228619 0.360000 0.269737
0 0.064444 0.312500 0.100000 0.356908
0 0.891111 0.185856 0.927778 0.228619
0 0.634444 0.264802 0.667778 0.312499
0 0.533334 0.603619 0.567778 0.644737
0 0.687778 0.769736 0.722222 0.812500
0 0.890000 0.230263 0.925556 0.274671
0 0.634444 0.889803 0.672222 0.939145
0 0.686667 0.439144 0.718889 0.476973
0 0.891111 0.351973 0.926667 0.394736
0 0.533334 0.643092 0.566667 0.685856
0 0.430000 0.312500 0.462222 0.356908
0 0.736666 0.435855 0.772222 0.476973
0 0.221111 0.225329 0.254444 0.269737
0 0.065556 0.356907 0.100000 0.399670
0 0.736667 0.726973 0.773334 0.769737
0 0.117778 0.273027 0.152222 0.314145
0 0.584444 0.264802 0.617777 0.310856
0 0.788890 0.185856 0.822223 0.228619
0 0.533334 0.439145 0.566667 0.480263
0 0.736666 0.396381 0.772222 0.435855
0 0.531111 0.768092 0.567778 0.812500
0 0.273334 0.353618 0.307778 0.398026
0 0.326666 0.309210 0.360000 0.353618
0 0.840000 0.310856 0.874444 0.353619
0 0.533334 0.519737 0.566667 0.560855
0 0.635556 0.601974 0.670000 0.646382
0 0.377778 0.184210 0.413334 0.226973
0 0.533334 0.180921 0.567778 0.225329
0 0.686667 0.353618 0.718889 0.393092
0 0.737778 0.476974 0.772222 0.518092
0 0.532222 0.480263 0.566666 0.519737
0 0.840000 0.351973 0.873333 0.394736
0 0.221111 0.437500 0.255555 0.481908
0 0.634445 0.310856 0.668889 0.353619
0 0.532222 0.560855 0.566666 0.603619
0 0.274444 0.184210 0.310000 0.228618
0 0.738889 0.266448 0.769999 0.312501
0 0.376666 0.226973 0.412222 0.269736
0 0.737777 0.312500 0.771111 0.356908
0 0.685555 0.393092 0.718889 0.437500
0 0.634444 0.559210 0.670000 0.601974
0 0.430001 0.266448 0.463333 0.312501
0 0.326666 0.355263 0.360000 0.396381
0 0.583333 0.353619 0.620000 0.399672
0 0.686667 0.264802 0.718889 0.312499
0 0.534444 0.351973 0.565556 0.394736
0 0.274444 0.228619 0.310000 0.269737
0 0.273333 0.312501 0.308889 0.355264
0 0.221111 0.269736 0.254444 0.312499
0 0.325555 0.182565 0.361111 0.228619
0 0.634444 0.475330 0.670000 0.523027
0 0.326667 0.394736 0.361111 0.440790
0 0.273333 0.269737 0.311111 0.314145
0 0.378889 0.269736 0.413333 0.312499
0 0.634445 0.394737 0.668889 0.439145
0 0.533333 0.396381 0.565555 0.439144
