0 0.482666 0.278125 0.512000 0.307812
0 0.485334 0.367188 0.512001 0.389062
0 0.482667 0.348438 0.510667 0.378125
0 0.490667 0.771875 0.514667 0.796875
0 0.481334 0.245312 0.512001 0.276562
0 0.485333 0.392187 0.510667 0.410937
0 0.174667 0.723437 0.208000 0.759375
0 0.484000 0.409375 0.512000 0.432813
0 0.232000 0.723437 0.260000 0.757812
0 0.124000 0.728125 0.150667 0.760938
0 0.274667 0.621875 0.306667 0.653125
0 0.270666 0.476562 0.309333 0.506250
0 0.270667 0.440626 0.307999 0.475001
0 0.740000 0.217187 0.774667 0.259375
0 0.218666 0.835937 0.253333 0.879687
0 0.270667 0.507812 0.307999 0.551562
0 0.270667 0.370312 0.307999 0.401562
0 0.846666 0.404687 0.885333 0.439063
0 0.846666 0.370312 0.885333 0.404688
0 0.160000 0.835938 0.201333 0.871875
0 0.482666 0.207812 0.512000 0.237500
0 0.270667 0.401562 0.307999 0.432812
0 0.162666 0.757812 0.199999 0.798437
0 0.160000 0.798437 0.201333 0.834375
0 0.269334 0.551562 0.308001 0.584375
0 0.794667 0.371874 0.829334 0.406250
0 0.482666 0.181250 0.512000 0.207812
0 0.220000 0.759375 0.253333 0.799999
0 0.270666 0.585938 0.309333 0.620313
0 0.217333 0.798437 0.254666 0.834375
0 0.103999 0.829688 0.146667 0.875000
0 0.848000 0.293750 0.885333 0.332812
0 0.848000 0.442187 0.884000 0.476562
0 0.160000 0.404687 0.197333 0.439063
0 0.105333 0.760938 0.145333 0.801562
0 0.849333 0.335938 0.885333 0.370313
0 0.794666 0.296876 0.832000 0.332813
0 0.269334 0.654688 0.310666 0.692188
0 0.794667 0.334375 0.829334 0.370312
0 0.158666 0.257812 0.197333 0.290625
0 0.160000 0.367188 0.197333 0.403124
0 0.793334 0.256250 0.830667 0.295312
0 0.214667 0.292188 0.253333 0.335938
0 0.158666 0.293751 0.197333 0.329688
0 0.158667 0.215624 0.198667 0.256250
0 0.159999 0.329688 0.198666 0.367188
0 0.268001 0.329688 0.309333 0.368750
0 0.269333 0.289063 0.309333 0.328125
0 0.484947 0.238641 0.511587 0.245735
