0 0.087778 0.809523 0.111111 0.844006
0 0.068888 0.353038 0.107777 0.397373
0 0.586666 0.643678 0.622222 0.683087
0 0.063334 0.438424 0.084444 0.474548
0 0.087778 0.436782 0.110000 0.472907
0 0.897778 0.316912 0.930000 0.356322
0 0.277778 0.270936 0.314445 0.311986
0 0.381111 0.316912 0.417778 0.354679
0 0.635555 0.681445 0.673333 0.727421
0 0.788889 0.441707 0.808889 0.474548
0 0.401112 0.729063 0.422223 0.763547
0 0.086667 0.768473 0.110000 0.802956
0 0.537778 0.596059 0.572222 0.645320
0 0.277778 0.178983 0.312222 0.233170
0 0.061111 0.729064 0.083333 0.761904
0 0.481111 0.165845 0.523333 0.205255
0 0.186667 0.770114 0.214445 0.804597
0 0.375555 0.440065 0.398889 0.474549
0 0.657778 0.441708 0.680000 0.472907
0 0.401111 0.438424 0.424445 0.476191
0 0.633333 0.729063 0.656667 0.763547
0 0.812222 0.441707 0.834444 0.476191
0 0.070000 0.270935 0.107778 0.316913
0 0.187778 0.729063 0.213334 0.766831
0 0.813333 0.403940 0.833333 0.436781
0 0.483333 0.297208 0.525555 0.336618
0 0.657778 0.523810 0.681111 0.555009
0 0.656666 0.481117 0.679999 0.517242
0 0.375556 0.727422 0.397778 0.760262
0 0.382223 0.683086 0.415555 0.725780
0 0.226667 0.397373 0.261111 0.433497
0 0.062223 0.766830 0.085555 0.802955
0 0.633333 0.397372 0.654445 0.431856
0 0.536667 0.645320 0.571111 0.684729
0 0.088889 0.848932 0.110000 0.885057
0 0.060000 0.850575 0.085556 0.886699
0 0.376667 0.811165 0.397778 0.845649
0 0.062222 0.397372 0.084444 0.431856
0 0.741111 0.236454 0.775555 0.267653
0 0.061111 0.807882 0.084444 0.842365
0 0.656667 0.399014 0.678889 0.435139
0 0.087778 0.727422 0.110000 0.763547
0 0.375555 0.397373 0.401111 0.433497
0 0.478888 0.134647 0.525555 0.167488
0 0.402222 0.399014 0.424444 0.431856
0 0.844445 0.318554 0.878889 0.353038
0 0.688889 0.320196 0.724445 0.349754
0 0.633333 0.848932 0.656667 0.883416
0 0.894444 0.238096 0.931111 0.270937
0 0.487778 0.515599 0.517778 0.555009
0 0.633333 0.768473 0.654445 0.804597
0 0.690000 0.400656 0.725556 0.435140
0 0.401112 0.770115 0.422223 0.801314
0 0.633333 0.811166 0.656667 0.844006
0 0.481111 0.229884 0.523333 0.269294
0 0.660000 0.896552 0.682222 0.929392
0 0.375555 0.768472 0.398889 0.806239
0 0.227777 0.316912 0.261111 0.348111
0 0.534444 0.684729 0.572222 0.730706
0 0.483333 0.334975 0.525555 0.367816
0 0.062222 0.893267 0.086666 0.929392
0 0.658889 0.807881 0.681111 0.845649
0 0.087778 0.894910 0.110000 0.929393
0 0.482222 0.361247 0.526666 0.397372
0 0.503333 0.724137 0.525555 0.750410
0 0.843333 0.403940 0.881111 0.431856
0 0.277778 0.315271 0.314445 0.351395
0 0.657778 0.768473 0.681111 0.802956
0 0.071111 0.315271 0.105555 0.351395
0 0.175556 0.315271 0.208889 0.353038
0 0.658890 0.848932 0.682223 0.885057
0 0.657777 0.727421 0.678889 0.761904
0 0.480000 0.205254 0.524444 0.233170
0 0.398889 0.850575 0.423333 0.886699
0 0.483333 0.269294 0.523333 0.300492
0 0.278890 0.234812 0.312222 0.267653
0 0.188889 0.848932 0.214445 0.888342
0 0.087778 0.400656 0.111111 0.433497
0 0.633333 0.891625 0.655555 0.929393
0 0.498134 0.751018 0.529745 0.760230
0 0.535555 0.269293 0.571111 0.315271
0 0.484444 0.472907 0.522222 0.515599
0 0.638889 0.269294 0.672223 0.318555
0 0.843333 0.226601 0.878889 0.274220
0 0.587778 0.269294 0.623334 0.316912
0 0.687778 0.224959 0.723334 0.274220
0 0.328888 0.640394 0.365555 0.684729
0 0.535555 0.354679 0.572222 0.399014
0 0.740000 0.180625 0.776667 0.234812
0 0.791111 0.269293 0.827778 0.320196
0 0.330000 0.353038 0.364444 0.397373
0 0.173333 0.642037 0.208889 0.683087
0 0.482222 0.428571 0.523333 0.472907
0 0.895555 0.182266 0.931111 0.234812
0 0.432223 0.684729 0.468890 0.729065
0 0.434445 0.642036 0.468889 0.684729
0 0.792222 0.351396 0.826666 0.400657
0 0.123333 0.270935 0.160000 0.315271
0 0.740000 0.354679 0.776667 0.399014
0 0.433333 0.270935 0.470000 0.315271
0 0.381111 0.267651 0.417778 0.316912
0 0.844445 0.274221 0.878889 0.316914
0 0.741111 0.270935 0.775555 0.318554
0 0.174444 0.353038 0.212222 0.399015
0 0.122222 0.353038 0.157778 0.395730
0 0.122222 0.313629 0.160000 0.354679
0 0.585556 0.354680 0.622223 0.397373
0 0.328888 0.684729 0.365555 0.730706
0 0.895555 0.354680 0.931111 0.397373
0 0.382223 0.642036 0.415555 0.684729
0 0.434445 0.316912 0.468889 0.356322
0 0.331112 0.596060 0.364444 0.642037
0 0.174445 0.594417 0.208889 0.642037
0 0.586666 0.316912 0.622222 0.356322
0 0.536667 0.316912 0.571111 0.356322
0 0.433333 0.354679 0.468889 0.399014
0 0.588889 0.596059 0.623333 0.643679
0 0.740000 0.316912 0.775556 0.354679
0 0.690001 0.274221 0.723334 0.316914
0 0.226667 0.226601 0.261111 0.274220
0 0.433333 0.594418 0.468889 0.640394
0 0.067778 0.592776 0.103334 0.640395
0 0.586667 0.681445 0.624445 0.729065
0 0.172223 0.683087 0.208890 0.727422
0 0.636667 0.354680 0.673334 0.397373
0 0.331111 0.269293 0.366667 0.315271
0 0.276667 0.351395 0.314445 0.397373
0 0.122222 0.594417 0.156666 0.642037
0 0.638889 0.316912 0.673333 0.356322
0 0.844444 0.353038 0.880000 0.399015
0 0.121111 0.642036 0.155555 0.684729
0 0.688889 0.351395 0.724445 0.397373
0 0.175556 0.270935 0.210000 0.315271
0 0.066667 0.640394 0.104445 0.683088
0 0.895555 0.270935 0.931111 0.315271
0 0.382222 0.594417 0.414444 0.642037
0 0.066667 0.683088 0.104445 0.729065
0 0.227777 0.274221 0.261111 0.316914
0 0.633333 0.436781 0.654445 0.474548
0 0.331111 0.315271 0.365555 0.354680
0 0.638889 0.643678 0.673333 0.683087
0 0.638889 0.594418 0.673333 0.643679
0 0.787777 0.402299 0.808889 0.433497
0 0.226667 0.349753 0.261111 0.394089
0 0.634445 0.482758 0.653334 0.512316
0 0.381111 0.354679 0.417778 0.394089
0 0.400000 0.807882 0.423334 0.844006
0 0.084445 0.477832 0.111112 0.515599
0 0.118889 0.683087 0.156667 0.727422
