0 0.505000 0.571203 0.527500 0.607595
0 0.505000 0.610760 0.528750 0.640822
0 0.100000 0.734177 0.133750 0.770569
0 0.100000 0.713608 0.132500 0.743671
0 0.486250 0.370253 0.522500 0.406645
0 0.508750 0.658228 0.528750 0.677216
0 0.098750 0.764240 0.135000 0.805380
0 0.322500 0.427215 0.355000 0.458861
0 0.652500 0.645570 0.686250 0.674050
0 0.763750 0.579114 0.796250 0.612342
0 0.155000 0.612342 0.190000 0.645570
0 0.155000 0.549051 0.188750 0.582279
0 0.322500 0.583861 0.356250 0.612341
0 0.098750 0.610759 0.132500 0.642405
0 0.820000 0.647153 0.850000 0.677215
0 0.157500 0.868671 0.188750 0.900317
0 0.268750 0.710443 0.298750 0.742089
0 0.818750 0.613924 0.851250 0.647152
0 0.651250 0.835443 0.686250 0.867089
0 0.211250 0.772152 0.245000 0.805380
0 0.266250 0.677215 0.300000 0.710443
0 0.651250 0.457279 0.685000 0.487341
0 0.377500 0.613924 0.410000 0.645570
0 0.873750 0.365506 0.905000 0.397152
0 0.322500 0.395569 0.355000 0.427215
0 0.597500 0.802215 0.631250 0.837025
0 0.818750 0.708861 0.851250 0.738923
0 0.487500 0.441456 0.521250 0.477848
0 0.597500 0.835443 0.630000 0.867089
0 0.377500 0.643987 0.411250 0.677215
0 0.821250 0.425633 0.851250 0.455696
0 0.322500 0.492088 0.355000 0.523734
0 0.322500 0.329114 0.355000 0.360760
0 0.098750 0.549051 0.133750 0.582279
0 0.212500 0.645570 0.245000 0.680380
0 0.708750 0.613924 0.740000 0.645570
0 0.542500 0.425633 0.575000 0.457279
0 0.596250 0.868672 0.631250 0.898734
0 0.818750 0.552215 0.850000 0.580696
0 0.322500 0.677215 0.355000 0.713607
0 0.378750 0.870254 0.410000 0.898734
0 0.211250 0.359177 0.245000 0.395569
0 0.100000 0.359177 0.133750 0.392405
0 0.378750 0.708861 0.410000 0.740507
0 0.156250 0.457278 0.187500 0.488924
0 0.433750 0.329114 0.466250 0.363924
0 0.875000 0.395569 0.906250 0.427215
0 0.541250 0.582278 0.573750 0.613924
0 0.435000 0.428797 0.467500 0.457278
0 0.377500 0.740506 0.410000 0.773734
0 0.378750 0.675633 0.410000 0.708861
0 0.156250 0.677215 0.190000 0.712025
0 0.321250 0.552215 0.356250 0.583861
0 0.155000 0.580696 0.190000 0.612342
0 0.708750 0.677215 0.740000 0.707278
0 0.598750 0.677215 0.630000 0.710443
0 0.211250 0.708861 0.245000 0.740507
0 0.765000 0.427216 0.795000 0.457278
0 0.818750 0.582278 0.851250 0.613924
0 0.818750 0.740506 0.851250 0.772152
0 0.597500 0.645569 0.630000 0.677215
0 0.100000 0.487342 0.132500 0.520570
0 0.322500 0.645569 0.355000 0.677215
0 0.873750 0.457278 0.907500 0.488924
0 0.267500 0.518987 0.300000 0.553797
0 0.266250 0.490507 0.298750 0.520570
0 0.651250 0.805380 0.685000 0.837026
0 0.541250 0.645570 0.575000 0.675632
0 0.155000 0.392405 0.190000 0.427215
0 0.435000 0.457278 0.466250 0.488924
0 0.266250 0.805380 0.298750 0.837026
0 0.541250 0.675633 0.575000 0.710443
0 0.652500 0.427215 0.685000 0.458861
0 0.707500 0.838608 0.740000 0.871836
0 0.763750 0.770570 0.797500 0.803798
0 0.100000 0.677215 0.133750 0.708861
0 0.763750 0.612342 0.795000 0.643988
0 0.378750 0.427215 0.411250 0.458861
0 0.651250 0.772152 0.685000 0.805380
0 0.378750 0.518987 0.408750 0.552215
0 0.435000 0.488924 0.466250 0.522152
0 0.266250 0.457278 0.297500 0.488924
0 0.098750 0.393987 0.132500 0.427215
0 0.820000 0.455696 0.851250 0.490506
0 0.541250 0.520570 0.575000 0.550632
0 0.157500 0.490507 0.187500 0.520570
0 0.598750 0.552215 0.630000 0.583861
0 0.486250 0.329114 0.521250 0.368670
0 0.598750 0.425633 0.630000 0.457279
0 0.763750 0.803797 0.796250 0.837025
0 0.098750 0.425633 0.133750 0.457279
0 0.211250 0.518987 0.245000 0.553797
0 0.266250 0.837025 0.300000 0.868671
0 0.818750 0.677215 0.851250 0.708861
0 0.211250 0.805380 0.243750 0.840190
0 0.653750 0.583861 0.685000 0.613923
0 0.651250 0.867089 0.686250 0.897151
0 0.377500 0.803797 0.410000 0.835443
0 0.156250 0.356013 0.191250 0.393987
0 0.377500 0.490506 0.411250 0.518987
0 0.708750 0.458861 0.740000 0.487341
0 0.543750 0.457279 0.573750 0.492089
0 0.872500 0.327532 0.906250 0.365507
0 0.708750 0.583861 0.741250 0.613923
0 0.652500 0.707278 0.686250 0.740506
0 0.817500 0.520569 0.851250 0.552215
0 0.435000 0.520569 0.466250 0.552215
0 0.100000 0.642405 0.133750 0.677215
0 0.707500 0.802215 0.741250 0.840191
0 0.321250 0.458861 0.355000 0.492089
0 0.266250 0.395569 0.298750 0.427215
0 0.321250 0.360760 0.356250 0.395570
0 0.707500 0.738924 0.741250 0.773734
0 0.653750 0.675633 0.685000 0.707279
0 0.376250 0.360760 0.411250 0.395570
0 0.763750 0.455696 0.795000 0.488924
0 0.763750 0.738924 0.797500 0.772152
0 0.651250 0.740506 0.685000 0.772152
0 0.378750 0.457278 0.411250 0.490506
0 0.543750 0.390823 0.575000 0.425633
0 0.377500 0.583861 0.410000 0.613923
0 0.212500 0.458861 0.243750 0.490507
0 0.763750 0.708861 0.796250 0.740507
0 0.541250 0.550633 0.575000 0.583861
0 0.211250 0.424051 0.245000 0.458861
0 0.651250 0.392405 0.685000 0.427215
0 0.763750 0.675633 0.796250 0.708861
0 0.598750 0.457278 0.628750 0.490506
0 0.600000 0.520569 0.630000 0.552215
0 0.266250 0.360760 0.300000 0.395570
0 0.431250 0.550633 0.466250 0.583861
0 0.708750 0.392405 0.740000 0.425633
0 0.598750 0.392405 0.631250 0.425633
0 0.708750 0.645569 0.740000 0.677215
0 0.376250 0.395569 0.411250 0.427215
0 0.598750 0.488924 0.630000 0.518987
0 0.707500 0.425633 0.741250 0.458861
0 0.268750 0.552215 0.298750 0.580696
0 0.211250 0.613924 0.245000 0.645570
0 0.508750 0.639241 0.528750 0.656645
0 0.505000 0.848101 0.527500 0.870253
0 0.507500 0.677215 0.528750 0.700949
0 0.816250 0.805380 0.851250 0.837026
0 0.598750 0.583861 0.630000 0.613923
0 0.377500 0.329114 0.408750 0.360760
0 0.378750 0.772153 0.408750 0.802215
0 0.598750 0.738924 0.630000 0.773734
0 0.155000 0.645569 0.190000 0.677215
0 0.875000 0.427216 0.906250 0.455697
0 0.820000 0.490506 0.851250 0.522152
0 0.708750 0.552215 0.741250 0.585443
0 0.763750 0.643987 0.796250 0.677215
0 0.432500 0.393987 0.466250 0.428797
0 0.376250 0.552215 0.410000 0.583861
0 0.706250 0.707278 0.740000 0.738924
0 0.708750 0.520569 0.740000 0.552215
0 0.652500 0.487342 0.685000 0.518988
0 0.652500 0.518987 0.685000 0.550633
0 0.765000 0.390823 0.796250 0.427215
0 0.707500 0.487342 0.741250 0.518988
0 0.652500 0.552215 0.685000 0.583861
0 0.762500 0.517405 0.797500 0.552215
0 0.489050 0.520174 0.522638 0.545680
0 0.486250 0.496836 0.522500 0.520570
0 0.486250 0.405380 0.521250 0.439083
0 0.487500 0.546994 0.522500 0.563291
0 0.266250 0.868671 0.300000 0.900317
0 0.763750 0.550633 0.796250 0.583861
0 0.155000 0.712025 0.190000 0.742088
0 0.266250 0.772152 0.298750 0.805380
0 0.266250 0.427216 0.298750 0.457278
0 0.763750 0.837025 0.796250 0.867088
0 0.542500 0.492089 0.573750 0.522151
0 0.433750 0.363925 0.466250 0.393987
0 0.321250 0.522153 0.355000 0.552215
0 0.766250 0.487341 0.795000 0.517404
0 0.156250 0.803798 0.188750 0.838608
0 0.598750 0.708861 0.631250 0.738923
0 0.155000 0.425633 0.188750 0.457279
0 0.211250 0.740507 0.245000 0.770570
0 0.211250 0.838608 0.243750 0.868671
0 0.100000 0.457279 0.132500 0.485760
0 0.380000 0.837025 0.407500 0.867088
0 0.100000 0.582279 0.132500 0.610760
0 0.155000 0.740506 0.190000 0.772152
0 0.155000 0.772152 0.190000 0.803798
0 0.817500 0.868671 0.851250 0.900317
0 0.266250 0.740506 0.300000 0.773734
0 0.706250 0.873418 0.741250 0.897152
0 0.542500 0.613924 0.575000 0.645570
0 0.211250 0.680380 0.245000 0.708861
0 0.101250 0.805380 0.133750 0.838608
0 0.156250 0.838608 0.187500 0.868671
0 0.708750 0.772153 0.740000 0.802215
0 0.098750 0.518988 0.132500 0.549050
0 0.266250 0.579114 0.298750 0.613924
0 0.506250 0.870253 0.527500 0.893987
0 0.212500 0.553798 0.242500 0.582279
0 0.820000 0.389240 0.851250 0.422468
0 0.322500 0.612342 0.355000 0.645570
0 0.267500 0.645570 0.298750 0.678798
0 0.101250 0.868671 0.135000 0.901899
0 0.816250 0.833861 0.851250 0.868671
0 0.211250 0.393988 0.243750 0.424050
0 0.210000 0.870254 0.245000 0.900316
0 0.156250 0.520570 0.188750 0.550632
0 0.760000 0.867088 0.796250 0.898734
0 0.211250 0.490506 0.243750 0.517405
0 0.653750 0.613924 0.683750 0.645570
0 0.816250 0.772152 0.851250 0.805380
0 0.597500 0.772151 0.631250 0.800632
0 0.266250 0.613924 0.298750 0.647152
0 0.101250 0.837025 0.132500 0.868671
0 0.212500 0.582278 0.245000 0.615506
0 0.490000 0.781645 0.520000 0.813291
0 0.597500 0.613924 0.628750 0.645570
