0 0.888889 0.642504 0.912223 0.672158
0 0.478889 0.355190 0.526667 0.393740
0 0.478889 0.260297 0.524445 0.294399
0 0.480000 0.329489 0.524444 0.355683
0 0.477778 0.192751 0.525556 0.222405
0 0.554445 0.853378 0.578889 0.886326
0 0.503333 0.728172 0.524445 0.761120
0 0.277778 0.680396 0.312222 0.724877
0 0.864444 0.766063 0.887777 0.802307
0 0.087778 0.729819 0.110000 0.766063
0 0.086667 0.769358 0.111111 0.807248
0 0.122222 0.345964 0.157778 0.388798
0 0.555555 0.897859 0.578889 0.925865
0 0.296667 0.851730 0.321111 0.887974
0 0.477778 0.220758 0.523334 0.261944
0 0.887778 0.682043 0.912222 0.718287
0 0.476666 0.121911 0.525555 0.158155
0 0.915555 0.683691 0.938889 0.716639
0 0.477778 0.154860 0.523334 0.194399
0 0.480000 0.288303 0.524444 0.327842
0 0.604445 0.602965 0.628889 0.639209
0 0.890000 0.726524 0.912222 0.759472
0 0.915555 0.642505 0.938889 0.675453
0 0.888889 0.601318 0.912223 0.635914
0 0.863333 0.395388 0.884445 0.428337
0 0.915555 0.601318 0.936667 0.632620
0 0.554445 0.767710 0.576667 0.803954
0 0.915555 0.724877 0.938889 0.759473
0 0.914444 0.764416 0.940000 0.802306
0 0.530000 0.726524 0.551112 0.761120
0 0.864444 0.729819 0.887777 0.761120
0 0.530000 0.892916 0.552222 0.927512
0 0.838888 0.728172 0.860000 0.762768
0 0.890000 0.393740 0.910000 0.426689
0 0.914444 0.560132 0.937778 0.593080
0 0.861111 0.517298 0.885555 0.553542
0 0.913334 0.395388 0.936667 0.428337
0 0.913334 0.517298 0.937778 0.548600
0 0.890000 0.558485 0.912222 0.593081
0 0.485555 0.512356 0.516666 0.548600
0 0.530000 0.855024 0.552222 0.886325
0 0.555555 0.728172 0.576667 0.762768
0 0.527778 0.769358 0.552222 0.802306
0 0.173333 0.225700 0.208889 0.258649
0 0.862223 0.433278 0.885556 0.469522
0 0.552222 0.393740 0.575555 0.426689
0 0.890000 0.433278 0.911112 0.469522
0 0.552222 0.515651 0.576666 0.555190
0 0.657777 0.397035 0.678889 0.428336
0 0.452223 0.263591 0.473334 0.301482
0 0.913333 0.434926 0.935555 0.467875
0 0.914444 0.474464 0.937778 0.510708
0 0.890000 0.476112 0.911112 0.507413
0 0.426667 0.265239 0.448889 0.301483
0 0.605555 0.395388 0.626667 0.428337
0 0.532222 0.683690 0.570000 0.724876
0 0.296667 0.766063 0.318889 0.800659
0 0.380000 0.309720 0.415556 0.345964
0 0.270000 0.767710 0.294444 0.803954
0 0.296666 0.810544 0.320000 0.846788
0 0.890000 0.515651 0.912222 0.550247
0 0.656667 0.434926 0.678889 0.469522
0 0.121111 0.304777 0.156667 0.344316
0 0.271111 0.810544 0.293333 0.845140
0 0.328889 0.644152 0.364445 0.682042
0 0.554445 0.812191 0.578889 0.848435
0 0.528890 0.813839 0.552223 0.848435
0 0.580000 0.561780 0.602222 0.594728
0 0.580000 0.436574 0.602222 0.467875
0 0.862222 0.474465 0.886666 0.509061
0 0.838888 0.474465 0.860000 0.509061
0 0.837777 0.393740 0.861111 0.428336
0 0.632222 0.436574 0.654444 0.469523
0 0.843333 0.678748 0.878889 0.723229
0 0.173334 0.261943 0.210001 0.301482
0 0.580000 0.392092 0.602222 0.428336
0 0.271111 0.728172 0.293333 0.761120
0 0.688889 0.593081 0.723333 0.637562
0 0.296667 0.729819 0.318889 0.762767
0 0.067778 0.642504 0.105556 0.682042
0 0.844444 0.593081 0.877777 0.637562
0 0.893333 0.349259 0.931111 0.390445
0 0.123334 0.263591 0.156667 0.306425
0 0.837778 0.433278 0.860000 0.469522
0 0.631111 0.392093 0.654444 0.429984
0 0.893333 0.306425 0.928889 0.349259
0 0.068889 0.260297 0.104445 0.308073
0 0.581112 0.522241 0.604445 0.555190
0 0.066666 0.680395 0.105555 0.726525
0 0.173334 0.168040 0.207778 0.224052
0 0.068889 0.306425 0.104445 0.347611
0 0.067778 0.593081 0.105556 0.642504
0 0.638889 0.642504 0.673333 0.682042
0 0.740000 0.347611 0.775556 0.388797
0 0.380000 0.345964 0.415556 0.392093
0 0.791111 0.222405 0.824445 0.263591
0 0.843334 0.637562 0.877778 0.680396
0 0.277778 0.644152 0.312222 0.682042
0 0.688889 0.682042 0.723333 0.728172
0 0.553333 0.434926 0.576666 0.472817
0 0.604445 0.479407 0.626667 0.512355
0 0.605556 0.560132 0.628889 0.598022
0 0.381112 0.596376 0.414444 0.640857
0 0.380000 0.683690 0.413334 0.728171
0 0.791111 0.171335 0.825555 0.222405
0 0.327777 0.680396 0.364445 0.724877
0 0.433333 0.642504 0.464444 0.682042
0 0.638889 0.306425 0.671111 0.347611
0 0.580001 0.476112 0.603334 0.512356
0 0.276667 0.591433 0.311111 0.642505
0 0.637778 0.680395 0.673334 0.726525
0 0.792222 0.265239 0.824444 0.306425
0 0.480000 0.425041 0.522222 0.467875
0 0.690001 0.637562 0.723334 0.682042
0 0.893334 0.260296 0.930001 0.306425
0 0.381112 0.639209 0.414444 0.683690
0 0.740000 0.303131 0.775556 0.347612
0 0.276667 0.349259 0.311111 0.390445
0 0.637778 0.594728 0.672222 0.642504
0 0.277778 0.260296 0.312222 0.304777
0 0.224444 0.682042 0.261111 0.726523
0 0.535556 0.594727 0.570000 0.640857
0 0.067778 0.345964 0.105556 0.392093
0 0.842222 0.350906 0.876666 0.392092
0 0.225555 0.260296 0.258888 0.304777
0 0.605556 0.436574 0.627778 0.469523
0 0.687778 0.342668 0.723334 0.393739
0 0.172222 0.303131 0.210000 0.347612
0 0.791111 0.304777 0.827778 0.349258
0 0.535556 0.642504 0.570000 0.685338
0 0.687778 0.261944 0.722222 0.309720
0 0.843334 0.261945 0.877778 0.306426
0 0.431111 0.683690 0.467778 0.729820
0 0.225556 0.640857 0.260000 0.682043
0 0.328889 0.350906 0.364445 0.393740
0 0.328889 0.593081 0.363333 0.642504
0 0.482222 0.469522 0.520000 0.512356
0 0.637778 0.258649 0.672222 0.306425
0 0.432222 0.593081 0.466666 0.640857
0 0.742223 0.265239 0.773333 0.306425
0 0.122222 0.217463 0.156666 0.263591
0 0.586667 0.347611 0.621111 0.390445
0 0.535556 0.309721 0.570000 0.347612
0 0.328889 0.260296 0.363333 0.304777
0 0.637778 0.345964 0.672222 0.392093
0 0.224444 0.591434 0.261111 0.640857
0 0.586667 0.261944 0.621111 0.304778
0 0.328889 0.304777 0.363333 0.349258
0 0.842222 0.306425 0.877778 0.349259
0 0.276667 0.304777 0.311111 0.347611
0 0.535555 0.347612 0.571111 0.392093
0 0.535556 0.260297 0.570000 0.308073
0 0.225555 0.304777 0.258888 0.347611
0 0.586666 0.306425 0.622222 0.347611
0 0.380000 0.258649 0.415556 0.308072
0 0.223333 0.345964 0.260000 0.392093
0 0.740000 0.217463 0.774444 0.265239
