0 0.846666 0.883796 0.877778 0.929624
0 0.383333 0.846154 0.416667 0.890344
0 0.434445 0.764320 0.467777 0.805238
0 0.637778 0.639934 0.673334 0.684124
0 0.587778 0.356793 0.623334 0.399345
0 0.536667 0.317513 0.571111 0.360065
0 0.382222 0.400981 0.416666 0.441898
0 0.587777 0.523731 0.621111 0.564648
0 0.537778 0.397709 0.570000 0.441899
0 0.741111 0.397709 0.775555 0.443535
0 0.383333 0.317513 0.416667 0.358430
0 0.636667 0.556464 0.673334 0.602291
0 0.590000 0.599019 0.621112 0.641572
0 0.331111 0.440262 0.363333 0.484452
0 0.332222 0.522094 0.364444 0.563011
0 0.383333 0.360065 0.415555 0.400982
0 0.638889 0.358429 0.673333 0.400981
0 0.382223 0.441899 0.415555 0.484451
0 0.690001 0.520458 0.723334 0.563011
0 0.280000 0.523732 0.313334 0.563012
0 0.433334 0.361702 0.466666 0.400982
0 0.333334 0.605565 0.364445 0.644845
0 0.588889 0.479542 0.621111 0.523732
0 0.537778 0.440262 0.568888 0.482814
0 0.331111 0.317513 0.363333 0.358430
0 0.434445 0.440262 0.466667 0.481179
0 0.640000 0.721768 0.671112 0.764321
0 0.383334 0.271686 0.417778 0.317512
0 0.535556 0.232406 0.570000 0.276596
0 0.536667 0.520458 0.571111 0.563011
0 0.228889 0.603927 0.262223 0.649755
0 0.434445 0.399346 0.466667 0.440263
0 0.332222 0.644844 0.364444 0.685762
0 0.280000 0.602291 0.313334 0.644845
0 0.793334 0.600654 0.827778 0.643208
0 0.587777 0.319149 0.621111 0.358429
0 0.793334 0.438625 0.826667 0.479542
0 0.687778 0.399346 0.724445 0.441898
0 0.844445 0.643207 0.876667 0.684125
0 0.690000 0.723404 0.724444 0.767594
0 0.637778 0.276596 0.673334 0.319149
0 0.640000 0.803600 0.672222 0.846154
0 0.175556 0.402619 0.208889 0.441899
0 0.433333 0.643207 0.468889 0.685760
0 0.384444 0.522095 0.413334 0.561375
0 0.640000 0.477905 0.672222 0.522095
0 0.690000 0.356792 0.724444 0.400982
0 0.230000 0.684124 0.262222 0.728314
0 0.741111 0.273322 0.774444 0.320786
0 0.588889 0.682487 0.622223 0.725040
0 0.227778 0.399345 0.260000 0.443535
0 0.280000 0.441899 0.313334 0.484451
0 0.122222 0.607201 0.158889 0.649755
0 0.333333 0.685761 0.363333 0.725041
0 0.435556 0.319150 0.467778 0.361702
0 0.331112 0.273322 0.364444 0.317512
0 0.332222 0.566284 0.364444 0.603928
0 0.587778 0.803600 0.623334 0.849428
0 0.280000 0.319149 0.312222 0.360065
0 0.435556 0.273323 0.467778 0.319149
0 0.638889 0.602291 0.673333 0.639935
0 0.690001 0.232406 0.723334 0.278232
0 0.228889 0.729950 0.262223 0.770868
0 0.227778 0.274959 0.262222 0.320786
0 0.228889 0.849427 0.263333 0.893617
0 0.638889 0.235680 0.673333 0.278232
0 0.176667 0.770867 0.210000 0.813420
0 0.536666 0.360065 0.567778 0.397708
0 0.843334 0.561375 0.877778 0.600655
0 0.691112 0.603928 0.722222 0.643208
0 0.331111 0.765957 0.366667 0.808511
0 0.588889 0.641571 0.621111 0.684125
0 0.690001 0.682487 0.723334 0.723405
0 0.332222 0.725040 0.364444 0.765958
0 0.280000 0.770867 0.314444 0.811785
0 0.588889 0.438625 0.621111 0.479542
0 0.844445 0.397709 0.876667 0.440261
0 0.226666 0.525368 0.262222 0.566285
0 0.843333 0.723405 0.878889 0.764322
0 0.278889 0.360065 0.313333 0.400982
0 0.690001 0.317513 0.723334 0.358430
0 0.845556 0.602291 0.877778 0.643209
0 0.123334 0.404255 0.157778 0.445172
0 0.741111 0.320786 0.775555 0.360066
0 0.231111 0.770867 0.261111 0.810147
0 0.382222 0.605564 0.416666 0.646482
0 0.688889 0.440262 0.723333 0.481179
0 0.537778 0.142390 0.571111 0.194763
0 0.793334 0.361702 0.826667 0.402618
0 0.793333 0.643208 0.825555 0.682488
0 0.123334 0.525368 0.157778 0.569558
0 0.280000 0.402618 0.312222 0.443535
0 0.435555 0.481179 0.466666 0.523732
0 0.691111 0.563011 0.723333 0.602291
0 0.587777 0.273323 0.621111 0.319149
0 0.638889 0.319149 0.671111 0.358429
0 0.227778 0.566284 0.262222 0.603928
0 0.844445 0.440262 0.876667 0.479542
0 0.638889 0.144026 0.672223 0.189853
0 0.331112 0.400983 0.364444 0.438626
0 0.434445 0.561375 0.467777 0.600655
0 0.434445 0.602291 0.467777 0.643209
0 0.280000 0.725040 0.313334 0.770868
0 0.793334 0.317513 0.826667 0.360065
0 0.844444 0.319149 0.877777 0.363339
0 0.383333 0.486088 0.415555 0.522095
0 0.793334 0.805237 0.827778 0.849427
0 0.795556 0.556464 0.826666 0.599017
0 0.588889 0.400983 0.622223 0.438626
0 0.843334 0.274959 0.877778 0.319149
0 0.123334 0.484451 0.157778 0.527004
0 0.332222 0.808510 0.364444 0.849428
0 0.484444 0.433715 0.522222 0.481179
0 0.641111 0.400982 0.671111 0.440262
0 0.843334 0.684124 0.877778 0.723404
0 0.793334 0.479542 0.827778 0.523732
0 0.228889 0.810147 0.262223 0.851065
0 0.691111 0.643208 0.723333 0.682488
0 0.226667 0.443534 0.261111 0.484451
0 0.331110 0.888706 0.367777 0.934534
0 0.587778 0.762684 0.623334 0.805238
0 0.228889 0.893617 0.264445 0.936171
0 0.383333 0.561374 0.415555 0.603928
0 0.332222 0.484451 0.363333 0.520458
0 0.282222 0.685761 0.311112 0.725041
0 0.278889 0.484452 0.311111 0.523732
0 0.844444 0.801964 0.877777 0.844518
0 0.124444 0.813421 0.160000 0.857611
0 0.638889 0.685760 0.672223 0.721767
0 0.844445 0.193127 0.878889 0.235680
0 0.331111 0.847791 0.366667 0.890344
0 0.742222 0.360065 0.774444 0.399345
0 0.588888 0.564648 0.620000 0.600654
0 0.174444 0.443534 0.210000 0.484451
0 0.125555 0.895254 0.162222 0.939444
0 0.638889 0.846154 0.672223 0.887071
0 0.587778 0.725041 0.622222 0.764321
0 0.124444 0.360066 0.157777 0.402618
0 0.226666 0.356793 0.259999 0.399345
0 0.332222 0.360065 0.363333 0.397708
0 0.175556 0.607201 0.208889 0.646481
0 0.123333 0.690670 0.158889 0.731588
0 0.435555 0.523731 0.468889 0.561374
0 0.895556 0.234042 0.930000 0.278232
0 0.176667 0.687397 0.208889 0.729951
0 0.176667 0.523731 0.208889 0.564648
0 0.845556 0.522095 0.875556 0.559739
0 0.177778 0.891980 0.212222 0.937808
0 0.177778 0.854337 0.211111 0.891981
0 0.281111 0.811784 0.314445 0.851064
0 0.073333 0.360065 0.106666 0.400982
0 0.278889 0.273323 0.313333 0.319149
0 0.793333 0.885433 0.828889 0.931261
0 0.641111 0.440261 0.671111 0.476268
0 0.280000 0.564648 0.313334 0.602292
0 0.482222 0.232405 0.524444 0.273322
0 0.537778 0.482816 0.570000 0.520459
0 0.536666 0.723405 0.569999 0.765958
0 0.895556 0.194763 0.930000 0.234043
0 0.536666 0.600655 0.569999 0.644845
0 0.638889 0.764320 0.671111 0.801964
0 0.895555 0.438625 0.928889 0.477905
0 0.281111 0.851063 0.313333 0.893617
0 0.536667 0.278232 0.571111 0.317512
0 0.796667 0.721768 0.824445 0.764321
0 0.895556 0.479542 0.930000 0.520459
0 0.281111 0.893617 0.314445 0.936171
0 0.124445 0.445171 0.156667 0.486088
0 0.538889 0.563011 0.569999 0.600655
0 0.691111 0.142390 0.723333 0.193126
0 0.537778 0.890344 0.572222 0.934534
0 0.123334 0.567921 0.157778 0.607201
0 0.895556 0.520458 0.930000 0.559738
0 0.175556 0.273322 0.210000 0.320786
0 0.228888 0.319149 0.259999 0.358429
0 0.436667 0.684124 0.466667 0.723404
0 0.122222 0.649755 0.158889 0.692308
0 0.794445 0.680851 0.826667 0.720131
0 0.073334 0.319149 0.107778 0.360065
0 0.793333 0.276595 0.825555 0.317512
0 0.072222 0.402618 0.106666 0.443535
0 0.071110 0.273323 0.107777 0.319149
0 0.844444 0.237316 0.877777 0.274958
0 0.175556 0.563011 0.208889 0.605565
0 0.435556 0.723405 0.467778 0.764322
0 0.895555 0.399346 0.928889 0.440263
0 0.641111 0.887070 0.673333 0.927988
0 0.895556 0.558101 0.930000 0.603928
0 0.638889 0.189853 0.673333 0.234043
0 0.226666 0.482816 0.262222 0.525369
0 0.537778 0.765957 0.570000 0.806875
0 0.844444 0.764321 0.877777 0.803601
0 0.844445 0.144027 0.878889 0.191489
0 0.124444 0.731587 0.157777 0.772505
0 0.384445 0.687397 0.415556 0.723404
0 0.434445 0.805237 0.468889 0.847791
0 0.483333 0.301146 0.525555 0.340426
0 0.895555 0.320786 0.928889 0.360066
0 0.537778 0.644845 0.570000 0.680851
0 0.845555 0.479542 0.876667 0.520459
0 0.793334 0.402618 0.826667 0.438626
0 0.382223 0.764320 0.415555 0.805238
0 0.795556 0.765957 0.825556 0.803601
0 0.177778 0.320786 0.208889 0.358428
0 0.503333 0.721768 0.525555 0.751228
0 0.536667 0.201310 0.573334 0.227497
0 0.844444 0.368249 0.877777 0.392799
0 0.481111 0.207855 0.525555 0.234043
0 0.482223 0.338788 0.525556 0.371522
0 0.175556 0.646481 0.208889 0.689034
0 0.637777 0.528641 0.674445 0.551554
0 0.481111 0.366613 0.525555 0.399346
0 0.245555 0.651390 0.266666 0.682487
0 0.482222 0.273322 0.524444 0.304420
0 0.812222 0.525369 0.832222 0.556465
0 0.793333 0.851064 0.828889 0.882161
0 0.483333 0.135843 0.525555 0.173485
0 0.433334 0.847790 0.467778 0.887070
0 0.482222 0.170213 0.524444 0.207855
0 0.434445 0.887070 0.468889 0.929624
0 0.895555 0.148935 0.931111 0.194763
0 0.175555 0.813420 0.211111 0.854338
0 0.127777 0.320786 0.154444 0.358428
0 0.177778 0.731587 0.208889 0.769231
0 0.690000 0.482814 0.722222 0.518821
0 0.383334 0.891980 0.417778 0.931260
0 0.280000 0.644844 0.312222 0.687397
0 0.895556 0.358428 0.927778 0.399345
0 0.383333 0.808511 0.416667 0.842881
0 0.540000 0.806874 0.567778 0.844518
0 0.691112 0.278232 0.722222 0.317512
0 0.384444 0.725041 0.413334 0.764321
0 0.537778 0.846154 0.571111 0.890344
0 0.383333 0.646481 0.416667 0.685761
0 0.845556 0.844517 0.877778 0.883797
0 0.125555 0.772503 0.158888 0.813420
0 0.690001 0.191490 0.723334 0.232406
0 0.124444 0.857611 0.160000 0.893617
0 0.175556 0.356793 0.208889 0.399345
0 0.537778 0.680850 0.570000 0.721768
0 0.175556 0.484451 0.210000 0.522095
0 0.124444 0.276596 0.157777 0.319149
0 0.895556 0.279869 0.930000 0.319149
