0 0.901111 0.353618 0.933333 0.393092
0 0.167778 0.475329 0.192222 0.511513
0 0.193333 0.309210 0.215555 0.347040
0 0.325555 0.307565 0.346666 0.345394
0 0.325556 0.226973 0.347778 0.261512
0 0.246667 0.598684 0.267778 0.634868
0 0.347778 0.228619 0.372222 0.261514
0 0.847778 0.394737 0.880000 0.430921
0 0.247778 0.271381 0.266667 0.300986
0 0.350000 0.478618 0.370000 0.509868
0 0.901111 0.518093 0.935555 0.555921
0 0.246667 0.309210 0.267778 0.347040
0 0.272222 0.394736 0.296666 0.427631
0 0.325555 0.131579 0.346666 0.172697
0 0.325555 0.393093 0.346666 0.427631
0 0.116667 0.268093 0.137777 0.302631
0 0.901111 0.478619 0.934445 0.516447
0 0.167777 0.638158 0.191110 0.679276
0 0.193333 0.350328 0.216666 0.388157
0 0.743333 0.682565 0.778889 0.725329
0 0.247777 0.809210 0.268888 0.843750
0 0.168889 0.809211 0.193333 0.845395
0 0.167778 0.393091 0.190000 0.425986
0 0.453333 0.351973 0.475555 0.384869
0 0.296667 0.264802 0.318889 0.292764
0 0.745556 0.601974 0.777778 0.641448
0 0.273333 0.269737 0.292222 0.300987
0 0.348888 0.355262 0.369999 0.383223
0 0.166666 0.893092 0.193333 0.934210
0 0.607777 0.271381 0.628889 0.309210
0 0.903333 0.725329 0.933333 0.763157
0 0.271111 0.557566 0.295555 0.592106
0 0.324445 0.684211 0.348889 0.715461
0 0.245556 0.516447 0.267778 0.552631
0 0.246667 0.475329 0.267778 0.511513
0 0.166667 0.766447 0.191111 0.802631
0 0.272222 0.350329 0.295556 0.386513
0 0.453333 0.228619 0.475555 0.263157
0 0.272222 0.434210 0.296666 0.472040
0 0.247777 0.894737 0.268888 0.929277
0 0.247777 0.557566 0.268888 0.593750
0 0.400000 0.518092 0.423334 0.550986
0 0.245555 0.391447 0.266666 0.427631
0 0.167777 0.519737 0.191110 0.552631
0 0.168889 0.559210 0.188889 0.593750
0 0.221112 0.518092 0.242223 0.550986
0 0.846667 0.310856 0.881111 0.348685
0 0.168889 0.225329 0.191111 0.261513
0 0.272222 0.133224 0.294444 0.169408
0 0.220001 0.351974 0.241112 0.383224
0 0.400000 0.889803 0.425556 0.927631
0 0.325556 0.638158 0.347778 0.679276
0 0.482223 0.263158 0.525556 0.294408
0 0.166666 0.682566 0.192222 0.718750
0 0.245555 0.353619 0.266666 0.381580
0 0.325556 0.518092 0.347778 0.547698
0 0.481111 0.195723 0.526667 0.225328
0 0.167777 0.129934 0.191110 0.169408
0 0.743333 0.513158 0.776667 0.557566
0 0.167778 0.600329 0.192222 0.631579
0 0.903333 0.677632 0.933333 0.723684
0 0.902222 0.644737 0.936666 0.675987
0 0.845555 0.475328 0.881111 0.521381
0 0.166667 0.851973 0.191111 0.886513
0 0.169999 0.185855 0.188888 0.212171
0 0.271111 0.598684 0.294444 0.633224
0 0.271111 0.516447 0.294444 0.547697
0 0.483333 0.360033 0.525555 0.393091
0 0.504444 0.738487 0.525556 0.759869
0 0.504444 0.717105 0.525556 0.740131
0 0.745556 0.310855 0.776666 0.350329
0 0.744445 0.847039 0.778889 0.889803
0 0.400000 0.396381 0.423334 0.422697
0 0.272222 0.179277 0.294444 0.217106
0 0.482223 0.330592 0.525556 0.361842
0 0.482222 0.476974 0.522222 0.508224
0 0.743333 0.350329 0.780000 0.394737
0 0.641111 0.351973 0.674445 0.394736
0 0.691111 0.351973 0.724445 0.394736
0 0.794444 0.351974 0.830000 0.396382
0 0.794444 0.133223 0.830000 0.180920
0 0.690000 0.175988 0.725556 0.223685
0 0.071111 0.263157 0.105555 0.309210
0 0.743333 0.133223 0.778889 0.180920
0 0.692222 0.432566 0.724444 0.473684
0 0.641111 0.269737 0.674445 0.310855
0 0.641111 0.223685 0.674445 0.269738
0 0.743333 0.180920 0.778889 0.226973
0 0.590000 0.223684 0.622222 0.268092
0 0.743333 0.226973 0.778889 0.269736
0 0.692222 0.722039 0.727778 0.766447
0 0.537778 0.391447 0.572222 0.435855
0 0.690000 0.310856 0.724444 0.353619
0 0.397778 0.847040 0.425556 0.888158
0 0.795555 0.269736 0.828889 0.312499
0 0.400000 0.435855 0.425556 0.472039
0 0.745556 0.271381 0.776666 0.310855
0 0.693333 0.639803 0.726666 0.684211
0 0.900000 0.175986 0.935556 0.231907
0 0.845556 0.351973 0.878889 0.394736
0 0.795556 0.312500 0.827778 0.353618
0 0.400000 0.597039 0.423334 0.634869
0 0.220000 0.389802 0.244444 0.427631
0 0.220000 0.180922 0.242222 0.218751
0 0.745556 0.476973 0.775556 0.511513
0 0.845556 0.133223 0.880000 0.179277
0 0.744445 0.809211 0.778889 0.847039
0 0.901111 0.555921 0.935555 0.598685
0 0.348889 0.307566 0.371111 0.348684
0 0.348889 0.518092 0.371111 0.554276
0 0.898889 0.231908 0.933333 0.271382
0 0.428889 0.228619 0.449999 0.264803
0 0.400000 0.557566 0.423334 0.593750
0 0.350000 0.393093 0.371111 0.427631
0 0.427778 0.179277 0.450000 0.222040
0 0.744445 0.764802 0.778889 0.807566
0 0.220000 0.557565 0.244444 0.595395
0 0.694445 0.513158 0.723333 0.554276
0 0.245556 0.432565 0.267778 0.470394
0 0.220000 0.896382 0.245556 0.932566
0 0.402222 0.726974 0.425556 0.759868
0 0.325556 0.475329 0.347778 0.511513
0 0.325556 0.763158 0.350000 0.802632
0 0.220000 0.225330 0.242222 0.259869
0 0.642222 0.310855 0.674444 0.350329
0 0.902222 0.763158 0.936666 0.812500
0 0.452222 0.136513 0.475556 0.172697
0 0.324444 0.807566 0.350000 0.843750
0 0.375556 0.309211 0.397778 0.345395
0 0.402222 0.764802 0.424444 0.799342
0 0.427777 0.350330 0.448888 0.384869
0 0.073333 0.347039 0.103333 0.391447
0 0.246667 0.226973 0.267778 0.259869
0 0.590000 0.129934 0.623333 0.179276
0 0.220001 0.473685 0.243334 0.511513
0 0.482222 0.126644 0.526666 0.161183
0 0.348889 0.182566 0.372223 0.218750
0 0.324445 0.348685 0.346667 0.386514
0 0.325556 0.269736 0.345556 0.302631
0 0.246667 0.643093 0.268889 0.680921
0 0.348889 0.133224 0.372223 0.172698
0 0.482222 0.157895 0.524444 0.197369
0 0.220000 0.766448 0.244444 0.799342
0 0.554445 0.133223 0.578889 0.171052
0 0.069999 0.475330 0.106666 0.518093
0 0.452222 0.437500 0.474444 0.468750
0 0.246667 0.133224 0.267778 0.172698
0 0.272222 0.476973 0.295556 0.511513
0 0.428889 0.133224 0.449999 0.174342
0 0.167777 0.434211 0.191110 0.470395
0 0.244444 0.850329 0.270000 0.884869
0 0.220000 0.810855 0.244444 0.847039
0 0.324444 0.559210 0.347778 0.593750
0 0.221112 0.600329 0.244445 0.633223
0 0.401111 0.179277 0.424445 0.220395
0 0.220001 0.644737 0.243334 0.679277
0 0.140000 0.269738 0.163333 0.304277
0 0.246667 0.723684 0.268889 0.759868
0 0.743333 0.555921 0.778889 0.601973
0 0.220000 0.310856 0.242222 0.345394
0 0.555555 0.309210 0.576667 0.347040
0 0.272222 0.305922 0.295556 0.343751
0 0.221111 0.728618 0.241111 0.759868
0 0.245556 0.763158 0.268889 0.802632
0 0.168889 0.310856 0.188889 0.343751
0 0.555556 0.264803 0.577778 0.305921
0 0.194445 0.269736 0.216667 0.307565
0 0.070000 0.518092 0.107778 0.557566
0 0.554445 0.228619 0.578889 0.261514
0 0.325555 0.725329 0.348889 0.759869
0 0.348889 0.435856 0.371111 0.468751
0 0.167778 0.268093 0.190000 0.305922
0 0.246667 0.684210 0.268889 0.718750
0 0.220001 0.851973 0.243334 0.886513
0 0.453333 0.391447 0.475555 0.430921
0 0.167778 0.350328 0.190000 0.388157
0 0.377778 0.266448 0.395556 0.304277
0 0.220001 0.434210 0.243334 0.468749
0 0.167778 0.723684 0.190000 0.759868
0 0.325555 0.180921 0.346666 0.217105
0 0.323333 0.891447 0.351111 0.934211
0 0.272222 0.223684 0.295556 0.263158
0 0.846666 0.273027 0.880000 0.310856
0 0.744444 0.889803 0.780000 0.934211
0 0.428889 0.475329 0.451111 0.511513
0 0.901111 0.598685 0.935555 0.644737
0 0.400000 0.805921 0.425556 0.843751
0 0.846667 0.430921 0.881111 0.475329
0 0.846666 0.180920 0.880000 0.226973
0 0.072222 0.391448 0.104444 0.432566
0 0.401111 0.641447 0.423333 0.677631
0 0.323333 0.847039 0.351111 0.886513
0 0.900000 0.312500 0.933334 0.353618
0 0.554445 0.184211 0.578889 0.220395
0 0.694445 0.684211 0.726667 0.722039
0 0.483333 0.292763 0.525555 0.332237
0 0.430000 0.310856 0.450000 0.343751
0 0.481111 0.223684 0.524444 0.264802
0 0.428889 0.389803 0.451111 0.430921
0 0.454444 0.268093 0.474444 0.305922
0 0.324445 0.597039 0.348889 0.634869
0 0.067777 0.557566 0.106666 0.606908
0 0.323333 0.434210 0.346667 0.472040
0 0.452222 0.184210 0.475556 0.217106
0 0.692222 0.889802 0.726666 0.932566
0 0.221111 0.685855 0.245555 0.722039
0 0.400000 0.133224 0.424444 0.172698
0 0.350000 0.266448 0.372222 0.304277
0 0.071111 0.432565 0.105555 0.475328
0 0.900000 0.394737 0.934444 0.435855
0 0.400000 0.684211 0.424444 0.722039
0 0.452222 0.309210 0.475556 0.347040
0 0.641111 0.175988 0.673333 0.223685
0 0.072222 0.307566 0.106666 0.347040
0 0.744445 0.394737 0.778889 0.434211
0 0.220001 0.266447 0.243334 0.305921
0 0.693333 0.766448 0.726666 0.807566
0 0.400000 0.475329 0.424444 0.511513
0 0.402222 0.310855 0.424444 0.347039
0 0.693333 0.554276 0.725555 0.597040
0 0.245556 0.180922 0.268889 0.218751
0 0.693333 0.850329 0.725555 0.891447
0 0.692222 0.597040 0.726666 0.638158
0 0.401111 0.269737 0.423333 0.305921
0 0.536667 0.435856 0.573334 0.481909
0 0.401111 0.225329 0.424445 0.264803
0 0.900000 0.271382 0.934444 0.312500
0 0.845556 0.226973 0.880000 0.273027
0 0.452222 0.473684 0.476666 0.514802
0 0.795555 0.182565 0.828889 0.228619
0 0.537778 0.343751 0.571111 0.391448
0 0.427777 0.435855 0.451111 0.472039
0 0.795556 0.226974 0.830000 0.268092
0 0.691111 0.394736 0.724445 0.432565
0 0.900000 0.435856 0.935556 0.478619
0 0.692222 0.269737 0.722222 0.310855
0 0.482222 0.424343 0.523333 0.472040
0 0.744444 0.725329 0.780000 0.764803
0 0.691111 0.473684 0.725555 0.514802
0 0.637778 0.393091 0.675556 0.439144
0 0.693333 0.807565 0.726666 0.850329
0 0.591112 0.182565 0.622222 0.220394
0 0.428889 0.268093 0.451111 0.305922
0 0.745556 0.434211 0.777778 0.475329
0 0.744445 0.641448 0.778889 0.682566
0 0.691111 0.225329 0.723333 0.269737
0 0.401111 0.351973 0.423333 0.389802
