0 0.893334 0.311476 0.930001 0.355738
0 0.275556 0.521312 0.310000 0.560656
0 0.740000 0.272132 0.772222 0.309837
0 0.792222 0.477049 0.826666 0.516393
0 0.275555 0.439345 0.311111 0.477050
0 0.275555 0.395082 0.311111 0.436066
0 0.585556 0.477050 0.622223 0.519672
0 0.276666 0.477049 0.307777 0.521311
0 0.585555 0.560655 0.621111 0.603279
0 0.790000 0.137705 0.823334 0.185246
0 0.841111 0.226230 0.876667 0.270492
0 0.225555 0.180328 0.256667 0.229508
0 0.687777 0.314754 0.721110 0.355738
0 0.481111 0.429508 0.522222 0.478688
0 0.278888 0.603278 0.307778 0.644262
0 0.789999 0.311476 0.826666 0.350820
0 0.844445 0.180328 0.875555 0.226230
0 0.641112 0.850819 0.672222 0.888525
0 0.738889 0.190163 0.774445 0.222950
0 0.481111 0.293443 0.522222 0.332787
0 0.480000 0.360656 0.524444 0.395082
0 0.480000 0.224590 0.521111 0.267213
0 0.708888 0.850819 0.730000 0.881967
0 0.481111 0.127869 0.523333 0.163935
0 0.480000 0.331147 0.523334 0.363934
0 0.480000 0.265574 0.522222 0.296722
0 0.501111 0.724591 0.524444 0.757377
0 0.478890 0.198689 0.522223 0.226230
0 0.481111 0.160426 0.522222 0.201246
0 0.741111 0.722951 0.776667 0.767213
0 0.840000 0.311476 0.877778 0.354098
0 0.635556 0.314754 0.672223 0.354098
0 0.637777 0.396721 0.671111 0.437705
0 0.842222 0.354098 0.876666 0.395082
0 0.792223 0.391804 0.823333 0.434426
0 0.688889 0.396721 0.722222 0.437705
0 0.222222 0.314754 0.258889 0.355738
0 0.275555 0.357377 0.311111 0.396721
0 0.792222 0.352459 0.824444 0.391803
0 0.222222 0.229508 0.258889 0.273770
0 0.585556 0.359017 0.620000 0.396722
0 0.638889 0.890164 0.674445 0.936066
0 0.636666 0.644262 0.672222 0.685246
0 0.586666 0.521312 0.620000 0.560656
0 0.688889 0.804918 0.725556 0.849180
0 0.637777 0.765574 0.674445 0.809836
0 0.585555 0.311476 0.621111 0.359016
0 0.222222 0.355738 0.261111 0.398361
0 0.275556 0.560656 0.310000 0.600000
0 0.842222 0.395082 0.876666 0.434426
0 0.692222 0.883606 0.727778 0.936065
0 0.893334 0.268852 0.930001 0.311475
0 0.737777 0.132787 0.774444 0.185245
0 0.640000 0.439345 0.671112 0.477050
0 0.791111 0.229508 0.824445 0.270492
0 0.741111 0.767213 0.776667 0.809837
0 0.740000 0.355738 0.773334 0.395082
0 0.843333 0.557377 0.878889 0.603279
0 0.790000 0.272131 0.824444 0.311475
0 0.894445 0.222951 0.928889 0.267213
0 0.687778 0.354098 0.722222 0.395082
0 0.688889 0.477049 0.723333 0.518033
0 0.688889 0.226230 0.722222 0.270492
0 0.587778 0.268852 0.616667 0.311475
0 0.638889 0.726230 0.672223 0.765574
0 0.842222 0.475410 0.877778 0.519672
0 0.843333 0.434426 0.876667 0.475410
0 0.586667 0.396721 0.621111 0.437705
0 0.843334 0.518033 0.877778 0.559017
0 0.841111 0.270492 0.875555 0.311476
0 0.688889 0.600000 0.724445 0.644262
0 0.688889 0.644262 0.725556 0.685246
0 0.637778 0.477050 0.672222 0.519672
0 0.432222 0.272132 0.467778 0.314754
0 0.433334 0.229508 0.467778 0.272131
0 0.275555 0.265574 0.311111 0.313114
0 0.533334 0.272132 0.570001 0.314754
0 0.690000 0.724590 0.724444 0.767213
0 0.636667 0.354098 0.670000 0.395082
0 0.688889 0.559016 0.724445 0.601639
0 0.635556 0.270492 0.670000 0.316394
0 0.222222 0.272131 0.258889 0.316393
0 0.738889 0.395082 0.774445 0.437704
0 0.533334 0.314754 0.570001 0.359016
0 0.432222 0.180328 0.467778 0.229508
0 0.738889 0.601639 0.776667 0.644263
0 0.792222 0.434426 0.825555 0.477049
0 0.432222 0.314754 0.467778 0.354098
0 0.737777 0.227869 0.774444 0.272131
0 0.637778 0.600000 0.673334 0.644262
0 0.378889 0.221312 0.416667 0.275410
0 0.637777 0.559016 0.671111 0.600000
0 0.687777 0.272132 0.721110 0.314754
0 0.274444 0.313115 0.312222 0.355737
0 0.688889 0.436065 0.721111 0.477049
0 0.533333 0.222951 0.568889 0.272131
0 0.690000 0.765574 0.725556 0.804918
0 0.737777 0.311476 0.774444 0.355738
0 0.740000 0.477049 0.774444 0.518033
0 0.433334 0.354099 0.467778 0.396722
0 0.586667 0.437705 0.621111 0.478689
0 0.741111 0.557377 0.775555 0.600001
0 0.637778 0.521312 0.670000 0.560656
0 0.740000 0.437705 0.774444 0.477049
0 0.638889 0.811475 0.674445 0.852459
0 0.690000 0.685246 0.724444 0.724590
0 0.274444 0.644262 0.310000 0.688524
0 0.790000 0.186885 0.824444 0.229509
0 0.687778 0.518033 0.722222 0.559017
0 0.742223 0.519672 0.775556 0.559016
0 0.637778 0.683607 0.673334 0.726230
0 0.740000 0.642622 0.777778 0.685246
0 0.741111 0.683606 0.775555 0.724590
