0 0.636666 0.472039 0.672222 0.511513
0 0.687778 0.424343 0.722222 0.467106
0 0.586667 0.220395 0.618889 0.259869
0 0.478889 0.215461 0.523333 0.256579
0 0.071111 0.125001 0.108889 0.172698
0 0.638889 0.554277 0.671111 0.592105
0 0.173333 0.597039 0.208889 0.639803
0 0.173334 0.430921 0.207778 0.470395
0 0.224445 0.391447 0.258889 0.427631
0 0.843333 0.384869 0.876667 0.425987
0 0.433334 0.473685 0.466666 0.511513
0 0.535556 0.470394 0.570000 0.513158
0 0.741111 0.263157 0.774444 0.300986
0 0.534444 0.304276 0.570000 0.343750
0 0.534444 0.345395 0.570000 0.384869
0 0.535555 0.718750 0.571111 0.764802
0 0.893334 0.251644 0.930001 0.299341
0 0.893334 0.300987 0.930001 0.345395
0 0.687777 0.120066 0.721110 0.169408
0 0.687778 0.217106 0.720000 0.259869
0 0.275555 0.636513 0.313333 0.684211
0 0.636666 0.429277 0.672222 0.470395
0 0.433334 0.554276 0.466666 0.593750
0 0.791111 0.388158 0.824445 0.429276
0 0.536666 0.384869 0.569999 0.427631
0 0.535555 0.429276 0.568889 0.468750
0 0.226667 0.805921 0.258889 0.851973
0 0.278889 0.300987 0.311111 0.342105
0 0.276667 0.342106 0.309999 0.384869
0 0.635556 0.302632 0.670000 0.343750
0 0.636666 0.511513 0.672222 0.552631
0 0.277778 0.124999 0.314445 0.171052
0 0.173333 0.555921 0.208889 0.597039
0 0.687777 0.259869 0.721110 0.302631
0 0.277778 0.213816 0.312222 0.258224
0 0.843334 0.509868 0.877778 0.554276
0 0.633333 0.124999 0.671111 0.171052
0 0.790000 0.256578 0.825556 0.302631
0 0.277778 0.554277 0.311110 0.595395
0 0.636667 0.259869 0.670000 0.300987
0 0.173333 0.340460 0.208889 0.383223
0 0.277778 0.597039 0.311110 0.634869
0 0.843334 0.425987 0.877778 0.467105
0 0.123334 0.167763 0.157778 0.217105
0 0.123333 0.218751 0.158889 0.261514
0 0.738889 0.218750 0.774445 0.263158
0 0.225555 0.513158 0.258888 0.554276
0 0.328889 0.121711 0.363333 0.171053
0 0.585556 0.259869 0.618889 0.302631
0 0.740000 0.384869 0.774444 0.425987
0 0.225556 0.427631 0.257778 0.470394
0 0.688889 0.171053 0.721111 0.215461
0 0.432222 0.511513 0.467778 0.555921
0 0.225555 0.597039 0.258888 0.639803
0 0.226667 0.725329 0.258889 0.766447
0 0.843333 0.343750 0.876667 0.384868
0 0.225555 0.472039 0.258888 0.511513
0 0.791111 0.546052 0.826667 0.593750
0 0.791111 0.304277 0.824445 0.345395
0 0.536667 0.123355 0.568889 0.172697
0 0.535555 0.682565 0.571111 0.720395
0 0.276666 0.472039 0.312222 0.511513
0 0.276666 0.258223 0.312222 0.300986
0 0.328889 0.215460 0.364445 0.259868
0 0.173334 0.304277 0.207778 0.342106
0 0.225555 0.259869 0.258888 0.300987
0 0.843334 0.467105 0.877778 0.508223
0 0.735556 0.121711 0.774444 0.171053
0 0.224444 0.345395 0.261111 0.389803
0 0.840000 0.171052 0.876667 0.213815
0 0.840000 0.120065 0.877778 0.167762
0 0.174445 0.213815 0.207778 0.259869
0 0.636666 0.388158 0.672222 0.429276
0 0.635556 0.215460 0.670000 0.261514
0 0.738888 0.425987 0.775555 0.470395
0 0.173333 0.386513 0.208889 0.430921
0 0.225556 0.300987 0.260000 0.345395
0 0.432222 0.429277 0.467778 0.472040
0 0.636667 0.592105 0.673334 0.634869
0 0.328889 0.304277 0.364445 0.345395
0 0.224445 0.641448 0.258889 0.682566
0 0.584444 0.302632 0.620000 0.347040
0 0.381111 0.215460 0.417778 0.259868
0 0.535555 0.636513 0.568889 0.680921
0 0.584445 0.121711 0.621112 0.171053
0 0.432222 0.304277 0.467778 0.347040
0 0.330000 0.171052 0.364444 0.213815
0 0.503333 0.735197 0.524445 0.759869
0 0.503333 0.712171 0.524445 0.735691
0 0.328888 0.259868 0.365555 0.304276
0 0.432222 0.254935 0.467778 0.302631
0 0.738889 0.343750 0.774445 0.384868
0 0.481111 0.421052 0.522222 0.467106
0 0.635555 0.343750 0.671111 0.388158
0 0.534444 0.218751 0.571111 0.261514
0 0.736667 0.171052 0.774445 0.218749
0 0.224444 0.166119 0.260000 0.217106
0 0.225556 0.682566 0.260000 0.723684
0 0.535555 0.174342 0.568889 0.218750
0 0.224444 0.554276 0.260000 0.597040
0 0.431111 0.383223 0.467778 0.429277
0 0.174445 0.259869 0.208889 0.302631
0 0.381111 0.259868 0.416667 0.304276
0 0.379999 0.171053 0.416666 0.215461
0 0.380000 0.120066 0.417778 0.169408
0 0.225556 0.217106 0.260000 0.259869
0 0.431111 0.595395 0.467778 0.641447
0 0.634444 0.172698 0.671111 0.215460
0 0.275555 0.427631 0.311111 0.470394
0 0.740000 0.302632 0.774444 0.343750
0 0.276666 0.386513 0.312222 0.427631
0 0.328888 0.345394 0.365555 0.391448
0 0.842222 0.302632 0.876666 0.343750
0 0.688889 0.386513 0.722222 0.422697
0 0.841111 0.212172 0.876667 0.259869
0 0.071110 0.215460 0.107777 0.261514
0 0.536667 0.595395 0.568889 0.633223
0 0.842222 0.258223 0.876666 0.300986
0 0.225555 0.766447 0.258888 0.805921
0 0.275556 0.511513 0.310000 0.552631
0 0.481111 0.324014 0.524444 0.356909
0 0.481111 0.351973 0.524444 0.384869
0 0.792222 0.468750 0.824444 0.508224
0 0.793333 0.430921 0.823333 0.467105
0 0.482222 0.470394 0.522222 0.499999
0 0.478889 0.189144 0.524445 0.217106
0 0.687778 0.342105 0.722222 0.386513
0 0.276667 0.684210 0.309999 0.723684
0 0.174445 0.639802 0.207778 0.679276
0 0.174445 0.851973 0.207778 0.889803
0 0.843333 0.888157 0.880000 0.930921
0 0.844444 0.845394 0.880000 0.888158
0 0.480000 0.152961 0.523334 0.189145
0 0.275555 0.848685 0.311111 0.894737
0 0.687778 0.511513 0.723334 0.557565
0 0.893333 0.345395 0.928889 0.384869
0 0.535555 0.766448 0.571111 0.807566
0 0.480000 0.118421 0.523334 0.154605
0 0.071111 0.343750 0.104444 0.383224
0 0.535555 0.805921 0.571111 0.850329
0 0.173334 0.723684 0.210001 0.763158
0 0.534444 0.513158 0.570000 0.546052
0 0.480000 0.254934 0.523334 0.286184
0 0.688889 0.470394 0.722222 0.513158
0 0.173333 0.763158 0.208889 0.809210
0 0.068889 0.475329 0.106667 0.516447
0 0.070000 0.383223 0.105556 0.429277
0 0.534444 0.549342 0.571111 0.593750
0 0.277778 0.722039 0.311110 0.761513
0 0.843333 0.552632 0.878889 0.597040
0 0.791111 0.343749 0.825555 0.389802
0 0.173333 0.680921 0.208889 0.723685
0 0.534444 0.848684 0.570000 0.888158
0 0.843334 0.597040 0.877778 0.633224
0 0.845556 0.722039 0.878889 0.761513
0 0.585556 0.171052 0.620000 0.218749
0 0.534444 0.888158 0.571111 0.937500
0 0.845556 0.807566 0.880000 0.847040
0 0.173333 0.513157 0.208889 0.555921
0 0.173333 0.889803 0.208889 0.935855
0 0.433334 0.348684 0.467778 0.379934
0 0.844445 0.679277 0.876667 0.720395
0 0.843333 0.761513 0.880000 0.804277
0 0.843333 0.634868 0.878889 0.677632
0 0.277778 0.894737 0.313334 0.935855
0 0.068889 0.516447 0.106667 0.560855
0 0.277778 0.763158 0.312222 0.804276
0 0.071111 0.261513 0.105555 0.297697
0 0.535556 0.263158 0.570000 0.302632
0 0.068889 0.430922 0.106667 0.473685
0 0.071111 0.299342 0.106667 0.343750
0 0.172223 0.809210 0.208890 0.851974
0 0.278889 0.172697 0.311111 0.212171
0 0.175556 0.125001 0.210000 0.167764
0 0.278889 0.805921 0.313333 0.848685
0 0.893333 0.383223 0.928889 0.429277
0 0.173334 0.472040 0.207778 0.513158
0 0.175556 0.169407 0.208889 0.212170
0 0.481111 0.284539 0.524444 0.324013
0 0.791111 0.509869 0.825555 0.547697
0 0.071111 0.172698 0.106667 0.213816
0 0.688889 0.302631 0.722222 0.342105
