0 0.685555 0.224590 0.722222 0.265574
0 0.477778 0.222951 0.521111 0.262623
0 0.121111 0.129508 0.155555 0.174754
0 0.476511 0.121541 0.522067 0.157607
0 0.477778 0.155574 0.522222 0.196722
0 0.121112 0.175410 0.154445 0.219672
0 0.478889 0.357213 0.523333 0.391803
0 0.503456 0.750066 0.523856 0.764918
0 0.503190 0.733459 0.523722 0.749869
0 0.503190 0.722115 0.523323 0.733853
0 0.479201 0.328770 0.523711 0.360672
0 0.690001 0.685245 0.721111 0.727869
0 0.792222 0.603278 0.825555 0.644262
0 0.378889 0.434426 0.413333 0.472131
0 0.428889 0.559016 0.464445 0.600000
0 0.223333 0.181967 0.258889 0.221311
0 0.533334 0.686885 0.570001 0.729509
0 0.791111 0.473770 0.825555 0.519672
0 0.740000 0.768852 0.776667 0.816393
0 0.327777 0.475410 0.358888 0.518033
0 0.686667 0.475410 0.721111 0.514754
0 0.686667 0.267213 0.721111 0.309836
0 0.788889 0.268852 0.824445 0.309836
0 0.224445 0.473771 0.256667 0.516394
0 0.842222 0.516393 0.876666 0.559017
0 0.325555 0.388525 0.358889 0.432787
0 0.326666 0.311475 0.360000 0.347541
0 0.536667 0.268852 0.566667 0.309836
0 0.172222 0.390163 0.204444 0.432786
0 0.478888 0.426229 0.519999 0.472131
0 0.378889 0.173771 0.412223 0.222951
0 0.840000 0.132787 0.876667 0.180328
0 0.636667 0.729508 0.670000 0.770492
0 0.585556 0.395082 0.617778 0.434426
0 0.688889 0.436066 0.721111 0.475410
0 0.326667 0.431148 0.358889 0.473770
0 0.790000 0.350820 0.825556 0.393442
0 0.275555 0.470492 0.308889 0.519672
0 0.533333 0.727869 0.568889 0.768853
0 0.686666 0.354099 0.720000 0.396722
0 0.274445 0.393443 0.308889 0.432787
0 0.687777 0.727869 0.721110 0.767213
0 0.841111 0.226230 0.876667 0.268852
0 0.222222 0.555738 0.256666 0.600000
0 0.534445 0.350819 0.568889 0.391803
0 0.534445 0.598361 0.568889 0.642623
0 0.793333 0.685246 0.825555 0.726230
0 0.741111 0.644262 0.774444 0.690164
0 0.792222 0.767213 0.826666 0.809837
0 0.843334 0.727869 0.877778 0.768853
0 0.843334 0.601639 0.877778 0.642623
0 0.841110 0.473771 0.877777 0.516394
0 0.172222 0.259016 0.204444 0.306558
0 0.841110 0.183606 0.877777 0.226230
0 0.791111 0.562295 0.825555 0.603279
0 0.586666 0.726230 0.620000 0.765574
0 0.432222 0.475410 0.460000 0.516394
0 0.687778 0.516393 0.722222 0.557377
0 0.685555 0.180328 0.722222 0.224590
0 0.275556 0.170492 0.310000 0.221312
0 0.222222 0.260656 0.257778 0.306558
0 0.534444 0.767213 0.567778 0.808197
0 0.636667 0.311476 0.668889 0.349181
0 0.688889 0.603278 0.721111 0.645902
0 0.584444 0.301640 0.620000 0.350820
0 0.635556 0.263934 0.670000 0.309836
0 0.687777 0.395082 0.721110 0.434426
0 0.275556 0.432787 0.307778 0.470492
0 0.118889 0.263935 0.153333 0.308197
0 0.841111 0.270492 0.876667 0.314754
0 0.741111 0.727869 0.773333 0.768853
0 0.135556 0.852459 0.157778 0.886885
0 0.478890 0.477049 0.522223 0.506557
0 0.135556 0.768853 0.157778 0.803279
0 0.586666 0.847541 0.620000 0.891803
0 0.110000 0.895082 0.132222 0.931148
0 0.586666 0.477049 0.620000 0.521311
0 0.222222 0.767213 0.252222 0.808197
0 0.428889 0.895082 0.463333 0.936066
0 0.065556 0.813115 0.100000 0.852459
0 0.637778 0.768852 0.672222 0.804918
0 0.221111 0.685245 0.255555 0.727869
0 0.378889 0.598360 0.412223 0.640984
0 0.532222 0.896721 0.570000 0.940983
0 0.117778 0.309837 0.153334 0.347542
0 0.587778 0.808197 0.617778 0.849181
0 0.065556 0.642622 0.100000 0.680328
0 0.222222 0.345901 0.257778 0.391803
0 0.066667 0.347541 0.101111 0.390163
0 0.428889 0.849180 0.464445 0.893442
0 0.531111 0.852459 0.567778 0.896721
0 0.844444 0.767213 0.877777 0.809837
0 0.687778 0.849180 0.724445 0.893442
0 0.740000 0.270491 0.773334 0.308196
0 0.222222 0.390164 0.255555 0.434426
0 0.478890 0.290164 0.522223 0.331148
0 0.791111 0.890164 0.827778 0.936066
0 0.377778 0.639344 0.412222 0.683606
0 0.841110 0.393443 0.877777 0.436065
0 0.224444 0.434426 0.255555 0.472131
0 0.171111 0.432786 0.204445 0.480328
0 0.585556 0.227869 0.620000 0.262295
0 0.635555 0.893442 0.673333 0.940983
0 0.065556 0.554098 0.098889 0.596722
0 0.428889 0.688525 0.463333 0.727869
0 0.428889 0.727869 0.463333 0.768853
0 0.687778 0.809836 0.722222 0.850820
0 0.586667 0.521312 0.618889 0.555738
0 0.790000 0.227869 0.825556 0.267213
0 0.115556 0.603278 0.152223 0.644262
0 0.534445 0.808196 0.566667 0.850820
0 0.064444 0.727869 0.100000 0.768853
0 0.066666 0.304919 0.102222 0.347542
0 0.843333 0.808196 0.878889 0.850820
0 0.118889 0.473770 0.154445 0.514754
0 0.065556 0.596721 0.100000 0.640983
0 0.116667 0.554098 0.154445 0.601639
0 0.066667 0.388524 0.101111 0.431147
0 0.221111 0.599999 0.255555 0.642622
0 0.741111 0.477049 0.774444 0.516393
0 0.687778 0.767213 0.722222 0.809837
0 0.326666 0.604918 0.360000 0.639344
0 0.534444 0.177049 0.567778 0.219673
0 0.428889 0.644262 0.463333 0.688524
0 0.534444 0.477050 0.567778 0.519672
0 0.065556 0.767213 0.100000 0.813115
0 0.375555 0.726229 0.412222 0.768853
0 0.790000 0.309836 0.824444 0.350820
0 0.794444 0.644262 0.823333 0.685246
0 0.325556 0.683606 0.360000 0.729508
0 0.223333 0.306557 0.256667 0.347541
0 0.585556 0.642623 0.618889 0.686885
0 0.844445 0.642623 0.876667 0.681967
0 0.636666 0.850819 0.672222 0.893443
0 0.736666 0.132787 0.772222 0.177049
0 0.843333 0.681967 0.876667 0.727869
0 0.065555 0.431148 0.101111 0.473770
0 0.223333 0.132787 0.258889 0.180328
0 0.223334 0.221311 0.257778 0.259016
0 0.275556 0.268852 0.310000 0.304918
0 0.064445 0.680327 0.101112 0.727869
0 0.740000 0.226230 0.773334 0.270492
0 0.378889 0.559017 0.412223 0.598361
0 0.434444 0.436065 0.460000 0.473770
0 0.431111 0.226229 0.464445 0.262295
0 0.375555 0.683607 0.412222 0.727869
0 0.325556 0.640984 0.360000 0.685246
0 0.221111 0.808196 0.255555 0.850820
0 0.687778 0.309836 0.722222 0.354098
0 0.135555 0.683606 0.158888 0.721311
0 0.221111 0.850820 0.256667 0.895082
0 0.325555 0.850819 0.358889 0.891803
0 0.084445 0.267213 0.107777 0.303279
0 0.475556 0.195082 0.522223 0.224590
0 0.136667 0.893443 0.161111 0.932787
0 0.110000 0.852459 0.132222 0.886885
0 0.111112 0.647541 0.132222 0.677049
0 0.893334 0.180328 0.927778 0.226230
0 0.477778 0.262295 0.522222 0.293443
0 0.116667 0.514755 0.154445 0.557378
0 0.135555 0.811476 0.158888 0.844262
0 0.324445 0.891803 0.361112 0.939345
0 0.221111 0.896721 0.256667 0.936065
0 0.111111 0.808197 0.133333 0.847541
0 0.325555 0.729508 0.358889 0.765574
0 0.111112 0.683606 0.132222 0.724590
0 0.112223 0.727869 0.133333 0.760655
0 0.135555 0.645902 0.158888 0.680328
0 0.326667 0.811475 0.357778 0.849181
0 0.585556 0.262295 0.618889 0.301639
0 0.790000 0.845902 0.827778 0.890164
0 0.374445 0.896721 0.413333 0.937705
0 0.065556 0.850819 0.100000 0.893443
0 0.066667 0.514754 0.098889 0.555738
0 0.221111 0.727869 0.254444 0.768853
0 0.110000 0.767213 0.132222 0.804919
0 0.842222 0.354098 0.876666 0.393442
0 0.737778 0.178689 0.773334 0.226230
0 0.066667 0.475409 0.100000 0.513115
0 0.844444 0.850819 0.877777 0.891803
0 0.064445 0.893442 0.101112 0.939344
0 0.428889 0.808197 0.463333 0.849181
0 0.635555 0.226229 0.668888 0.267213
0 0.118889 0.393442 0.153333 0.429508
0 0.374444 0.850820 0.412222 0.895082
0 0.893333 0.226230 0.928889 0.273771
0 0.586666 0.765574 0.620000 0.806558
0 0.135556 0.726229 0.160000 0.762295
0 0.791111 0.434426 0.824445 0.473770
0 0.221111 0.642622 0.255555 0.685246
0 0.584445 0.890164 0.621112 0.934426
0 0.427777 0.767213 0.464444 0.808197
0 0.843334 0.891803 0.877778 0.937705
0 0.791111 0.809836 0.826667 0.849180
0 0.224444 0.518032 0.253333 0.555737
0 0.535556 0.518033 0.567778 0.554099
0 0.893333 0.131148 0.928889 0.180328
0 0.688889 0.645902 0.719999 0.685246
0 0.325556 0.765574 0.360000 0.811476
0 0.791111 0.393442 0.824445 0.434426
0 0.687778 0.893442 0.723334 0.934426
0 0.117778 0.431147 0.153334 0.472131
0 0.843333 0.434426 0.876667 0.473770
0 0.838889 0.313115 0.876667 0.354099
0 0.376666 0.767213 0.412222 0.808197
0 0.118889 0.347541 0.153333 0.390163
0 0.743333 0.690163 0.772222 0.727869
0 0.121112 0.219672 0.154445 0.263934
0 0.376667 0.808196 0.413334 0.850820
0 0.428889 0.516393 0.463333 0.559017
0 0.586666 0.436065 0.617778 0.478688
0 0.170000 0.306558 0.204444 0.349181
0 0.326666 0.514754 0.360000 0.560656
0 0.738889 0.395082 0.773333 0.434426
0 0.533334 0.554099 0.567778 0.598361
0 0.686666 0.129508 0.722222 0.177049
0 0.740000 0.436065 0.775556 0.477049
0 0.587778 0.686885 0.618888 0.726229
0 0.792222 0.724590 0.825555 0.767213
0 0.275555 0.304919 0.308889 0.347542
0 0.534445 0.434426 0.568889 0.478688
0 0.168889 0.349181 0.204445 0.391803
0 0.686666 0.557377 0.722222 0.601639
0 0.534445 0.308197 0.568889 0.350820
0 0.377777 0.222951 0.414444 0.267213
0 0.428889 0.600000 0.464445 0.645902
0 0.274444 0.221311 0.312222 0.267213
0 0.637777 0.521312 0.671111 0.560656
0 0.636667 0.562295 0.671111 0.601639
0 0.635556 0.395082 0.670000 0.434426
0 0.841110 0.559017 0.877777 0.603279
0 0.791111 0.519672 0.825555 0.562296
0 0.742223 0.603278 0.773333 0.644262
0 0.326666 0.559017 0.360000 0.603279
0 0.636667 0.434426 0.671111 0.475410
0 0.326666 0.347541 0.360000 0.390163
0 0.791111 0.178689 0.826667 0.227869
0 0.636666 0.806558 0.672222 0.850820
0 0.635556 0.644262 0.672223 0.685246
0 0.378889 0.519672 0.412223 0.559016
0 0.738889 0.354098 0.773333 0.395082
0 0.635555 0.685246 0.671111 0.729508
0 0.740000 0.559017 0.775556 0.603279
0 0.326666 0.172131 0.362222 0.221311
0 0.740000 0.516394 0.775556 0.560656
0 0.738889 0.309837 0.774445 0.352459
0 0.274445 0.349180 0.308889 0.393442
0 0.584445 0.350820 0.618889 0.395082
0 0.533334 0.640983 0.570001 0.686885
0 0.585556 0.600000 0.620000 0.644262
0 0.636667 0.475410 0.670000 0.519672
0 0.428889 0.352459 0.464445 0.391803
0 0.380000 0.391804 0.412222 0.434426
0 0.326667 0.221312 0.361111 0.265574
0 0.381111 0.350819 0.411111 0.391803
0 0.635556 0.349180 0.670000 0.395082
0 0.586666 0.557377 0.620000 0.600001
0 0.430000 0.172132 0.465556 0.224590
0 0.584445 0.173771 0.621112 0.226230
0 0.635555 0.175410 0.668888 0.226230
0 0.634444 0.600000 0.671111 0.644262
0 0.378889 0.308197 0.413333 0.350820
0 0.532222 0.221311 0.570000 0.267213
0 0.377778 0.470492 0.412222 0.519672
0 0.534444 0.393442 0.570000 0.434426
0 0.430000 0.309837 0.465556 0.352459
0 0.378889 0.268853 0.413333 0.308197
0 0.430000 0.391803 0.464444 0.436065
0 0.431111 0.262296 0.465555 0.309836
0 0.326667 0.265574 0.361111 0.311476
