0 0.538889 0.476112 0.568889 0.512356
0 0.535556 0.222406 0.570000 0.266887
0 0.535556 0.265239 0.570000 0.308073
0 0.330001 0.263591 0.363333 0.308072
0 0.587777 0.304777 0.621111 0.347611
0 0.328889 0.177925 0.363333 0.222406
0 0.688889 0.220757 0.723333 0.265238
0 0.330000 0.222405 0.362222 0.263591
0 0.328889 0.131796 0.364445 0.177924
0 0.432222 0.177924 0.466666 0.220758
0 0.536666 0.434926 0.569999 0.476112
0 0.382223 0.265239 0.415555 0.308073
0 0.536667 0.390445 0.571111 0.434926
0 0.331112 0.431631 0.364444 0.474465
0 0.741111 0.219110 0.775555 0.265240
0 0.432222 0.261943 0.466666 0.308072
0 0.432222 0.345964 0.467778 0.393740
0 0.586666 0.347612 0.622222 0.392093
0 0.740000 0.130148 0.775556 0.177924
0 0.504444 0.721582 0.527778 0.751236
0 0.481111 0.327842 0.525555 0.359144
0 0.481111 0.477760 0.523333 0.512356
0 0.845556 0.682042 0.880000 0.721581
0 0.278889 0.678748 0.313333 0.723229
0 0.845555 0.848435 0.881111 0.889621
0 0.068889 0.897858 0.106667 0.939044
0 0.478889 0.194399 0.524445 0.222406
0 0.380000 0.514003 0.415556 0.556837
0 0.068889 0.851729 0.106667 0.897859
0 0.480000 0.158155 0.523334 0.192751
0 0.481110 0.354202 0.527778 0.392093
0 0.072222 0.174629 0.105555 0.220759
0 0.846667 0.810544 0.878889 0.845140
0 0.483333 0.258649 0.523333 0.291598
0 0.845556 0.347611 0.877778 0.388797
0 0.848889 0.724877 0.877777 0.764416
0 0.070000 0.767710 0.104444 0.807249
0 0.843333 0.306425 0.878889 0.349259
0 0.640000 0.846788 0.673334 0.891269
0 0.070000 0.808896 0.105556 0.851730
0 0.845556 0.515651 0.880000 0.555190
0 0.640000 0.685338 0.673334 0.724877
0 0.640000 0.892916 0.672222 0.935750
0 0.227778 0.474465 0.260000 0.514004
0 0.895555 0.174629 0.928889 0.220759
0 0.897778 0.431631 0.931111 0.471170
0 0.333333 0.640857 0.362223 0.680396
0 0.122222 0.601317 0.156666 0.640856
0 0.894444 0.387149 0.931111 0.431630
0 0.478888 0.120263 0.525555 0.159802
0 0.690001 0.349259 0.721111 0.385503
0 0.894444 0.219111 0.930000 0.263592
0 0.641111 0.808897 0.673333 0.848436
0 0.640000 0.723229 0.673334 0.764415
0 0.641111 0.764415 0.674445 0.807249
0 0.277778 0.177924 0.312222 0.219110
0 0.072222 0.265238 0.105555 0.304777
0 0.638889 0.306425 0.672223 0.349259
0 0.846666 0.891268 0.882222 0.937397
0 0.894444 0.261945 0.930000 0.306426
0 0.894444 0.345964 0.931111 0.387150
0 0.072222 0.222405 0.105555 0.263591
0 0.277778 0.512356 0.313334 0.560132
0 0.071111 0.599671 0.104444 0.637562
0 0.121111 0.560132 0.156667 0.601318
0 0.121111 0.642504 0.157778 0.682042
0 0.641111 0.260296 0.671111 0.306425
0 0.844445 0.431631 0.878889 0.471170
0 0.894444 0.304777 0.930000 0.347611
0 0.280000 0.642505 0.312222 0.680395
0 0.843333 0.388797 0.878889 0.431631
0 0.332222 0.599670 0.363333 0.639209
0 0.069999 0.683690 0.106666 0.726524
0 0.071111 0.726524 0.105555 0.767710
0 0.795556 0.472817 0.825556 0.512356
0 0.122222 0.176277 0.157778 0.222405
0 0.795556 0.556838 0.826666 0.594728
0 0.174445 0.179572 0.208889 0.220758
0 0.690000 0.431631 0.722222 0.471170
0 0.174445 0.308072 0.206667 0.345963
0 0.843334 0.263591 0.877778 0.308072
0 0.642223 0.476112 0.671111 0.514003
0 0.845556 0.766062 0.878889 0.810543
0 0.071111 0.392093 0.104444 0.429984
0 0.072222 0.476112 0.103333 0.515651
0 0.843333 0.177924 0.876667 0.220758
0 0.277778 0.474465 0.312222 0.514004
0 0.640000 0.514003 0.672222 0.555189
0 0.896666 0.472818 0.932222 0.517298
0 0.174445 0.128501 0.208889 0.176277
0 0.895555 0.125206 0.928889 0.174629
0 0.122222 0.515651 0.157778 0.563427
0 0.641112 0.224053 0.670000 0.260297
0 0.845556 0.472817 0.878889 0.514003
0 0.071111 0.126853 0.106667 0.174629
0 0.588888 0.392092 0.620000 0.433278
0 0.071111 0.306425 0.106667 0.349259
0 0.381111 0.390444 0.415555 0.428335
0 0.071111 0.558484 0.105555 0.599670
0 0.277778 0.724877 0.312222 0.769358
0 0.225555 0.265239 0.258888 0.306425
0 0.071111 0.349258 0.104444 0.392092
0 0.123333 0.126854 0.160000 0.176277
0 0.175556 0.220758 0.205556 0.263592
0 0.793333 0.308073 0.825555 0.347612
0 0.842222 0.220758 0.877778 0.263592
0 0.794445 0.512355 0.826667 0.556836
0 0.794445 0.640856 0.826667 0.683690
0 0.538889 0.309720 0.568889 0.345964
0 0.842222 0.128501 0.877778 0.177924
0 0.793333 0.431631 0.824445 0.474465
0 0.638889 0.128501 0.671111 0.177924
0 0.483334 0.288303 0.524444 0.329489
0 0.280000 0.560132 0.312222 0.599670
0 0.687778 0.128501 0.723334 0.176277
0 0.122223 0.308073 0.155556 0.347612
0 0.069999 0.515651 0.106666 0.560132
0 0.794445 0.594727 0.826667 0.640857
0 0.070000 0.640856 0.105556 0.683690
0 0.480000 0.222406 0.525556 0.261945
0 0.121111 0.680396 0.157778 0.729819
0 0.122222 0.222405 0.157778 0.265239
0 0.122222 0.474465 0.156666 0.515651
0 0.277778 0.130149 0.312222 0.176277
0 0.640000 0.598024 0.674444 0.642505
0 0.122222 0.390445 0.157778 0.433279
0 0.123334 0.265239 0.156667 0.308073
0 0.844445 0.642504 0.878889 0.682042
0 0.071111 0.431631 0.104444 0.476112
0 0.743333 0.266886 0.773333 0.303130
0 0.845556 0.556837 0.878889 0.598023
0 0.330000 0.680395 0.364444 0.726525
0 0.481111 0.425042 0.524444 0.469523
0 0.638889 0.176277 0.672223 0.222405
0 0.225555 0.433279 0.262222 0.472818
0 0.278890 0.433278 0.312222 0.476112
0 0.743334 0.349259 0.774444 0.388798
0 0.380000 0.429983 0.415556 0.472817
0 0.278890 0.598024 0.312222 0.642505
0 0.844445 0.598023 0.878889 0.640857
0 0.638889 0.642504 0.674445 0.685338
0 0.278889 0.392093 0.311111 0.431632
0 0.432222 0.308072 0.466666 0.345963
0 0.122222 0.434926 0.156666 0.476112
0 0.793333 0.345963 0.825555 0.390444
0 0.536667 0.130148 0.571111 0.177924
0 0.379999 0.556837 0.416666 0.599671
0 0.225555 0.514003 0.261111 0.556837
0 0.432222 0.128501 0.467778 0.176277
0 0.688889 0.471170 0.724445 0.515651
0 0.382223 0.128501 0.415555 0.177924
0 0.640000 0.555189 0.673334 0.598023
0 0.331111 0.309719 0.363333 0.349258
0 0.535555 0.556836 0.571111 0.601317
0 0.331112 0.472817 0.364444 0.514003
0 0.537778 0.512355 0.570000 0.556836
0 0.588889 0.263592 0.621111 0.304778
0 0.741111 0.390445 0.776667 0.434926
0 0.226666 0.225700 0.257777 0.266886
0 0.690001 0.387149 0.723334 0.431630
0 0.327778 0.556837 0.362222 0.599671
0 0.688889 0.179572 0.723333 0.220758
0 0.588889 0.433278 0.621111 0.476112
0 0.793333 0.390445 0.825555 0.431631
0 0.741111 0.179572 0.774444 0.220758
0 0.638889 0.347612 0.671111 0.387151
0 0.381111 0.472817 0.415555 0.512356
0 0.225555 0.392092 0.261111 0.434926
0 0.331111 0.392092 0.363333 0.433278
0 0.330000 0.347612 0.364444 0.392093
0 0.688889 0.265239 0.723333 0.308073
0 0.381112 0.220757 0.414444 0.265238
0 0.225556 0.128501 0.260000 0.177924
0 0.793334 0.260296 0.826667 0.306425
0 0.225556 0.177924 0.260000 0.224052
0 0.536667 0.345963 0.571111 0.390444
0 0.690001 0.308073 0.723334 0.349259
0 0.122222 0.347611 0.157778 0.390445
0 0.276667 0.266887 0.311111 0.306426
0 0.742223 0.303129 0.775556 0.349258
0 0.225555 0.556837 0.261111 0.598023
0 0.432222 0.222406 0.465556 0.261945
0 0.640000 0.433278 0.672222 0.474464
0 0.225556 0.306425 0.260000 0.347611
0 0.535556 0.177924 0.570000 0.220758
0 0.381112 0.308073 0.414444 0.349259
0 0.278890 0.349259 0.312222 0.390445
0 0.277778 0.306425 0.312222 0.347611
0 0.328889 0.512355 0.364445 0.556836
0 0.382223 0.179571 0.415555 0.222405
0 0.382222 0.349259 0.414444 0.390445
0 0.173334 0.263591 0.206667 0.308072
0 0.277778 0.220757 0.312222 0.266887
0 0.640000 0.388798 0.672222 0.433279
0 0.225556 0.347612 0.260000 0.392093
