0 0.895556 0.220758 0.930000 0.268534
0 0.843333 0.891269 0.880000 0.939045
0 0.121112 0.433278 0.154445 0.474464
0 0.433333 0.724877 0.464444 0.766063
0 0.535555 0.726523 0.568889 0.766062
0 0.687778 0.392092 0.723334 0.433278
0 0.224445 0.393740 0.256667 0.433279
0 0.380000 0.171335 0.414444 0.222405
0 0.276667 0.349259 0.309999 0.388798
0 0.276667 0.219111 0.309999 0.263592
0 0.690001 0.810543 0.723334 0.850082
0 0.844445 0.181220 0.876667 0.225700
0 0.741111 0.808896 0.777778 0.850082
0 0.688889 0.685338 0.725556 0.726524
0 0.478890 0.426689 0.522223 0.467875
0 0.224444 0.724876 0.260000 0.767710
0 0.741111 0.474465 0.773333 0.515651
0 0.172222 0.388797 0.206666 0.431631
0 0.843334 0.349259 0.877778 0.393740
0 0.742222 0.601317 0.774444 0.640856
0 0.224444 0.349258 0.257777 0.392092
0 0.173334 0.556837 0.207778 0.599671
0 0.121111 0.390445 0.155555 0.433279
0 0.121111 0.347611 0.155555 0.390445
0 0.381112 0.683690 0.414444 0.729820
0 0.687778 0.266887 0.724445 0.311368
0 0.688889 0.892917 0.726667 0.937397
0 0.121111 0.306425 0.155555 0.347611
0 0.224444 0.517298 0.260000 0.558484
0 0.172222 0.128501 0.207778 0.177924
0 0.171111 0.476112 0.206667 0.517298
0 0.843333 0.476112 0.876667 0.518946
0 0.534445 0.766063 0.568889 0.807249
0 0.431111 0.807249 0.466667 0.850083
0 0.173334 0.640856 0.207778 0.683690
0 0.535556 0.599670 0.570000 0.639209
0 0.275556 0.512355 0.312223 0.558485
0 0.172222 0.599670 0.207778 0.642504
0 0.534445 0.808896 0.568889 0.850082
0 0.276666 0.639208 0.312222 0.685338
0 0.894445 0.128501 0.928889 0.177924
0 0.378889 0.224052 0.413333 0.261943
0 0.793333 0.266886 0.825555 0.308072
0 0.742223 0.431631 0.775556 0.472817
0 0.741111 0.640857 0.776667 0.685338
0 0.793334 0.306424 0.826667 0.352553
0 0.432222 0.682043 0.466666 0.724877
0 0.895556 0.390445 0.930000 0.434926
0 0.223333 0.558485 0.258889 0.602966
0 0.382223 0.805601 0.413334 0.848435
0 0.171111 0.222405 0.206667 0.265239
0 0.327778 0.171335 0.362222 0.222405
0 0.169999 0.306425 0.206667 0.347611
0 0.381112 0.474465 0.414444 0.515651
0 0.587778 0.309719 0.620000 0.349258
0 0.171110 0.347611 0.207778 0.390445
0 0.586666 0.181219 0.620000 0.224053
0 0.741111 0.268534 0.775555 0.309720
0 0.844444 0.685338 0.877777 0.728172
0 0.843333 0.433278 0.876667 0.476112
0 0.536666 0.683690 0.567778 0.726524
0 0.380000 0.392092 0.413334 0.434926
0 0.172222 0.265239 0.206666 0.306425
0 0.690001 0.472818 0.723334 0.517298
0 0.844445 0.601318 0.878889 0.644152
0 0.690000 0.850082 0.724444 0.892916
0 0.480000 0.472817 0.522222 0.509061
0 0.503333 0.739704 0.524445 0.762768
0 0.502222 0.714992 0.524444 0.742998
0 0.275556 0.481054 0.312223 0.507413
0 0.381111 0.848435 0.413333 0.889621
0 0.480000 0.327842 0.524444 0.359144
0 0.276667 0.685338 0.311111 0.721582
0 0.480000 0.260297 0.524444 0.289951
0 0.478888 0.192751 0.525555 0.224053
0 0.120000 0.179571 0.155556 0.219110
0 0.173333 0.894563 0.208889 0.937397
0 0.121111 0.767709 0.155555 0.813839
0 0.121111 0.812191 0.155555 0.853377
0 0.276666 0.889620 0.312222 0.935750
0 0.121111 0.851730 0.157778 0.894564
0 0.480000 0.159802 0.523334 0.192751
0 0.688889 0.309719 0.723333 0.349258
0 0.068889 0.393740 0.103333 0.431631
0 0.172223 0.850082 0.208890 0.896212
0 0.276667 0.848434 0.309999 0.887973
0 0.068889 0.311368 0.103333 0.350907
0 0.896667 0.810544 0.928889 0.848434
0 0.477777 0.125206 0.524444 0.159802
0 0.478890 0.222406 0.522223 0.260296
0 0.121111 0.685338 0.156667 0.726524
0 0.278888 0.766063 0.309999 0.803953
0 0.844444 0.850082 0.877777 0.891268
0 0.173334 0.810543 0.207778 0.850082
0 0.741111 0.850082 0.776667 0.891268
0 0.120000 0.726524 0.156667 0.769358
0 0.277778 0.558485 0.308889 0.596375
0 0.896667 0.685338 0.928889 0.726524
0 0.896666 0.766062 0.929999 0.808896
0 0.481111 0.355848 0.524444 0.392092
0 0.068889 0.177924 0.103333 0.220758
0 0.688889 0.637562 0.724445 0.685338
0 0.895556 0.726523 0.927778 0.766062
0 0.433334 0.851730 0.466666 0.889620
0 0.173334 0.683690 0.206667 0.726524
0 0.381112 0.728172 0.414444 0.762768
0 0.894444 0.517298 0.930000 0.558484
0 0.844444 0.769358 0.877777 0.808897
0 0.224444 0.766063 0.261111 0.813839
0 0.067777 0.220758 0.104444 0.263592
0 0.743334 0.724876 0.774444 0.767710
0 0.534445 0.850082 0.568889 0.891268
0 0.121112 0.266887 0.154445 0.306426
0 0.844444 0.225700 0.877777 0.263591
0 0.895556 0.355848 0.930000 0.392092
0 0.225556 0.685338 0.257778 0.724877
0 0.894444 0.474464 0.930000 0.517298
0 0.120000 0.642504 0.156667 0.685338
0 0.067777 0.263591 0.104444 0.311367
0 0.896667 0.642504 0.928889 0.682042
0 0.894444 0.436574 0.930000 0.476112
0 0.172223 0.724877 0.208890 0.769358
0 0.687778 0.349258 0.723334 0.392092
0 0.895556 0.177924 0.930000 0.220758
0 0.688889 0.515651 0.723333 0.556837
0 0.277778 0.807249 0.312222 0.848435
0 0.843334 0.311368 0.877778 0.349259
0 0.534444 0.561779 0.570000 0.601318
0 0.070000 0.128501 0.104444 0.176277
0 0.381112 0.764415 0.414444 0.805601
0 0.690000 0.766063 0.725556 0.807249
0 0.844445 0.556837 0.876667 0.599671
0 0.742222 0.891269 0.777778 0.939045
0 0.121111 0.599670 0.156667 0.644151
0 0.688889 0.599670 0.724445 0.642504
0 0.895556 0.848435 0.930000 0.891269
0 0.171110 0.769358 0.207778 0.810544
0 0.432222 0.891268 0.466666 0.937397
0 0.380000 0.891269 0.415556 0.939045
0 0.843334 0.517299 0.877778 0.555190
0 0.895556 0.558484 0.927778 0.599670
0 0.223333 0.601318 0.260000 0.642504
0 0.121111 0.518946 0.156667 0.558485
0 0.896667 0.892915 0.931111 0.939045
0 0.741111 0.224053 0.776667 0.268534
0 0.068889 0.350906 0.104445 0.393740
0 0.276667 0.598023 0.309999 0.639209
0 0.381111 0.599671 0.413333 0.640857
0 0.844445 0.808896 0.878889 0.850082
0 0.741111 0.767710 0.777778 0.810544
0 0.120000 0.556836 0.157778 0.601317
0 0.223333 0.642505 0.260000 0.686986
0 0.431111 0.766063 0.465555 0.807249
0 0.895555 0.308073 0.928889 0.354202
0 0.120000 0.219110 0.155556 0.266886
0 0.276667 0.176277 0.309999 0.220757
0 0.276667 0.721581 0.311111 0.766062
0 0.895555 0.268533 0.928889 0.308072
0 0.843334 0.395388 0.877778 0.433279
0 0.534444 0.891268 0.570000 0.937397
0 0.895555 0.599670 0.928889 0.644151
0 0.121111 0.472817 0.155555 0.518946
0 0.741111 0.515651 0.774444 0.556837
0 0.481111 0.288303 0.523333 0.329489
0 0.690001 0.433279 0.723334 0.472818
0 0.224444 0.172982 0.257777 0.219110
0 0.688889 0.174629 0.724445 0.220759
0 0.380000 0.517299 0.414444 0.555190
0 0.173334 0.515651 0.206667 0.556837
0 0.844445 0.644152 0.878889 0.685338
0 0.432222 0.599671 0.465556 0.640857
0 0.843334 0.266886 0.877778 0.309720
0 0.742222 0.685338 0.774444 0.726524
0 0.843333 0.728171 0.878889 0.771005
0 0.741111 0.179571 0.776667 0.224052
0 0.688889 0.726524 0.724445 0.767710
0 0.687778 0.556837 0.723334 0.599671
0 0.741111 0.133443 0.777778 0.179571
0 0.171111 0.177925 0.206667 0.222406
0 0.687778 0.220757 0.724445 0.265238
0 0.741111 0.350905 0.775555 0.390444
0 0.172222 0.429984 0.206666 0.476112
0 0.741111 0.556836 0.775555 0.601317
0 0.275555 0.128501 0.311111 0.174629
0 0.222222 0.219110 0.258889 0.265240
0 0.636667 0.176277 0.671111 0.224053
0 0.275555 0.308073 0.311111 0.349259
0 0.224445 0.431631 0.258889 0.474465
0 0.224444 0.266887 0.257777 0.306426
0 0.636666 0.393740 0.672222 0.433279
0 0.585555 0.517298 0.621111 0.561779
0 0.585556 0.131796 0.622223 0.179572
0 0.378889 0.261945 0.414445 0.306426
0 0.535555 0.639209 0.568889 0.682043
0 0.586666 0.474464 0.620000 0.517298
0 0.793334 0.177925 0.826667 0.222406
0 0.431111 0.639209 0.465555 0.680395
0 0.636667 0.350906 0.671111 0.392092
0 0.534444 0.476112 0.570000 0.517298
0 0.792222 0.393740 0.826666 0.436574
0 0.637777 0.308072 0.671111 0.350906
0 0.224445 0.306425 0.258889 0.349259
0 0.740000 0.308073 0.776667 0.349259
0 0.792222 0.352554 0.826666 0.393740
0 0.432222 0.474465 0.465556 0.515651
0 0.432223 0.347611 0.463334 0.388797
0 0.276667 0.265239 0.311111 0.308073
0 0.431111 0.514003 0.466667 0.556837
0 0.275556 0.388797 0.310000 0.431631
0 0.534444 0.515651 0.570000 0.560132
0 0.378889 0.308073 0.414445 0.347612
0 0.381111 0.556837 0.413333 0.599671
0 0.380000 0.433279 0.413334 0.472818
0 0.380000 0.642504 0.414444 0.683690
0 0.586667 0.265238 0.621111 0.309719
0 0.432222 0.176277 0.466666 0.220757
0 0.535556 0.224053 0.570000 0.265239
0 0.275556 0.431631 0.312223 0.476112
0 0.586667 0.222405 0.621111 0.265239
0 0.224445 0.472818 0.258889 0.517298
0 0.792222 0.222406 0.826666 0.266887
0 0.741111 0.390445 0.776667 0.431631
0 0.378889 0.347612 0.414445 0.392093
0 0.432222 0.263591 0.464444 0.306425
0 0.534444 0.126854 0.570000 0.179572
0 0.586666 0.350906 0.620000 0.392092
0 0.432223 0.306425 0.463334 0.347611
0 0.637777 0.224053 0.671111 0.266887
0 0.585555 0.392092 0.621111 0.434926
0 0.534445 0.349258 0.568889 0.392092
0 0.535555 0.433278 0.568889 0.476112
0 0.432222 0.220758 0.465556 0.263592
0 0.586667 0.434926 0.621111 0.476112
0 0.637778 0.268533 0.672222 0.308072
0 0.432222 0.387150 0.465556 0.433279
0 0.535556 0.181219 0.570000 0.224053
0 0.431111 0.431631 0.465555 0.474465
0 0.432222 0.556837 0.466666 0.599671
0 0.535555 0.392092 0.568889 0.433278
0 0.536667 0.308073 0.568889 0.349259
0 0.536666 0.265239 0.569999 0.308073
0 0.635556 0.431631 0.672223 0.477760
