0 0.638888 0.683690 0.675555 0.728171
0 0.321111 0.400330 0.344445 0.433279
0 0.480000 0.429984 0.522222 0.474465
0 0.842222 0.313015 0.878889 0.354201
0 0.740000 0.314662 0.776667 0.357496
0 0.638889 0.314662 0.672223 0.357496
0 0.537778 0.594728 0.571111 0.644151
0 0.273333 0.309720 0.311111 0.357496
0 0.638889 0.596375 0.674445 0.642505
0 0.587777 0.316310 0.621111 0.355849
0 0.323333 0.439868 0.345555 0.474464
0 0.477777 0.200988 0.524444 0.228830
0 0.174445 0.598023 0.208889 0.645799
0 0.381111 0.593081 0.416667 0.642504
0 0.894445 0.268534 0.928889 0.316310
0 0.433334 0.596375 0.467778 0.642505
0 0.331112 0.683690 0.364444 0.729820
0 0.331111 0.644152 0.363333 0.685338
0 0.330000 0.313015 0.362222 0.354201
0 0.842222 0.354201 0.877778 0.393740
0 0.637778 0.354201 0.672222 0.395387
0 0.896666 0.596375 0.932222 0.642505
0 0.121111 0.314663 0.155555 0.354202
0 0.845556 0.596376 0.878889 0.640857
0 0.433334 0.645799 0.466666 0.685338
0 0.587777 0.596376 0.621111 0.644152
0 0.432222 0.314663 0.465556 0.352554
0 0.173334 0.686985 0.210001 0.729819
0 0.893334 0.354201 0.930001 0.397035
0 0.845556 0.642504 0.878889 0.683690
0 0.792222 0.313015 0.826666 0.355849
0 0.895555 0.680396 0.931111 0.724877
0 0.066667 0.179572 0.103334 0.230643
0 0.275556 0.268534 0.310000 0.309720
0 0.223334 0.275124 0.257778 0.316310
0 0.174445 0.645799 0.207778 0.686985
0 0.275556 0.230643 0.310000 0.268533
0 0.588889 0.680395 0.623333 0.728171
0 0.382223 0.644152 0.415555 0.685338
0 0.793334 0.642504 0.827778 0.682042
0 0.894445 0.316310 0.928889 0.355849
0 0.741111 0.355849 0.776667 0.397035
0 0.686667 0.227348 0.721111 0.271829
0 0.066667 0.271829 0.104445 0.316310
0 0.910000 0.438221 0.935556 0.476112
0 0.348888 0.401977 0.369999 0.431631
0 0.896666 0.642504 0.929999 0.682042
0 0.838888 0.436574 0.860000 0.469523
0 0.836666 0.398682 0.860000 0.429984
0 0.350000 0.441516 0.370000 0.474465
0 0.792222 0.354201 0.825555 0.397035
0 0.381112 0.317958 0.414444 0.355849
0 0.845556 0.683690 0.877778 0.726524
0 0.433333 0.683690 0.465555 0.728171
0 0.481111 0.296540 0.524444 0.334431
0 0.793333 0.683690 0.828889 0.729820
0 0.381111 0.683690 0.415555 0.726524
0 0.862223 0.439868 0.885556 0.471170
0 0.687778 0.271829 0.723334 0.317958
0 0.067778 0.232290 0.102222 0.268534
0 0.378889 0.354201 0.414445 0.400330
0 0.477777 0.131796 0.524444 0.166392
0 0.911111 0.482702 0.935555 0.512356
0 0.478889 0.164745 0.524445 0.200989
0 0.480000 0.266886 0.524444 0.298187
0 0.485556 0.518945 0.515556 0.563426
0 0.910000 0.398682 0.935556 0.433278
0 0.481111 0.360791 0.524444 0.395387
0 0.504445 0.739703 0.526667 0.764415
0 0.066667 0.317957 0.104445 0.342669
0 0.863333 0.400330 0.886667 0.431631
0 0.504444 0.711697 0.525556 0.739703
0 0.482222 0.334432 0.524444 0.364086
0 0.478889 0.227183 0.523333 0.265239
0 0.481111 0.474465 0.521111 0.518946
0 0.378889 0.266887 0.415556 0.317958
0 0.536667 0.270182 0.571111 0.314663
0 0.585555 0.265238 0.621111 0.316309
0 0.534445 0.354202 0.568889 0.398682
0 0.328889 0.268534 0.362223 0.314663
0 0.172222 0.268534 0.206666 0.314663
0 0.431111 0.352554 0.465555 0.398682
0 0.121111 0.268534 0.155555 0.314663
0 0.638889 0.270182 0.673333 0.314663
0 0.328889 0.352554 0.362223 0.397035
0 0.741111 0.268534 0.777778 0.314663
0 0.432222 0.270182 0.466666 0.314663
0 0.274444 0.179572 0.310000 0.230643
0 0.585556 0.355849 0.622223 0.400330
0 0.536666 0.314662 0.569999 0.355848
0 0.330000 0.593081 0.365556 0.644152
0 0.172222 0.354201 0.206666 0.400330
0 0.843334 0.268534 0.877778 0.314663
0 0.537778 0.644152 0.571111 0.685338
0 0.118889 0.352554 0.156667 0.403624
0 0.172222 0.313015 0.207778 0.355849
0 0.065556 0.350907 0.104445 0.400330
0 0.792222 0.268534 0.826666 0.314663
0 0.223333 0.222405 0.258889 0.275123
0 0.640000 0.644152 0.673334 0.685338
0 0.535555 0.683690 0.572222 0.729820
0 0.793334 0.594728 0.827778 0.642504
