0 0.498750 0.594937 0.520000 0.620253
0 0.372500 0.390823 0.403750 0.424051
0 0.370000 0.359178 0.407500 0.424050
0 0.498750 0.569620 0.518750 0.588608
0 0.421250 0.324367 0.442500 0.351266
0 0.501250 0.674050 0.521250 0.694620
0 0.502500 0.693038 0.521250 0.713608
0 0.448750 0.324367 0.470000 0.351266
0 0.363750 0.325950 0.386250 0.352849
0 0.888750 0.143987 0.910000 0.170886
0 0.206250 0.389241 0.240000 0.424051
0 0.093750 0.411393 0.128750 0.450950
0 0.093750 0.390823 0.127500 0.425633
0 0.480000 0.419304 0.515000 0.454114
0 0.426250 0.642405 0.458750 0.674051
0 0.481250 0.357594 0.516250 0.384493
0 0.426250 0.359177 0.461250 0.386076
0 0.498750 0.620253 0.521250 0.642405
0 0.480000 0.321203 0.515000 0.357595
0 0.498750 0.867089 0.521250 0.889241
0 0.370000 0.738924 0.405000 0.772152
0 0.368750 0.768987 0.405000 0.802215
0 0.371250 0.642405 0.403750 0.674051
0 0.500000 0.846519 0.521250 0.867089
0 0.858750 0.143988 0.885000 0.172468
0 0.150000 0.427215 0.183750 0.447785
0 0.812500 0.392404 0.846250 0.419303
0 0.391250 0.324368 0.413750 0.354430
0 0.148750 0.555380 0.183750 0.579114
0 0.426250 0.613924 0.458750 0.643987
0 0.588750 0.833861 0.623750 0.865507
0 0.481250 0.781645 0.513750 0.808544
0 0.592500 0.770569 0.623750 0.802215
0 0.205000 0.359177 0.240000 0.395569
0 0.866250 0.737342 0.900000 0.770570
0 0.885000 0.213608 0.911250 0.243671
0 0.591250 0.740506 0.622500 0.772152
0 0.151250 0.833861 0.182500 0.865507
0 0.886250 0.281645 0.910000 0.310126
0 0.368750 0.612342 0.405000 0.643988
0 0.370000 0.805380 0.405000 0.833861
0 0.150000 0.678798 0.183750 0.708861
0 0.866250 0.707278 0.901250 0.740506
0 0.646250 0.550633 0.680000 0.580696
0 0.588750 0.863924 0.623750 0.895570
0 0.756250 0.582278 0.790000 0.613924
0 0.368750 0.710444 0.405000 0.740506
0 0.423750 0.770570 0.458750 0.803798
0 0.866250 0.800633 0.901250 0.832279
0 0.420000 0.425633 0.438750 0.447785
0 0.757500 0.424050 0.788750 0.450950
0 0.645000 0.710444 0.680000 0.738924
0 0.150000 0.707278 0.183750 0.738924
0 0.590000 0.580696 0.625000 0.612342
0 0.151250 0.803798 0.182500 0.833861
0 0.362500 0.487341 0.383750 0.515822
0 0.810000 0.416139 0.846250 0.452531
0 0.446250 0.484178 0.467500 0.514240
0 0.865000 0.643987 0.900000 0.675633
0 0.315000 0.738924 0.348750 0.772152
0 0.865000 0.832278 0.902500 0.870254
0 0.151250 0.645569 0.182500 0.677215
0 0.865000 0.768987 0.900000 0.800633
0 0.865000 0.582279 0.903750 0.610760
0 0.425000 0.803797 0.460000 0.837025
0 0.865000 0.675633 0.901250 0.708861
0 0.150000 0.863924 0.182500 0.898734
0 0.886250 0.246835 0.910000 0.273734
0 0.645000 0.868671 0.678750 0.895570
0 0.643750 0.803797 0.681250 0.835443
0 0.151250 0.610760 0.182500 0.645570
0 0.480000 0.384494 0.515000 0.419304
0 0.857500 0.175633 0.882500 0.207279
0 0.865000 0.610760 0.902500 0.645570
0 0.206250 0.424050 0.240000 0.454113
0 0.590000 0.802215 0.626250 0.835443
0 0.885000 0.177215 0.910000 0.205696
0 0.150000 0.579114 0.183750 0.610760
0 0.865000 0.549051 0.902500 0.582279
0 0.425000 0.708861 0.458750 0.740507
0 0.591250 0.675633 0.625000 0.705696
0 0.095000 0.354431 0.127500 0.390823
0 0.425000 0.387658 0.460000 0.420886
0 0.866250 0.454114 0.901250 0.482594
0 0.425000 0.738924 0.458750 0.772152
0 0.645000 0.770570 0.680000 0.805380
0 0.857500 0.212026 0.882500 0.242089
0 0.645000 0.738924 0.680000 0.770570
0 0.757500 0.549051 0.790000 0.582279
0 0.361250 0.520569 0.383750 0.552215
0 0.260000 0.352848 0.295000 0.386076
0 0.151250 0.772152 0.183750 0.803798
0 0.863750 0.422468 0.901250 0.454114
0 0.756250 0.352848 0.791250 0.390823
0 0.315000 0.770570 0.348750 0.803798
0 0.645000 0.643988 0.680000 0.674050
0 0.390000 0.547468 0.412500 0.580696
0 0.588750 0.612342 0.625000 0.643988
0 0.591250 0.705696 0.623750 0.742088
0 0.593750 0.454114 0.625000 0.482594
0 0.701250 0.359177 0.736250 0.392405
0 0.643750 0.833861 0.680000 0.868671
0 0.756250 0.450949 0.790000 0.482595
0 0.590000 0.643987 0.626250 0.675633
0 0.592500 0.389240 0.625000 0.417721
0 0.701250 0.550633 0.733750 0.583861
0 0.866250 0.515823 0.901250 0.550633
0 0.427500 0.580696 0.457500 0.613924
0 0.592500 0.549051 0.626250 0.582279
0 0.646250 0.579114 0.678750 0.610760
0 0.147500 0.352848 0.183750 0.389240
0 0.865000 0.482595 0.901250 0.514241
0 0.701250 0.454115 0.735000 0.484177
0 0.701250 0.424050 0.735000 0.454113
0 0.810000 0.454114 0.845000 0.488924
0 0.202500 0.325949 0.240000 0.359177
0 0.370000 0.833861 0.405000 0.868671
0 0.315000 0.645570 0.350000 0.674050
0 0.757500 0.517405 0.788750 0.549051
0 0.315000 0.805380 0.348750 0.833861
0 0.645000 0.389240 0.678750 0.420886
0 0.756250 0.482595 0.791250 0.515823
0 0.590000 0.517405 0.625000 0.549051
0 0.590000 0.482595 0.625000 0.515823
0 0.260000 0.517406 0.293750 0.547469
0 0.260000 0.452532 0.295000 0.485760
0 0.645000 0.452531 0.680000 0.484177
0 0.313750 0.482595 0.350000 0.517405
0 0.257500 0.580696 0.293750 0.615506
0 0.260000 0.386076 0.296250 0.420886
0 0.700000 0.517405 0.735000 0.552215
0 0.645000 0.484177 0.680000 0.515823
0 0.500275 0.662262 0.521275 0.673750
0 0.500700 0.556692 0.519700 0.571456
0 0.486438 0.544652 0.513651 0.552864
0 0.812500 0.359177 0.846250 0.392405
0 0.425000 0.674051 0.460000 0.708861
0 0.863750 0.390823 0.900000 0.424051
0 0.446250 0.420886 0.470000 0.454114
0 0.591250 0.354430 0.626250 0.389240
0 0.482800 0.453480 0.514050 0.469145
0 0.481250 0.522152 0.517500 0.544462
0 0.498750 0.642405 0.521250 0.661393
0 0.148750 0.517404 0.183750 0.555380
0 0.260000 0.420886 0.295000 0.452532
0 0.313750 0.675633 0.350000 0.708861
0 0.260000 0.485759 0.293750 0.517405
0 0.645000 0.517405 0.680000 0.550633
0 0.481250 0.493671 0.515000 0.521836
0 0.092500 0.485760 0.127500 0.520570
0 0.315000 0.517405 0.350000 0.549051
0 0.260000 0.547468 0.293750 0.580696
0 0.315000 0.579114 0.350000 0.612342
0 0.756250 0.389241 0.790000 0.424051
0 0.315000 0.420886 0.350000 0.455696
0 0.092500 0.452532 0.128750 0.485760
0 0.317500 0.387658 0.348750 0.419304
0 0.446250 0.455696 0.467500 0.481012
0 0.390000 0.484177 0.413750 0.517405
0 0.371250 0.450949 0.405000 0.484177
0 0.536250 0.351266 0.570000 0.390822
0 0.426250 0.550633 0.460000 0.580696
0 0.315000 0.612342 0.348750 0.645570
0 0.368750 0.575950 0.407500 0.612342
0 0.646250 0.352848 0.678750 0.389240
0 0.865000 0.354431 0.901250 0.390823
0 0.417500 0.450950 0.440000 0.481012
0 0.148750 0.484177 0.183750 0.517405
0 0.646250 0.610759 0.680000 0.643987
0 0.315000 0.833861 0.348750 0.865507
0 0.315000 0.549050 0.350000 0.579113
0 0.701250 0.484177 0.735000 0.517405
0 0.426250 0.514241 0.457500 0.550633
0 0.391250 0.518988 0.412500 0.545887
0 0.811250 0.322785 0.847500 0.359177
0 0.700000 0.322785 0.736250 0.357595
0 0.315000 0.455697 0.350000 0.484177
0 0.316250 0.352848 0.351250 0.387658
0 0.205000 0.454114 0.240000 0.485760
0 0.592500 0.417722 0.626250 0.452532
0 0.368750 0.675633 0.405000 0.710443
0 0.150000 0.389241 0.185000 0.425633
0 0.646250 0.420886 0.678750 0.452532
0 0.315000 0.865506 0.347500 0.898734
0 0.151250 0.452531 0.182500 0.484177
0 0.315000 0.708861 0.350000 0.742089
0 0.701250 0.392405 0.736250 0.425633
0 0.371250 0.424050 0.405000 0.452531
0 0.645000 0.674051 0.681250 0.710443
0 0.148750 0.738924 0.185000 0.773734
