0 0.741333 0.365625 0.774667 0.403125
0 0.486866 0.400375 0.513533 0.430063
0 0.487880 0.383203 0.511880 0.399281
0 0.482667 0.246874 0.514667 0.279687
0 0.742667 0.765625 0.777334 0.800001
0 0.687999 0.293750 0.722666 0.331250
0 0.850667 0.834375 0.886667 0.867188
0 0.106667 0.510937 0.142667 0.545312
0 0.744000 0.510938 0.772000 0.543751
0 0.742667 0.584375 0.774667 0.614062
0 0.106666 0.726562 0.141334 0.760938
0 0.384001 0.796875 0.421333 0.839063
0 0.521333 0.832812 0.557333 0.868750
0 0.484000 0.282813 0.512000 0.310937
0 0.742667 0.615625 0.776000 0.651563
0 0.853333 0.654687 0.882667 0.687500
0 0.850667 0.798437 0.886667 0.834375
0 0.385333 0.762501 0.421333 0.798437
0 0.798666 0.834375 0.833333 0.868750
0 0.852000 0.726563 0.884000 0.764063
0 0.797334 0.762501 0.832001 0.798437
0 0.850666 0.260937 0.885333 0.293750
0 0.162667 0.400000 0.198667 0.440625
0 0.524000 0.765625 0.557334 0.793749
0 0.850666 0.406251 0.884000 0.435938
0 0.850667 0.868750 0.886667 0.904688
0 0.797334 0.729688 0.832001 0.762501
0 0.850666 0.615625 0.885333 0.653125
0 0.522667 0.585938 0.558667 0.620313
0 0.795999 0.870312 0.834666 0.904687
0 0.741333 0.728125 0.778667 0.764063
0 0.797333 0.798437 0.834666 0.834375
0 0.576000 0.873437 0.613333 0.903124
0 0.440001 0.510938 0.473333 0.543751
0 0.106667 0.799999 0.142667 0.832812
0 0.219999 0.801562 0.254667 0.832812
0 0.330666 0.546875 0.365333 0.584375
0 0.741333 0.543750 0.774667 0.582812
0 0.742667 0.403125 0.774667 0.434375
0 0.741333 0.475000 0.774667 0.509375
0 0.576000 0.726562 0.612000 0.762500
0 0.852000 0.764062 0.886667 0.796875
0 0.521333 0.731251 0.557333 0.767187
0 0.524000 0.621876 0.557334 0.657812
0 0.577333 0.475000 0.610667 0.507812
0 0.521334 0.690625 0.558667 0.729687
0 0.106666 0.617188 0.144000 0.654688
0 0.849333 0.295312 0.884000 0.329688
0 0.576000 0.796875 0.612000 0.834375
0 0.577333 0.507813 0.612000 0.546875
0 0.522667 0.870312 0.557334 0.907812
0 0.162667 0.798438 0.198667 0.831251
0 0.438667 0.692187 0.473334 0.725000
0 0.385333 0.839062 0.421333 0.873437
0 0.741333 0.832812 0.777333 0.870312
0 0.741333 0.692187 0.778667 0.728125
0 0.796000 0.617188 0.832000 0.653125
0 0.276000 0.403124 0.310667 0.437500
0 0.849333 0.217187 0.885333 0.259375
0 0.438667 0.726562 0.473334 0.762500
0 0.162666 0.726562 0.197333 0.760938
0 0.522667 0.657813 0.558667 0.692188
0 0.576000 0.837500 0.612000 0.871876
0 0.274666 0.657813 0.309333 0.689063
0 0.274667 0.799999 0.310667 0.834375
0 0.164000 0.621874 0.196000 0.654687
0 0.220000 0.401562 0.253333 0.437499
0 0.796000 0.656250 0.832000 0.690626
0 0.385333 0.618750 0.421333 0.654688
0 0.218667 0.620313 0.254667 0.653126
0 0.794667 0.403126 0.830667 0.439063
0 0.742667 0.653125 0.778667 0.692187
0 0.385333 0.548437 0.421333 0.584375
0 0.797333 0.545313 0.829333 0.581249
0 0.385333 0.514062 0.421333 0.548438
0 0.329333 0.726563 0.365333 0.765625
0 0.107999 0.475000 0.142667 0.510938
0 0.578666 0.439062 0.609333 0.473438
0 0.333333 0.293749 0.365333 0.328125
0 0.106666 0.873438 0.144000 0.910938
0 0.109334 0.328125 0.142667 0.362501
0 0.220000 0.548438 0.253333 0.581251
0 0.218666 0.656250 0.253333 0.689063
0 0.165333 0.364062 0.198666 0.398438
0 0.486667 0.184374 0.514667 0.212500
0 0.438667 0.545313 0.473334 0.582813
0 0.218666 0.437500 0.255999 0.475000
0 0.105333 0.760938 0.142667 0.800000
0 0.276000 0.328125 0.312000 0.365625
0 0.741333 0.293750 0.774667 0.331250
0 0.161333 0.762499 0.198666 0.796875
0 0.274666 0.475000 0.309333 0.509375
0 0.217333 0.689062 0.253333 0.726562
0 0.850666 0.545313 0.885333 0.581249
0 0.388000 0.476562 0.421334 0.512499
0 0.221333 0.289062 0.253333 0.326562
0 0.849333 0.331251 0.884000 0.367188
0 0.438667 0.471875 0.473334 0.510937
0 0.273333 0.618750 0.309333 0.656250
0 0.162667 0.546876 0.198667 0.582812
0 0.162667 0.582812 0.198667 0.620312
0 0.163999 0.475000 0.198666 0.510938
0 0.525334 0.478124 0.558667 0.512499
0 0.578666 0.184375 0.613333 0.221875
0 0.850666 0.435938 0.885333 0.473438
0 0.332001 0.368749 0.365333 0.403124
0 0.389333 0.290625 0.421333 0.328125
0 0.524000 0.512500 0.557334 0.550000
0 0.274666 0.584375 0.309333 0.618750
0 0.526667 0.406251 0.557334 0.442188
0 0.385333 0.404687 0.421333 0.439063
0 0.332001 0.404687 0.365333 0.439063
0 0.577333 0.295312 0.610667 0.329688
0 0.166666 0.290625 0.199999 0.326562
0 0.276000 0.367188 0.310667 0.401563
0 0.274667 0.546875 0.310667 0.584375
0 0.221333 0.329687 0.254667 0.364063
0 0.165333 0.326563 0.200000 0.364063
0 0.849333 0.368750 0.885333 0.401562
0 0.332001 0.440625 0.365333 0.473438
0 0.274666 0.437501 0.309333 0.473438
0 0.106667 0.581250 0.142667 0.618750
0 0.525333 0.371874 0.557333 0.404687
0 0.577333 0.260937 0.612000 0.295313
0 0.108000 0.362500 0.144000 0.400000
0 0.220000 0.476562 0.252000 0.512499
0 0.276000 0.257812 0.312000 0.290625
0 0.793334 0.368749 0.830667 0.403124
0 0.388000 0.439063 0.421334 0.476563
0 0.525334 0.442187 0.558667 0.476562
0 0.219999 0.364063 0.254667 0.400000
0 0.332000 0.475000 0.366667 0.514062
0 0.482667 0.351562 0.514667 0.385938
0 0.742667 0.798438 0.776000 0.831251
0 0.126667 0.659375 0.149334 0.685937
0 0.493333 0.768751 0.514667 0.796875
0 0.438667 0.443750 0.474667 0.467188
0 0.329334 0.582812 0.364001 0.618750
0 0.108000 0.400000 0.144000 0.439062
0 0.522667 0.795313 0.558667 0.832813
0 0.274667 0.726562 0.310667 0.762500
0 0.162667 0.510937 0.198667 0.545312
0 0.274667 0.834375 0.311999 0.870313
0 0.163999 0.832813 0.198666 0.871875
0 0.576000 0.582812 0.612000 0.620312
0 0.385334 0.871876 0.422667 0.907812
0 0.218667 0.726562 0.254667 0.759375
0 0.574666 0.693750 0.613333 0.726562
0 0.218667 0.834375 0.254667 0.870313
0 0.438667 0.618750 0.473334 0.656250
0 0.385333 0.654688 0.421333 0.690624
0 0.633333 0.225000 0.666667 0.260937
0 0.796000 0.693750 0.833334 0.729688
0 0.849333 0.509375 0.885333 0.545313
0 0.577333 0.760937 0.612000 0.795312
0 0.850666 0.582812 0.885333 0.615625
0 0.333333 0.515625 0.365333 0.546875
0 0.438667 0.796875 0.473334 0.834375
0 0.439999 0.834375 0.474666 0.870313
0 0.274667 0.764062 0.310667 0.798438
0 0.165333 0.873437 0.198666 0.907813
0 0.849333 0.475000 0.885333 0.509375
0 0.276000 0.215625 0.312000 0.254687
0 0.109333 0.287500 0.141333 0.326562
0 0.106666 0.684375 0.144000 0.726563
0 0.385333 0.729688 0.421333 0.762501
0 0.575999 0.546875 0.610667 0.581251
0 0.523999 0.551562 0.558666 0.584375
0 0.218666 0.870313 0.255999 0.903126
0 0.742667 0.332813 0.774667 0.364063
0 0.162666 0.690625 0.197333 0.726562
0 0.273334 0.870312 0.312001 0.904687
0 0.850666 0.689062 0.885333 0.726562
0 0.219999 0.759375 0.254667 0.799999
0 0.384001 0.692188 0.421333 0.729688
0 0.795999 0.582812 0.830666 0.617188
0 0.440001 0.762499 0.473333 0.796875
0 0.574666 0.620312 0.612000 0.657812
0 0.328001 0.620313 0.365333 0.656249
0 0.386667 0.585938 0.421334 0.618750
0 0.329333 0.692187 0.365333 0.726562
0 0.439999 0.870312 0.474666 0.904687
0 0.632000 0.185937 0.668000 0.223437
0 0.108000 0.545312 0.141334 0.579688
0 0.329333 0.656250 0.365333 0.690626
0 0.741333 0.434375 0.777333 0.473437
0 0.577333 0.404687 0.610667 0.439063
0 0.795999 0.475000 0.830666 0.509375
0 0.107999 0.440626 0.142667 0.475001
0 0.573333 0.657813 0.614667 0.692188
0 0.162666 0.656250 0.197333 0.689063
0 0.274667 0.510937 0.310667 0.545312
0 0.742667 0.871874 0.777334 0.904687
0 0.795999 0.439062 0.830666 0.473438
0 0.106666 0.834375 0.144000 0.873437
0 0.220000 0.512499 0.253333 0.546875
0 0.164000 0.442188 0.197333 0.475000
0 0.438667 0.656250 0.473334 0.690626
0 0.797333 0.510937 0.830666 0.545312
0 0.796000 0.292188 0.829334 0.331250
0 0.485333 0.212500 0.513333 0.240625
0 0.274667 0.690625 0.310667 0.726562
0 0.438667 0.582812 0.474667 0.618750
0 0.440001 0.404688 0.473333 0.437501
0 0.276000 0.292187 0.312000 0.328124
0 0.218667 0.582812 0.254667 0.618750
0 0.525333 0.334375 0.557333 0.370312
0 0.440001 0.289062 0.473333 0.323438
0 0.439999 0.326563 0.474666 0.365625
0 0.794667 0.332813 0.830667 0.368750
0 0.440001 0.367187 0.473333 0.404687
0 0.577333 0.370312 0.612000 0.404688
0 0.332000 0.329688 0.366667 0.367188
0 0.386667 0.331251 0.421334 0.365626
0 0.577333 0.223438 0.613333 0.260938
0 0.385333 0.367188 0.421333 0.401563
0 0.523999 0.295313 0.558666 0.334375
0 0.576000 0.329688 0.612000 0.368750
