0 0.685333 0.876370 0.721333 0.898278
0 0.484000 0.247261 0.517334 0.276995
0 0.484000 0.345853 0.518667 0.381847
0 0.810667 0.870110 0.838667 0.899844
0 0.840000 0.866980 0.868000 0.901409
0 0.813333 0.835681 0.838666 0.863849
0 0.485333 0.278560 0.517333 0.308294
0 0.849333 0.829421 0.885333 0.865415
0 0.685333 0.510172 0.722666 0.546166
0 0.866667 0.866980 0.894667 0.899844
0 0.686666 0.616588 0.721333 0.651018
0 0.840000 0.726135 0.868000 0.758999
0 0.485333 0.209703 0.517333 0.236307
0 0.786667 0.832551 0.814667 0.865415
0 0.866667 0.724569 0.893334 0.758999
0 0.486667 0.384976 0.516000 0.416275
0 0.848000 0.762128 0.885333 0.794992
0 0.849333 0.685446 0.884000 0.721440
0 0.484000 0.419405 0.514667 0.453835
0 0.812000 0.691706 0.840000 0.721440
0 0.689333 0.328639 0.718666 0.359937
0 0.632000 0.511737 0.668000 0.541471
0 0.812000 0.474178 0.840000 0.503912
0 0.849333 0.794992 0.884000 0.829422
0 0.813334 0.619718 0.840001 0.649452
0 0.484000 0.179969 0.516000 0.209703
0 0.850666 0.289515 0.885333 0.325509
0 0.849333 0.616588 0.882667 0.649452
0 0.686666 0.726135 0.721333 0.760564
0 0.686667 0.690141 0.718667 0.726135
0 0.849333 0.649452 0.882667 0.685446
0 0.794667 0.363067 0.830667 0.397497
0 0.813334 0.402191 0.840001 0.433489
0 0.785334 0.438184 0.814667 0.472614
0 0.794667 0.327073 0.830667 0.361503
0 0.742667 0.726135 0.773334 0.760564
0 0.785334 0.400626 0.812001 0.433490
0 0.578667 0.474178 0.610667 0.507042
0 0.785334 0.654147 0.812001 0.687011
0 0.688000 0.796558 0.720000 0.830987
0 0.634667 0.690141 0.666667 0.723005
0 0.685334 0.834116 0.720001 0.873240
0 0.796000 0.543036 0.828000 0.577465
0 0.812000 0.436619 0.840000 0.471049
0 0.689334 0.438185 0.720001 0.469483
0 0.795999 0.724570 0.830666 0.762128
0 0.686666 0.471048 0.721333 0.508607
0 0.577333 0.507042 0.613333 0.549296
0 0.741333 0.579030 0.776000 0.616588
0 0.630667 0.287950 0.666667 0.327074
0 0.741333 0.471048 0.774667 0.507042
0 0.741333 0.361503 0.773333 0.399062
0 0.632000 0.577465 0.668000 0.618154
0 0.742667 0.399060 0.773334 0.436619
0 0.686667 0.287950 0.722667 0.327074
0 0.741333 0.507043 0.774667 0.544601
0 0.577333 0.363067 0.613333 0.400626
0 0.632000 0.543036 0.668000 0.577465
0 0.741333 0.652582 0.774667 0.688576
0 0.632000 0.328638 0.668000 0.364632
0 0.632000 0.471049 0.666667 0.511738
0 0.686666 0.652582 0.720000 0.688576
0 0.741333 0.618154 0.776000 0.652583
0 0.741333 0.690141 0.773333 0.726135
0 0.577333 0.287949 0.612000 0.325508
0 0.849333 0.579030 0.884000 0.616588
0 0.578666 0.400626 0.613333 0.436620
0 0.849333 0.364632 0.884000 0.399062
0 0.686666 0.762128 0.721333 0.796558
0 0.686667 0.361503 0.718667 0.399062
0 0.686666 0.579029 0.721333 0.613459
0 0.633333 0.364632 0.666667 0.400626
0 0.632000 0.436619 0.666667 0.471049
0 0.686667 0.546165 0.722667 0.577464
0 0.742667 0.436619 0.774667 0.467918
0 0.741333 0.796558 0.776000 0.830987
0 0.578666 0.327073 0.612000 0.363067
0 0.632000 0.758999 0.666667 0.799687
0 0.632000 0.618154 0.668000 0.652583
0 0.849333 0.400626 0.882667 0.433490
0 0.848000 0.505477 0.884000 0.541471
0 0.632000 0.652582 0.668000 0.688576
0 0.742667 0.546165 0.773334 0.577464
0 0.741333 0.289515 0.774667 0.327074
0 0.810666 0.652582 0.841333 0.688576
0 0.578666 0.436620 0.612000 0.472614
0 0.794667 0.505478 0.829334 0.543036
0 0.785333 0.616588 0.813333 0.651018
0 0.741333 0.760563 0.774667 0.794992
0 0.794666 0.287949 0.832000 0.325508
0 0.795999 0.762128 0.830666 0.794992
0 0.850667 0.435055 0.882667 0.467919
0 0.632000 0.799686 0.668000 0.834116
0 0.793334 0.579030 0.830667 0.615024
0 0.741333 0.832550 0.774667 0.866980
0 0.849333 0.543036 0.884000 0.577465
0 0.849333 0.469483 0.884000 0.503912
0 0.685334 0.400625 0.720001 0.435055
0 0.633333 0.834116 0.669333 0.870110
0 0.849333 0.327074 0.884000 0.364633
0 0.633333 0.870109 0.669333 0.906103
0 0.742667 0.866980 0.776000 0.904538
0 0.742667 0.327073 0.774667 0.359937
0 0.794666 0.798121 0.832000 0.832550
0 0.633333 0.724569 0.666667 0.758999
0 0.632000 0.400626 0.666667 0.436620
