0 0.173333 0.767710 0.208889 0.812191
0 0.685555 0.172982 0.721111 0.217463
0 0.071110 0.899505 0.107777 0.943986
0 0.069999 0.851730 0.106666 0.896211
0 0.690000 0.766062 0.725556 0.805601
0 0.793333 0.850082 0.828889 0.889621
0 0.478889 0.191104 0.524445 0.219111
0 0.893333 0.308073 0.928889 0.347612
0 0.841110 0.471169 0.877777 0.514003
0 0.842222 0.431631 0.877778 0.474465
0 0.122222 0.775948 0.157778 0.815487
0 0.689999 0.850082 0.726666 0.892916
0 0.794445 0.892917 0.828889 0.930807
0 0.689999 0.892916 0.726666 0.935750
0 0.275555 0.263591 0.311111 0.306425
0 0.842222 0.556837 0.878889 0.598023
0 0.434445 0.851730 0.467777 0.892916
0 0.481111 0.121911 0.522222 0.156507
0 0.174444 0.899506 0.210000 0.937396
0 0.690000 0.680395 0.724444 0.721581
0 0.893333 0.176277 0.928889 0.220757
0 0.173333 0.853378 0.208889 0.897859
0 0.433333 0.892917 0.468889 0.937397
0 0.068888 0.815485 0.107777 0.855024
0 0.842222 0.512355 0.878889 0.556836
0 0.843333 0.683690 0.878889 0.724876
0 0.433334 0.683690 0.467778 0.724876
0 0.840000 0.308072 0.876667 0.344316
0 0.844444 0.766062 0.880000 0.805601
0 0.434445 0.767710 0.466667 0.807249
0 0.483334 0.354201 0.524444 0.388797
0 0.433334 0.807249 0.467778 0.851730
0 0.690000 0.721581 0.724444 0.767711
0 0.068888 0.726524 0.105555 0.769358
0 0.173334 0.682042 0.207778 0.726523
0 0.793334 0.599671 0.826667 0.637562
0 0.688889 0.349259 0.723333 0.388798
0 0.068888 0.177924 0.105555 0.224052
0 0.434445 0.724877 0.467777 0.766063
0 0.742223 0.301483 0.773333 0.344317
0 0.482222 0.285008 0.523333 0.326194
0 0.381111 0.172982 0.415555 0.219110
0 0.535555 0.639209 0.571111 0.682043
0 0.794445 0.766063 0.828889 0.807249
0 0.843334 0.598024 0.877778 0.635914
0 0.689999 0.807249 0.726666 0.851730
0 0.275555 0.474465 0.311111 0.520594
0 0.068889 0.767710 0.106667 0.815486
0 0.536667 0.599670 0.571111 0.639209
0 0.175556 0.309721 0.204445 0.347612
0 0.893333 0.265239 0.928889 0.308073
0 0.690000 0.596376 0.724444 0.635915
0 0.791111 0.429984 0.825555 0.469523
0 0.227778 0.601319 0.257778 0.639209
0 0.841111 0.342668 0.876667 0.388797
0 0.433334 0.644151 0.467778 0.683690
0 0.791111 0.176277 0.825555 0.222405
0 0.071111 0.308073 0.103333 0.349259
0 0.481111 0.154860 0.522222 0.192751
0 0.068888 0.644151 0.107777 0.688632
0 0.070000 0.434926 0.103333 0.474465
0 0.068889 0.390445 0.104445 0.434926
0 0.070000 0.688632 0.105556 0.728171
0 0.793333 0.807249 0.828889 0.850083
0 0.843333 0.724877 0.881111 0.766063
0 0.533334 0.265238 0.570001 0.311367
0 0.223333 0.685337 0.260000 0.731467
0 0.071111 0.518945 0.106667 0.561779
0 0.274444 0.224053 0.312222 0.263592
0 0.174445 0.645800 0.206667 0.683690
0 0.792223 0.222405 0.823333 0.263591
0 0.688889 0.556837 0.723333 0.598023
0 0.843333 0.807248 0.881111 0.853378
0 0.068889 0.349258 0.103333 0.392092
0 0.536666 0.433279 0.569999 0.471170
0 0.173334 0.126854 0.207778 0.176277
0 0.121111 0.685338 0.157778 0.728172
0 0.687778 0.217463 0.722222 0.261943
0 0.892222 0.219111 0.927778 0.263592
0 0.688889 0.635915 0.725556 0.680396
0 0.173333 0.812191 0.211111 0.853377
0 0.481111 0.324547 0.524444 0.357496
0 0.481111 0.260297 0.522222 0.289951
0 0.740000 0.265239 0.775556 0.294893
0 0.504444 0.741351 0.525556 0.764415
0 0.482222 0.471169 0.521111 0.502470
0 0.504444 0.713345 0.524444 0.741351
0 0.226667 0.266886 0.258889 0.308072
0 0.535556 0.558484 0.570000 0.599670
0 0.688889 0.431631 0.724445 0.474465
0 0.121111 0.560132 0.156667 0.601318
0 0.481111 0.423393 0.521111 0.467874
0 0.687778 0.474465 0.724445 0.515651
0 0.381111 0.304778 0.415555 0.350907
0 0.330000 0.126853 0.364444 0.174629
0 0.174445 0.476112 0.207778 0.515651
0 0.792222 0.388797 0.826666 0.429983
0 0.380000 0.222405 0.415556 0.265239
0 0.122222 0.476112 0.156666 0.520594
0 0.172222 0.176277 0.207778 0.219111
0 0.122222 0.308072 0.156666 0.350906
0 0.433334 0.517298 0.466666 0.556837
0 0.792222 0.347611 0.826666 0.388797
0 0.225555 0.640857 0.258888 0.685338
0 0.121111 0.177924 0.157778 0.220758
0 0.275556 0.388798 0.312223 0.433279
0 0.121111 0.220757 0.156667 0.266887
0 0.122222 0.128501 0.158889 0.176277
0 0.480000 0.219111 0.522222 0.258650
0 0.173334 0.604612 0.206667 0.644151
0 0.275556 0.179571 0.312223 0.224052
0 0.433333 0.177924 0.465555 0.215815
0 0.740000 0.431631 0.774444 0.472817
0 0.276667 0.126854 0.314445 0.177924
0 0.687778 0.387149 0.723334 0.431630
0 0.740000 0.344317 0.775556 0.390446
0 0.273334 0.306425 0.312222 0.347611
0 0.586666 0.177925 0.620000 0.222406
0 0.795556 0.726524 0.827778 0.767710
0 0.173333 0.726524 0.208889 0.767710
0 0.122222 0.518945 0.156666 0.561779
0 0.330000 0.176277 0.362222 0.220757
0 0.535556 0.514004 0.570000 0.558485
0 0.276667 0.349259 0.309999 0.388798
0 0.791111 0.125206 0.825555 0.176277
0 0.534444 0.682042 0.570000 0.728172
0 0.225556 0.308072 0.260000 0.345963
0 0.535556 0.311368 0.567778 0.349259
0 0.635556 0.311367 0.670000 0.352553
0 0.433334 0.388798 0.466666 0.428337
0 0.792222 0.556836 0.826666 0.601317
0 0.223333 0.126854 0.260000 0.177924
0 0.224445 0.220757 0.258889 0.265238
0 0.224444 0.345963 0.260000 0.390444
0 0.172222 0.514004 0.206666 0.558485
0 0.838889 0.128501 0.875556 0.174629
0 0.224444 0.390445 0.260000 0.431631
0 0.224444 0.433278 0.261111 0.476112
0 0.892222 0.126854 0.930000 0.176277
0 0.534445 0.176277 0.568889 0.222405
0 0.122223 0.350906 0.155556 0.393740
0 0.840000 0.177925 0.876667 0.222406
0 0.121111 0.433279 0.157778 0.477760
0 0.432223 0.599670 0.468890 0.644151
0 0.224444 0.177924 0.261111 0.220758
0 0.330001 0.222405 0.363333 0.265239
0 0.841111 0.222406 0.875555 0.266887
0 0.122222 0.392092 0.156666 0.433278
0 0.686666 0.126853 0.722222 0.174629
0 0.224444 0.476112 0.261111 0.517298
0 0.537778 0.472817 0.570000 0.514003
0 0.586667 0.265239 0.621111 0.306425
0 0.431111 0.476112 0.465555 0.517298
0 0.585555 0.125206 0.621111 0.176277
0 0.740000 0.472818 0.775556 0.517298
0 0.225556 0.556837 0.260000 0.599671
0 0.432222 0.263592 0.466666 0.304778
0 0.432222 0.304777 0.467778 0.347611
0 0.535556 0.128501 0.567778 0.176277
0 0.586666 0.222405 0.620000 0.265239
0 0.793333 0.637562 0.828889 0.685338
0 0.172223 0.558485 0.208890 0.602966
0 0.327778 0.265238 0.363334 0.311367
0 0.431111 0.128501 0.466667 0.174629
0 0.432222 0.345964 0.467778 0.388798
0 0.432222 0.556837 0.467778 0.599671
0 0.172222 0.347612 0.206666 0.392093
0 0.172223 0.265238 0.208890 0.309719
0 0.687778 0.303129 0.723334 0.349258
0 0.173334 0.434926 0.206667 0.476112
0 0.636667 0.261944 0.671111 0.309720
0 0.172223 0.219110 0.208890 0.265240
0 0.535556 0.392092 0.570000 0.433278
0 0.534445 0.222405 0.568889 0.263591
0 0.431111 0.217463 0.466667 0.261943
0 0.173334 0.392092 0.206667 0.434926
0 0.536667 0.349258 0.568889 0.392092
0 0.586666 0.306426 0.623333 0.350907
0 0.688889 0.265238 0.719999 0.304777
0 0.431111 0.428336 0.467778 0.474465
0 0.791111 0.471169 0.826667 0.514003
0 0.122223 0.266886 0.155556 0.309720
0 0.791111 0.303131 0.825555 0.347612
0 0.381112 0.265238 0.414444 0.304777
0 0.068889 0.601318 0.106667 0.644152
0 0.122222 0.601317 0.157778 0.645798
0 0.842222 0.268534 0.875556 0.309720
0 0.120000 0.728171 0.158889 0.775947
0 0.792222 0.514004 0.826666 0.558485
0 0.069999 0.560132 0.106666 0.599670
0 0.225555 0.517298 0.258888 0.556837
0 0.070000 0.265239 0.105556 0.308073
0 0.792222 0.263592 0.825555 0.304778
0 0.738889 0.390445 0.776667 0.431631
0 0.688889 0.514004 0.724445 0.558485
0 0.068888 0.126853 0.105555 0.174629
0 0.070000 0.222405 0.105556 0.263591
0 0.841111 0.388797 0.876667 0.431631
0 0.121111 0.645799 0.157778 0.686985
0 0.068888 0.476112 0.105555 0.518946
0 0.276666 0.434926 0.312222 0.474465
0 0.794444 0.683690 0.827778 0.726524
0 0.843333 0.634267 0.880000 0.683690
