0 0.742222 0.341543 0.776666 0.385879
0 0.742222 0.679802 0.777778 0.724137
0 0.117778 0.806239 0.138888 0.839080
0 0.864445 0.348112 0.886667 0.380953
0 0.891111 0.893268 0.914444 0.926109
0 0.762222 0.894910 0.783334 0.927750
0 0.142222 0.765189 0.164444 0.798029
0 0.117778 0.724138 0.140000 0.756978
0 0.763333 0.850575 0.785555 0.885058
0 0.142223 0.806239 0.165555 0.845649
0 0.813333 0.725780 0.834445 0.758620
0 0.736667 0.893268 0.760000 0.926109
0 0.482222 0.318555 0.526666 0.351396
0 0.916667 0.894910 0.938889 0.929393
0 0.813333 0.766830 0.833333 0.798029
0 0.915555 0.390804 0.936667 0.422003
0 0.814445 0.387520 0.833333 0.422004
0 0.915555 0.848932 0.938889 0.886700
0 0.638889 0.679802 0.676667 0.724137
0 0.116667 0.761904 0.139999 0.799672
0 0.764444 0.806239 0.785556 0.842364
0 0.915556 0.768473 0.937778 0.801313
0 0.481110 0.348112 0.527778 0.384236
0 0.685555 0.765189 0.706667 0.798029
0 0.761111 0.387520 0.783333 0.422004
0 0.166666 0.430214 0.189999 0.461413
0 0.737778 0.766830 0.760000 0.798029
0 0.915555 0.807882 0.938889 0.840722
0 0.814444 0.430214 0.832222 0.459770
0 0.914444 0.425287 0.937778 0.463054
0 0.736667 0.845648 0.758889 0.883416
0 0.488889 0.509031 0.517778 0.546799
0 0.760000 0.426930 0.783334 0.464697
0 0.863333 0.261083 0.885555 0.295567
0 0.890000 0.848932 0.914444 0.886700
0 0.844445 0.678161 0.878889 0.727422
0 0.915556 0.727421 0.937778 0.761904
0 0.864444 0.471264 0.885556 0.505748
0 0.760000 0.727422 0.783334 0.760262
0 0.195555 0.556651 0.216666 0.587850
0 0.434444 0.343186 0.470000 0.384236
0 0.071111 0.343185 0.105555 0.389163
0 0.708889 0.766830 0.732222 0.801314
0 0.278889 0.678161 0.313333 0.729063
0 0.865556 0.428571 0.885556 0.464696
0 0.736667 0.806239 0.758889 0.840723
0 0.738889 0.725780 0.758889 0.758620
0 0.891111 0.807882 0.913333 0.840722
0 0.170000 0.558292 0.191111 0.587850
0 0.481111 0.110016 0.526667 0.147783
0 0.762222 0.765189 0.784444 0.798029
0 0.657778 0.430213 0.680000 0.464697
0 0.710000 0.384236 0.732222 0.418720
0 0.891111 0.727422 0.914444 0.760262
0 0.168888 0.469622 0.189999 0.507390
0 0.481111 0.146141 0.526667 0.182266
0 0.195555 0.430214 0.216666 0.461413
0 0.686667 0.469622 0.706667 0.502463
0 0.840000 0.471264 0.861112 0.505748
0 0.892222 0.766831 0.914444 0.799671
0 0.174445 0.341543 0.211112 0.385879
0 0.634444 0.428571 0.655556 0.464696
0 0.175556 0.679802 0.207778 0.724137
0 0.815555 0.555009 0.834444 0.584566
0 0.838889 0.261083 0.858889 0.293924
0 0.790000 0.471264 0.811112 0.504105
0 0.071110 0.302135 0.107777 0.343185
0 0.711111 0.471264 0.733333 0.504105
0 0.863333 0.390804 0.885555 0.423646
0 0.195556 0.513958 0.217778 0.546798
0 0.194444 0.390804 0.215555 0.425288
0 0.122222 0.679802 0.161111 0.724137
0 0.194445 0.469622 0.218889 0.510674
0 0.482222 0.280788 0.527778 0.320198
0 0.838889 0.346469 0.861111 0.377668
0 0.685555 0.385879 0.706667 0.415435
0 0.685556 0.261084 0.705556 0.292283
0 0.708889 0.727421 0.732222 0.761904
0 0.328889 0.678161 0.364445 0.729063
0 0.838888 0.387520 0.860000 0.422004
0 0.071111 0.637109 0.108889 0.676519
0 0.537778 0.215107 0.573334 0.252874
0 0.175556 0.256157 0.210000 0.300492
0 0.791111 0.555009 0.811111 0.586207
0 0.788890 0.385879 0.812223 0.418720
0 0.124444 0.343185 0.157777 0.387520
0 0.816667 0.513957 0.834445 0.543515
0 0.280000 0.638753 0.313334 0.679804
0 0.685555 0.724137 0.706667 0.761905
0 0.123334 0.638753 0.157778 0.679804
0 0.837777 0.303777 0.861111 0.336618
0 0.381111 0.679802 0.416667 0.724137
0 0.071111 0.587848 0.108889 0.635468
0 0.790000 0.512315 0.811112 0.541872
0 0.791111 0.428571 0.812223 0.461413
0 0.710000 0.261083 0.731112 0.293924
0 0.896666 0.679802 0.932222 0.722496
0 0.711111 0.344828 0.732222 0.376026
0 0.845556 0.591133 0.877778 0.638753
0 0.278889 0.591133 0.313333 0.638753
0 0.227777 0.637109 0.261111 0.676519
0 0.896667 0.638753 0.931111 0.679804
0 0.634444 0.387521 0.654444 0.423646
0 0.167777 0.387521 0.191110 0.423646
0 0.711111 0.430214 0.733333 0.461413
0 0.686667 0.344828 0.705556 0.377669
0 0.864444 0.303777 0.885556 0.341543
0 0.743334 0.589491 0.777778 0.635467
0 0.123334 0.302135 0.157778 0.344828
0 0.656666 0.389162 0.679999 0.423646
0 0.227777 0.674876 0.261111 0.722496
0 0.173333 0.591133 0.208889 0.637110
0 0.684445 0.303777 0.706667 0.334975
0 0.845556 0.638753 0.877778 0.679804
0 0.686666 0.428571 0.707778 0.461413
0 0.537778 0.256157 0.571111 0.295567
0 0.382222 0.638752 0.416666 0.681446
0 0.710000 0.302134 0.732222 0.336618
0 0.743333 0.303777 0.776667 0.343186
0 0.330000 0.637109 0.364444 0.679803
0 0.227778 0.298851 0.262222 0.339901
0 0.175556 0.300493 0.210000 0.341543
0 0.123333 0.256157 0.158889 0.300492
0 0.123333 0.587848 0.158889 0.638751
0 0.691111 0.589491 0.725555 0.633826
0 0.226666 0.339901 0.262222 0.385879
0 0.794444 0.679802 0.827778 0.722496
0 0.226666 0.241380 0.262222 0.300492
0 0.280000 0.254515 0.313334 0.300492
0 0.435556 0.257799 0.467778 0.297208
0 0.897777 0.302135 0.928889 0.343185
0 0.638888 0.589491 0.675555 0.638752
0 0.433333 0.295567 0.468889 0.339902
0 0.330000 0.589491 0.365556 0.638752
0 0.068888 0.256157 0.107777 0.302135
0 0.741111 0.254516 0.777778 0.303777
0 0.435556 0.206897 0.470000 0.256158
0 0.794445 0.637109 0.826667 0.679803
0 0.278889 0.300492 0.313333 0.343185
0 0.896666 0.591133 0.932222 0.637110
0 0.691110 0.678161 0.727777 0.724137
0 0.640000 0.640394 0.674444 0.681445
0 0.174445 0.638753 0.208889 0.679804
0 0.482222 0.418719 0.524444 0.464697
0 0.227777 0.589490 0.261111 0.637109
0 0.328888 0.339902 0.365555 0.389163
0 0.743334 0.637109 0.777778 0.679803
0 0.837778 0.426930 0.863334 0.464697
0 0.691111 0.633826 0.723333 0.678161
0 0.536666 0.297208 0.572222 0.341543
0 0.382222 0.298851 0.416666 0.341543
0 0.640000 0.341543 0.675556 0.385879
0 0.330000 0.300493 0.365556 0.341543
0 0.588889 0.297208 0.623333 0.341543
0 0.483333 0.464697 0.522222 0.509031
0 0.795556 0.591133 0.827778 0.637110
0 0.588889 0.341543 0.622223 0.385879
0 0.897778 0.341543 0.930000 0.385879
0 0.641111 0.252874 0.673333 0.295567
0 0.382223 0.587848 0.418890 0.638751
0 0.537778 0.162561 0.572222 0.215107
0 0.793333 0.343186 0.828889 0.384236
0 0.588889 0.251231 0.623333 0.297209
0 0.332222 0.252874 0.365556 0.300492
0 0.897778 0.254515 0.931111 0.300492
0 0.640000 0.295567 0.673334 0.339902
0 0.383334 0.251231 0.417778 0.298850
0 0.794445 0.302135 0.826667 0.343185
0 0.792222 0.251231 0.826666 0.303776
0 0.381111 0.339901 0.417778 0.385879
0 0.480000 0.215107 0.524444 0.252874
0 0.480000 0.183908 0.526667 0.216749
0 0.142223 0.727422 0.163333 0.758621
0 0.141111 0.850575 0.165555 0.886699
0 0.481111 0.251231 0.525555 0.282430
0 0.277778 0.341543 0.313334 0.392447
0 0.503334 0.724138 0.527778 0.756978
0 0.168889 0.515599 0.193333 0.551724
0 0.072222 0.674876 0.108890 0.724137
