0 0.315000 0.642405 0.350000 0.677215
0 0.692926 0.328624 0.714562 0.356250
0 0.478750 0.322786 0.513750 0.344621
0 0.480000 0.360918 0.516250 0.382912
0 0.504126 0.602215 0.522250 0.624683
0 0.501250 0.566456 0.522375 0.582753
0 0.487687 0.344083 0.510637 0.363260
0 0.483951 0.382135 0.511938 0.400838
0 0.480063 0.400506 0.514013 0.432342
0 0.501512 0.582990 0.522250 0.603560
0 0.504375 0.625079 0.521250 0.641535
0 0.500625 0.641377 0.521375 0.659731
0 0.500450 0.661187 0.520950 0.670839
0 0.500950 0.671630 0.519950 0.685712
0 0.500000 0.683544 0.520000 0.705696
0 0.590000 0.835442 0.622500 0.862341
0 0.423750 0.860760 0.460000 0.897152
0 0.203750 0.799051 0.238750 0.833861
0 0.258750 0.449367 0.295000 0.484177
0 0.206250 0.514240 0.238750 0.545886
0 0.810000 0.452532 0.843750 0.485760
0 0.590000 0.675633 0.625000 0.707279
0 0.718750 0.455697 0.741250 0.482596
0 0.426250 0.482595 0.458750 0.515823
0 0.260000 0.351266 0.293750 0.387658
0 0.206250 0.387658 0.238750 0.419304
0 0.645000 0.517405 0.677500 0.544304
0 0.866250 0.387659 0.900000 0.427215
0 0.206250 0.484177 0.237500 0.515823
0 0.202500 0.610759 0.238750 0.643987
0 0.425000 0.449367 0.460000 0.482595
0 0.258750 0.863924 0.292500 0.895570
0 0.590000 0.643987 0.625000 0.675633
0 0.646250 0.389240 0.677500 0.422468
0 0.258750 0.833861 0.292500 0.863923
0 0.258750 0.575949 0.295000 0.610759
0 0.535000 0.515823 0.567500 0.545886
0 0.258750 0.517405 0.293750 0.545886
0 0.370000 0.514240 0.405000 0.544303
0 0.702500 0.705696 0.735000 0.738924
0 0.645000 0.356013 0.680000 0.389241
0 0.810000 0.612341 0.843750 0.642404
0 0.536250 0.449367 0.567500 0.481013
0 0.258750 0.640823 0.293750 0.674051
0 0.755000 0.484177 0.788750 0.517405
0 0.371250 0.417721 0.403750 0.449367
0 0.755000 0.422468 0.788750 0.454114
0 0.258750 0.610759 0.292500 0.642405
0 0.646250 0.642405 0.680000 0.675633
0 0.701250 0.612342 0.735000 0.643988
0 0.203750 0.669304 0.238750 0.704114
0 0.148750 0.351266 0.186250 0.392405
0 0.865000 0.547468 0.900000 0.582278
0 0.203750 0.704114 0.238750 0.737342
0 0.643750 0.610759 0.680000 0.642405
0 0.316250 0.547468 0.348750 0.579114
0 0.203750 0.544304 0.238750 0.579114
0 0.645000 0.704114 0.678750 0.740506
0 0.316250 0.577531 0.348750 0.609177
0 0.755000 0.517405 0.788750 0.549051
0 0.315000 0.419304 0.350000 0.452532
0 0.370000 0.482595 0.406250 0.514241
0 0.701250 0.549050 0.733750 0.577531
0 0.808750 0.485759 0.843750 0.517405
0 0.205000 0.419304 0.238750 0.452532
0 0.756250 0.547468 0.791250 0.580696
0 0.258750 0.800633 0.293750 0.833861
0 0.588750 0.381329 0.626250 0.422469
0 0.203750 0.452531 0.240000 0.484177
0 0.315000 0.609177 0.350000 0.642405
0 0.643750 0.484177 0.677500 0.517405
0 0.203750 0.577532 0.240000 0.610760
0 0.810000 0.549050 0.843750 0.580696
0 0.091250 0.702531 0.128750 0.740507
0 0.260000 0.387658 0.295000 0.422468
0 0.701250 0.514241 0.735000 0.549051
0 0.588750 0.514240 0.626250 0.552216
0 0.588750 0.612342 0.626250 0.645570
0 0.645000 0.422469 0.677500 0.452531
0 0.535000 0.610760 0.568750 0.645570
0 0.500000 0.862341 0.521250 0.892404
0 0.866250 0.699367 0.901250 0.738924
0 0.866250 0.675633 0.900000 0.705696
0 0.590000 0.552215 0.625000 0.583861
0 0.756250 0.604430 0.791250 0.642406
0 0.701250 0.664558 0.733750 0.705697
0 0.811250 0.832278 0.845000 0.865506
0 0.498750 0.841772 0.521250 0.863924
0 0.536250 0.672468 0.567500 0.704114
0 0.811250 0.704114 0.843750 0.738924
0 0.810000 0.860760 0.846250 0.897152
0 0.756250 0.580696 0.790000 0.613924
0 0.810000 0.768987 0.846250 0.802215
0 0.701250 0.862342 0.736250 0.893988
0 0.586250 0.841772 0.625000 0.897152
0 0.482500 0.778481 0.513750 0.805380
0 0.700000 0.359177 0.733750 0.386076
0 0.718750 0.324367 0.741250 0.356013
0 0.866250 0.833861 0.901250 0.862341
0 0.866250 0.425633 0.898750 0.454114
0 0.481250 0.526899 0.517500 0.552215
0 0.811250 0.800633 0.846250 0.833861
0 0.811250 0.677215 0.845000 0.712025
0 0.086250 0.325950 0.107500 0.354430
0 0.535000 0.768987 0.567500 0.800633
0 0.426250 0.640823 0.457500 0.672469
0 0.111250 0.325950 0.135000 0.352849
0 0.755000 0.643987 0.791250 0.675633
0 0.588750 0.571202 0.626250 0.610760
0 0.701250 0.833861 0.735000 0.865507
0 0.092500 0.386076 0.127500 0.420886
0 0.533750 0.797468 0.570000 0.830696
0 0.083750 0.420886 0.106250 0.449367
0 0.092500 0.356012 0.127500 0.387658
0 0.085000 0.454114 0.105000 0.481013
0 0.702500 0.643988 0.733750 0.674050
0 0.110000 0.482596 0.133750 0.512659
0 0.205000 0.833861 0.237500 0.867089
0 0.866250 0.609177 0.902500 0.642405
0 0.718750 0.484178 0.741250 0.514240
0 0.692500 0.454114 0.712500 0.482594
0 0.865000 0.735759 0.901250 0.768987
0 0.865000 0.800633 0.902500 0.832279
0 0.426250 0.609177 0.458750 0.640823
0 0.591250 0.452532 0.622500 0.481013
0 0.425000 0.427215 0.461250 0.452531
0 0.865000 0.860760 0.902500 0.895570
0 0.590000 0.420887 0.622500 0.450950
0 0.480000 0.490507 0.516250 0.526899
0 0.811250 0.738924 0.845000 0.770570
0 0.863750 0.767405 0.900000 0.800633
0 0.587500 0.802215 0.625000 0.835443
0 0.261250 0.704114 0.293750 0.738924
0 0.205000 0.862342 0.238750 0.897152
0 0.423750 0.768987 0.458750 0.800633
0 0.587500 0.768987 0.623750 0.803797
0 0.535000 0.422469 0.567500 0.449368
0 0.866250 0.580696 0.900000 0.613924
0 0.535000 0.705696 0.568750 0.738924
0 0.425000 0.833861 0.458750 0.862341
0 0.423750 0.800633 0.458750 0.833861
0 0.698750 0.387658 0.733750 0.420886
0 0.535000 0.737342 0.568750 0.770570
0 0.315000 0.356013 0.350000 0.389241
0 0.260000 0.422469 0.293750 0.450950
0 0.091250 0.545886 0.127500 0.577532
0 0.701250 0.802215 0.735000 0.833861
0 0.312500 0.322785 0.351250 0.357595
0 0.258750 0.737342 0.293750 0.770570
0 0.866250 0.485760 0.900000 0.515822
0 0.426250 0.514240 0.458750 0.545886
0 0.092500 0.609178 0.127500 0.639240
0 0.427500 0.577531 0.458750 0.609177
0 0.091250 0.511076 0.127500 0.547468
0 0.591250 0.482595 0.623750 0.515823
0 0.426250 0.545886 0.460000 0.579114
0 0.757500 0.705696 0.790000 0.740506
0 0.756250 0.675633 0.790000 0.705696
0 0.111250 0.452532 0.133750 0.481013
0 0.425000 0.735760 0.458750 0.770570
0 0.535000 0.830696 0.570000 0.863924
0 0.370000 0.547468 0.405000 0.579114
0 0.643750 0.770570 0.680000 0.806962
0 0.866250 0.450949 0.898750 0.484177
0 0.091250 0.672469 0.126250 0.702531
0 0.536250 0.577532 0.568750 0.612342
0 0.718750 0.420886 0.742500 0.454114
0 0.810000 0.642405 0.846250 0.675633
0 0.702500 0.770569 0.733750 0.802215
0 0.643750 0.738924 0.678750 0.772152
0 0.755000 0.454115 0.788750 0.484177
0 0.316250 0.452531 0.350000 0.484177
0 0.591250 0.705696 0.625000 0.738924
0 0.536250 0.547469 0.568750 0.577531
0 0.425000 0.672469 0.460000 0.708861
0 0.755000 0.387658 0.786250 0.420886
0 0.810000 0.424050 0.843750 0.454113
0 0.646250 0.675632 0.678750 0.704113
0 0.110000 0.416139 0.137500 0.450949
0 0.205000 0.737342 0.237500 0.768988
0 0.203750 0.642405 0.238750 0.670886
0 0.425000 0.707279 0.458750 0.737341
0 0.863750 0.642405 0.901250 0.677215
0 0.536250 0.643988 0.568750 0.674050
0 0.866250 0.517405 0.898750 0.545886
0 0.205000 0.352848 0.238750 0.386076
0 0.701250 0.738924 0.733750 0.770570
0 0.481250 0.433544 0.515000 0.471519
0 0.643750 0.324367 0.677500 0.357595
0 0.587500 0.737342 0.623750 0.770570
0 0.536250 0.863924 0.570000 0.897152
0 0.203750 0.768987 0.237500 0.800633
0 0.261250 0.674050 0.293750 0.705696
0 0.258750 0.770569 0.292500 0.802215
0 0.260000 0.545886 0.293750 0.577532
0 0.092500 0.577532 0.127500 0.610760
0 0.315000 0.387658 0.350000 0.419304
0 0.692500 0.424051 0.713750 0.449367
0 0.370000 0.382911 0.407500 0.417721
0 0.315000 0.484177 0.350000 0.515823
0 0.090000 0.639241 0.128750 0.674051
0 0.811250 0.580696 0.845000 0.612342
0 0.535000 0.482595 0.568750 0.514241
0 0.810000 0.389241 0.845000 0.424051
0 0.700000 0.579114 0.733750 0.612342
0 0.425000 0.382911 0.462500 0.428797
0 0.808750 0.517405 0.843750 0.549051
0 0.315000 0.514240 0.348750 0.545886
0 0.643750 0.452532 0.677500 0.485760
0 0.645000 0.579114 0.678750 0.612342
0 0.258750 0.482595 0.295000 0.515823
0 0.370000 0.449367 0.405000 0.484177
0 0.645000 0.545886 0.680000 0.579114
0 0.533750 0.384493 0.567500 0.422468
