0 0.229080 0.517088 0.033488 0.031799
0 0.627209 0.875563 0.039732 0.032138
0 0.501610 0.453351 0.034958 0.034719
0 0.621399 0.685673 0.036082 0.034780
0 0.626762 0.843914 0.036093 0.035096
0 0.495432 0.623620 0.028107 0.020146
0 0.505226 0.857244 0.021954 0.022494
0 0.504625 0.507272 0.034549 0.026334
0 0.171363 0.456873 0.034737 0.031866
0 0.120699 0.586323 0.034844 0.035029
0 0.287448 0.578060 0.035932 0.030354
0 0.290636 0.672118 0.033488 0.031799
0 0.228633 0.485438 0.034737 0.031866
0 0.406490 0.823409 0.034683 0.030286
0 0.670264 0.521636 0.037342 0.035164
0 0.614690 0.524654 0.033595 0.034961
0 0.782780 0.611342 0.033435 0.030218
0 0.785074 0.642101 0.036093 0.035096
0 0.349451 0.764740 0.034791 0.033448
0 0.391284 0.411671 0.034737 0.031866
0 0.678890 0.776149 0.034737 0.031866
0 0.678713 0.807834 0.034844 0.035029
0 0.174755 0.520038 0.032239 0.031731
0 0.279065 0.386091 0.034844 0.035029
0 0.290215 0.641259 0.037395 0.036745
0 0.129056 0.777501 0.036093 0.035096
0 0.176978 0.585642 0.034683 0.030286
0 0.846506 0.830396 0.036093 0.035096
0 0.350496 0.795567 0.034844 0.035029
0 0.177916 0.613307 0.034844 0.035029
0 0.131877 0.842281 0.034844 0.035029
0 0.277967 0.353684 0.037288 0.033584
0 0.722366 0.453082 0.036039 0.033516
0 0.776244 0.418481 0.036039 0.033516
0 0.225338 0.388217 0.034898 0.036609
0 0.130127 0.809118 0.036093 0.035096
0 0.283475 0.479292 0.037449 0.038325
0 0.790038 0.770113 0.034844 0.035029
0 0.352218 0.827939 0.033435 0.030218
0 0.681587 0.874195 0.033381 0.028638
0 0.225865 0.422239 0.031098 0.034825
0 0.790485 0.801764 0.038591 0.035232
0 0.344961 0.669168 0.032132 0.028570
0 0.846953 0.862047 0.034737 0.031866
0 0.844390 0.767953 0.036039 0.033516
0 0.886891 0.379214 0.032400 0.036473
0 0.118082 0.490650 0.035932 0.030354
0 0.115395 0.429821 0.034951 0.038190
0 0.498335 0.340133 0.038751 0.039975
0 0.675105 0.682915 0.033595 0.034961
0 0.831844 0.416254 0.034844 0.035029
0 0.281190 0.430321 0.036736 0.054066
0 0.614243 0.493004 0.032239 0.031731
0 0.618610 0.621842 0.034683 0.030286
0 0.127360 0.745919 0.034844 0.035029
0 0.607976 0.363478 0.033702 0.038122
0 0.170291 0.425257 0.034844 0.035029
0 0.240677 0.803906 0.037288 0.033584
0 0.672828 0.615730 0.033435 0.030218
0 0.843951 0.736540 0.037272 0.033109
0 0.398386 0.602760 0.033499 0.032115
0 0.786681 0.707976 0.034807 0.033922
0 0.787720 0.738644 0.034732 0.031709
0 0.397305 0.570874 0.033579 0.034486
0 0.842878 0.704900 0.037284 0.033473
0 0.337433 0.447062 0.034791 0.033448
0 0.119127 0.521475 0.035986 0.031934
0 0.792004 0.865031 0.034844 0.035029
0 0.791583 0.834171 0.036039 0.033516
0 0.497057 0.679526 0.023412 0.018802
0 0.495436 0.641865 0.021731 0.018853
0 0.494647 0.601958 0.020899 0.023746
0 0.498638 0.407568 0.033789 0.019728
0 0.498404 0.389605 0.035385 0.022655
0 0.621816 0.716454 0.034732 0.031709
0 0.497416 0.368373 0.039443 0.023602
0 0.504808 0.881815 0.024559 0.025791
0 0.494596 0.580509 0.024441 0.022313
0 0.496053 0.660409 0.024387 0.020733
0 0.117115 0.462116 0.035938 0.030512
0 0.499068 0.426328 0.036401 0.025803
0 0.504767 0.529911 0.035691 0.023240
0 0.504842 0.550575 0.034351 0.020485
0 0.672461 0.586451 0.034844 0.035029
0 0.404874 0.794197 0.035986 0.031934
0 0.499338 0.701963 0.025995 0.031392
0 0.460842 0.821249 0.033595 0.034961
0 0.513739 0.794620 0.033488 0.031799
0 0.557581 0.500833 0.033488 0.031799
0 0.888043 0.413202 0.034844 0.035029
0 0.559116 0.527672 0.029742 0.031595
0 0.354281 0.888801 0.031098 0.034825
0 0.830853 0.387009 0.034898 0.036609
0 0.133422 0.906338 0.036039 0.033516
0 0.224266 0.356600 0.037288 0.033584
0 0.125744 0.716708 0.036039 0.033516
0 0.676720 0.712126 0.034683 0.030286
0 0.353317 0.860347 0.030883 0.028502
0 0.611028 0.398155 0.032132 0.028570
0 0.722026 0.424594 0.037181 0.030422
0 0.133002 0.875479 0.037342 0.035164
0 0.619628 0.651877 0.034898 0.036609
0 0.460448 0.791179 0.034844 0.035029
0 0.845381 0.797199 0.033595 0.034961
0 0.612547 0.461421 0.031098 0.034825
0 0.889114 0.444819 0.034737 0.031866
0 0.835139 0.513475 0.034683 0.030286
0 0.123494 0.650313 0.036039 0.033516
0 0.227615 0.455402 0.034737 0.031866
0 0.294502 0.767724 0.034791 0.033448
0 0.244543 0.899512 0.033488 0.031799
0 0.390132 0.377684 0.035112 0.042932
0 0.555955 0.434404 0.034844 0.035029
0 0.404427 0.762547 0.034844 0.035029
0 0.668541 0.489264 0.036039 0.033516
0 0.121771 0.617939 0.037342 0.035164
0 0.447726 0.471164 0.033435 0.030218
0 0.673953 0.648927 0.033649 0.036541
0 0.557107 0.468392 0.034791 0.033448
0 0.784950 0.675366 0.036093 0.035096
0 0.114243 0.395834 0.034898 0.036609
0 0.567623 0.686375 0.031044 0.033245
0 0.173059 0.488456 0.033595 0.034961
0 0.334558 0.380701 0.036147 0.036677
0 0.892937 0.576061 0.033595 0.034961
0 0.462538 0.852832 0.037342 0.035164
0 0.840648 0.639083 0.037342 0.035164
0 0.840524 0.672348 0.037342 0.035164
0 0.242346 0.834698 0.038591 0.035232
0 0.243471 0.867895 0.036093 0.035096
0 0.626261 0.810682 0.037342 0.035164
0 0.343889 0.637552 0.037449 0.038325
0 0.832889 0.447080 0.034791 0.033448
0 0.184032 0.775307 0.036147 0.036677
0 0.677845 0.745323 0.034898 0.036609
0 0.680489 0.841788 0.033649 0.036541
0 0.563633 0.624035 0.034844 0.035029
0 0.838327 0.607534 0.034844 0.035029
0 0.124619 0.683510 0.036147 0.036677
0 0.622815 0.745936 0.034844 0.035029
0 0.565329 0.655618 0.033595 0.034961
0 0.169764 0.391235 0.036254 0.039839
0 0.611422 0.428224 0.033595 0.034961
0 0.287815 0.607339 0.037342 0.035164
0 0.670140 0.554901 0.034844 0.035029
0 0.724088 0.485456 0.037342 0.035164
0 0.284654 0.514070 0.037342 0.035164
0 0.180086 0.677330 0.034791 0.033448
0 0.347755 0.733158 0.033649 0.036541
0 0.293457 0.736899 0.034844 0.035029
0 0.890159 0.475644 0.034791 0.033448
0 0.398839 0.634568 0.037449 0.038325
0 0.342344 0.573494 0.033542 0.033380
0 0.561964 0.593243 0.033542 0.033380
0 0.837880 0.575884 0.035986 0.031934
0 0.720373 0.357374 0.036200 0.038257
0 0.346603 0.699171 0.033702 0.038122
0 0.120850 0.553848 0.037288 0.033584
0 0.455010 0.630726 0.034791 0.033448
0 0.342764 0.604355 0.034737 0.031866
0 0.664702 0.394448 0.034683 0.030286
0 0.554206 0.401240 0.033595 0.034961
0 0.572884 0.878514 0.033488 0.031799
0 0.337827 0.477132 0.036039 0.033516
0 0.175880 0.553235 0.034951 0.038190
0 0.720981 0.393767 0.037449 0.038325
0 0.392830 0.475729 0.033542 0.033380
0 0.624565 0.779099 0.036093 0.035096
0 0.451618 0.567560 0.034791 0.033448
0 0.444350 0.371572 0.033649 0.036541
0 0.408740 0.889804 0.034791 0.033448
0 0.392409 0.444869 0.034844 0.035029
0 0.667470 0.457647 0.036039 0.033516
0 0.234615 0.643486 0.036093 0.035096
0 0.464234 0.884414 0.036093 0.035096
0 0.455904 0.694027 0.037288 0.033584
0 0.773816 0.383771 0.038859 0.043136
0 0.567893 0.749711 0.034791 0.033448
0 0.181184 0.709737 0.034844 0.035029
0 0.237883 0.739917 0.033595 0.034961
0 0.780761 0.514844 0.036039 0.033516
0 0.230124 0.547914 0.033542 0.033380
0 0.553625 0.365638 0.037503 0.039907
0 0.179638 0.645680 0.036147 0.036677
0 0.890633 0.508085 0.035986 0.031934
0 0.399937 0.666974 0.034683 0.030286
0 0.779091 0.484052 0.037342 0.035164
0 0.183558 0.742867 0.037342 0.035164
0 0.834068 0.481858 0.037503 0.039907
0 0.403329 0.730140 0.034791 0.033448
0 0.407615 0.856606 0.034898 0.036609
0 0.566848 0.718884 0.032346 0.034893
0 0.401606 0.697767 0.033595 0.034961
0 0.239606 0.772289 0.034898 0.036609
0 0.455430 0.661586 0.036093 0.035096
0 0.568964 0.781327 0.034791 0.033448
0 0.236811 0.708300 0.033595 0.034961
0 0.781235 0.547285 0.034844 0.035029
0 0.393848 0.505765 0.033542 0.033380
0 0.891785 0.542073 0.033649 0.036541
0 0.663524 0.359670 0.035005 0.039771
0 0.665747 0.425274 0.037342 0.035164
0 0.777993 0.451645 0.037395 0.036745
0 0.235713 0.675893 0.033542 0.033380
0 0.335764 0.416271 0.036200 0.038257
0 0.616413 0.557027 0.034791 0.033448
0 0.458699 0.758016 0.036093 0.035096
0 0.338925 0.509539 0.033595 0.034961
0 0.340050 0.542736 0.033595 0.034961
0 0.782931 0.578868 0.036093 0.035096
0 0.458225 0.725575 0.037288 0.033584
0 0.449395 0.501956 0.034844 0.035029
0 0.571188 0.846931 0.032346 0.034893
0 0.446708 0.441128 0.036039 0.033516
0 0.570687 0.813700 0.033595 0.034961
0 0.232294 0.611937 0.036093 0.035096
0 0.231847 0.580288 0.034844 0.035029
0 0.836782 0.543477 0.036147 0.036677
0 0.450573 0.536734 0.034844 0.035029
0 0.291734 0.704526 0.036147 0.036677
0 0.285779 0.547267 0.037342 0.035164
0 0.618163 0.590191 0.036147 0.036677
0 0.395624 0.539718 0.034844 0.035029
0 0.560241 0.560870 0.034844 0.035029
0 0.445582 0.407931 0.036147 0.036677
0 0.453287 0.598353 0.036093 0.035096
