0 0.446111 0.494234 0.030000 0.036244
0 0.447222 0.244646 0.034444 0.044481
0 0.447222 0.286656 0.034444 0.042834
0 0.653333 0.285832 0.033333 0.044481
0 0.395556 0.326194 0.033333 0.042834
0 0.653889 0.200165 0.034444 0.044481
0 0.293889 0.242998 0.034444 0.044481
0 0.653889 0.242998 0.032222 0.041186
0 0.653333 0.154860 0.035556 0.046129
0 0.550556 0.199341 0.034444 0.042834
0 0.446667 0.455519 0.033333 0.041186
0 0.601111 0.286656 0.033333 0.042834
0 0.446111 0.412685 0.034444 0.044481
0 0.652222 0.453048 0.033333 0.042834
0 0.241667 0.242175 0.034444 0.046129
0 0.550556 0.285008 0.034444 0.046129
0 0.550000 0.369852 0.035556 0.047776
0 0.395556 0.369852 0.035556 0.044481
0 0.242222 0.154036 0.035556 0.047776
0 0.483889 0.736409 0.023333 0.029654
0 0.496667 0.343493 0.044444 0.031301
0 0.497778 0.495058 0.042222 0.034596
0 0.137222 0.701812 0.034444 0.039539
0 0.703889 0.700988 0.034444 0.044481
0 0.136667 0.869028 0.035556 0.041186
0 0.912222 0.918451 0.037778 0.041186
0 0.498333 0.208402 0.045556 0.028007
0 0.602222 0.535420 0.035556 0.042834
0 0.912222 0.874794 0.037778 0.046129
0 0.498333 0.175453 0.043333 0.034596
0 0.495556 0.373147 0.046667 0.037891
0 0.911111 0.197694 0.033333 0.046129
0 0.137222 0.827842 0.032222 0.034596
0 0.496667 0.275124 0.040000 0.032949
0 0.138333 0.368204 0.032222 0.041186
0 0.136667 0.744646 0.028889 0.039539
0 0.912778 0.787479 0.034444 0.039539
0 0.138889 0.327842 0.035556 0.042834
0 0.343333 0.869028 0.033333 0.044481
0 0.912222 0.830313 0.035556 0.042834
0 0.137222 0.535420 0.034444 0.039539
0 0.343333 0.705107 0.033333 0.039539
0 0.343889 0.914333 0.032222 0.042834
0 0.756111 0.494234 0.032222 0.039539
0 0.087778 0.197694 0.033333 0.046129
0 0.085556 0.451400 0.033333 0.039539
0 0.652222 0.660626 0.028889 0.039539
0 0.860556 0.621087 0.034444 0.039539
0 0.087222 0.409390 0.036667 0.044481
0 0.497778 0.140033 0.046667 0.039539
0 0.294444 0.367381 0.031111 0.036244
0 0.087778 0.241351 0.035556 0.044481
0 0.342778 0.828666 0.032222 0.039539
0 0.343333 0.743822 0.033333 0.041186
0 0.342222 0.785832 0.033333 0.042834
0 0.705000 0.198517 0.034444 0.041186
0 0.911111 0.285008 0.033333 0.039539
0 0.344444 0.327842 0.033333 0.042834
0 0.135556 0.914333 0.035556 0.046129
0 0.087778 0.284185 0.035556 0.044481
0 0.087222 0.366557 0.036667 0.041186
0 0.911111 0.242998 0.033333 0.041186
0 0.704444 0.536244 0.035556 0.047776
0 0.912222 0.618616 0.033333 0.037891
0 0.861111 0.580725 0.035556 0.041186
0 0.860556 0.662273 0.036667 0.039539
0 0.343889 0.283361 0.030000 0.046129
0 0.138333 0.451400 0.034444 0.039539
0 0.087778 0.326194 0.035556 0.042834
0 0.703889 0.661450 0.032222 0.037891
0 0.138889 0.410214 0.035556 0.042834
0 0.652222 0.619440 0.031111 0.039539
0 0.911667 0.705107 0.036667 0.042834
0 0.911667 0.747117 0.034444 0.041186
0 0.189444 0.492586 0.030000 0.039539
0 0.860000 0.199341 0.035556 0.046129
0 0.188889 0.575783 0.031111 0.037891
0 0.808333 0.200165 0.034444 0.041186
0 0.293889 0.451400 0.032222 0.039539
0 0.809444 0.327018 0.032222 0.037891
0 0.139444 0.285832 0.034444 0.044481
0 0.343333 0.495058 0.028889 0.037891
0 0.137778 0.788303 0.033333 0.044481
0 0.912222 0.411038 0.033333 0.037891
0 0.912222 0.495881 0.031111 0.039539
0 0.140000 0.199341 0.033333 0.042834
0 0.705000 0.494234 0.034444 0.039539
0 0.343889 0.534596 0.032222 0.041186
0 0.085556 0.495058 0.035556 0.044481
0 0.808333 0.152389 0.034444 0.047776
0 0.087778 0.149918 0.033333 0.049423
0 0.860000 0.539539 0.035556 0.047776
0 0.344444 0.242175 0.028889 0.036244
0 0.137778 0.493410 0.033333 0.041186
0 0.911111 0.150741 0.035556 0.047776
0 0.395556 0.412685 0.031111 0.041186
0 0.911111 0.327842 0.035556 0.042834
0 0.601667 0.409390 0.034444 0.037891
0 0.911667 0.579077 0.034444 0.041186
0 0.705000 0.747117 0.034444 0.044481
0 0.757778 0.285832 0.033333 0.041186
0 0.912222 0.370675 0.033333 0.042834
0 0.858333 0.151565 0.036667 0.049423
0 0.809444 0.242175 0.030000 0.042834
0 0.190556 0.327842 0.032222 0.039539
0 0.140000 0.242175 0.035556 0.042834
0 0.189444 0.534596 0.032222 0.044481
0 0.189444 0.662273 0.032222 0.042834
0 0.446111 0.327842 0.030000 0.036244
0 0.140000 0.153213 0.035556 0.049423
0 0.191111 0.453048 0.031111 0.042834
0 0.345000 0.153213 0.032222 0.049423
0 0.496111 0.308896 0.041111 0.041186
0 0.703889 0.579901 0.032222 0.039539
0 0.294444 0.152389 0.035556 0.047776
0 0.861111 0.327842 0.033333 0.039539
0 0.911667 0.537891 0.036667 0.044481
0 0.189444 0.617792 0.032222 0.046129
0 0.912222 0.662273 0.035556 0.042834
0 0.497222 0.242175 0.045556 0.039539
0 0.860556 0.705107 0.036667 0.049423
0 0.860000 0.243822 0.035556 0.042834
0 0.860556 0.495058 0.034444 0.041186
0 0.705000 0.153213 0.034444 0.046129
0 0.342778 0.620264 0.034444 0.044481
0 0.860000 0.411862 0.035556 0.042834
0 0.860000 0.286656 0.033333 0.042834
0 0.138333 0.662273 0.034444 0.039539
0 0.912222 0.453871 0.033333 0.044481
0 0.241667 0.285008 0.030000 0.036244
0 0.137778 0.577430 0.033333 0.041186
0 0.652778 0.703460 0.034444 0.046129
0 0.497222 0.447282 0.043333 0.044481
0 0.344444 0.199341 0.033333 0.046129
0 0.756111 0.453048 0.036667 0.039539
0 0.704444 0.454695 0.033333 0.042834
0 0.241111 0.369028 0.031111 0.039539
0 0.602222 0.451400 0.035556 0.042834
0 0.704444 0.620264 0.033333 0.044481
0 0.138333 0.619440 0.034444 0.042834
0 0.343333 0.663921 0.035556 0.042834
0 0.705000 0.411862 0.032222 0.039539
0 0.550556 0.327018 0.034444 0.037891
0 0.860556 0.455519 0.034444 0.041186
0 0.190556 0.368204 0.032222 0.044481
0 0.446111 0.154036 0.034444 0.047776
0 0.601667 0.578254 0.036667 0.042834
0 0.756667 0.535420 0.035556 0.042834
0 0.550000 0.152389 0.035556 0.047776
0 0.293333 0.493410 0.035556 0.044481
0 0.601111 0.153213 0.033333 0.049423
0 0.343333 0.576606 0.033333 0.042834
0 0.652778 0.329489 0.032222 0.039539
0 0.446667 0.579077 0.035556 0.044481
0 0.652222 0.493410 0.033333 0.041186
0 0.446111 0.534596 0.032222 0.044481
0 0.395000 0.284185 0.032222 0.041186
0 0.241111 0.412685 0.035556 0.044481
0 0.757778 0.246293 0.031111 0.041186
0 0.293333 0.409390 0.033333 0.044481
0 0.655000 0.578254 0.034444 0.042834
0 0.293889 0.200165 0.034444 0.041186
0 0.395000 0.454695 0.032222 0.042834
0 0.190556 0.411038 0.032222 0.041186
0 0.242222 0.200165 0.033333 0.041186
0 0.345000 0.367381 0.032222 0.039539
0 0.601667 0.492586 0.034444 0.039539
0 0.756667 0.413509 0.035556 0.042834
0 0.652778 0.412685 0.032222 0.041186
0 0.652778 0.369852 0.034444 0.044481
0 0.293889 0.286656 0.034444 0.042834
0 0.602222 0.242998 0.033333 0.044481
0 0.757222 0.153213 0.034444 0.049423
0 0.190000 0.283361 0.033333 0.046129
0 0.757222 0.200988 0.034444 0.046129
0 0.446111 0.368204 0.034444 0.044481
0 0.293333 0.328666 0.033333 0.041186
0 0.860000 0.369028 0.035556 0.042834
0 0.706111 0.286656 0.034444 0.039539
0 0.241111 0.326194 0.033333 0.046129
0 0.756667 0.577430 0.035556 0.041186
0 0.551111 0.242175 0.033333 0.039539
0 0.343889 0.453871 0.032222 0.041186
0 0.757222 0.327018 0.034444 0.041186
0 0.447222 0.199341 0.034444 0.042834
0 0.602222 0.328666 0.033333 0.041186
0 0.704444 0.369852 0.033333 0.041186
0 0.705000 0.327018 0.034444 0.041186
0 0.653333 0.534596 0.035556 0.044481
0 0.601111 0.200988 0.033333 0.042834
0 0.601667 0.369852 0.032222 0.041186
0 0.810000 0.285832 0.033333 0.044481
0 0.705000 0.243822 0.034444 0.046129
0 0.343889 0.411038 0.032222 0.044481
0 0.757222 0.369852 0.034444 0.044481
