0 0.347280 0.713249 0.037604 0.046190
0 0.665351 0.408951 0.024029 0.034034
0 0.497864 0.452301 0.043156 0.046452
0 0.136054 0.350715 0.037533 0.042896
0 0.238278 0.348358 0.037568 0.044543
0 0.341003 0.343506 0.034236 0.044386
0 0.448149 0.621950 0.034377 0.050972
0 0.704099 0.323883 0.038785 0.049535
0 0.345977 0.626776 0.036529 0.047784
0 0.392089 0.341093 0.034165 0.041093
0 0.664552 0.449372 0.022954 0.035628
0 0.492767 0.215106 0.047241 0.030031
0 0.810795 0.607292 0.035453 0.049378
0 0.603589 0.612959 0.036599 0.051077
0 0.084084 0.311963 0.035453 0.049378
0 0.551984 0.617045 0.035417 0.047732
0 0.656585 0.699464 0.034307 0.047679
0 0.656238 0.657449 0.033090 0.042686
0 0.650238 0.326427 0.033090 0.042686
0 0.137476 0.391030 0.036387 0.041198
0 0.342390 0.382175 0.035311 0.042791
0 0.088331 0.638946 0.036529 0.047784
0 0.857928 0.317441 0.035276 0.041145
0 0.140509 0.635657 0.034271 0.046032
0 0.553530 0.663123 0.034165 0.041093
0 0.398192 0.625134 0.034342 0.049325
0 0.547512 0.331279 0.034130 0.039445
0 0.812652 0.693740 0.037568 0.044543
0 0.085871 0.395116 0.037568 0.044543
0 0.141464 0.680115 0.034201 0.042739
0 0.187157 0.349125 0.035346 0.044438
0 0.091228 0.722047 0.036493 0.046137
0 0.908457 0.185664 0.037745 0.052776
0 0.702588 0.279451 0.035311 0.042791
0 0.754925 0.283572 0.035311 0.042791
0 0.812306 0.651725 0.034201 0.042739
0 0.701739 0.239932 0.035240 0.039498
0 0.398330 0.709189 0.035453 0.049378
0 0.604598 0.659888 0.034201 0.042739
0 0.193086 0.676852 0.035276 0.041145
0 0.085021 0.355597 0.035276 0.041145
0 0.238589 0.388727 0.036422 0.042844
0 0.290837 0.259341 0.035382 0.046085
0 0.909811 0.274607 0.038714 0.046242
0 0.076517 0.477148 0.026357 0.039078
0 0.638698 0.410210 0.021737 0.030636
0 0.090361 0.681705 0.034165 0.041093
0 0.149725 0.469569 0.021808 0.033929
0 0.150004 0.430822 0.023993 0.032387
0 0.639027 0.451402 0.020697 0.033877
0 0.188596 0.390264 0.034236 0.044386
0 0.598668 0.332160 0.034130 0.039445
0 0.142921 0.722078 0.033126 0.044334
0 0.554953 0.703440 0.033161 0.045980
0 0.493261 0.315711 0.044125 0.039918
0 0.193487 0.721338 0.036529 0.047784
0 0.606020 0.700203 0.035346 0.044438
0 0.125345 0.473193 0.023993 0.032387
0 0.290144 0.304702 0.036529 0.047784
0 0.909430 0.230946 0.035205 0.037852
0 0.600645 0.372449 0.036529 0.047784
0 0.491354 0.149324 0.047386 0.036782
0 0.076829 0.517516 0.025068 0.030793
0 0.491523 0.183107 0.046311 0.038376
0 0.493109 0.282752 0.045094 0.033383
0 0.500329 0.541191 0.030940 0.045875
0 0.075632 0.435982 0.026286 0.035785
0 0.494605 0.378282 0.044054 0.036624
0 0.489865 0.752666 0.022741 0.025749
0 0.910590 0.310833 0.038290 0.026483
0 0.123386 0.433727 0.023993 0.032387
0 0.489855 0.726294 0.021702 0.028989
0 0.493431 0.349493 0.042837 0.031632
0 0.493439 0.246392 0.045239 0.040135
0 0.498819 0.496759 0.040935 0.046347
0 0.598268 0.287675 0.037745 0.052776
0 0.441681 0.295071 0.035382 0.046085
0 0.392226 0.295759 0.036635 0.052724
0 0.445706 0.378944 0.035382 0.046085
0 0.649890 0.284412 0.034307 0.047679
0 0.805923 0.277042 0.035417 0.047732
0 0.548970 0.373242 0.035417 0.047732
0 0.857008 0.274629 0.035417 0.047732
0 0.339510 0.299897 0.035382 0.046085
0 0.651677 0.367566 0.034271 0.046032
0 0.236212 0.303952 0.037639 0.047837
0 0.546073 0.290140 0.035382 0.046085
0 0.701340 0.195447 0.036635 0.052724
0 0.393546 0.383056 0.037604 0.046190
0 0.443156 0.337856 0.034201 0.042739
0 0.654692 0.611369 0.036635 0.052724
0 0.807763 0.362665 0.035417 0.047732
0 0.135151 0.308726 0.035417 0.047732
0 0.449122 0.667232 0.034201 0.042739
0 0.859420 0.361050 0.038856 0.052829
0 0.806287 0.319880 0.036458 0.044491
0 0.912118 0.356088 0.039931 0.051234
0 0.186237 0.306313 0.035417 0.047732
0 0.753362 0.236669 0.036670 0.054370
0 0.346950 0.672058 0.034201 0.042739
0 0.450578 0.709194 0.037639 0.047837
0 0.192149 0.633218 0.035453 0.049378
