0 0.348958 0.451577 0.039702 0.048139
0 0.304683 0.393046 0.039000 0.051086
0 0.429802 0.217370 0.036421 0.047269
0 0.530365 0.239870 0.048647 0.052078
0 0.945417 0.261415 0.042870 0.056814
0 0.338709 0.531570 0.036225 0.045650
0 0.789933 0.697221 0.040094 0.051377
0 0.810471 0.532234 0.038608 0.047849
0 0.765062 0.478413 0.038216 0.044611
0 0.156915 0.312908 0.037710 0.049177
0 0.550098 0.505771 0.037318 0.045940
0 0.449030 0.478124 0.039000 0.051086
0 0.272235 0.218179 0.037318 0.045940
0 0.469569 0.313137 0.039702 0.048139
0 0.464669 0.353611 0.039702 0.048139
0 0.418691 0.724058 0.040486 0.054615
0 0.121543 0.171519 0.041776 0.056524
0 0.115859 0.218469 0.041384 0.053286
0 0.341098 0.096924 0.038690 0.057272
0 0.330472 0.189349 0.036813 0.050506
0 0.683222 0.711522 0.042870 0.056814
0 0.353956 0.410294 0.039898 0.049758
0 0.540396 0.585908 0.037514 0.047559
0 0.207926 0.329782 0.037710 0.049177
0 0.458675 0.393794 0.037906 0.050796
0 0.454673 0.436176 0.037514 0.047559
0 0.713988 0.890954 0.037205 0.053745
0 0.723051 0.377874 0.036617 0.048887
0 0.719694 0.419592 0.037906 0.050796
0 0.370688 0.286070 0.038804 0.049467
0 0.344156 0.491241 0.039898 0.049758
0 0.742636 0.206785 0.041580 0.054905
0 0.794931 0.655938 0.039898 0.049758
0 0.324830 0.231296 0.037906 0.050796
0 0.733243 0.293689 0.039196 0.052706
0 0.141276 0.437421 0.039196 0.052706
0 0.392109 0.113797 0.042674 0.055195
0 0.223313 0.202694 0.040486 0.054615
0 0.693414 0.627337 0.037710 0.049177
0 0.375238 0.243833 0.037710 0.049177
0 0.820509 0.444665 0.040094 0.051377
0 0.688515 0.667810 0.037318 0.045940
0 0.151468 0.353236 0.038804 0.049467
0 0.890460 0.291115 0.039784 0.057562
0 0.884229 0.337920 0.040094 0.051377
0 0.278228 0.177996 0.040290 0.052996
0 0.749718 0.600499 0.037710 0.049177
0 0.693616 0.192111 0.039784 0.057562
0 0.425449 0.257988 0.037906 0.050796
0 0.258082 0.339745 0.038804 0.049467
0 0.760358 0.517268 0.036813 0.050506
0 0.334769 0.144538 0.037009 0.052125
0 0.545198 0.546244 0.040290 0.052996
0 0.739624 0.683875 0.037906 0.050796
0 0.723886 0.809198 0.036617 0.048887
0 0.161815 0.272434 0.037710 0.049177
0 0.754716 0.559216 0.037514 0.047559
0 0.187625 0.488148 0.040682 0.056233
0 0.217922 0.247216 0.037710 0.049177
0 0.489994 0.139764 0.037597 0.056982
0 0.423493 0.684394 0.039506 0.046520
0 0.703313 0.545580 0.039702 0.048139
0 0.728597 0.336736 0.040094 0.051377
0 0.682191 0.281816 0.040290 0.052996
0 0.825661 0.406765 0.038412 0.046230
0 0.779902 0.351182 0.037710 0.049177
0 0.146568 0.393709 0.038804 0.049467
0 0.291139 0.085342 0.044159 0.058723
0 0.768966 0.436841 0.041384 0.053286
0 0.183938 0.103689 0.041188 0.051667
0 0.189173 0.055785 0.042870 0.056814
0 0.835405 0.321626 0.038298 0.054035
0 0.358856 0.369820 0.039898 0.049758
0 0.380782 0.202695 0.039392 0.054325
0 0.252986 0.381838 0.041384 0.053286
0 0.814923 0.490805 0.040290 0.052996
0 0.774258 0.393129 0.039196 0.052706
0 0.555096 0.464488 0.040094 0.051377
0 0.333907 0.571234 0.041188 0.051667
0 0.671803 0.367621 0.039898 0.049758
0 0.734976 0.726922 0.038804 0.049467
0 0.420255 0.300891 0.040290 0.052996
0 0.630241 0.268035 0.041384 0.053286
0 0.429683 0.642592 0.038102 0.052416
0 0.440974 0.125090 0.041972 0.058143
0 0.569992 0.341448 0.040094 0.051377
0 0.687034 0.237150 0.039000 0.051086
0 0.456831 0.740025 0.023720 0.029797
0 0.459643 0.716793 0.023583 0.028664
0 0.676352 0.325383 0.041384 0.053286
0 0.575578 0.295308 0.040682 0.056233
0 0.263528 0.299416 0.039898 0.049758
0 0.505023 0.444521 0.045954 0.056066
0 0.365046 0.328018 0.040290 0.052996
0 0.479018 0.230426 0.041188 0.051667
0 0.284810 0.132955 0.042870 0.056814
0 0.790486 0.263759 0.041074 0.059472
0 0.728982 0.767105 0.038804 0.049467
0 0.484759 0.187668 0.038102 0.052416
0 0.744720 0.641782 0.040094 0.051377
0 0.560935 0.420921 0.041580 0.054905
0 0.829566 0.365192 0.039000 0.051086
0 0.625496 0.311891 0.040290 0.052996
0 0.636627 0.224614 0.041384 0.053286
0 0.641862 0.176710 0.043066 0.058433
0 0.784352 0.309754 0.039000 0.051086
0 0.535651 0.629765 0.041580 0.054905
0 0.386074 0.158983 0.041188 0.051667
0 0.709502 0.503777 0.040094 0.051377
0 0.267882 0.258798 0.038804 0.049467
0 0.713407 0.462204 0.039898 0.049758
0 0.666062 0.410378 0.041580 0.054905
0 0.167263 0.232106 0.038804 0.049467
0 0.309036 0.352426 0.037122 0.044320
0 0.178197 0.146447 0.040682 0.056233
0 0.935282 0.349792 0.041580 0.054905
0 0.434428 0.598735 0.036225 0.045650
0 0.172457 0.189203 0.039000 0.051086
0 0.719632 0.849007 0.037514 0.047559
0 0.700150 0.585679 0.038804 0.049467
0 0.516278 0.342237 0.046574 0.043694
0 0.512946 0.369759 0.046574 0.043694
0 0.197874 0.408156 0.036421 0.047269
0 0.202578 0.369301 0.033842 0.043450
0 0.499577 0.484849 0.042901 0.039586
0 0.533737 0.207345 0.048174 0.039418
0 0.314385 0.312907 0.039196 0.052706
0 0.679122 0.754714 0.037514 0.047559
0 0.785033 0.737694 0.037514 0.047559
0 0.759847 0.945729 0.037318 0.045940
0 0.095200 0.808679 0.041188 0.051667
0 0.099750 0.766441 0.040094 0.051377
0 0.537559 0.175776 0.046965 0.046932
0 0.659130 0.919847 0.040486 0.054615
0 0.293551 0.480323 0.040486 0.054615
0 0.111408 0.259898 0.039702 0.048139
0 0.413301 0.768580 0.039898 0.049758
0 0.541675 0.141778 0.046965 0.046932
0 0.922026 0.473267 0.037514 0.047559
0 0.408401 0.809053 0.040290 0.052996
0 0.774490 0.820116 0.040796 0.048429
0 0.445069 0.515505 0.038918 0.041664
0 0.525701 0.273722 0.046377 0.042075
0 0.298647 0.438230 0.037906 0.050796
0 0.769941 0.862353 0.040486 0.054615
0 0.906248 0.603592 0.042086 0.050338
0 0.916930 0.515359 0.040486 0.054615
0 0.439524 0.556643 0.041384 0.053286
0 0.673520 0.791659 0.037514 0.047559
0 0.135634 0.479369 0.040290 0.052996
0 0.212378 0.288353 0.039392 0.054325
0 0.779937 0.779787 0.040094 0.051377
0 0.404693 0.849007 0.039702 0.048139
0 0.131378 0.519178 0.038216 0.044611
0 0.114646 0.643401 0.037514 0.047559
0 0.435192 0.172848 0.039588 0.055943
0 0.398853 0.892574 0.041972 0.058143
0 0.103907 0.727442 0.038608 0.047849
0 0.799929 0.614654 0.040094 0.051377
0 0.754849 0.979852 0.040486 0.040295
0 0.564839 0.379348 0.037628 0.039754
0 0.121284 0.602554 0.036617 0.048887
0 0.110292 0.684020 0.041188 0.051667
0 0.125932 0.559507 0.040094 0.051377
0 0.651748 0.962168 0.039898 0.049758
0 0.901152 0.645684 0.042478 0.053576
0 0.667975 0.832797 0.038804 0.049467
0 0.931476 0.390555 0.038216 0.044611
0 0.473922 0.272518 0.038608 0.047849
0 0.911442 0.560690 0.042282 0.051957
0 0.925930 0.431693 0.040290 0.052996
0 0.765195 0.906210 0.041188 0.051667
0 0.738437 0.250787 0.036421 0.047269
0 0.844544 0.232149 0.039000 0.051086
0 0.661688 0.875410 0.039000 0.051086
0 0.106508 0.300371 0.040486 0.054615
0 0.805473 0.573517 0.038804 0.049467
0 0.839800 0.276005 0.037906 0.050796
0 0.520590 0.306620 0.047358 0.050170
0 0.193072 0.447820 0.038412 0.046230
0 0.941218 0.305416 0.039898 0.049758
0 0.318836 0.271479 0.037514 0.047559
