0 0.715068 0.369695 0.037090 0.046090
0 0.431361 0.709503 0.037203 0.047727
0 0.387366 0.408556 0.021051 0.035568
0 0.235493 0.383920 0.026803 0.039676
0 0.521120 0.719780 0.027910 0.039844
0 0.507040 0.931752 0.024480 0.037705
0 0.871879 0.937364 0.024480 0.037705
0 0.537956 0.847979 0.025698 0.039509
0 0.869933 0.981345 0.026690 0.037311
0 0.223702 0.506133 0.026803 0.039676
0 0.893089 0.983101 0.026803 0.033798
0 0.535683 0.888968 0.026803 0.039676
0 0.514191 0.844383 0.027029 0.042949
0 0.519083 0.159000 0.046474 0.039415
0 0.514862 0.802325 0.026690 0.038040
0 0.716788 0.328623 0.034880 0.045756
0 0.515341 0.221259 0.047128 0.033038
0 0.518962 0.759132 0.024593 0.039342
0 0.510147 0.886757 0.024593 0.039342
0 0.229126 0.427596 0.026803 0.039676
0 0.797005 0.509399 0.026037 0.044417
0 0.469987 0.756681 0.026351 0.033131
0 0.378721 0.533726 0.027796 0.038207
0 0.155388 0.201507 0.038536 0.051167
0 0.457408 0.332357 0.037090 0.046090
0 0.496402 0.503589 0.040633 0.049865
0 0.798360 0.675762 0.038762 0.054439
0 0.461564 0.288346 0.037542 0.052635
0 0.561656 0.302667 0.038536 0.051167
0 0.742800 0.752500 0.038649 0.052802
0 0.360431 0.232536 0.037429 0.051000
0 0.204514 0.250274 0.033888 0.047225
0 0.105495 0.147664 0.038762 0.054439
0 0.313131 0.181566 0.039101 0.059347
0 0.454470 0.374898 0.037542 0.052635
0 0.850424 0.681987 0.036324 0.050832
0 0.500005 0.459495 0.041738 0.050032
0 0.769235 0.337386 0.038536 0.051167
0 0.559100 0.347746 0.037316 0.049363
0 0.200910 0.294368 0.037203 0.047727
0 0.719782 0.285263 0.037655 0.054272
0 0.556162 0.390287 0.037090 0.046090
0 0.793533 0.761831 0.038423 0.049531
0 0.513138 0.253165 0.045707 0.044156
0 0.408947 0.282037 0.036437 0.052468
0 0.866156 0.438026 0.036098 0.047559
0 0.817639 0.388524 0.036864 0.042818
0 0.591220 0.642762 0.037655 0.054272
0 0.795918 0.719206 0.036864 0.042818
0 0.248875 0.343785 0.041512 0.046759
0 0.766849 0.380012 0.039415 0.048061
0 0.311016 0.228365 0.035646 0.041015
0 0.918548 0.447607 0.039867 0.054606
0 0.589162 0.688744 0.034767 0.044120
0 0.901214 0.690501 0.038423 0.049531
0 0.307695 0.268368 0.037542 0.052635
0 0.848422 0.727151 0.038423 0.049531
0 0.102218 0.195114 0.035872 0.044287
0 0.402462 0.367855 0.037203 0.047727
0 0.815976 0.428778 0.039415 0.048061
0 0.411739 0.411417 0.023375 0.037538
0 0.252196 0.303782 0.038084 0.044622
0 0.670882 0.233224 0.037881 0.057544
0 0.844932 0.769609 0.037316 0.049363
0 0.746905 0.668803 0.037542 0.052635
0 0.665772 0.323382 0.037429 0.051000
0 0.198085 0.335273 0.039189 0.044789
0 0.099889 0.236921 0.039528 0.049698
0 0.898660 0.735580 0.039641 0.051334
0 0.872033 0.352942 0.036324 0.050832
0 0.896330 0.777387 0.040407 0.046592
0 0.383126 0.655911 0.038536 0.051167
0 0.255800 0.259688 0.035445 0.053937
0 0.506790 0.320817 0.042505 0.045291
0 0.820690 0.344346 0.037768 0.055908
0 0.384959 0.613202 0.036098 0.047559
0 0.585670 0.731201 0.036324 0.050832
0 0.920494 0.403263 0.037203 0.047727
0 0.600286 0.309339 0.024932 0.044250
0 0.562118 0.473854 0.024706 0.040978
0 0.668101 0.281575 0.033775 0.045588
0 0.437520 0.620330 0.037316 0.049363
0 0.493464 0.546130 0.031564 0.045254
0 0.409140 0.449050 0.023375 0.037538
0 0.764465 0.422637 0.038310 0.047894
0 0.541562 0.431891 0.022382 0.039007
0 0.405896 0.326215 0.035985 0.045923
0 0.870200 0.395652 0.036098 0.047559
0 0.149569 0.285771 0.033549 0.042316
0 0.354498 0.318437 0.034880 0.045756
0 0.384597 0.448643 0.023601 0.040811
0 0.565384 0.434668 0.023375 0.037538
0 0.534863 0.512715 0.024706 0.040978
0 0.174311 0.671430 0.038423 0.049531
0 0.434852 0.667045 0.038536 0.051167
0 0.529822 0.593792 0.025924 0.042782
0 0.899574 0.900222 0.028023 0.041480
0 0.380019 0.700907 0.038423 0.049531
0 0.503263 0.388069 0.044263 0.039081
0 0.357323 0.277531 0.034880 0.045756
0 0.179308 0.582908 0.034001 0.048861
0 0.880851 0.815550 0.023488 0.039175
0 0.817776 0.556356 0.026803 0.039676
0 0.550147 0.679533 0.026803 0.039676
0 0.554862 0.595101 0.024706 0.040978
0 0.558684 0.515494 0.023262 0.035903
0 0.877360 0.858008 0.026803 0.039676
0 0.823482 0.473727 0.026916 0.041313
0 0.538850 0.471160 0.024593 0.039342
0 0.546714 0.721172 0.025811 0.041146
0 0.510652 0.289161 0.043045 0.037277
0 0.827009 0.851215 0.028023 0.041480
0 0.799222 0.469229 0.024367 0.036070
0 0.551867 0.638460 0.026803 0.039676
0 0.527606 0.633963 0.024706 0.040978
0 0.541446 0.805521 0.026803 0.039676
0 0.923432 0.360721 0.034993 0.047392
0 0.821819 0.513982 0.027029 0.042949
0 0.903945 0.861205 0.024706 0.040978
0 0.897303 0.941212 0.026916 0.041313
0 0.542727 0.762729 0.025924 0.042782
0 0.518098 0.189436 0.044602 0.043989
0 0.905778 0.818496 0.024480 0.037705
0 0.557687 0.554195 0.024932 0.044250
0 0.815504 0.597344 0.025698 0.039509
0 0.506075 0.355428 0.043158 0.038914
0 0.625157 0.313103 0.025811 0.041146
0 0.151232 0.245517 0.033888 0.047225
0 0.524668 0.676504 0.026916 0.041313
0 0.531982 0.554439 0.024593 0.039342
0 0.176866 0.626351 0.037429 0.051000
0 0.829339 0.809409 0.024367 0.036070
0 0.532080 0.933062 0.025698 0.039509
