0 0.606049 0.427029 0.035333 0.046368
0 0.083894 0.534655 0.039285 0.036970
0 0.644986 0.679390 0.036587 0.026856
0 0.712612 0.354940 0.034145 0.044603
0 0.503626 0.345696 0.042529 0.035682
0 0.513276 0.182112 0.043717 0.037447
0 0.086334 0.496036 0.038738 0.048372
0 0.512344 0.212620 0.049018 0.033106
0 0.533261 0.834476 0.036120 0.039905
0 0.497229 0.499702 0.040553 0.040382
0 0.514921 0.148372 0.046013 0.039331
0 0.507945 0.279981 0.042529 0.035682
0 0.089489 0.454187 0.036280 0.043196
0 0.531929 0.873213 0.037630 0.048252
0 0.808082 0.533141 0.037550 0.046607
0 0.303088 0.311714 0.035493 0.049661
0 0.869374 0.327132 0.035092 0.041431
0 0.505232 0.312778 0.042689 0.038973
0 0.924052 0.245326 0.036521 0.048133
0 0.604122 0.466530 0.034691 0.033202
0 0.438196 0.408146 0.027335 0.040597
0 0.381782 0.776819 0.035172 0.043077
0 0.815875 0.361912 0.036280 0.043196
0 0.817802 0.322412 0.036441 0.046487
0 0.092788 0.375126 0.035012 0.039785
0 0.475258 0.150723 0.025118 0.040358
0 0.529722 0.918473 0.037711 0.049899
0 0.610102 0.343913 0.035092 0.041431
0 0.384857 0.736615 0.033036 0.044484
0 0.746556 0.732507 0.036361 0.044842
0 0.819375 0.278738 0.035413 0.048014
0 0.536377 0.793449 0.036441 0.046487
0 0.502616 0.377849 0.046094 0.040978
0 0.310963 0.138841 0.036602 0.049780
0 0.806749 0.571878 0.038578 0.045080
0 0.097990 0.291306 0.035172 0.043077
0 0.870866 0.285104 0.036602 0.049780
0 0.350871 0.359872 0.035333 0.046368
0 0.379180 0.818728 0.036521 0.048133
0 0.301082 0.352861 0.035172 0.043077
0 0.377093 0.861520 0.036361 0.044842
0 0.465217 0.368035 0.021794 0.040001
0 0.803674 0.612082 0.038498 0.043435
0 0.509591 0.246241 0.045146 0.044150
0 0.386309 0.695409 0.036521 0.048133
0 0.472337 0.199216 0.026146 0.038832
0 0.871885 0.241369 0.034145 0.044603
0 0.102164 0.205722 0.035172 0.043077
0 0.748050 0.690477 0.035333 0.046368
0 0.392964 0.570383 0.035092 0.041431
0 0.538977 0.751539 0.035253 0.044723
0 0.633844 0.885003 0.037390 0.043315
0 0.090862 0.414627 0.035333 0.046368
0 0.757569 0.483863 0.033984 0.041312
0 0.802222 0.653288 0.037550 0.046607
0 0.919718 0.334202 0.038738 0.048372
0 0.663046 0.309073 0.035333 0.046368
0 0.442209 0.325853 0.024958 0.037066
0 0.387842 0.652556 0.037470 0.044961
0 0.635257 0.844620 0.036361 0.044842
0 0.756237 0.522601 0.037390 0.043315
0 0.921370 0.288881 0.037550 0.046607
0 0.750137 0.647685 0.037550 0.046607
0 0.715293 0.311385 0.033117 0.046130
0 0.389849 0.611410 0.037630 0.048252
0 0.150116 0.296086 0.035253 0.044723
0 0.353512 0.317139 0.036602 0.049780
0 0.470763 0.242891 0.024958 0.037066
0 0.200339 0.305626 0.034225 0.046249
0 0.754271 0.562924 0.037630 0.048252
0 0.637737 0.805179 0.035092 0.041431
0 0.154290 0.210502 0.035574 0.051306
0 0.099482 0.249277 0.036521 0.048133
0 0.251003 0.306111 0.037550 0.046607
0 0.540471 0.709510 0.034225 0.046249
0 0.823115 0.190625 0.038819 0.050018
0 0.103696 0.162871 0.036602 0.049780
0 0.305095 0.270568 0.037550 0.046607
0 0.874133 0.195286 0.036682 0.051425
0 0.198292 0.347595 0.034145 0.044603
0 0.208413 0.128636 0.037951 0.054836
0 0.864686 0.411834 0.034064 0.042958
0 0.800488 0.700255 0.036682 0.051425
0 0.743996 0.773593 0.039847 0.048491
0 0.664700 0.263753 0.036521 0.048133
0 0.821976 0.236827 0.036441 0.046487
0 0.307777 0.227013 0.036361 0.044842
0 0.863828 0.452276 0.036521 0.048133
0 0.659153 0.388897 0.035092 0.041431
0 0.309269 0.184984 0.037550 0.046607
0 0.444336 0.282238 0.025198 0.042004
0 0.375047 0.903490 0.038658 0.046726
0 0.542397 0.670010 0.034064 0.042958
0 0.349338 0.402723 0.034225 0.046249
0 0.811741 0.446673 0.036361 0.044842
0 0.152122 0.254940 0.035253 0.044723
0 0.297967 0.393889 0.035333 0.046368
0 0.395869 0.487971 0.037470 0.044961
0 0.710605 0.396086 0.033984 0.041312
0 0.105984 0.115964 0.038899 0.051664
0 0.204673 0.216749 0.036441 0.046487
0 0.866813 0.368219 0.038738 0.048372
0 0.752143 0.606539 0.037550 0.046607
0 0.601642 0.505971 0.036602 0.049780
0 0.469231 0.285743 0.023850 0.036947
0 0.248956 0.348082 0.037630 0.048252
0 0.440162 0.367822 0.024877 0.035420
0 0.566445 0.165496 0.035574 0.051306
0 0.632191 0.930324 0.038899 0.051664
0 0.403816 0.325032 0.035253 0.044723
0 0.444920 0.532956 0.035253 0.044723
0 0.772098 0.185964 0.036682 0.051425
0 0.467264 0.326066 0.023930 0.038593
0 0.206720 0.174780 0.036361 0.044842
0 0.254278 0.261793 0.037711 0.049899
0 0.925745 0.199182 0.037791 0.051545
0 0.767339 0.317811 0.035253 0.044723
0 0.412364 0.149748 0.037871 0.053190
0 0.709113 0.438116 0.035493 0.049661
0 0.599868 0.553759 0.035493 0.049661
0 0.095389 0.333216 0.036521 0.048133
0 0.651046 0.555129 0.037309 0.041670
0 0.550544 0.502956 0.036200 0.041550
0 0.393822 0.529940 0.039766 0.046845
0 0.762257 0.399161 0.037550 0.046607
0 0.356073 0.276052 0.035172 0.043077
0 0.548538 0.544102 0.036521 0.048133
0 0.769850 0.232047 0.036521 0.048133
0 0.440232 0.617657 0.036441 0.046487
0 0.765372 0.358134 0.037550 0.046607
0 0.666787 0.220960 0.036361 0.044842
0 0.642506 0.718831 0.034385 0.049541
0 0.760170 0.441953 0.037711 0.049899
0 0.667412 0.173876 0.035493 0.049661
0 0.401849 0.365356 0.035172 0.043077
0 0.768871 0.274959 0.036521 0.048133
0 0.547084 0.585308 0.035253 0.044723
0 0.813788 0.404704 0.036602 0.049780
0 0.607582 0.384177 0.036280 0.043196
0 0.146881 0.339583 0.037711 0.049899
0 0.557502 0.337428 0.033904 0.039666
0 0.202466 0.262010 0.036521 0.048133
0 0.661080 0.349397 0.035253 0.044723
0 0.500152 0.451209 0.044279 0.048968
0 0.442319 0.574865 0.036441 0.046487
0 0.810763 0.489585 0.036361 0.044842
0 0.560962 0.255076 0.032956 0.042838
0 0.544484 0.627217 0.036441 0.046487
0 0.563049 0.212284 0.035333 0.046368
0 0.397876 0.446825 0.035253 0.044723
0 0.648566 0.594570 0.036361 0.044842
0 0.410157 0.195010 0.037470 0.044961
0 0.553963 0.421426 0.032956 0.042838
0 0.639744 0.764033 0.037630 0.048252
0 0.399368 0.404796 0.036280 0.043196
0 0.611041 0.301825 0.035493 0.049661
0 0.646872 0.640713 0.040007 0.051783
0 0.358160 0.233260 0.037711 0.049899
0 0.657701 0.430103 0.036521 0.048133
0 0.655059 0.472836 0.035253 0.044723
0 0.446927 0.491809 0.035253 0.044723
0 0.448419 0.449781 0.036441 0.046487
0 0.408030 0.238625 0.037711 0.049899
0 0.653013 0.514805 0.037550 0.046607
0 0.553024 0.463515 0.035253 0.044723
0 0.554902 0.379337 0.035413 0.048014
0 0.559469 0.297104 0.036521 0.048133
0 0.405268 0.283825 0.034145 0.044603
