0 0.516384 0.293837 0.031212 0.032268
0 0.509408 0.378615 0.028037 0.024237
0 0.512386 0.363998 0.029883 0.032146
0 0.478489 0.783273 0.025585 0.027109
0 0.519171 0.261963 0.032646 0.033947
0 0.508520 0.402042 0.026499 0.021000
0 0.791731 0.768777 0.035615 0.038863
0 0.507225 0.421515 0.029469 0.025916
0 0.737281 0.763022 0.030194 0.036820
0 0.845360 0.776809 0.028762 0.035142
0 0.699585 0.656142 0.033975 0.034069
0 0.709935 0.510550 0.040518 0.033117
0 0.712827 0.477119 0.039499 0.037670
0 0.260795 0.215645 0.037359 0.045217
0 0.739482 0.880765 0.037463 0.046774
0 0.708062 0.548776 0.040120 0.047017
0 0.717592 0.405461 0.039292 0.034554
0 0.140285 0.388791 0.040829 0.037791
0 0.142564 0.354520 0.040829 0.037791
0 0.794907 0.881908 0.043590 0.039591
0 0.521045 0.223737 0.031212 0.032268
0 0.715520 0.436616 0.039292 0.034554
0 0.799266 0.806296 0.039913 0.043901
0 0.797393 0.844522 0.043590 0.039591
0 0.706188 0.587003 0.040725 0.036234
0 0.196297 0.360993 0.036841 0.037427
0 0.522909 0.195697 0.031005 0.029152
0 0.743996 0.802815 0.035925 0.043537
0 0.702529 0.621932 0.040829 0.037791
0 0.742227 0.839484 0.039603 0.039227
0 0.850177 0.885389 0.045542 0.049059
0 0.146819 0.280464 0.039810 0.042343
0 0.137799 0.426177 0.038170 0.037549
0 0.825541 0.451365 0.039499 0.037670
0 0.854890 0.814509 0.042572 0.044144
0 0.143514 0.320127 0.038170 0.037549
0 0.199888 0.286878 0.039603 0.039227
0 0.697868 0.692032 0.043694 0.041150
0 0.198731 0.324386 0.036945 0.038984
0 0.835994 0.304216 0.040725 0.036234
0 0.827975 0.414757 0.039603 0.039227
0 0.203807 0.248054 0.039810 0.042343
0 0.777522 0.338841 0.041450 0.047138
0 0.833509 0.341603 0.040933 0.039349
0 0.837867 0.265989 0.042572 0.044144
0 0.829745 0.378089 0.041036 0.040907
0 0.720690 0.368914 0.043798 0.042707
0 0.722719 0.328351 0.042469 0.042586
0 0.518819 0.243125 0.027030 0.009498
