0 0.161838 0.151508 0.039555 0.049748
0 0.512990 0.345815 0.044179 0.037668
0 0.511500 0.375183 0.045512 0.041109
0 0.517180 0.277753 0.045158 0.036037
0 0.876834 0.302140 0.037080 0.029947
0 0.527359 0.147856 0.045272 0.037674
0 0.499604 0.529702 0.034334 0.037620
0 0.523971 0.180408 0.047712 0.041283
0 0.521688 0.213129 0.047255 0.034740
0 0.908636 0.598841 0.031475 0.043658
0 0.519406 0.245849 0.045957 0.047489
0 0.614599 0.346382 0.036010 0.045969
0 0.921188 0.394900 0.036887 0.042866
0 0.515450 0.310558 0.044966 0.048957
0 0.570132 0.255257 0.034448 0.039256
0 0.262210 0.209842 0.036010 0.045969
0 0.106925 0.186105 0.036887 0.042866
0 0.314157 0.217782 0.035782 0.042697
0 0.767446 0.373053 0.037115 0.046138
0 0.661920 0.396606 0.037115 0.046138
0 0.664831 0.354887 0.037229 0.047774
0 0.824393 0.293297 0.037458 0.051047
0 0.316742 0.172707 0.037914 0.057591
0 0.371713 0.137292 0.037343 0.049410
0 0.259243 0.252379 0.038450 0.049579
0 0.611689 0.388102 0.036124 0.047605
0 0.608721 0.430638 0.036124 0.047605
0 0.619868 0.262860 0.037572 0.052682
0 0.909718 0.559323 0.039212 0.044840
0 0.504700 0.448634 0.042642 0.046983
0 0.466418 0.284874 0.037229 0.047774
0 0.362525 0.268993 0.035019 0.047436
0 0.413919 0.276849 0.038335 0.047943
0 0.103957 0.228642 0.039783 0.053020
0 0.469117 0.238162 0.036467 0.052513
0 0.423106 0.145148 0.040888 0.053189
0 0.677920 0.183273 0.037229 0.047774
0 0.915976 0.477606 0.038107 0.044672
0 0.418920 0.189152 0.038221 0.046307
0 0.927009 0.311463 0.037115 0.046138
0 0.712818 0.403560 0.039440 0.048112
0 0.166197 0.105050 0.039669 0.051385
0 0.209769 0.200999 0.037001 0.044502
0 0.658400 0.439059 0.038221 0.046307
0 0.912571 0.518422 0.039440 0.048112
0 0.368574 0.182283 0.037229 0.047774
0 0.311246 0.259502 0.038564 0.051216
0 0.719915 0.317837 0.037343 0.049410
0 0.716396 0.360289 0.038450 0.049579
0 0.772390 0.286174 0.039555 0.049748
0 0.216923 0.114457 0.039669 0.051385
0 0.872819 0.343690 0.038792 0.054487
0 0.110617 0.141199 0.039020 0.057760
0 0.155675 0.239855 0.037343 0.049410
0 0.668179 0.314889 0.038221 0.046307
0 0.501676 0.491988 0.040546 0.048281
0 0.671203 0.271534 0.038335 0.047943
0 0.673619 0.228912 0.037229 0.047774
0 0.207240 0.245256 0.038564 0.051216
0 0.930585 0.268192 0.038564 0.051216
0 0.617338 0.307117 0.038221 0.046307
0 0.566555 0.298528 0.038564 0.051216
0 0.821254 0.338288 0.037343 0.049410
0 0.770413 0.330516 0.037343 0.049410
0 0.572052 0.211734 0.037914 0.057591
0 0.763983 0.414688 0.038335 0.047943
0 0.918392 0.434984 0.039440 0.048112
0 0.775853 0.244540 0.038335 0.047943
0 0.878754 0.258616 0.039020 0.057760
0 0.933781 0.222384 0.040774 0.051554
0 0.779601 0.198816 0.039669 0.051385
0 0.213175 0.160182 0.038335 0.047943
0 0.924041 0.354000 0.039555 0.049748
0 0.159309 0.195766 0.040660 0.049917
0 0.366103 0.225723 0.038450 0.049579
0 0.416943 0.233494 0.040660 0.049917
