0 0.650779 0.905815 0.033333 0.031351
0 0.723137 0.824736 0.038340 0.040100
0 0.874486 0.606101 0.040637 0.046621
0 0.674027 0.456199 0.037408 0.028078
0 0.770111 0.871057 0.037533 0.035464
0 0.362145 0.622755 0.036850 0.038213
0 0.351483 0.360538 0.037388 0.041304
0 0.285627 0.735077 0.038878 0.043190
0 0.108073 0.777084 0.038609 0.041645
0 0.594806 0.822958 0.026816 0.033944
0 0.470484 0.728323 0.025201 0.024672
0 0.448008 0.850052 0.026277 0.030853
0 0.485810 0.632953 0.023029 0.025537
0 0.878853 0.577345 0.038071 0.038554
0 0.623946 0.666632 0.025326 0.032058
0 0.444960 0.875644 0.028645 0.033778
0 0.650793 0.513992 0.022821 0.026479
0 0.645773 0.545653 0.024357 0.030567
0 0.640011 0.574076 0.021862 0.030974
0 0.634515 0.603798 0.022004 0.028456
0 0.630666 0.635979 0.023109 0.029867
0 0.676357 0.521732 0.021363 0.026439
0 0.671254 0.551960 0.018977 0.027611
0 0.521688 0.359644 0.032418 0.026098
0 0.514286 0.395898 0.033920 0.028722
0 0.496452 0.509534 0.037937 0.033444
0 0.491841 0.532122 0.034415 0.030565
0 0.488864 0.546570 0.033217 0.016883
0 0.497775 0.563063 0.023608 0.019392
0 0.496971 0.577753 0.026878 0.023229
0 0.464390 0.761701 0.024295 0.022803
0 0.474054 0.711496 0.022077 0.026741
0 0.480511 0.674411 0.024519 0.027423
0 0.483595 0.649347 0.021001 0.020561
0 0.663093 0.838769 0.038878 0.043190
0 0.242948 0.656739 0.035899 0.039419
0 0.328442 0.812643 0.038609 0.041645
0 0.324309 0.516603 0.034409 0.037532
0 0.248563 0.301039 0.041588 0.045416
0 0.684214 0.717472 0.041050 0.042326
0 0.571986 0.395325 0.040099 0.043530
0 0.398430 0.734144 0.035899 0.039419
0 0.626711 0.408162 0.038609 0.041645
0 0.460063 0.394883 0.038878 0.043190
0 0.232796 0.718716 0.039561 0.040440
0 0.587958 0.623376 0.037802 0.037009
0 0.557468 0.486059 0.037388 0.041304
0 0.411661 0.345733 0.038196 0.045940
0 0.200134 0.579174 0.036168 0.040963
0 0.679577 0.747773 0.039561 0.040440
0 0.227146 0.751166 0.037657 0.042849
0 0.571411 0.718405 0.040512 0.039235
0 0.576657 0.688274 0.038340 0.040100
0 0.593680 0.594188 0.039561 0.040440
0 0.178475 0.703561 0.038878 0.043190
0 0.404421 0.703411 0.037119 0.039759
0 0.673586 0.778507 0.038340 0.040100
0 0.188492 0.642356 0.037388 0.041304
0 0.211299 0.515048 0.035899 0.039419
0 0.302040 0.640821 0.038340 0.040100
0 0.549276 0.841850 0.039830 0.041985
0 0.231944 0.392807 0.037657 0.042849
0 0.258346 0.564630 0.037388 0.041304
0 0.427094 0.576875 0.037802 0.037009
0 0.410547 0.671904 0.038609 0.041645
0 0.194618 0.610850 0.038340 0.040100
0 0.172825 0.736010 0.038340 0.040100
0 0.544371 0.873697 0.038340 0.040100
0 0.606313 0.760548 0.031285 0.039601
0 0.760400 0.610728 0.036168 0.040963
0 0.135392 0.627541 0.041588 0.045416
0 0.620720 0.438896 0.036312 0.035123
0 0.610558 0.890543 0.025595 0.033603
0 0.550866 0.516621 0.036850 0.038213
0 0.399275 0.409518 0.039292 0.038894
0 0.835160 0.501154 0.037119 0.039759
0 0.372028 0.562322 0.035091 0.034783
0 0.605653 0.922390 0.030064 0.039261
0 0.577637 0.362876 0.037657 0.042849
0 0.466458 0.361832 0.040368 0.045075
0 0.388647 0.470553 0.039561 0.040440
0 0.394028 0.439649 0.039561 0.040440
0 0.140666 0.270126 0.038196 0.045940
0 0.808730 0.656616 0.035629 0.037873
0 0.781718 0.484624 0.040637 0.046621
0 0.813501 0.625543 0.034947 0.040623
0 0.215666 0.486291 0.036850 0.038213
0 0.318183 0.548109 0.033995 0.041827
0 0.863186 0.670999 0.042002 0.041121
0 0.476403 0.694329 0.022760 0.023991
0 0.269888 0.825471 0.035629 0.037873
0 0.808154 0.979697 0.039561 0.040440
0 0.335071 0.454795 0.034409 0.037532
0 0.286607 0.409679 0.039561 0.040440
0 0.445149 0.781933 0.036430 0.029128
0 0.503490 0.454229 0.038959 0.043653
0 0.525177 0.340705 0.038135 0.032250
0 0.442484 0.799263 0.034508 0.022433
0 0.303898 0.314047 0.039416 0.046280
0 0.437587 0.516612 0.035899 0.039419
0 0.554657 0.810946 0.039830 0.041985
0 0.381883 0.829173 0.035091 0.034783
0 0.339204 0.750835 0.038609 0.041645
0 0.823719 0.890308 0.039103 0.037813
0 0.520644 0.377030 0.035970 0.027825
0 0.818212 0.918259 0.040055 0.036608
0 0.156292 0.503833 0.036285 0.034969
0 0.699512 0.949386 0.041464 0.038031
0 0.465666 0.744963 0.025938 0.022232
0 0.376879 0.857914 0.038286 0.039790
0 0.510401 0.421889 0.038878 0.043190
0 0.559563 0.779099 0.040781 0.040781
0 0.609213 0.501306 0.038878 0.043190
0 0.339842 0.423721 0.038609 0.041645
0 0.704651 0.919873 0.039507 0.040131
0 0.834355 0.825549 0.038152 0.039018
0 0.754906 0.965732 0.040485 0.039081
0 0.829069 0.855911 0.038878 0.043190
0 0.839543 0.795757 0.038313 0.039944
0 0.333347 0.780796 0.039023 0.037349
0 0.281099 0.764760 0.038969 0.037041
0 0.377616 0.533906 0.037119 0.039759
0 0.605052 0.532550 0.035360 0.036328
0 0.351114 0.686107 0.039830 0.041985
0 0.269243 0.502049 0.037657 0.042849
0 0.290739 0.705718 0.038340 0.040100
0 0.240626 0.346622 0.042107 0.061732
0 0.637732 0.734478 0.024519 0.027423
0 0.135285 0.301029 0.036581 0.036668
0 0.775968 0.841096 0.039561 0.040440
0 0.748417 0.672195 0.038609 0.041645
0 0.765306 0.578881 0.034140 0.035987
0 0.112853 0.753304 0.040099 0.043530
0 0.812449 0.947680 0.039830 0.041985
0 0.858415 0.702074 0.038340 0.040100
0 0.798237 0.716879 0.039147 0.044734
0 0.781959 0.810363 0.038340 0.040100
0 0.081608 0.609295 0.037388 0.041304
0 0.646681 0.933025 0.038878 0.043190
0 0.711729 0.563123 0.030891 0.030670
0 0.716804 0.853754 0.041319 0.043871
0 0.758945 0.935182 0.040781 0.040781
0 0.346030 0.388182 0.036706 0.044053
0 0.140700 0.593376 0.039830 0.041985
0 0.830120 0.533774 0.035899 0.039419
0 0.313009 0.581501 0.037388 0.041304
0 0.189606 0.316185 0.035899 0.039419
0 0.727028 0.795037 0.038340 0.040100
0 0.415318 0.640830 0.036850 0.038213
0 0.161821 0.472079 0.038196 0.045940
0 0.307286 0.610689 0.038071 0.038554
0 0.129400 0.658275 0.039292 0.038894
0 0.589694 0.852316 0.026816 0.033944
0 0.792721 0.748556 0.040781 0.040781
0 0.626970 0.796286 0.025057 0.030512
0 0.617820 0.698137 0.026277 0.030853
0 0.644165 0.381437 0.028036 0.034284
0 0.697265 0.396252 0.026816 0.033944
0 0.053079 0.765791 0.039561 0.040440
0 0.695990 0.653516 0.037119 0.039759
0 0.851948 0.731864 0.041050 0.042326
0 0.546095 0.547696 0.036168 0.040963
0 0.803008 0.685804 0.034409 0.037532
0 0.280615 0.440412 0.041319 0.043871
0 0.622065 0.828133 0.024105 0.031718
0 0.086514 0.577448 0.038878 0.043190
0 0.732274 0.764905 0.038609 0.041645
0 0.690950 0.686136 0.038340 0.040100
0 0.068746 0.672137 0.035629 0.037873
0 0.846774 0.765256 0.040099 0.043530
0 0.672717 0.390213 0.028988 0.033080
0 0.738400 0.733400 0.037657 0.042849
0 0.275234 0.471316 0.037802 0.037009
0 0.824873 0.563905 0.038609 0.041645
0 0.764865 0.901188 0.041858 0.046962
0 0.539700 0.580747 0.034678 0.039078
0 0.129697 0.329445 0.038609 0.041645
0 0.329483 0.483211 0.036437 0.042508
0 0.577308 0.916101 0.026547 0.032399
0 0.108648 0.454004 0.036581 0.036668
0 0.091284 0.546375 0.039561 0.040440
0 0.124899 0.687803 0.041050 0.042326
0 0.771163 0.548919 0.036168 0.040963
0 0.743171 0.702325 0.040781 0.040781
0 0.643724 0.703744 0.026816 0.033944
0 0.174207 0.408294 0.037388 0.041304
0 0.600860 0.788191 0.026008 0.029308
0 0.449094 0.454203 0.036850 0.038213
0 0.787475 0.778686 0.041050 0.042326
0 0.660208 0.612749 0.025057 0.030512
0 0.194852 0.286054 0.036168 0.040963
0 0.221154 0.781900 0.035360 0.036328
0 0.583972 0.881505 0.025057 0.030512
0 0.145337 0.563075 0.038340 0.040100
0 0.561494 0.455586 0.037119 0.039759
0 0.649581 0.673784 0.025864 0.035148
0 0.248463 0.625063 0.035629 0.037873
0 0.679884 0.426238 0.038609 0.041645
0 0.819016 0.593866 0.037657 0.042849
0 0.883696 0.549531 0.041050 0.042326
0 0.655841 0.641505 0.024105 0.031718
0 0.064720 0.702609 0.038340 0.040100
0 0.075348 0.641574 0.038609 0.041645
0 0.710885 0.887749 0.038878 0.043190
0 0.664503 0.580732 0.025326 0.032058
0 0.669695 0.808206 0.037802 0.037009
0 0.420565 0.610699 0.038196 0.045940
0 0.701102 0.624158 0.037119 0.039759
0 0.297638 0.346326 0.037119 0.039759
0 0.610473 0.729303 0.027767 0.032739
0 0.119383 0.719480 0.040781 0.040781
0 0.776068 0.517073 0.037119 0.039759
0 0.123436 0.361724 0.036850 0.038213
0 0.274865 0.796885 0.038878 0.043190
0 0.367868 0.593566 0.038609 0.041645
0 0.117579 0.391685 0.035899 0.039419
0 0.722833 0.503031 0.036168 0.040963
0 0.291988 0.378775 0.037657 0.042849
0 0.161318 0.798421 0.039292 0.038894
0 0.867957 0.639925 0.041319 0.043871
0 0.669050 0.484784 0.040368 0.045075
0 0.632827 0.766324 0.027085 0.035489
0 0.344719 0.719158 0.035899 0.039419
0 0.356020 0.654260 0.041319 0.043871
0 0.058595 0.734115 0.039830 0.041985
0 0.405401 0.378012 0.038340 0.040100
0 0.755630 0.641801 0.036850 0.038213
0 0.168961 0.438425 0.039561 0.040440
0 0.393049 0.765048 0.035899 0.039419
0 0.717586 0.533162 0.035899 0.039419
0 0.454682 0.425786 0.038340 0.040100
0 0.616415 0.860581 0.026547 0.032399
0 0.357340 0.330578 0.038340 0.040100
0 0.096531 0.516243 0.036850 0.038213
0 0.566605 0.426228 0.037119 0.039759
0 0.615473 0.469027 0.034678 0.039078
0 0.323060 0.843547 0.038071 0.038554
0 0.183111 0.673260 0.036850 0.038213
0 0.150242 0.531228 0.039830 0.041985
0 0.178233 0.377822 0.037119 0.039759
0 0.103402 0.484134 0.040368 0.045075
0 0.442968 0.485708 0.033995 0.041827
0 0.252965 0.595533 0.037388 0.041304
0 0.890702 0.516650 0.039416 0.046280
0 0.166699 0.767517 0.037388 0.041304
0 0.184225 0.347089 0.038340 0.040100
0 0.728886 0.468264 0.041319 0.043871
0 0.227173 0.423882 0.038340 0.040100
0 0.113419 0.422929 0.035899 0.039419
0 0.216042 0.811258 0.038878 0.043190
0 0.538855 0.905373 0.041050 0.042326
0 0.566299 0.747763 0.041050 0.042326
0 0.297134 0.672667 0.039830 0.041985
0 0.383266 0.501457 0.039561 0.040440
0 0.598927 0.564056 0.039830 0.041985
0 0.205784 0.546724 0.036168 0.040963
0 0.263862 0.532953 0.037119 0.039759
0 0.582173 0.656597 0.039147 0.044734
0 0.387264 0.798269 0.039147 0.044734
0 0.656905 0.874309 0.038878 0.043190
0 0.707093 0.593424 0.038878 0.043190
0 0.221658 0.455559 0.038609 0.041645
0 0.432682 0.548459 0.037388 0.041304
0 0.237567 0.687643 0.038878 0.043190
