0 0.406667 0.706843 0.037333 0.038880
0 0.338667 0.706843 0.026667 0.035770
0 0.115333 0.451011 0.028000 0.034215
0 0.408667 0.344479 0.036000 0.038880
0 0.128000 0.597201 0.040000 0.034215
0 0.406000 0.886470 0.038667 0.037325
0 0.705333 0.705288 0.037333 0.035770
0 0.707333 0.633748 0.038667 0.038880
0 0.143333 0.376361 0.028000 0.034215
0 0.184667 0.705288 0.036000 0.032659
0 0.116000 0.377138 0.026667 0.035770
0 0.115333 0.304821 0.030667 0.037325
0 0.240000 0.523328 0.034667 0.032659
0 0.870000 0.451011 0.038667 0.037325
0 0.868667 0.562208 0.038667 0.035770
0 0.406667 0.415241 0.034667 0.034215
0 0.460000 0.560653 0.034667 0.032659
0 0.295333 0.667963 0.036000 0.032659
0 0.760667 0.345257 0.036000 0.034215
0 0.352667 0.562986 0.036000 0.034215
0 0.705333 0.558320 0.034667 0.037325
0 0.814000 0.384914 0.041333 0.035770
0 0.353333 0.345257 0.034667 0.037325
0 0.814000 0.347589 0.038667 0.038880
0 0.460667 0.379471 0.033333 0.037325
0 0.128000 0.559876 0.040000 0.037325
0 0.544667 0.343701 0.036000 0.031104
0 0.295333 0.704510 0.036000 0.037325
0 0.705333 0.417574 0.034667 0.038880
0 0.352000 0.416796 0.034667 0.034215
0 0.760000 0.487558 0.034667 0.032659
0 0.814000 0.525661 0.038667 0.037325
0 0.868667 0.488336 0.038667 0.034215
0 0.758667 0.596423 0.037333 0.035770
0 0.462000 0.632970 0.038667 0.034215
0 0.598000 0.307154 0.033333 0.032659
0 0.407333 0.524883 0.036000 0.035770
0 0.706000 0.671073 0.036000 0.032659
0 0.706000 0.524106 0.033333 0.031104
0 0.651333 0.306376 0.036000 0.040435
0 0.596000 0.705288 0.037333 0.035770
0 0.240000 0.706843 0.040000 0.038880
0 0.184000 0.562208 0.040000 0.035770
0 0.544667 0.377138 0.033333 0.032659
0 0.540667 0.704510 0.036000 0.034215
0 0.143333 0.450233 0.028000 0.035770
0 0.815333 0.452566 0.036000 0.034215
0 0.596667 0.632970 0.030667 0.034215
0 0.544000 0.521773 0.034667 0.032659
0 0.759333 0.451788 0.036000 0.035770
0 0.651333 0.524883 0.033333 0.032659
0 0.296000 0.560653 0.037333 0.032659
0 0.870000 0.308709 0.038667 0.038880
0 0.544000 0.486003 0.032000 0.032659
0 0.704667 0.595645 0.036000 0.034215
0 0.350667 0.490669 0.037333 0.038880
0 0.184000 0.633748 0.040000 0.038880
0 0.184000 0.488336 0.034667 0.037325
0 0.544000 0.413686 0.037333 0.037325
0 0.240000 0.414463 0.040000 0.038880
0 0.298000 0.303266 0.038667 0.040435
0 0.364667 0.741058 0.025333 0.029549
0 0.459333 0.305599 0.036000 0.038880
0 0.172000 0.888025 0.029333 0.034215
0 0.183333 0.814930 0.038667 0.037325
0 0.407333 0.741835 0.033333 0.031104
0 0.867333 0.885692 0.038667 0.032659
0 0.505333 0.777605 0.024000 0.027994
0 0.868000 0.849145 0.037333 0.034215
0 0.296667 0.849145 0.036000 0.034215
0 0.115333 0.340591 0.028000 0.031104
0 0.296000 0.816485 0.037333 0.034215
0 0.364000 0.777605 0.026667 0.034215
0 0.337333 0.778383 0.026667 0.032659
0 0.502000 0.193624 0.033333 0.026439
0 0.351333 0.527216 0.036000 0.037325
0 0.184000 0.852255 0.040000 0.037325
0 0.706000 0.846812 0.036000 0.035770
0 0.294667 0.884137 0.040000 0.035770
0 0.128000 0.702177 0.034667 0.032659
0 0.500000 0.432348 0.029333 0.034215
0 0.140667 0.487558 0.028000 0.029549
0 0.127333 0.778383 0.038667 0.038880
0 0.868000 0.813375 0.040000 0.037325
0 0.867333 0.525661 0.033333 0.037325
0 0.406667 0.849922 0.037333 0.035770
0 0.706000 0.741835 0.036000 0.037325
0 0.459333 0.778383 0.036000 0.032659
0 0.184000 0.597201 0.037333 0.034215
0 0.869333 0.704510 0.040000 0.037325
0 0.142667 0.304044 0.026667 0.032659
0 0.542667 0.597201 0.034667 0.034215
0 0.407333 0.668740 0.038667 0.037325
0 0.185333 0.415241 0.037333 0.037325
0 0.298000 0.266719 0.036000 0.023328
0 0.197333 0.888802 0.026667 0.029549
0 0.546000 0.269051 0.033333 0.021773
0 0.186000 0.265941 0.036000 0.024883
0 0.870000 0.344479 0.038667 0.023328
0 0.760000 0.270607 0.037333 0.024883
0 0.128000 0.737947 0.037333 0.038880
0 0.406000 0.814152 0.036000 0.032659
0 0.502000 0.222395 0.033333 0.031104
0 0.758000 0.849145 0.038667 0.037325
0 0.184000 0.526439 0.040000 0.035770
0 0.501333 0.398134 0.029333 0.027994
0 0.868667 0.776827 0.038667 0.032659
0 0.459333 0.811820 0.036000 0.031104
0 0.650667 0.884914 0.034667 0.031104
0 0.296667 0.741835 0.036000 0.031104
0 0.502667 0.363919 0.032000 0.037325
0 0.542667 0.630638 0.034667 0.032659
0 0.184000 0.777605 0.037333 0.034215
0 0.869333 0.416796 0.034667 0.031104
0 0.541333 0.849145 0.034667 0.031104
0 0.337333 0.742613 0.026667 0.032659
0 0.758667 0.632193 0.034667 0.035770
0 0.703333 0.812597 0.036000 0.032659
0 0.351333 0.633748 0.038667 0.038880
0 0.541333 0.883359 0.037333 0.031104
0 0.706000 0.884137 0.038667 0.035770
0 0.296000 0.634526 0.037333 0.034215
0 0.459333 0.846812 0.036000 0.038880
0 0.759333 0.741058 0.036000 0.035770
0 0.142667 0.412908 0.026667 0.029549
0 0.128667 0.632970 0.038667 0.034215
0 0.184667 0.741058 0.038667 0.038880
0 0.759333 0.704510 0.036000 0.034215
0 0.814667 0.419129 0.037333 0.029549
0 0.294667 0.776827 0.037333 0.038880
0 0.596667 0.742613 0.033333 0.038880
0 0.240000 0.633748 0.037333 0.035770
0 0.352000 0.670295 0.037333 0.031104
0 0.116000 0.414463 0.026667 0.029549
0 0.365333 0.706065 0.026667 0.034215
0 0.407333 0.634526 0.036000 0.034215
0 0.868667 0.667963 0.038667 0.035770
0 0.542667 0.740280 0.037333 0.037325
0 0.460667 0.667185 0.038667 0.034215
0 0.704667 0.778383 0.036000 0.032659
0 0.651333 0.778383 0.036000 0.035770
0 0.650667 0.850700 0.034667 0.037325
0 0.868667 0.632193 0.036000 0.032659
0 0.296000 0.524106 0.032000 0.031104
0 0.128000 0.521773 0.037333 0.035770
0 0.758667 0.813375 0.037333 0.034215
0 0.759333 0.778383 0.036000 0.035770
0 0.460000 0.886470 0.034667 0.034215
0 0.650667 0.812597 0.037333 0.035770
0 0.867333 0.597978 0.036000 0.035770
0 0.814000 0.307932 0.036000 0.040435
0 0.540667 0.812597 0.036000 0.038880
0 0.502000 0.291602 0.030667 0.032659
0 0.459333 0.742613 0.038667 0.038880
0 0.406667 0.776827 0.037333 0.035770
0 0.128000 0.667963 0.037333 0.035770
0 0.184000 0.670295 0.037333 0.034215
0 0.758667 0.885692 0.037333 0.032659
0 0.759333 0.668740 0.036000 0.037325
0 0.458000 0.453344 0.030667 0.035770
0 0.142667 0.340591 0.026667 0.031104
0 0.651333 0.559876 0.033333 0.031104
0 0.542667 0.776050 0.034667 0.034215
0 0.652000 0.738725 0.037333 0.040435
0 0.868667 0.740280 0.041333 0.037325
0 0.240000 0.339813 0.037333 0.035770
0 0.350667 0.307154 0.034667 0.038880
0 0.706000 0.489114 0.036000 0.032659
0 0.869333 0.381026 0.040000 0.037325
0 0.241333 0.452566 0.037333 0.034215
0 0.458667 0.703733 0.037333 0.035770
0 0.240000 0.669518 0.037333 0.035770
0 0.184667 0.451788 0.036000 0.035770
0 0.597333 0.379471 0.034667 0.034215
0 0.651333 0.343701 0.038667 0.034215
0 0.240000 0.597978 0.034667 0.032659
0 0.406667 0.489891 0.034667 0.034215
0 0.352000 0.597978 0.037333 0.032659
0 0.760667 0.307154 0.036000 0.038880
0 0.352000 0.452566 0.037333 0.034215
0 0.652000 0.452566 0.034667 0.034215
0 0.460000 0.525661 0.034667 0.034215
0 0.706000 0.307932 0.033333 0.040435
0 0.296000 0.490669 0.037333 0.035770
0 0.706000 0.346034 0.036000 0.035770
0 0.650667 0.597201 0.037333 0.040435
0 0.759333 0.381026 0.036000 0.037325
0 0.458667 0.489891 0.034667 0.034215
0 0.407333 0.381804 0.036000 0.035770
0 0.813333 0.488336 0.040000 0.037325
0 0.406667 0.452566 0.034667 0.037325
0 0.240000 0.304821 0.037333 0.034215
0 0.758667 0.416796 0.037333 0.034215
0 0.650667 0.379471 0.037333 0.034215
0 0.240000 0.376361 0.034667 0.037325
0 0.502000 0.258165 0.033333 0.034215
0 0.460000 0.343701 0.037333 0.034215
0 0.544000 0.453344 0.034667 0.035770
0 0.597333 0.597978 0.034667 0.035770
0 0.705333 0.454899 0.037333 0.035770
0 0.407333 0.304044 0.036000 0.038880
0 0.705333 0.381804 0.034667 0.032659
0 0.458667 0.416796 0.034667 0.034215
0 0.407333 0.598756 0.033333 0.037325
0 0.542667 0.667185 0.037333 0.037325
0 0.758667 0.558320 0.040000 0.037325
0 0.185333 0.340591 0.037333 0.034215
0 0.598000 0.342924 0.036000 0.035770
0 0.240000 0.488336 0.037333 0.037325
0 0.760000 0.522551 0.037333 0.034215
0 0.297333 0.450233 0.037333 0.035770
0 0.596000 0.489114 0.037333 0.035770
0 0.406667 0.561431 0.037333 0.034215
0 0.352667 0.381804 0.036000 0.035770
0 0.296667 0.381026 0.038667 0.034215
0 0.544667 0.307154 0.036000 0.038880
0 0.295333 0.597978 0.036000 0.035770
0 0.597333 0.413686 0.037333 0.034215
0 0.297333 0.416019 0.037333 0.032659
0 0.460000 0.595645 0.037333 0.037325
0 0.596000 0.451788 0.040000 0.038880
0 0.544000 0.561431 0.037333 0.037325
0 0.596667 0.524883 0.036000 0.032659
0 0.238667 0.559876 0.037333 0.040435
0 0.651333 0.488336 0.038667 0.037325
0 0.596667 0.561431 0.036000 0.037325
0 0.596000 0.668740 0.037333 0.037325
0 0.184667 0.304044 0.033333 0.038880
0 0.650667 0.416019 0.037333 0.035770
0 0.297333 0.344479 0.037333 0.038880
0 0.186000 0.377138 0.036000 0.035770
