0 0.825927 0.862662 0.026981 0.041230
0 0.849808 0.909933 0.027552 0.038401
0 0.118621 0.482712 0.026154 0.042456
0 0.654323 0.459127 0.023227 0.036889
0 0.125119 0.441822 0.025390 0.037645
0 0.400643 0.715789 0.027490 0.044437
0 0.866563 0.958947 0.027236 0.042834
0 0.105657 0.567889 0.029398 0.043590
0 0.382455 0.833838 0.028317 0.043212
0 0.112823 0.526385 0.028317 0.043212
0 0.872806 0.919659 0.026981 0.041230
0 0.399909 0.885634 0.027236 0.042834
0 0.370783 0.663044 0.043079 0.058970
0 0.424977 0.724290 0.025899 0.040852
0 0.421634 0.418463 0.027490 0.044437
0 0.559016 0.146562 0.052365 0.053127
0 0.405835 0.841160 0.027490 0.044437
0 0.132570 0.402111 0.025390 0.037645
0 0.873766 0.407151 0.025390 0.037645
0 0.532485 0.309934 0.049120 0.051993
0 0.911122 0.674931 0.027807 0.040005
0 0.671746 0.507527 0.028062 0.041608
0 0.803343 0.853927 0.026726 0.039627
0 0.138110 0.536066 0.029653 0.045193
0 0.395196 0.753661 0.027807 0.040005
0 0.124320 0.619261 0.028572 0.044815
0 0.151808 0.281044 0.025135 0.036042
0 0.797100 0.893213 0.026981 0.041230
0 0.771372 0.541483 0.028317 0.043212
0 0.418910 0.679857 0.043651 0.056141
0 0.145025 0.320141 0.026981 0.041230
0 0.427336 0.378987 0.027807 0.040005
0 0.250029 0.661483 0.025899 0.040852
0 0.169644 0.330435 0.027490 0.044437
0 0.143241 0.493006 0.030481 0.043968
0 0.277135 0.325671 0.025390 0.037645
0 0.269970 0.367174 0.026981 0.041230
0 0.890266 0.457768 0.029398 0.043590
0 0.904278 0.545598 0.025645 0.039249
0 0.246018 0.356268 0.025645 0.039249
0 0.497958 0.527214 0.035888 0.045857
0 0.541723 0.244613 0.049885 0.056804
0 0.139227 0.363815 0.029653 0.045193
0 0.066627 0.558485 0.042570 0.055763
0 0.422478 0.334129 0.041998 0.058593
0 0.170202 0.244309 0.040406 0.055007
0 0.893032 0.627143 0.026981 0.041230
0 0.647540 0.498224 0.024563 0.038871
0 0.217623 0.610387 0.044415 0.060951
0 0.923036 0.592772 0.025645 0.039249
0 0.841726 0.439965 0.024308 0.037267
0 0.166793 0.592631 0.039070 0.053026
0 0.156109 0.412026 0.028062 0.041608
0 0.870946 0.834382 0.042570 0.055763
0 0.225044 0.567281 0.040151 0.053404
0 0.125329 0.185473 0.038560 0.049819
0 0.817392 0.431465 0.025390 0.037645
0 0.777233 0.504602 0.027807 0.040005
0 0.929851 0.557070 0.025390 0.037645
0 0.847014 0.399499 0.026981 0.041230
0 0.219570 0.264093 0.040151 0.053404
0 0.671027 0.767083 0.042762 0.063403
0 0.722112 0.783236 0.041233 0.053782
0 0.234696 0.179672 0.041743 0.056989
0 0.275333 0.584849 0.039070 0.053026
0 0.878111 0.792878 0.040979 0.052178
0 0.425662 0.637363 0.041233 0.053782
0 0.898035 0.584885 0.030735 0.045571
0 0.282595 0.539147 0.041998 0.058593
0 0.642047 0.281352 0.039070 0.053026
0 0.176032 0.204032 0.038815 0.051422
0 0.922702 0.512259 0.038815 0.051422
0 0.918161 0.634229 0.029143 0.041986
0 0.821324 0.816201 0.040661 0.056611
0 0.325496 0.603218 0.039896 0.051800
0 0.174627 0.550514 0.039324 0.054630
0 0.253215 0.318160 0.028317 0.043212
0 0.183197 0.162528 0.042570 0.055763
0 0.620197 0.749326 0.041743 0.056989
0 0.079973 0.470904 0.044415 0.060951
0 0.677989 0.468241 0.027807 0.040005
0 0.376199 0.621776 0.039641 0.050197
0 0.072839 0.515803 0.041233 0.053782
0 0.181761 0.505615 0.039834 0.057837
0 0.728068 0.742157 0.039896 0.051800
0 0.277947 0.237941 0.038305 0.048215
0 0.578636 0.346367 0.039896 0.051800
0 0.433082 0.594256 0.042824 0.057367
0 0.119117 0.228156 0.044732 0.056519
0 0.684786 0.680492 0.041743 0.056989
0 0.671922 0.423808 0.041743 0.056989
0 0.770525 0.801841 0.041743 0.056989
0 0.327855 0.257915 0.039641 0.050197
0 0.428434 0.293051 0.039641 0.050197
0 0.382379 0.575698 0.041425 0.061422
0 0.232051 0.523183 0.043079 0.058970
0 0.271195 0.280436 0.043906 0.057745
0 0.377731 0.274492 0.039896 0.051800
0 0.586087 0.306656 0.037733 0.051045
0 0.318331 0.644721 0.041488 0.055385
0 0.635964 0.323233 0.039641 0.050197
0 0.131954 0.143781 0.044415 0.060951
0 0.627617 0.706219 0.040151 0.053404
0 0.226862 0.221789 0.040979 0.052178
0 0.777691 0.760338 0.040151 0.053404
0 0.635038 0.663113 0.041743 0.056989
0 0.284317 0.197853 0.041488 0.055385
0 0.334066 0.215232 0.039324 0.054630
0 0.827281 0.775122 0.038815 0.051422
0 0.435187 0.250556 0.040915 0.058214
0 0.935284 0.429488 0.042824 0.057367
0 0.885118 0.748782 0.041743 0.056989
0 0.833620 0.731638 0.040406 0.055007
0 0.649851 0.235841 0.038753 0.057459
0 0.370852 0.317788 0.041425 0.061422
0 0.734408 0.698673 0.041998 0.058593
0 0.772215 0.457150 0.043334 0.060573
0 0.785083 0.376171 0.040406 0.055007
0 0.510954 0.445433 0.048231 0.059256
0 0.479393 0.310006 0.039896 0.051800
0 0.333299 0.557706 0.042253 0.060196
0 0.685840 0.339811 0.040406 0.055007
0 0.928532 0.471982 0.039896 0.051800
0 0.383944 0.231809 0.041743 0.056989
0 0.678420 0.382917 0.038815 0.051422
0 0.486145 0.267511 0.040151 0.053404
0 0.785366 0.715627 0.039579 0.056234
0 0.734507 0.356812 0.040406 0.055007
0 0.629211 0.365727 0.040406 0.055007
0 0.727628 0.400107 0.039896 0.051800
0 0.720875 0.442601 0.040661 0.056611
0 0.593635 0.262747 0.039579 0.056234
0 0.504074 0.488729 0.045559 0.055293
0 0.537453 0.278665 0.045683 0.043220
0 0.051930 0.719222 0.034489 0.049911
0 0.476445 0.738037 0.025135 0.036042
0 0.376244 0.876522 0.026981 0.041230
0 0.842357 0.949644 0.028062 0.041608
0 0.389367 0.793939 0.029398 0.043590
0 0.066262 0.636215 0.031817 0.045949
0 0.099827 0.608166 0.025645 0.039249
0 0.786110 0.973156 0.027807 0.040005
0 0.836272 0.985266 0.029143 0.029468
0 0.878794 0.881976 0.027236 0.042834
0 0.071326 0.600748 0.027552 0.038401
0 0.368954 0.742802 0.028889 0.040382
0 0.820098 0.902940 0.025899 0.040852
0 0.897018 0.415274 0.026471 0.038023
0 0.419657 0.761360 0.026471 0.038023
0 0.834943 0.479063 0.027807 0.040005
0 0.572551 0.388248 0.039959 0.045764
0 0.176968 0.291525 0.024563 0.038871
0 0.322153 0.297391 0.041488 0.055385
0 0.791939 0.932878 0.028889 0.040382
0 0.149739 0.452115 0.027552 0.038401
0 0.243914 0.699967 0.025899 0.040852
0 0.268963 0.624937 0.041233 0.053782
0 0.809520 0.981723 0.025899 0.036554
0 0.522420 0.373274 0.048356 0.047183
0 0.269869 0.709034 0.025390 0.037645
0 0.372652 0.705164 0.031052 0.041138
0 0.527675 0.343797 0.047019 0.045201
0 0.547615 0.211128 0.051091 0.045109
0 0.477920 0.355190 0.028572 0.044815
0 0.778276 0.997234 0.028062 0.005533
0 0.822523 0.388404 0.026726 0.039627
0 0.860478 0.989610 0.028317 0.020779
0 0.276112 0.669748 0.025135 0.036042
0 0.855510 0.870457 0.028889 0.040382
0 0.130277 0.578181 0.027236 0.042834
0 0.553124 0.180048 0.049120 0.051993
