0 0.503857 0.438069 0.030010 0.036412
0 0.504542 0.402420 0.029951 0.033311
0 0.358412 0.268360 0.036497 0.027285
0 0.132558 0.257842 0.037770 0.024219
0 0.702608 0.748733 0.036438 0.024185
0 0.507973 0.293178 0.027137 0.025492
0 0.507256 0.365271 0.028559 0.030177
0 0.712991 0.277567 0.036438 0.024185
0 0.550365 0.273344 0.036378 0.021085
0 0.354237 0.416350 0.036705 0.038134
0 0.347307 0.707716 0.036646 0.035035
0 0.811196 0.823664 0.037979 0.035070
0 0.292002 0.705504 0.038008 0.036619
0 0.811900 0.752346 0.036705 0.038134
0 0.539348 0.708050 0.039372 0.038204
0 0.865117 0.897950 0.041978 0.035174
0 0.811200 0.788771 0.036676 0.036585
0 0.240211 0.520393 0.036527 0.028835
0 0.546870 0.420577 0.038008 0.036619
0 0.537235 0.818100 0.036705 0.038134
0 0.119273 0.880133 0.040764 0.041338
0 0.344602 0.813873 0.038008 0.036619
0 0.646526 0.821713 0.036557 0.030384
0 0.872741 0.466257 0.035283 0.033450
0 0.234629 0.811017 0.039402 0.039754
0 0.289933 0.813230 0.040704 0.038238
0 0.540714 0.671643 0.037949 0.033519
0 0.122035 0.805768 0.038038 0.038169
0 0.236668 0.704843 0.039372 0.038204
0 0.864438 0.863816 0.039312 0.035104
0 0.874155 0.392633 0.035373 0.038100
0 0.298298 0.377679 0.037979 0.035070
0 0.235284 0.776918 0.036616 0.033484
0 0.647211 0.786064 0.039402 0.039754
0 0.645202 0.890689 0.039312 0.035104
0 0.349450 0.596116 0.036646 0.035035
0 0.649280 0.678339 0.039312 0.035104
0 0.351486 0.524833 0.035373 0.038100
0 0.813280 0.715164 0.040645 0.035139
0 0.649298 0.642671 0.038038 0.038169
0 0.290666 0.740361 0.036705 0.038134
0 0.815353 0.572546 0.036646 0.035035
0 0.868555 0.718925 0.039342 0.036654
0 0.650712 0.569046 0.037949 0.033519
0 0.128926 0.446942 0.038008 0.036619
0 0.871294 0.576325 0.036735 0.039685
0 0.459459 0.527636 0.035313 0.035000
0 0.291300 0.776822 0.036616 0.033484
0 0.538571 0.783243 0.037949 0.033519
0 0.818073 0.465613 0.037979 0.035070
0 0.702620 0.782850 0.038068 0.039720
0 0.763495 0.460319 0.035283 0.033450
0 0.356332 0.341967 0.038038 0.038169
0 0.235302 0.741250 0.038008 0.036619
0 0.543402 0.601152 0.035313 0.035000
0 0.867940 0.646798 0.038038 0.038169
0 0.406058 0.599912 0.038068 0.039720
0 0.124041 0.736035 0.039372 0.038204
0 0.549695 0.308219 0.034039 0.038065
0 0.650042 0.603921 0.035373 0.038100
0 0.820156 0.357113 0.037979 0.035070
0 0.125554 0.553083 0.038038 0.038169
0 0.763527 0.423876 0.039372 0.038204
0 0.814619 0.645413 0.037979 0.035070
0 0.764167 0.390552 0.036616 0.033484
0 0.301045 0.304088 0.038008 0.036619
0 0.244419 0.335960 0.038038 0.038169
0 0.131781 0.333035 0.039312 0.035104
0 0.704677 0.641008 0.039312 0.035104
0 0.759952 0.644769 0.038068 0.039720
0 0.459441 0.563304 0.036705 0.038134
0 0.187008 0.374014 0.039342 0.036654
0 0.458708 0.636171 0.038038 0.038169
0 0.653492 0.459014 0.036616 0.033484
0 0.710214 0.352708 0.036705 0.038134
0 0.292705 0.634187 0.039402 0.039754
0 0.188452 0.298839 0.039372 0.038204
0 0.129670 0.408192 0.040734 0.039789
0 0.291354 0.669820 0.038008 0.036619
0 0.294116 0.595454 0.038068 0.039720
0 0.599509 0.422719 0.036705 0.038134
0 0.703326 0.676641 0.038038 0.038169
0 0.240851 0.487067 0.036676 0.036585
0 0.708779 0.496892 0.036646 0.035035
0 0.125491 0.591075 0.039342 0.036654
0 0.706757 0.567400 0.035343 0.036550
0 0.123426 0.663908 0.038008 0.036619
0 0.814668 0.608196 0.039372 0.038204
0 0.242294 0.411893 0.039312 0.035104
0 0.237398 0.666867 0.039402 0.039754
0 0.873389 0.501942 0.038068 0.039720
0 0.348721 0.634090 0.036676 0.036585
0 0.408190 0.454194 0.034009 0.036515
0 0.657623 0.313348 0.036676 0.036585
0 0.703277 0.713858 0.039372 0.038204
0 0.350120 0.561240 0.033950 0.033415
0 0.124776 0.628275 0.036676 0.036585
0 0.357046 0.304767 0.035373 0.038100
0 0.655542 0.386956 0.037979 0.035070
0 0.545489 0.457759 0.033950 0.033415
0 0.652822 0.493888 0.036646 0.035035
0 0.352218 0.451965 0.036646 0.035035
0 0.238797 0.594017 0.039402 0.039754
0 0.761332 0.607586 0.036676 0.036585
0 0.709544 0.387583 0.039342 0.036654
0 0.297566 0.450546 0.039372 0.038204
0 0.130415 0.369443 0.040734 0.039789
0 0.347340 0.671273 0.040734 0.039789
0 0.184846 0.521281 0.040734 0.039789
0 0.244342 0.374727 0.036765 0.041235
0 0.354936 0.379925 0.036735 0.039685
0 0.708811 0.460450 0.038008 0.036619
0 0.544138 0.493392 0.035403 0.039650
0 0.654843 0.423381 0.038008 0.036619
0 0.596696 0.569195 0.039402 0.039754
0 0.184272 0.481721 0.040764 0.041338
0 0.820915 0.317588 0.038127 0.042819
0 0.352186 0.488408 0.035343 0.036550
0 0.300331 0.341289 0.038008 0.036619
0 0.407469 0.561179 0.036735 0.039685
0 0.187752 0.335264 0.039402 0.039754
0 0.542102 0.564675 0.036676 0.036585
0 0.708844 0.424008 0.039372 0.038204
0 0.602240 0.349904 0.036646 0.035035
0 0.596758 0.531202 0.040704 0.038238
0 0.410256 0.381362 0.038008 0.036619
0 0.766899 0.317737 0.036735 0.039685
0 0.132510 0.295060 0.039402 0.039754
0 0.652774 0.531106 0.040764 0.041338
0 0.655576 0.350514 0.039402 0.039754
0 0.819457 0.393538 0.040675 0.036689
0 0.599571 0.384727 0.038008 0.036619
0 0.598124 0.494794 0.039342 0.036654
0 0.296852 0.487746 0.039312 0.035104
0 0.461573 0.417587 0.038038 0.038169
0 0.464290 0.345546 0.038008 0.036619
0 0.547569 0.384152 0.035373 0.038100
0 0.413032 0.306221 0.038098 0.041269
0 0.602985 0.311154 0.036765 0.041235
0 0.765489 0.356469 0.038008 0.036619
0 0.412273 0.345746 0.040734 0.039789
0 0.462939 0.381179 0.036676 0.036585
0 0.241580 0.449092 0.039431 0.041304
0 0.296137 0.524947 0.039431 0.041304
0 0.461510 0.455579 0.036676 0.036585
0 0.460796 0.492778 0.036676 0.036585
0 0.711654 0.312425 0.038098 0.041269
0 0.239541 0.555268 0.039402 0.039754
0 0.465656 0.309139 0.036705 0.038134
0 0.509337 0.249947 0.027041 0.020532
0 0.509104 0.269016 0.028386 0.021187
0 0.453187 0.888960 0.036711 0.038444
0 0.407502 0.524737 0.035313 0.035000
0 0.185005 0.408854 0.036646 0.035035
0 0.455940 0.780321 0.035373 0.038100
0 0.120017 0.841383 0.040704 0.038238
0 0.865108 0.828941 0.039342 0.036654
0 0.122705 0.770893 0.037949 0.033519
0 0.539286 0.746042 0.038068 0.039720
0 0.232548 0.884626 0.038038 0.038169
0 0.537232 0.852993 0.035283 0.033450
0 0.232581 0.848183 0.036676 0.036585
0 0.126920 0.516676 0.039342 0.036654
0 0.510486 0.197096 0.028529 0.028627
0 0.454544 0.818279 0.036676 0.036585
0 0.810526 0.858539 0.040675 0.036689
0 0.541384 0.636767 0.038038 0.038169
0 0.762746 0.533962 0.036765 0.041235
0 0.706028 0.605375 0.038038 0.038169
0 0.453860 0.853929 0.033950 0.033415
0 0.457994 0.673372 0.035313 0.035000
0 0.816052 0.536121 0.039402 0.039754
0 0.509298 0.224204 0.029891 0.030211
0 0.871275 0.611993 0.035283 0.033450
0 0.344553 0.851091 0.034009 0.036515
0 0.818091 0.429946 0.039312 0.035104
0 0.460075 0.599763 0.036616 0.033484
0 0.813299 0.679496 0.036646 0.035035
0 0.457294 0.709797 0.038008 0.036619
0 0.347304 0.742608 0.038008 0.036619
0 0.867906 0.683240 0.036616 0.033484
0 0.289234 0.849654 0.037949 0.033519
0 0.238097 0.630442 0.033920 0.031866
0 0.535880 0.888625 0.036676 0.036585
0 0.548284 0.346951 0.035373 0.038100
0 0.872704 0.537592 0.038008 0.036619
0 0.810479 0.895756 0.039342 0.036654
0 0.647926 0.748863 0.039402 0.039754
0 0.761351 0.571919 0.035343 0.036550
0 0.289216 0.885322 0.039402 0.039754
0 0.647958 0.712421 0.037979 0.035070
0 0.698507 0.892848 0.036676 0.036585
0 0.543453 0.529042 0.035283 0.033450
0 0.346619 0.778258 0.038008 0.036619
0 0.700539 0.856458 0.036705 0.038134
0 0.455958 0.744654 0.036646 0.035035
0 0.408889 0.417769 0.039372 0.038204
0 0.874959 0.350782 0.038038 0.038169
0 0.873425 0.430607 0.040734 0.039789
0 0.343853 0.887516 0.039372 0.038204
0 0.701238 0.820033 0.039342 0.036654
0 0.244453 0.299518 0.034009 0.036515
0 0.127590 0.481800 0.036646 0.035035
0 0.295453 0.560596 0.036586 0.031935
0 0.297629 0.412553 0.038008 0.036619
0 0.875658 0.314357 0.038008 0.036619
0 0.645901 0.854264 0.039402 0.039754
0 0.407490 0.490619 0.033980 0.034966
0 0.707457 0.530975 0.035313 0.035000
0 0.816722 0.501246 0.033980 0.034966
0 0.867174 0.756108 0.038008 0.036619
0 0.123407 0.699575 0.039342 0.036654
0 0.598824 0.458369 0.033980 0.034966
0 0.185654 0.444538 0.036646 0.035035
0 0.865837 0.790965 0.039372 0.038204
0 0.762825 0.495194 0.038038 0.038169
