0 0.528701 0.273661 0.038784 0.049591
0 0.571869 0.642725 0.039174 0.052839
0 0.360275 0.177450 0.041753 0.056669
0 0.582897 0.302056 0.041168 0.051794
0 0.568236 0.175196 0.040074 0.051505
0 0.828871 0.193358 0.040074 0.051505
0 0.818049 0.103196 0.040659 0.056379
0 0.562763 0.562165 0.040074 0.051505
0 0.804664 0.410127 0.036597 0.049012
0 0.376106 0.314057 0.040269 0.053129
0 0.572661 0.216767 0.038784 0.049591
0 0.247885 0.557524 0.040973 0.050170
0 0.682792 0.273935 0.037495 0.047677
0 0.577730 0.259005 0.038784 0.049591
0 0.562386 0.126459 0.041244 0.061252
0 0.834692 0.660309 0.041363 0.053419
0 0.533831 0.311693 0.037495 0.047677
0 0.702388 0.437203 0.038080 0.052550
0 0.273440 0.337884 0.041363 0.053419
0 0.794915 0.328899 0.036597 0.049012
0 0.692541 0.355163 0.037885 0.050926
0 0.718252 0.132129 0.039369 0.054465
0 0.422351 0.257396 0.040074 0.051505
0 0.427420 0.299635 0.040074 0.051505
0 0.219341 0.310301 0.036986 0.052260
0 0.876111 0.135596 0.042651 0.055334
0 0.895453 0.301446 0.038979 0.051215
0 0.067997 0.347015 0.038784 0.049591
0 0.783622 0.248918 0.037885 0.050926
0 0.234706 0.903791 0.039684 0.048256
0 0.161630 0.276132 0.040854 0.058003
0 0.870359 0.087671 0.040659 0.056379
0 0.823509 0.148684 0.038080 0.052550
0 0.324110 0.322794 0.040269 0.053129
0 0.517527 0.185267 0.040464 0.054755
0 0.511775 0.137343 0.038470 0.055800
0 0.880635 0.177979 0.038589 0.047966
0 0.227449 0.391963 0.035503 0.048722
0 0.122837 0.376077 0.040659 0.056379
0 0.365480 0.225519 0.040464 0.054755
0 0.616875 0.157291 0.037495 0.047677
0 0.237393 0.474816 0.038080 0.052550
0 0.370842 0.270194 0.038080 0.052550
0 0.777810 0.205200 0.039369 0.054465
0 0.270108 0.766191 0.040269 0.053129
0 0.844491 0.314099 0.038080 0.052550
0 0.815252 0.493648 0.037885 0.050926
0 0.205226 0.653463 0.038979 0.051215
0 0.309605 0.192540 0.041049 0.059628
0 0.820225 0.535074 0.037690 0.049301
0 0.661186 0.098628 0.043745 0.055623
0 0.242463 0.517055 0.039879 0.049881
0 0.214526 0.265481 0.040074 0.051505
0 0.728781 0.219855 0.038589 0.047966
0 0.688115 0.313592 0.036597 0.049012
0 0.335245 0.406169 0.040074 0.051505
0 0.713047 0.084060 0.038860 0.059049
0 0.890384 0.259207 0.036792 0.050636
0 0.900874 0.341915 0.037495 0.047677
0 0.672203 0.190415 0.036597 0.049012
0 0.496105 0.444041 0.045933 0.056202
0 0.172706 0.363713 0.038979 0.051215
0 0.431846 0.341206 0.040973 0.050170
0 0.444731 0.462670 0.040074 0.051505
0 0.232323 0.432577 0.035113 0.045473
0 0.270011 0.295211 0.037690 0.049301
0 0.718495 0.562004 0.037690 0.049301
0 0.187075 0.488137 0.037690 0.049301
0 0.320037 0.279454 0.040074 0.051505
0 0.854337 0.396139 0.035308 0.047098
0 0.223122 0.351205 0.034019 0.045184
0 0.339865 0.449365 0.038784 0.049591
0 0.859407 0.438377 0.037885 0.050926
0 0.195828 0.570467 0.035308 0.047098
0 0.594385 0.383662 0.035503 0.048722
0 0.085991 0.515735 0.040778 0.048546
0 0.864574 0.481429 0.037690 0.049301
0 0.177131 0.405284 0.037690 0.049301
0 0.245685 0.981925 0.041363 0.036150
0 0.875612 0.563991 0.039489 0.046632
0 0.553816 0.478210 0.037300 0.046052
0 0.952334 0.756555 0.043160 0.050749
0 0.090963 0.557161 0.039174 0.052839
0 0.544126 0.392777 0.039369 0.054465
0 0.099910 0.641115 0.036402 0.047387
0 0.743610 0.766554 0.038633 0.030675
0 0.543332 0.734088 0.026286 0.033699
0 0.540445 0.714738 0.024022 0.023662
0 0.182553 0.445753 0.039174 0.052839
0 0.899926 0.771267 0.039369 0.054465
0 0.501331 0.482885 0.045077 0.040246
0 0.220786 0.778410 0.040074 0.051505
0 0.303175 0.585629 0.038979 0.051215
0 0.840465 0.699008 0.036834 0.033345
0 0.488883 0.369770 0.047829 0.045536
0 0.485267 0.339635 0.046874 0.037576
0 0.208872 0.218369 0.039055 0.060673
0 0.318188 0.710720 0.038979 0.051215
0 0.412428 0.165320 0.036283 0.055221
0 0.363887 0.654204 0.037690 0.049301
0 0.946171 0.714606 0.039174 0.052839
0 0.265937 0.722039 0.040269 0.053129
0 0.280599 0.848899 0.038784 0.049591
0 0.712527 0.521680 0.035503 0.048722
0 0.558241 0.519781 0.038979 0.051215
0 0.307952 0.625431 0.038394 0.046342
0 0.264844 0.252160 0.035698 0.050346
0 0.373381 0.738013 0.038589 0.047966
0 0.845789 0.738666 0.037495 0.047677
0 0.566994 0.602111 0.038394 0.046342
0 0.191404 0.528896 0.036597 0.049012
0 0.905932 0.816610 0.040074 0.051505
0 0.727989 0.645814 0.038979 0.051215
0 0.353395 0.571496 0.038784 0.049591
0 0.942292 0.672891 0.038589 0.047966
0 0.262156 0.681135 0.039489 0.046632
0 0.733314 0.685470 0.039879 0.049881
0 0.469278 0.206421 0.047264 0.040825
0 0.723614 0.176805 0.039174 0.052839
0 0.626602 0.247743 0.040269 0.053129
0 0.622140 0.201154 0.040464 0.054755
0 0.734106 0.259512 0.037690 0.049301
0 0.524081 0.230465 0.040074 0.051505
0 0.678014 0.234133 0.040659 0.056379
0 0.137304 0.971480 0.043355 0.052374
0 0.465378 0.173930 0.044059 0.049414
0 0.417536 0.212577 0.039564 0.056089
0 0.788751 0.286951 0.036207 0.045763
0 0.109816 0.718949 0.042261 0.052084
0 0.142861 0.994578 0.043940 0.010843
0 0.123774 0.849349 0.041168 0.051794
0 0.278764 0.377541 0.038904 0.041758
0 0.061834 0.305065 0.038784 0.049591
0 0.436623 0.381008 0.036402 0.047387
0 0.114631 0.763770 0.041363 0.053419
0 0.537963 0.350827 0.036402 0.047387
0 0.879745 0.603125 0.036597 0.049012
0 0.451090 0.506243 0.040464 0.054755
0 0.848819 0.354858 0.036207 0.045763
0 0.282545 0.418444 0.040074 0.051505
0 0.957501 0.799605 0.038979 0.051215
0 0.133328 0.928952 0.038589 0.047966
0 0.461381 0.140627 0.045661 0.045119
0 0.204531 0.610067 0.032027 0.046229
0 0.753787 0.856050 0.040269 0.053129
0 0.079631 0.472162 0.039369 0.054465
0 0.128454 0.888339 0.038589 0.047966
0 0.239678 0.945217 0.040269 0.053129
0 0.096676 0.600067 0.040074 0.051505
0 0.104492 0.679293 0.038394 0.046342
0 0.322359 0.754872 0.041558 0.055044
0 0.476823 0.273985 0.046365 0.042160
0 0.809636 0.451553 0.038979 0.051215
0 0.118607 0.806298 0.040973 0.050170
0 0.834098 0.232203 0.036402 0.047387
0 0.549488 0.437452 0.038784 0.049591
0 0.284927 0.889658 0.039879 0.049881
0 0.937710 0.634713 0.038784 0.049591
0 0.075656 0.429634 0.040778 0.048546
0 0.216009 0.738608 0.039879 0.049881
0 0.838327 0.272150 0.037690 0.049301
0 0.851308 0.779947 0.036986 0.052260
0 0.869644 0.523667 0.038080 0.052550
0 0.344642 0.489167 0.038589 0.047966
0 0.472826 0.240682 0.047340 0.050283
0 0.378061 0.777003 0.038979 0.051215
0 0.481817 0.306186 0.047535 0.051907
0 0.697864 0.394820 0.036207 0.045763
0 0.296355 0.974308 0.042456 0.051384
0 0.739125 0.729189 0.041753 0.056669
0 0.349068 0.530737 0.037690 0.049301
0 0.722920 0.603575 0.038979 0.051215
0 0.298750 0.544058 0.035893 0.051971
0 0.632024 0.288213 0.036207 0.045763
0 0.225661 0.819024 0.039684 0.048256
0 0.330819 0.364598 0.036597 0.049012
0 0.071876 0.388730 0.038589 0.047966
0 0.358367 0.612922 0.041168 0.051794
0 0.767281 0.117473 0.036792 0.050636
0 0.312826 0.666044 0.039174 0.052839
0 0.290349 0.930127 0.041363 0.053419
0 0.889787 0.686790 0.038589 0.047966
0 0.388687 0.865541 0.041363 0.053419
0 0.293133 0.501965 0.038394 0.046342
0 0.825099 0.575687 0.037690 0.049301
0 0.315259 0.239652 0.039879 0.049881
0 0.383423 0.821679 0.039174 0.052839
0 0.588963 0.343193 0.036597 0.049012
0 0.367862 0.696732 0.040269 0.053129
0 0.576938 0.684963 0.039174 0.052839
0 0.932836 0.594100 0.039174 0.052839
0 0.927121 0.551193 0.040074 0.051505
0 0.228993 0.860884 0.036986 0.052260
0 0.748484 0.807168 0.042142 0.059917
0 0.637446 0.328682 0.038080 0.052550
0 0.667388 0.145594 0.040854 0.058003
0 0.210940 0.696370 0.040269 0.053129
0 0.252857 0.598950 0.038589 0.047966
0 0.744147 0.343177 0.035308 0.047098
0 0.167637 0.321475 0.036792 0.050636
0 0.056179 0.257954 0.039954 0.059338
0 0.800239 0.368556 0.035308 0.047098
0 0.855674 0.825724 0.039564 0.056089
0 0.894857 0.729029 0.038979 0.051215
0 0.885361 0.645219 0.037690 0.049301
0 0.904655 0.382818 0.035308 0.047098
0 0.441400 0.420809 0.036597 0.049012
0 0.915244 0.466339 0.039174 0.052839
0 0.275177 0.808430 0.039879 0.049881
0 0.708648 0.479964 0.037885 0.050926
0 0.773093 0.161192 0.037885 0.050926
0 0.884767 0.217113 0.037885 0.050926
0 0.910175 0.424099 0.038784 0.049591
0 0.257829 0.640377 0.039174 0.052839
0 0.830071 0.617113 0.035698 0.050346
0 0.921505 0.509099 0.038979 0.051215
0 0.739527 0.299982 0.036597 0.049012
0 0.258995 0.203424 0.041244 0.061252
0 0.288258 0.461351 0.041363 0.053419
