0 0.922243 0.417513 0.034034 0.042760
0 0.181123 0.459814 0.026117 0.038661
0 0.213431 0.297503 0.023980 0.040069
0 0.344845 0.309697 0.022872 0.039952
0 0.349343 0.227726 0.023822 0.036787
0 0.252235 0.590972 0.022793 0.038311
0 0.372578 0.230999 0.025960 0.035380
0 0.867151 0.451284 0.033876 0.039478
0 0.268088 0.261214 0.020261 0.031515
0 0.360629 0.479547 0.021448 0.033273
0 0.915503 0.580869 0.036171 0.041353
0 0.266076 0.303049 0.022872 0.039952
0 0.289247 0.388759 0.025960 0.035380
0 0.353205 0.135795 0.023029 0.043232
0 0.340823 0.393368 0.022714 0.036670
0 0.138455 0.246734 0.022714 0.036670
0 0.916842 0.541437 0.035063 0.041236
0 0.172642 0.624635 0.025246 0.043466
0 0.212014 0.338576 0.025088 0.040185
0 0.750673 0.730868 0.037517 0.046391
0 0.243287 0.800264 0.022714 0.036670
0 0.166220 0.792971 0.026117 0.038661
0 0.184037 0.376027 0.023743 0.035147
0 0.470843 0.365017 0.023743 0.035147
0 0.318871 0.259144 0.023507 0.030225
0 0.755171 0.648898 0.034034 0.042760
0 0.293618 0.263079 0.020340 0.033156
0 0.366069 0.354804 0.022399 0.030109
0 0.160971 0.878984 0.028571 0.043816
0 0.628090 0.303259 0.022872 0.039952
0 0.905566 0.787583 0.031738 0.040886
0 0.280291 0.551881 0.026039 0.037020
0 0.327496 0.682170 0.025881 0.033740
0 0.255625 0.508884 0.023901 0.038428
0 0.258150 0.467928 0.022793 0.038311
0 0.166055 0.750081 0.026117 0.038661
0 0.290744 0.346045 0.025009 0.038544
0 0.476719 0.242793 0.023822 0.036787
0 0.287236 0.430594 0.026196 0.040302
0 0.239186 0.885575 0.022714 0.036670
0 0.255315 0.550074 0.022793 0.038311
0 0.410234 0.525170 0.024852 0.035264
0 0.261064 0.384141 0.022793 0.038311
0 0.178517 0.502411 0.024852 0.035264
0 0.176032 0.542547 0.021606 0.036553
0 0.230688 0.506257 0.022635 0.035030
0 0.871134 0.368434 0.036171 0.041353
0 0.193111 0.210445 0.023901 0.038428
0 0.300600 0.129430 0.023901 0.038428
0 0.237585 0.339622 0.022556 0.033389
0 0.393399 0.898521 0.027306 0.040419
0 0.329468 0.641155 0.024138 0.043349
0 0.514487 0.279750 0.044722 0.035724
0 0.170630 0.666470 0.027227 0.038778
0 0.263075 0.342307 0.022399 0.030109
0 0.335502 0.515650 0.023586 0.031865
0 0.517760 0.211665 0.046861 0.034317
0 0.197052 0.116873 0.025167 0.041826
0 0.757648 0.562592 0.035378 0.047798
0 0.175247 0.582038 0.025881 0.033740
0 0.907656 0.744108 0.032133 0.049089
0 0.910696 0.704030 0.035856 0.034790
0 0.862495 0.536536 0.037675 0.049673
0 0.161993 0.834571 0.026039 0.037020
0 0.194686 0.166090 0.020103 0.028234
0 0.277766 0.592837 0.024930 0.036904
0 0.281788 0.509167 0.024773 0.033623
0 0.510352 0.377340 0.043701 0.037412
0 0.503013 0.750126 0.022083 0.023546
0 0.503999 0.729617 0.022162 0.025186
0 0.768576 0.358455 0.032925 0.042643
0 0.743340 0.894986 0.036408 0.046274
0 0.416228 0.400486 0.024536 0.028701
0 0.298352 0.176186 0.023980 0.040069
0 0.511254 0.347014 0.044722 0.035724
0 0.502571 0.492851 0.041398 0.035374
0 0.767119 0.400349 0.038704 0.048149
0 0.663453 0.390253 0.035300 0.046158
0 0.713327 0.395506 0.035300 0.046158
0 0.817468 0.407302 0.037596 0.048032
0 0.827879 0.190743 0.037754 0.051313
0 0.721648 0.222425 0.037754 0.051313
0 0.099625 0.243468 0.036565 0.049556
0 0.776897 0.185373 0.037754 0.051313
0 0.710055 0.475134 0.034112 0.044400
0 0.667436 0.307403 0.035221 0.044517
0 0.669526 0.263928 0.035457 0.049439
0 0.774649 0.232130 0.037675 0.049673
0 0.618029 0.257678 0.034270 0.047682
0 0.772519 0.276426 0.037517 0.046391
0 0.697758 0.765692 0.037596 0.048032
0 0.559002 0.419648 0.036487 0.047915
0 0.714744 0.354434 0.036408 0.046274
0 0.394262 0.857390 0.029680 0.043933
0 0.821451 0.324451 0.035300 0.046158
0 0.415206 0.444898 0.027227 0.038778
0 0.770469 0.319081 0.032925 0.042643
0 0.701702 0.683664 0.035378 0.047798
0 0.930921 0.248591 0.038148 0.059516
0 0.867381 0.411734 0.035300 0.046158
0 0.818886 0.366228 0.034112 0.044400
0 0.406329 0.606380 0.025088 0.040185
0 0.237275 0.380811 0.026196 0.040302
0 0.246183 0.172340 0.023980 0.040069
0 0.760175 0.521635 0.031581 0.037604
0 0.878347 0.195235 0.036565 0.049556
0 0.745272 0.854792 0.036171 0.041353
0 0.913571 0.621064 0.036408 0.046274
0 0.368595 0.313848 0.024138 0.043349
0 0.358618 0.521382 0.023901 0.038428
0 0.926971 0.295994 0.036250 0.042994
0 0.451743 0.240987 0.022793 0.038311
0 0.408262 0.566186 0.025009 0.038544
0 0.365206 0.395936 0.022714 0.036670
0 0.453397 0.194992 0.024217 0.044990
0 0.747284 0.812956 0.036408 0.046274
0 0.229230 0.548151 0.026196 0.040302
0 0.706745 0.555581 0.030788 0.044050
0 0.259607 0.426035 0.023980 0.040069
0 0.213577 0.885351 0.027227 0.038778
0 0.402433 0.733759 0.024852 0.035264
0 0.337394 0.476276 0.023901 0.038428
0 0.324622 0.765136 0.026275 0.041943
0 0.244132 0.214995 0.023822 0.036787
0 0.666057 0.347656 0.034034 0.042760
0 0.904584 0.831175 0.036723 0.052837
0 0.480543 0.151682 0.025009 0.038544
0 0.322016 0.807733 0.027227 0.038778
0 0.395234 0.315830 0.023901 0.038428
0 0.400025 0.772254 0.023822 0.036787
0 0.444838 0.361453 0.022714 0.036670
0 0.095642 0.326318 0.032054 0.047448
0 0.270138 0.218559 0.022635 0.035030
0 0.622961 0.166684 0.035615 0.052720
0 0.232699 0.464423 0.025088 0.040185
0 0.521508 0.145279 0.045988 0.039122
0 0.375262 0.186761 0.025009 0.038544
0 0.342320 0.350654 0.023980 0.040069
0 0.346224 0.269445 0.021527 0.034913
0 0.250620 0.636147 0.023980 0.040069
0 0.377549 0.139185 0.025167 0.041826
0 0.518783 0.178795 0.044008 0.043811
0 0.219332 0.754045 0.025960 0.035380
0 0.583180 0.160020 0.026196 0.040302
0 0.089529 0.453464 0.038625 0.046508
0 0.465673 0.449391 0.023664 0.033506
0 0.274476 0.128327 0.022951 0.041593
0 0.284710 0.471550 0.024930 0.036904
0 0.456199 0.148293 0.023029 0.043232
0 0.182540 0.418741 0.025009 0.038544
0 0.240207 0.841162 0.027148 0.037137
0 0.217123 0.799981 0.026117 0.038661
0 0.332857 0.559067 0.024930 0.036904
0 0.227852 0.588404 0.024852 0.035264
0 0.427392 0.191428 0.025246 0.043466
0 0.224575 0.633404 0.024930 0.036904
0 0.162759 0.250944 0.024930 0.036904
0 0.246795 0.715715 0.023901 0.038428
0 0.756667 0.606184 0.037675 0.049673
0 0.240031 0.300305 0.023822 0.036787
0 0.574186 0.335505 0.022872 0.039952
0 0.292834 0.302570 0.025088 0.040185
0 0.220077 0.715374 0.021448 0.033273
0 0.244269 0.756672 0.025167 0.041826
0 0.187980 0.293998 0.021527 0.034913
0 0.576791 0.292908 0.024138 0.043349
0 0.216434 0.258246 0.023980 0.040069
0 0.088112 0.494537 0.039576 0.043344
0 0.578724 0.252714 0.025960 0.035380
0 0.325999 0.724883 0.024930 0.036904
0 0.362640 0.437713 0.023743 0.035147
0 0.189913 0.253804 0.023980 0.040069
0 0.248727 0.675521 0.023822 0.036787
0 0.214638 0.840117 0.024930 0.036904
0 0.468793 0.407672 0.024059 0.041709
0 0.185969 0.335833 0.023980 0.040069
0 0.397245 0.273995 0.019547 0.039602
0 0.234671 0.423408 0.024930 0.036904
0 0.168105 0.707426 0.023901 0.038428
0 0.350958 0.182552 0.022793 0.038311
0 0.317836 0.894684 0.029759 0.045574
0 0.296738 0.221361 0.025167 0.041826
0 0.872394 0.330642 0.035063 0.041236
0 0.741804 0.938520 0.037596 0.048032
0 0.440467 0.487133 0.023901 0.038428
0 0.911441 0.665360 0.036565 0.049556
0 0.397421 0.814852 0.027306 0.040419
0 0.865219 0.491478 0.036487 0.047915
0 0.876613 0.242870 0.035457 0.049439
0 0.093591 0.368974 0.034112 0.044400
0 0.404793 0.649913 0.023901 0.038428
0 0.320045 0.848747 0.029601 0.042293
0 0.923621 0.377261 0.035221 0.044517
0 0.580774 0.210059 0.026117 0.038661
0 0.700284 0.724736 0.033955 0.041119
0 0.513424 0.313440 0.044008 0.043811
0 0.448433 0.321434 0.021527 0.034913
0 0.515035 0.245180 0.045195 0.045567
0 0.444450 0.404284 0.024138 0.043349
0 0.474747 0.283808 0.021764 0.039835
0 0.331519 0.598500 0.026196 0.040302
0 0.084320 0.538658 0.041157 0.053304
0 0.337664 0.435906 0.025088 0.040185
0 0.478334 0.197619 0.024852 0.035264
0 0.689198 0.932154 0.036408 0.046274
0 0.224226 0.675413 0.026117 0.038661
0 0.429085 0.144613 0.026275 0.041943
0 0.371754 0.271310 0.023980 0.040069
0 0.091580 0.410808 0.036408 0.046274
0 0.920231 0.459349 0.036329 0.044633
0 0.402703 0.693389 0.026196 0.040302
0 0.472222 0.324764 0.025088 0.040185
0 0.671219 0.217113 0.034428 0.050962
0 0.098761 0.284600 0.036250 0.042994
0 0.765108 0.442184 0.036250 0.042994
0 0.242597 0.258529 0.025167 0.041826
0 0.695707 0.808348 0.035221 0.044517
0 0.412759 0.484214 0.026117 0.038661
0 0.421754 0.320272 0.023901 0.038428
0 0.705288 0.597474 0.034191 0.046041
0 0.272228 0.175084 0.025088 0.040185
0 0.691131 0.891959 0.034112 0.044400
0 0.703276 0.639309 0.036329 0.044633
0 0.422618 0.279141 0.023901 0.038428
0 0.556833 0.464765 0.038783 0.049790
0 0.425223 0.236544 0.025167 0.041826
0 0.926147 0.336305 0.036329 0.044633
0 0.873851 0.288749 0.036565 0.049556
0 0.464810 0.490522 0.026354 0.043583
0 0.825552 0.239141 0.035457 0.049439
0 0.560656 0.373654 0.035536 0.051079
0 0.441805 0.447700 0.025009 0.038544
0 0.824096 0.281034 0.036329 0.044633
0 0.711395 0.435701 0.035063 0.041236
0 0.918775 0.501242 0.037517 0.046391
0 0.716755 0.312598 0.031896 0.044166
0 0.505255 0.448614 0.043295 0.051896
0 0.749809 0.772000 0.037359 0.043110
0 0.708084 0.516148 0.036329 0.044633
0 0.660294 0.432791 0.039891 0.049906
0 0.693696 0.850183 0.035300 0.046158
0 0.620713 0.213441 0.032847 0.041003
0 0.450365 0.281240 0.023980 0.040069
0 0.763176 0.482378 0.034112 0.044400
0 0.753238 0.689093 0.036329 0.044633
0 0.718806 0.269943 0.034270 0.047682
0 0.418635 0.361991 0.023980 0.040069
