0 0.133889 0.858177 0.035086 0.043829
0 0.500656 0.493452 0.039455 0.039053
0 0.556020 0.288347 0.035061 0.042188
0 0.556646 0.247306 0.037284 0.042262
0 0.187600 0.652197 0.034001 0.045434
0 0.241169 0.528333 0.037309 0.043903
0 0.558590 0.156215 0.036248 0.047149
0 0.238059 0.695759 0.036198 0.043866
0 0.557297 0.204624 0.037334 0.045545
0 0.242529 0.402731 0.036223 0.045508
0 0.860029 0.467647 0.035061 0.042188
0 0.237433 0.736800 0.036198 0.043866
0 0.245555 0.277183 0.036248 0.047149
0 0.191252 0.485609 0.036198 0.043866
0 0.449686 0.410453 0.037359 0.047186
0 0.554813 0.331011 0.036223 0.045508
0 0.343282 0.573617 0.036173 0.042225
0 0.654621 0.418101 0.036173 0.042225
0 0.608407 0.205506 0.035186 0.050396
0 0.135958 0.649655 0.032865 0.043755
0 0.137223 0.566753 0.035111 0.045471
0 0.134515 0.817137 0.035086 0.043829
0 0.655247 0.377060 0.036173 0.042225
0 0.809640 0.383024 0.036198 0.043866
0 0.651275 0.710346 0.036223 0.045508
0 0.651951 0.666023 0.036223 0.045508
0 0.658420 0.205529 0.037359 0.047186
0 0.347656 0.323289 0.035086 0.043829
0 0.135237 0.733395 0.036198 0.043866
0 0.552393 0.453293 0.037359 0.047186
0 0.192683 0.318947 0.036173 0.042225
0 0.345798 0.408634 0.036248 0.047149
0 0.554730 0.372890 0.032815 0.040472
0 0.191476 0.361611 0.035111 0.045471
0 0.186879 0.735937 0.035111 0.045471
0 0.288971 0.818997 0.035086 0.043829
0 0.240531 0.570195 0.032840 0.042114
0 0.859557 0.425749 0.035086 0.043829
0 0.237292 0.818918 0.036198 0.043866
0 0.141667 0.275365 0.035186 0.050396
0 0.763501 0.165505 0.037384 0.048828
0 0.289610 0.777136 0.035061 0.042188
0 0.190825 0.404293 0.032840 0.042114
0 0.552271 0.497635 0.036198 0.043866
0 0.238723 0.652257 0.034001 0.045434
0 0.657731 0.250674 0.037384 0.048828
0 0.655873 0.336019 0.038394 0.042299
0 0.342042 0.654878 0.036198 0.043866
0 0.453484 0.197881 0.036223 0.045508
0 0.185684 0.777780 0.036148 0.040583
0 0.345032 0.531793 0.036198 0.043866
0 0.243226 0.320631 0.032840 0.042114
0 0.191323 0.444550 0.035036 0.040546
0 0.606537 0.291672 0.033951 0.042151
0 0.809462 0.467605 0.036223 0.045508
0 0.704869 0.584841 0.037309 0.043903
0 0.811991 0.301801 0.036173 0.042225
0 0.810667 0.424941 0.037284 0.042262
0 0.190084 0.525810 0.035011 0.038905
0 0.395516 0.573715 0.033951 0.042151
0 0.758492 0.384605 0.036248 0.047149
0 0.707457 0.378799 0.036223 0.045508
0 0.916796 0.170611 0.035111 0.045471
0 0.452202 0.245470 0.035161 0.048754
0 0.188914 0.566012 0.033976 0.043792
0 0.502460 0.375173 0.046073 0.036155
0 0.503497 0.343591 0.044843 0.028402
0 0.345114 0.489913 0.035061 0.042188
0 0.291450 0.656477 0.032865 0.043755
0 0.761134 0.211414 0.034001 0.045434
0 0.863872 0.215658 0.035086 0.043829
0 0.401022 0.285647 0.036198 0.043866
0 0.604621 0.417256 0.033976 0.043792
0 0.705591 0.501100 0.036198 0.043866
0 0.237918 0.777877 0.033925 0.040509
0 0.193359 0.274624 0.036273 0.048791
0 0.397369 0.452235 0.033951 0.042151
0 0.912155 0.511266 0.036198 0.043866
0 0.860834 0.342026 0.035086 0.043829
0 0.858093 0.631007 0.038470 0.047223
0 0.811531 0.259082 0.036223 0.045508
0 0.648274 0.834251 0.036248 0.047149
0 0.864586 0.168872 0.037384 0.048828
0 0.706237 0.422284 0.037309 0.043903
0 0.134599 0.775257 0.036173 0.042225
0 0.188276 0.607873 0.033951 0.042151
0 0.295919 0.363448 0.037334 0.045545
0 0.700661 0.751410 0.036223 0.045508
0 0.186974 0.693236 0.033900 0.038868
0 0.708791 0.254838 0.035086 0.043829
0 0.398634 0.369333 0.036198 0.043866
0 0.449239 0.366913 0.035061 0.042188
0 0.294004 0.489032 0.035036 0.040546
0 0.138475 0.484672 0.035061 0.042188
0 0.242976 0.446271 0.033976 0.043792
0 0.342419 0.739476 0.035061 0.042188
0 0.759761 0.337838 0.039555 0.045619
0 0.913644 0.304366 0.035086 0.043829
0 0.709505 0.208052 0.039605 0.048902
0 0.090040 0.272003 0.036198 0.043866
0 0.653299 0.541241 0.035111 0.045471
0 0.911128 0.469349 0.035061 0.042188
0 0.708166 0.295879 0.032815 0.040472
0 0.341226 0.781319 0.036198 0.043866
0 0.547310 0.786541 0.035086 0.043829
0 0.654526 0.460801 0.035111 0.045471
0 0.914345 0.258401 0.035136 0.047112
0 0.652648 0.583923 0.035061 0.042188
0 0.398550 0.411213 0.035061 0.042188
0 0.292668 0.612993 0.036223 0.045508
0 0.347221 0.278928 0.035136 0.047112
0 0.703630 0.666102 0.035111 0.045471
0 0.450408 0.326711 0.029483 0.040361
0 0.345160 0.450496 0.033900 0.038868
0 0.391557 0.906180 0.038470 0.047223
0 0.341960 0.696757 0.035061 0.042188
0 0.291379 0.697535 0.033925 0.040509
0 0.554142 0.411469 0.032790 0.038831
0 0.086171 0.525634 0.036173 0.042225
0 0.500814 0.446648 0.042912 0.047371
0 0.137861 0.524892 0.035036 0.040546
0 0.394252 0.656617 0.031754 0.043718
0 0.760424 0.294335 0.037309 0.043903
0 0.858732 0.589146 0.038394 0.042299
0 0.237126 0.902678 0.036198 0.043866
0 0.812812 0.211493 0.035211 0.052037
0 0.401698 0.241323 0.036198 0.043866
0 0.290790 0.736114 0.031679 0.038794
0 0.646959 0.920436 0.036273 0.048791
0 0.402506 0.151837 0.035161 0.048754
0 0.710762 0.162105 0.038444 0.045582
0 0.136597 0.607794 0.032840 0.042114
0 0.550522 0.539460 0.036223 0.045508
0 0.243155 0.361690 0.031679 0.038794
0 0.138546 0.443613 0.033951 0.042151
0 0.863196 0.259982 0.035136 0.047112
0 0.396130 0.533495 0.031754 0.043718
0 0.859428 0.507046 0.035061 0.042188
0 0.339865 0.906921 0.037334 0.045545
0 0.657610 0.295016 0.036173 0.042225
0 0.186028 0.900975 0.038470 0.047223
0 0.549909 0.579679 0.036148 0.040583
0 0.607163 0.250632 0.033951 0.042151
0 0.185058 0.818820 0.033925 0.040509
0 0.139752 0.400949 0.035111 0.045471
0 0.860183 0.384708 0.035086 0.043829
0 0.298262 0.319179 0.038394 0.042299
0 0.701063 0.834367 0.035086 0.043829
0 0.911779 0.426667 0.035061 0.042188
0 0.649518 0.789125 0.035061 0.042188
0 0.394890 0.614756 0.033951 0.042151
0 0.450996 0.288133 0.031679 0.038794
0 0.339974 0.863400 0.036198 0.043866
0 0.549270 0.621541 0.036223 0.045508
0 0.288211 0.905201 0.036223 0.045508
0 0.857417 0.675331 0.036198 0.043866
0 0.293319 0.570311 0.036173 0.042225
0 0.652614 0.622520 0.036148 0.040583
0 0.392444 0.738679 0.035036 0.040546
0 0.701134 0.793308 0.033925 0.040509
0 0.237197 0.861619 0.035036 0.040546
0 0.604692 0.376197 0.032765 0.037189
0 0.294617 0.448812 0.035061 0.042188
0 0.295281 0.405309 0.035086 0.043829
0 0.089210 0.399266 0.036173 0.042225
0 0.346449 0.365952 0.036198 0.043866
0 0.704940 0.543782 0.036198 0.043866
0 0.141004 0.318868 0.035061 0.042188
0 0.548102 0.661742 0.035036 0.040546
0 0.858802 0.548087 0.037284 0.042262
0 0.140378 0.359909 0.032840 0.042114
0 0.862015 0.301004 0.033925 0.040509
0 0.653900 0.501842 0.035011 0.038905
0 0.548031 0.702800 0.036198 0.043866
0 0.912972 0.384824 0.036198 0.043866
0 0.396781 0.490813 0.031704 0.040435
0 0.810821 0.342002 0.037309 0.043903
0 0.239361 0.610396 0.031704 0.040435
0 0.293945 0.529270 0.033951 0.042151
0 0.088015 0.441108 0.035086 0.043829
0 0.546090 0.830026 0.033951 0.042151
0 0.761594 0.254134 0.033900 0.038868
0 0.135320 0.691515 0.035061 0.042188
0 0.242881 0.488971 0.034986 0.037263
0 0.706984 0.336901 0.033976 0.043792
0 0.401250 0.197784 0.036223 0.045508
0 0.854901 0.840313 0.036223 0.045508
0 0.391097 0.863460 0.036198 0.043866
0 0.086668 0.565890 0.036198 0.043866
0 0.913573 0.345425 0.036148 0.040583
0 0.505101 0.311288 0.047281 0.042595
0 0.089280 0.358207 0.037334 0.045545
0 0.650107 0.750547 0.032765 0.037189
0 0.343224 0.613856 0.032815 0.040472
0 0.705081 0.461664 0.033875 0.037226
0 0.648166 0.877772 0.035011 0.038905
0 0.856235 0.716352 0.037309 0.043903
0 0.340587 0.823180 0.033951 0.042151
0 0.704256 0.625061 0.035011 0.038905
0 0.391818 0.779719 0.035086 0.043829
0 0.297776 0.278102 0.033951 0.042151
0 0.391180 0.821581 0.032840 0.042114
0 0.087364 0.483791 0.037309 0.043903
0 0.853068 0.924017 0.037334 0.045545
0 0.547936 0.745501 0.035036 0.040546
0 0.089389 0.314685 0.036198 0.043866
0 0.915009 0.214898 0.035111 0.045471
0 0.855584 0.759034 0.035036 0.040546
0 0.605848 0.336817 0.036248 0.047149
0 0.545452 0.871887 0.033976 0.043792
0 0.504487 0.242284 0.046170 0.042558
0 0.133807 0.900057 0.033951 0.042151
0 0.288320 0.861679 0.035086 0.043829
0 0.854250 0.882995 0.036173 0.042225
0 0.699774 0.918911 0.032890 0.045397
0 0.097623 0.649199 0.022792 0.038497
0 0.854983 0.798433 0.035036 0.040546
0 0.393033 0.700100 0.035061 0.042188
0 0.506557 0.142985 0.047156 0.034387
0 0.070834 0.729608 0.022767 0.036856
0 0.071472 0.687746 0.024964 0.035288
0 0.185026 0.857417 0.032790 0.038831
0 0.095637 0.815841 0.023828 0.033610
0 0.545369 0.913767 0.032840 0.042114
0 0.098224 0.609800 0.022742 0.035214
0 0.506018 0.178280 0.045009 0.039238
0 0.095720 0.773962 0.022792 0.038497
0 0.069615 0.773092 0.023853 0.035251
0 0.068401 0.852711 0.021657 0.036819
0 0.700437 0.875408 0.037309 0.043903
0 0.071588 0.607271 0.022742 0.035214
0 0.096371 0.731279 0.022692 0.031931
0 0.068798 0.899534 0.023903 0.038534
0 0.069002 0.813312 0.021606 0.033536
0 0.095458 0.900422 0.023903 0.038534
0 0.399827 0.327490 0.035061 0.042188
0 0.095061 0.853599 0.023828 0.033610
0 0.097047 0.686956 0.022692 0.031931
0 0.071556 0.645867 0.021606 0.033536
0 0.508513 0.743366 0.022692 0.031931
0 0.505059 0.277616 0.046045 0.034350
0 0.701843 0.710388 0.035061 0.042188
0 0.506099 0.209489 0.048192 0.029499
