0 0.267127 0.757277 0.036215 0.038267
0 0.246536 0.388677 0.039146 0.041702
0 0.793578 0.709740 0.037402 0.036877
0 0.789781 0.744622 0.039146 0.041702
0 0.154142 0.776363 0.038867 0.038594
0 0.787102 0.781999 0.040193 0.038757
0 0.557305 0.892757 0.037123 0.033768
0 0.508496 0.405208 0.031679 0.031562
0 0.846689 0.715491 0.037541 0.038430
0 0.209033 0.784691 0.037263 0.035323
0 0.563155 0.827491 0.037402 0.036877
0 0.524827 0.230471 0.035797 0.033605
0 0.772230 0.925495 0.041659 0.040474
0 0.617060 0.255963 0.040332 0.040310
0 0.518036 0.298763 0.034471 0.033442
0 0.780032 0.853398 0.039146 0.041702
0 0.586903 0.577467 0.037123 0.033768
0 0.539864 0.391788 0.025328 0.033854
0 0.620995 0.219526 0.038867 0.038594
0 0.668163 0.874980 0.038728 0.037040
0 0.136405 0.375908 0.039285 0.043255
0 0.671297 0.840015 0.038867 0.038594
0 0.440781 0.667103 0.037263 0.035323
0 0.560160 0.860900 0.037541 0.038430
0 0.124144 0.482804 0.039006 0.040147
0 0.559948 0.317276 0.039424 0.044809
0 0.527473 0.200946 0.035797 0.033605
0 0.132539 0.411567 0.037123 0.033768
0 0.094581 0.805168 0.040193 0.038757
0 0.506247 0.856622 0.035797 0.033605
0 0.675232 0.803579 0.040332 0.040310
0 0.150344 0.811246 0.037402 0.036877
0 0.567005 0.358207 0.030493 0.032952
0 0.864137 0.543247 0.036215 0.038267
0 0.115929 0.589414 0.038867 0.038594
0 0.316100 0.831647 0.037123 0.033768
0 0.147280 0.845433 0.037402 0.036877
0 0.424765 0.845807 0.037820 0.041538
0 0.432910 0.739975 0.040471 0.041865
0 0.796572 0.676329 0.037541 0.038430
0 0.257064 0.862087 0.040054 0.037203
0 0.264657 0.792322 0.037402 0.036877
0 0.613717 0.293258 0.035028 0.039657
0 0.164553 0.667668 0.037263 0.035323
0 0.750076 0.596766 0.037541 0.038430
0 0.200915 0.852820 0.038867 0.038594
0 0.454258 0.524220 0.035936 0.035159
0 0.318955 0.799791 0.040193 0.038757
0 0.558721 0.465594 0.030493 0.032952
0 0.882421 0.361680 0.037541 0.038430
0 0.445862 0.595457 0.034889 0.038104
0 0.855602 0.616038 0.037541 0.038430
0 0.353394 0.437965 0.035936 0.035159
0 0.680976 0.732016 0.039006 0.040147
0 0.443252 0.632057 0.039006 0.040147
0 0.112202 0.623518 0.037263 0.035323
0 0.664297 0.910639 0.040332 0.040310
0 0.437648 0.702067 0.040332 0.040310
0 0.546460 0.572490 0.033702 0.039494
0 0.536206 0.425116 0.026515 0.032462
0 0.509311 0.822435 0.039285 0.043255
0 0.524014 0.531235 0.029585 0.037451
0 0.685227 0.699546 0.038728 0.037040
0 0.182489 0.489985 0.039006 0.040147
0 0.572031 0.720964 0.036215 0.038267
0 0.543067 0.356046 0.028258 0.037288
0 0.519199 0.712104 0.036354 0.039821
0 0.271133 0.720064 0.040471 0.041865
0 0.874550 0.434552 0.040471 0.041865
0 0.568689 0.758258 0.039146 0.041702
0 0.826867 0.353271 0.037820 0.041538
0 0.156681 0.740541 0.040471 0.041865
0 0.350330 0.472152 0.039146 0.041702
0 0.216381 0.710183 0.039146 0.041702
0 0.273010 0.684160 0.040193 0.038757
0 0.101651 0.733768 0.039146 0.041702
0 0.225712 0.606067 0.038867 0.038594
0 0.698982 0.553556 0.037681 0.039984
0 0.565128 0.394112 0.031050 0.039168
0 0.526408 0.639150 0.037681 0.039984
0 0.166885 0.634177 0.039006 0.040147
0 0.641271 0.584159 0.040054 0.037203
0 0.231071 0.531315 0.039146 0.041702
0 0.288021 0.539110 0.041380 0.037367
0 0.806775 0.569965 0.039285 0.043255
0 0.305503 0.359015 0.038728 0.037040
0 0.198853 0.307397 0.041519 0.038920
0 0.760210 0.491178 0.036215 0.038267
0 0.583909 0.610878 0.037820 0.041538
0 0.464216 0.413113 0.036075 0.036714
0 0.109523 0.660895 0.039146 0.041702
0 0.219584 0.674441 0.038867 0.038594
0 0.195057 0.342279 0.040332 0.040310
0 0.560529 0.430467 0.030632 0.034506
0 0.594043 0.505291 0.033563 0.037941
0 0.647747 0.511901 0.037541 0.038430
0 0.651684 0.475464 0.039006 0.040147
0 0.820321 0.426307 0.037541 0.038430
0 0.516520 0.749481 0.037681 0.039984
0 0.281406 0.612922 0.038867 0.038594
0 0.291225 0.503369 0.041659 0.040474
0 0.661433 0.366687 0.039006 0.040147
0 0.284748 0.575627 0.039146 0.041702
0 0.300904 0.395369 0.038867 0.038594
0 0.277609 0.647805 0.042984 0.040637
0 0.203662 0.268711 0.039424 0.044809
0 0.460873 0.450408 0.036632 0.042929
0 0.242007 0.424255 0.038867 0.038594
0 0.228391 0.568691 0.037820 0.041538
0 0.189698 0.417032 0.040611 0.043418
0 0.249146 0.352078 0.037681 0.039984
0 0.428974 0.776412 0.039006 0.040147
0 0.139224 0.336977 0.040332 0.040310
0 0.467942 0.379008 0.034750 0.036551
0 0.705319 0.482852 0.037541 0.038430
0 0.599716 0.434504 0.040332 0.040310
0 0.554925 0.500476 0.032237 0.037778
0 0.239466 0.460078 0.037541 0.038430
0 0.575304 0.684446 0.039006 0.040147
0 0.513979 0.785303 0.039006 0.040147
0 0.597909 0.469632 0.037541 0.038430
0 0.146572 0.262469 0.039285 0.043255
0 0.297037 0.431029 0.040471 0.041865
0 0.174163 0.560446 0.040471 0.041865
0 0.475151 0.306053 0.039285 0.043255
0 0.688430 0.663805 0.039285 0.043255
0 0.360394 0.367341 0.040054 0.037203
0 0.365725 0.330291 0.039285 0.043255
0 0.212829 0.749809 0.039285 0.043255
0 0.606856 0.362327 0.036493 0.041375
0 0.723463 0.302837 0.035100 0.025836
0 0.375133 0.255251 0.038031 0.029270
0 0.885694 0.325162 0.039496 0.030987
0 0.830148 0.892560 0.038589 0.035486
0 0.477967 0.783227 0.025050 0.030746
0 0.511560 0.371021 0.035167 0.041212
0 0.178308 0.521678 0.038031 0.029270
0 0.151241 0.225338 0.037892 0.027716
0 0.844602 0.753726 0.040611 0.043418
0 0.834539 0.858537 0.041798 0.042028
0 0.839410 0.789223 0.036075 0.036714
0 0.854003 0.648835 0.037541 0.038430
0 0.827678 0.927606 0.040332 0.040310
0 0.504629 0.440868 0.033842 0.041049
0 0.837079 0.822713 0.039914 0.035649
0 0.784177 0.814632 0.039914 0.035649
0 0.427235 0.810762 0.036075 0.036714
0 0.776096 0.889835 0.037681 0.039984
0 0.850277 0.682939 0.036215 0.038267
0 0.097785 0.769427 0.040193 0.038757
0 0.105517 0.698109 0.037541 0.038430
0 0.628528 0.726346 0.040193 0.038757
0 0.702847 0.517897 0.033424 0.036387
0 0.532340 0.460775 0.028119 0.035734
0 0.665892 0.331887 0.038867 0.038594
0 0.719073 0.336861 0.039146 0.041702
0 0.860934 0.578988 0.039146 0.041702
0 0.623196 0.763396 0.038867 0.038594
0 0.313036 0.865834 0.040332 0.040310
0 0.342982 0.546660 0.037541 0.038430
0 0.235601 0.495737 0.036215 0.038267
0 0.090715 0.840827 0.041798 0.042028
0 0.564823 0.793918 0.037263 0.035323
0 0.708522 0.447110 0.032237 0.037778
0 0.160024 0.703246 0.040471 0.041865
0 0.339779 0.582400 0.037541 0.038430
0 0.128951 0.444119 0.039006 0.040147
0 0.119063 0.554449 0.038728 0.037040
0 0.815792 0.461885 0.037541 0.038430
0 0.799706 0.641366 0.037681 0.039984
0 0.611385 0.326750 0.035936 0.035159
0 0.322089 0.764827 0.040332 0.040310
0 0.206771 0.817405 0.038867 0.038594
0 0.870683 0.470212 0.038867 0.038594
0 0.529207 0.495740 0.030632 0.034506
0 0.422703 0.300383 0.040193 0.038757
0 0.677634 0.769311 0.039006 0.040147
0 0.654817 0.440500 0.038867 0.038594
0 0.619923 0.799914 0.041937 0.043581
0 0.634132 0.656336 0.035936 0.035159
0 0.531531 0.604431 0.036215 0.038267
0 0.695570 0.591627 0.037820 0.041538
0 0.752547 0.561720 0.038728 0.037040
0 0.579904 0.648091 0.035936 0.035159
0 0.692436 0.626592 0.037402 0.036877
0 0.328774 0.690237 0.040332 0.040310
0 0.191715 0.379574 0.040332 0.040310
0 0.369731 0.293078 0.037402 0.036877
0 0.170890 0.596964 0.040611 0.043418
0 0.631068 0.690524 0.035936 0.035159
0 0.521624 0.266212 0.039006 0.040147
0 0.122127 0.520262 0.041659 0.040474
0 0.332046 0.653720 0.040193 0.038757
0 0.413339 0.412350 0.036772 0.044483
0 0.813321 0.496930 0.036354 0.039821
0 0.222648 0.640255 0.035936 0.035159
0 0.867480 0.505953 0.039146 0.041702
0 0.773301 0.345107 0.038867 0.038594
0 0.449728 0.559798 0.039146 0.041702
0 0.142497 0.300460 0.037541 0.038430
0 0.810117 0.532671 0.039006 0.040147
0 0.710923 0.412842 0.033563 0.037941
0 0.877822 0.398035 0.040332 0.040310
0 0.457461 0.488480 0.039146 0.041702
0 0.336575 0.618142 0.040193 0.038757
0 0.184960 0.454940 0.037541 0.038430
0 0.643149 0.548256 0.040611 0.043418
0 0.523205 0.674891 0.037681 0.039984
0 0.503846 0.890890 0.037959 0.043092
0 0.260859 0.827205 0.038867 0.038594
0 0.294358 0.468405 0.036215 0.038267
0 0.325431 0.727532 0.040332 0.040310
0 0.420166 0.882162 0.037681 0.039984
0 0.802840 0.606402 0.040193 0.038757
0 0.345592 0.510060 0.041937 0.043581
0 0.636673 0.620514 0.040471 0.041865
0 0.602920 0.398763 0.037681 0.039984
0 0.471076 0.344044 0.034889 0.038104
0 0.589305 0.543199 0.039563 0.046364
0 0.657951 0.405537 0.039006 0.040147
0 0.765883 0.420392 0.037681 0.039984
0 0.550325 0.536831 0.032097 0.036224
0 0.756413 0.526060 0.037681 0.039984
0 0.355865 0.402920 0.040332 0.040310
0 0.768564 0.383015 0.039006 0.040147
0 0.253885 0.314170 0.040750 0.044973
0 0.762680 0.456133 0.037681 0.039984
0 0.823524 0.390565 0.040471 0.041865
0 0.257959 0.276179 0.039285 0.043255
0 0.416018 0.374973 0.037541 0.038430
0 0.312782 0.285283 0.040471 0.041865
0 0.419221 0.339233 0.040471 0.041865
0 0.714859 0.376405 0.037681 0.039984
0 0.308567 0.324828 0.041659 0.040474
