0 0.278609 0.852875 0.037517 0.047565
0 0.481394 0.350081 0.050500 0.044290
0 0.476972 0.314619 0.047203 0.048883
0 0.485074 0.381480 0.046497 0.043055
0 0.497575 0.493960 0.046183 0.040465
0 0.902914 0.392187 0.038415 0.046236
0 0.457277 0.152082 0.044389 0.043122
0 0.882555 0.228823 0.039509 0.046527
0 0.801205 0.419192 0.036620 0.048893
0 0.471975 0.282694 0.043800 0.038266
0 0.242541 0.569193 0.036228 0.045656
0 0.540361 0.739932 0.027591 0.035528
0 0.227984 0.444393 0.037940 0.033576
0 0.461102 0.183650 0.044977 0.047979
0 0.464578 0.216983 0.047277 0.040755
0 0.953639 0.801478 0.037405 0.055369
0 0.273452 0.814975 0.038807 0.049474
0 0.846828 0.786392 0.038415 0.046236
0 0.295004 0.975774 0.040490 0.048452
0 0.289651 0.939340 0.038415 0.046236
0 0.836823 0.703828 0.039199 0.052712
0 0.949534 0.758288 0.038219 0.044617
0 0.746211 0.813107 0.036620 0.048893
0 0.391394 0.488732 0.040882 0.057859
0 0.578968 0.308593 0.041584 0.054912
0 0.832017 0.664165 0.038611 0.047855
0 0.098537 0.694319 0.037012 0.052131
0 0.589168 0.392776 0.036031 0.044036
0 0.695258 0.825800 0.037125 0.044327
0 0.912526 0.471513 0.038415 0.046236
0 0.467407 0.249651 0.046267 0.049888
0 0.781490 0.256493 0.039003 0.051093
0 0.917880 0.511031 0.037910 0.050802
0 0.922784 0.551503 0.035330 0.046984
0 0.151831 0.677663 0.039003 0.051093
0 0.263897 0.731457 0.037517 0.047565
0 0.826567 0.623838 0.037910 0.050802
0 0.284999 0.896295 0.040882 0.057859
0 0.679901 0.703718 0.038415 0.046236
0 0.064713 0.405865 0.038415 0.046236
0 0.897015 0.352815 0.039003 0.051093
0 0.850442 0.825537 0.038807 0.049474
0 0.253443 0.649848 0.038807 0.049474
0 0.053419 0.321971 0.041780 0.056530
0 0.933532 0.635541 0.040407 0.045198
0 0.201585 0.235845 0.038891 0.058897
0 0.100127 0.260276 0.039003 0.051093
0 0.578092 0.729914 0.034237 0.046694
0 0.720401 0.609415 0.036620 0.048893
0 0.699495 0.446197 0.037012 0.052131
0 0.938436 0.676014 0.039396 0.054331
0 0.811560 0.499991 0.037713 0.049183
0 0.059010 0.368110 0.043378 0.052254
0 0.258445 0.691130 0.039003 0.051093
0 0.892364 0.309768 0.037713 0.049183
0 0.816758 0.542893 0.037517 0.047565
0 0.776062 0.635576 0.039705 0.048146
0 0.377188 0.362167 0.035330 0.046984
0 0.907818 0.432659 0.038807 0.049474
0 0.842022 0.746729 0.039003 0.051093
0 0.141028 0.597817 0.038807 0.049474
0 0.796519 0.799750 0.038807 0.049474
0 0.861958 0.058839 0.040294 0.053003
0 0.820919 0.581892 0.039003 0.051093
0 0.269544 0.773404 0.039396 0.054331
0 0.787258 0.718659 0.038106 0.052422
0 0.598493 0.898279 0.041191 0.051674
0 0.655829 0.500400 0.034546 0.040509
0 0.147025 0.638000 0.036620 0.048893
0 0.080070 0.527946 0.040098 0.051383
0 0.751214 0.854389 0.039003 0.051093
0 0.759603 0.085179 0.037209 0.053750
0 0.711294 0.524943 0.034433 0.048312
0 0.740858 0.773589 0.039705 0.048146
0 0.731499 0.691689 0.038807 0.049474
0 0.529108 0.320995 0.037321 0.045946
0 0.165133 0.377531 0.034825 0.051551
0 0.943283 0.720678 0.039902 0.049764
0 0.048374 0.275688 0.042677 0.055202
0 0.644731 0.418127 0.036733 0.041089
0 0.679682 0.282688 0.038807 0.049474
0 0.095371 0.654221 0.037517 0.047565
0 0.675543 0.663100 0.038498 0.055659
0 0.206783 0.278745 0.034938 0.043746
0 0.386196 0.445832 0.035526 0.048603
0 0.104330 0.304276 0.041584 0.054912
0 0.690648 0.787755 0.039902 0.049764
0 0.806754 0.460328 0.037517 0.047565
0 0.929174 0.594923 0.040490 0.054622
0 0.131121 0.516063 0.039003 0.051093
0 0.508861 0.149247 0.039592 0.055949
0 0.791167 0.760232 0.037517 0.047565
0 0.518654 0.239386 0.037209 0.053750
0 0.814661 0.115677 0.040490 0.054622
0 0.572192 0.690540 0.036620 0.048893
0 0.587648 0.813432 0.039509 0.046527
0 0.592005 0.854050 0.039199 0.052712
0 0.765511 0.553158 0.039003 0.051093
0 0.786941 0.296820 0.035330 0.046984
0 0.790107 0.336918 0.038807 0.049474
0 0.306085 0.203922 0.038302 0.054041
0 0.826053 0.200379 0.035526 0.048603
0 0.126119 0.474780 0.036620 0.048893
0 0.381545 0.402785 0.034629 0.049931
0 0.802167 0.841695 0.042481 0.053583
0 0.222084 0.405020 0.037910 0.050802
0 0.877945 0.190779 0.039705 0.048146
0 0.669995 0.621964 0.038611 0.047855
0 0.634278 0.336518 0.038807 0.049474
0 0.735735 0.312087 0.037517 0.047565
0 0.247895 0.608711 0.037910 0.050802
0 0.232790 0.484056 0.040490 0.054622
0 0.755899 0.473831 0.039003 0.051093
0 0.761154 0.512539 0.037517 0.047565
0 0.725501 0.651507 0.038807 0.049474
0 0.593680 0.430010 0.034237 0.046694
0 0.770939 0.174073 0.040098 0.051383
0 0.770064 0.595394 0.040098 0.051383
0 0.084722 0.570992 0.039199 0.052712
0 0.254880 0.219187 0.040490 0.054622
0 0.356590 0.192182 0.040490 0.054622
0 0.090467 0.613748 0.040098 0.051383
0 0.136671 0.557199 0.039902 0.049764
0 0.524596 0.283761 0.037713 0.049183
0 0.321232 0.333579 0.036424 0.047275
0 0.820953 0.158288 0.039902 0.049764
0 0.809813 0.071012 0.039199 0.052712
0 0.492572 0.452678 0.043967 0.057111
0 0.841354 0.326654 0.038498 0.055659
0 0.775941 0.215356 0.039902 0.049764
0 0.705941 0.485425 0.037125 0.044327
0 0.110467 0.350270 0.040294 0.053003
0 0.684903 0.745000 0.041584 0.054912
0 0.715399 0.568133 0.036816 0.050512
0 0.121019 0.432689 0.038807 0.049474
0 0.796300 0.378719 0.037012 0.052131
0 0.315879 0.294061 0.037713 0.049183
0 0.069070 0.446482 0.040294 0.053003
0 0.868095 0.104832 0.041191 0.051674
0 0.623530 0.252480 0.038498 0.055659
0 0.564572 0.609015 0.038807 0.049474
0 0.736501 0.732971 0.039003 0.051093
0 0.871850 0.149787 0.040294 0.053003
0 0.700358 0.867892 0.043070 0.058440
0 0.694591 0.405724 0.036228 0.045656
0 0.887361 0.268486 0.040098 0.051383
0 0.568831 0.648823 0.037910 0.050802
0 0.427243 0.351384 0.037012 0.052131
0 0.745249 0.390603 0.039902 0.049764
0 0.211786 0.320028 0.038106 0.052422
0 0.074815 0.489237 0.039003 0.051093
0 0.780615 0.677812 0.041191 0.051674
0 0.116115 0.392217 0.038807 0.049474
0 0.574217 0.264738 0.038302 0.054041
0 0.765839 0.131982 0.037910 0.050802
0 0.544409 0.447270 0.037713 0.049183
0 0.740443 0.350940 0.039705 0.048146
0 0.583291 0.772814 0.041388 0.053293
0 0.279035 0.432508 0.039199 0.052712
0 0.325687 0.375005 0.038106 0.052422
0 0.831602 0.241516 0.039003 0.051093
0 0.554021 0.526596 0.037713 0.049183
0 0.665189 0.582301 0.039199 0.052712
0 0.362083 0.237512 0.040098 0.051383
0 0.514354 0.194576 0.039199 0.052712
0 0.684488 0.322351 0.036424 0.047275
0 0.750700 0.430930 0.038807 0.049474
0 0.548667 0.487078 0.038611 0.047855
0 0.835960 0.282133 0.037910 0.050802
0 0.237637 0.528721 0.039199 0.052712
0 0.629276 0.295236 0.039003 0.051093
0 0.558476 0.568024 0.039003 0.051093
0 0.260470 0.265326 0.040294 0.053003
0 0.725338 0.226285 0.036115 0.053460
0 0.366089 0.279894 0.040098 0.051383
0 0.730733 0.270804 0.038106 0.052422
0 0.688943 0.363778 0.038106 0.052422
0 0.659443 0.539545 0.040098 0.051383
0 0.422396 0.306719 0.038302 0.054041
0 0.330983 0.418716 0.037713 0.049183
0 0.585358 0.352013 0.041584 0.054912
0 0.674385 0.238977 0.037405 0.055369
0 0.534110 0.362277 0.035723 0.050222
0 0.265571 0.307418 0.039902 0.049764
0 0.274580 0.391082 0.040098 0.051383
0 0.216984 0.362928 0.037910 0.050802
0 0.310680 0.251160 0.040490 0.054622
0 0.649733 0.459409 0.040686 0.056240
0 0.336533 0.459853 0.039396 0.054331
0 0.270671 0.349510 0.042481 0.053583
0 0.372830 0.321549 0.039003 0.051093
0 0.639378 0.378609 0.039199 0.052712
0 0.538859 0.406133 0.036816 0.050512
