0 0.438917 0.722619 0.042559 0.045858
0 0.371952 0.736407 0.031592 0.040633
0 0.113889 0.529757 0.032673 0.039372
0 0.386878 0.365367 0.041247 0.045588
0 0.148151 0.671153 0.044490 0.041805
0 0.465032 0.899646 0.043641 0.044597
0 0.732803 0.660526 0.042096 0.042795
0 0.724110 0.589670 0.043873 0.046129
0 0.130336 0.450566 0.032673 0.039372
0 0.220065 0.766103 0.040319 0.039462
0 0.103535 0.456874 0.031592 0.040633
0 0.092100 0.385793 0.035763 0.042975
0 0.247436 0.575694 0.039007 0.039191
0 0.857065 0.376731 0.043641 0.044597
0 0.872325 0.486505 0.043409 0.043066
0 0.395455 0.435457 0.039239 0.040724
0 0.469649 0.567840 0.039007 0.039191
0 0.323483 0.706906 0.040319 0.039462
0 0.733635 0.294757 0.040551 0.040994
0 0.364298 0.591902 0.040551 0.040994
0 0.710899 0.515796 0.039702 0.043786
0 0.792066 0.322996 0.046035 0.043607
0 0.332503 0.377353 0.039702 0.043786
0 0.786503 0.286239 0.043873 0.046129
0 0.443302 0.389282 0.038388 0.043516
0 0.142588 0.634396 0.044954 0.044868
0 0.520692 0.337024 0.040088 0.037930
0 0.328930 0.742897 0.041015 0.044057
0 0.689921 0.377193 0.039934 0.045318
0 0.341853 0.448073 0.039239 0.040724
0 0.754187 0.435026 0.039007 0.039191
0 0.813043 0.461599 0.043641 0.044597
0 0.861315 0.413758 0.043178 0.041535
0 0.769099 0.542504 0.042096 0.042795
0 0.482397 0.638651 0.043178 0.041535
0 0.567765 0.290219 0.037693 0.038921
0 0.412453 0.543295 0.040783 0.042525
0 0.728360 0.626697 0.040319 0.039462
0 0.706456 0.481968 0.037461 0.037389
0 0.620170 0.278638 0.041478 0.047119
0 0.625135 0.682696 0.042096 0.042795
0 0.274787 0.756415 0.045186 0.046399
0 0.198083 0.625337 0.044722 0.043336
0 0.525675 0.369952 0.037693 0.038921
0 0.570528 0.693150 0.040551 0.040994
0 0.141347 0.523313 0.032905 0.040903
0 0.803462 0.389347 0.040551 0.040994
0 0.615013 0.611344 0.035300 0.039912
0 0.546575 0.512519 0.039007 0.039191
0 0.748199 0.399936 0.040783 0.042525
0 0.652737 0.493818 0.037693 0.038921
0 0.308146 0.601095 0.041632 0.039732
0 0.835856 0.236596 0.043873 0.046129
0 0.541244 0.477294 0.036380 0.038650
0 0.715806 0.552688 0.040551 0.040994
0 0.351550 0.521092 0.042559 0.045858
0 0.208746 0.695788 0.045186 0.046399
0 0.187073 0.552590 0.039702 0.043786
0 0.530466 0.406078 0.042328 0.044327
0 0.231210 0.468487 0.045186 0.046399
0 0.271754 0.347222 0.044105 0.047660
0 0.402656 0.764829 0.029351 0.034236
0 0.430978 0.316805 0.041247 0.045588
0 0.234827 0.948626 0.033986 0.039642
0 0.235093 0.874346 0.043641 0.044597
0 0.444788 0.756943 0.037461 0.037389
0 0.919224 0.805334 0.042946 0.040002
0 0.546627 0.772297 0.027807 0.032434
0 0.914434 0.769208 0.041864 0.041264
0 0.351801 0.885059 0.040551 0.040994
0 0.097432 0.421019 0.032209 0.036308
0 0.346276 0.853032 0.041864 0.041264
0 0.407446 0.800955 0.031360 0.039101
0 0.381301 0.807129 0.031129 0.037569
0 0.456306 0.197884 0.036766 0.032795
0 0.357653 0.556947 0.041015 0.044057
0 0.241313 0.910968 0.044954 0.044868
0 0.754553 0.799760 0.040783 0.042525
0 0.355046 0.919924 0.044722 0.043336
0 0.163797 0.774530 0.039007 0.039191
0 0.489917 0.433378 0.033986 0.039642
0 0.144284 0.560611 0.031978 0.034777
0 0.174498 0.849711 0.043873 0.046129
0 0.909103 0.733983 0.044954 0.044868
0 0.865564 0.450785 0.038388 0.043516
0 0.460241 0.863519 0.042096 0.042795
0 0.738907 0.696381 0.041015 0.044057
0 0.501443 0.782390 0.040319 0.039462
0 0.203299 0.659797 0.041864 0.041264
0 0.894190 0.626505 0.044954 0.044868
0 0.118902 0.379485 0.031129 0.037569
0 0.556504 0.587069 0.039239 0.040724
0 0.433893 0.684961 0.043641 0.044597
0 0.177492 0.480338 0.042328 0.044327
0 0.266307 0.311231 0.038929 0.030273
0 0.259890 0.944255 0.030665 0.034506
0 0.510878 0.263240 0.036071 0.028201
0 0.155896 0.333176 0.039160 0.031804
0 0.841187 0.271821 0.041555 0.030813
0 0.721852 0.221379 0.040473 0.032074
0 0.169129 0.809756 0.042559 0.045858
0 0.454253 0.828429 0.040319 0.039462
0 0.460595 0.226217 0.037461 0.037389
0 0.806109 0.791513 0.043641 0.044597
0 0.192752 0.590113 0.044722 0.043336
0 0.486130 0.399415 0.033059 0.033516
0 0.904312 0.697856 0.042946 0.040002
0 0.506427 0.815318 0.040088 0.037930
0 0.705741 0.848502 0.038775 0.037660
0 0.335807 0.779383 0.040088 0.037930
0 0.482345 0.365450 0.037076 0.043245
0 0.561488 0.619997 0.039007 0.039191
0 0.230187 0.837454 0.041864 0.041264
0 0.851308 0.343172 0.038775 0.037660
0 0.592741 0.835447 0.038775 0.037660
0 0.375970 0.771903 0.031129 0.037569
0 0.774431 0.577729 0.039470 0.042255
0 0.746827 0.766607 0.040319 0.039462
0 0.373531 0.661857 0.043873 0.046129
0 0.597840 0.869140 0.041400 0.038201
0 0.760116 0.836516 0.043409 0.043066
0 0.319156 0.673843 0.041864 0.041264
0 0.511642 0.849777 0.041247 0.045588
0 0.791312 0.684802 0.040783 0.042525
0 0.135128 0.486692 0.030665 0.034506
0 0.154139 0.706242 0.043178 0.041535
0 0.225396 0.801329 0.043873 0.046129
0 0.785865 0.648810 0.040551 0.040994
0 0.797822 0.356554 0.041169 0.036669
0 0.339053 0.814248 0.042559 0.045858
0 0.631355 0.719317 0.038620 0.045047
0 0.263893 0.684433 0.042096 0.042795
0 0.379635 0.697712 0.041400 0.038201
0 0.109098 0.493630 0.030665 0.034506
0 0.398096 0.730234 0.031360 0.039101
0 0.428794 0.651268 0.040551 0.040994
0 0.888087 0.590650 0.043409 0.043066
0 0.577829 0.727970 0.042328 0.044327
0 0.486184 0.672615 0.043178 0.041535
0 0.743041 0.732643 0.040319 0.039462
0 0.690520 0.743458 0.040783 0.042525
0 0.700642 0.814809 0.039702 0.043786
0 0.882756 0.555424 0.040319 0.039462
0 0.302699 0.565105 0.036149 0.037119
0 0.136910 0.596873 0.042096 0.042795
0 0.801435 0.756152 0.041864 0.041264
0 0.796875 0.721558 0.040783 0.042525
0 0.518210 0.888696 0.039239 0.040724
0 0.694963 0.777286 0.042096 0.042795
0 0.876343 0.522001 0.040783 0.042525
0 0.780592 0.247186 0.041478 0.047119
0 0.586638 0.799591 0.041247 0.045588
0 0.470909 0.294370 0.035068 0.038380
0 0.496112 0.747165 0.043873 0.046129
0 0.449347 0.791537 0.042096 0.042795
0 0.158698 0.740837 0.042096 0.042795
0 0.214193 0.731778 0.041864 0.041264
0 0.812213 0.827368 0.041632 0.039732
0 0.780534 0.613585 0.041015 0.044057
0 0.451686 0.462571 0.035531 0.041444
0 0.124349 0.415476 0.030897 0.036038
0 0.657953 0.528278 0.037461 0.037389
0 0.583161 0.763195 0.039239 0.040724
0 0.685266 0.704268 0.042791 0.047389
0 0.898865 0.661865 0.046267 0.045138
0 0.220084 0.394973 0.042096 0.042795
0 0.324199 0.340371 0.039934 0.045318
0 0.701241 0.447508 0.040319 0.039462
0 0.845977 0.307947 0.044954 0.044868
0 0.238202 0.505739 0.041864 0.041264
0 0.489661 0.709012 0.042096 0.042795
0 0.269224 0.719658 0.042096 0.042795
0 0.182283 0.516463 0.040783 0.042525
0 0.577887 0.361570 0.039239 0.040724
0 0.625733 0.315395 0.043178 0.041535
0 0.258562 0.649207 0.039007 0.039191
0 0.406581 0.508970 0.039239 0.040724
0 0.368856 0.626497 0.041632 0.039732
0 0.727956 0.257234 0.041247 0.045588
0 0.347184 0.483299 0.041864 0.041264
0 0.642616 0.422467 0.039239 0.040724
0 0.464434 0.533381 0.039239 0.040724
0 0.674237 0.269085 0.038852 0.046578
0 0.297716 0.532177 0.042096 0.042795
0 0.679916 0.306607 0.040783 0.042525
0 0.662860 0.565170 0.042791 0.047389
0 0.737652 0.330252 0.041015 0.044057
0 0.457790 0.498426 0.039239 0.040724
0 0.391128 0.402394 0.040783 0.042525
0 0.806823 0.424978 0.044954 0.044868
0 0.401018 0.472214 0.039702 0.043786
0 0.214869 0.360514 0.041864 0.041264
0 0.742327 0.365612 0.041864 0.041264
0 0.630409 0.350755 0.041864 0.041264
0 0.225532 0.430965 0.039702 0.043786
0 0.465926 0.261442 0.037925 0.040453
0 0.437314 0.354192 0.041864 0.041264
0 0.536376 0.445132 0.039470 0.042255
0 0.610454 0.576750 0.039470 0.042255
0 0.695484 0.413950 0.042096 0.042795
0 0.379538 0.325818 0.041247 0.045588
0 0.684590 0.341968 0.039007 0.039191
0 0.446895 0.426444 0.039239 0.040724
0 0.423463 0.616043 0.038388 0.043516
0 0.566935 0.655988 0.042328 0.044327
0 0.763420 0.504981 0.044954 0.044868
0 0.166366 0.406824 0.041864 0.041264
0 0.573097 0.325444 0.040783 0.042525
0 0.242221 0.541235 0.042328 0.044327
0 0.759402 0.469487 0.041864 0.041264
0 0.293002 0.492086 0.042096 0.042795
0 0.592916 0.469814 0.042096 0.042795
0 0.417244 0.579421 0.041864 0.041264
0 0.337294 0.413479 0.040783 0.042525
0 0.282031 0.424068 0.043178 0.041535
0 0.515245 0.301033 0.041247 0.045588
0 0.313052 0.637987 0.040783 0.042525
0 0.582986 0.395264 0.041864 0.041264
0 0.287902 0.458393 0.041632 0.039732
0 0.474864 0.602300 0.042328 0.044327
0 0.587353 0.433056 0.045186 0.046399
0 0.552486 0.551574 0.042328 0.044327
0 0.598904 0.504903 0.040319 0.039462
0 0.251570 0.611956 0.042791 0.047389
0 0.647290 0.457827 0.043641 0.044597
0 0.604351 0.540894 0.041015 0.044057
0 0.619688 0.646704 0.042328 0.044327
0 0.160263 0.370969 0.038620 0.045047
0 0.635856 0.386746 0.042096 0.042795
0 0.277240 0.387943 0.042559 0.045858
0 0.172470 0.442680 0.040783 0.042525
