0 0.681235 0.210216 0.039788 0.047291
0 0.478134 0.244817 0.046295 0.047191
0 0.112220 0.219980 0.037935 0.051120
0 0.469427 0.142406 0.048203 0.044013
0 0.473164 0.178578 0.047520 0.048856
0 0.115432 0.265149 0.036751 0.049943
0 0.490704 0.375249 0.046977 0.042348
0 0.534891 0.753097 0.021478 0.018420
0 0.533381 0.737424 0.021739 0.019991
0 0.532049 0.723882 0.020955 0.015282
0 0.488578 0.345623 0.046821 0.039692
0 0.721130 0.667928 0.034410 0.047915
0 0.816828 0.567123 0.036479 0.046689
0 0.393019 0.472369 0.037310 0.043635
0 0.453656 0.588532 0.038685 0.047090
0 0.218329 0.250577 0.038550 0.045463
0 0.568532 0.697315 0.039924 0.048917
0 0.805748 0.441127 0.037989 0.051771
0 0.780643 0.743828 0.040331 0.053799
0 0.344237 0.525006 0.034410 0.047915
0 0.701952 0.458340 0.037446 0.045262
0 0.684835 0.253333 0.037718 0.048516
0 0.786910 0.235606 0.038685 0.047090
0 0.242095 0.541919 0.035512 0.048116
0 0.859872 0.472584 0.037718 0.048516
0 0.336002 0.439787 0.036751 0.049943
0 0.330380 0.359047 0.036072 0.041808
0 0.533823 0.281604 0.033171 0.046088
0 0.183335 0.468359 0.035512 0.048116
0 0.495237 0.449662 0.044606 0.052973
0 0.371344 0.219464 0.037158 0.054824
0 0.827185 0.094496 0.040331 0.053799
0 0.672899 0.720466 0.036479 0.046689
0 0.593840 0.397054 0.035241 0.044861
0 0.699794 0.419091 0.035241 0.044861
0 0.340018 0.481176 0.035512 0.048116
0 0.794873 0.317572 0.038821 0.048717
0 0.293373 0.532599 0.037158 0.054824
0 0.571308 0.737278 0.038685 0.047090
0 0.691483 0.339666 0.036615 0.048316
0 0.286030 0.451347 0.037446 0.045262
0 0.723423 0.708805 0.036343 0.045062
0 0.835276 0.184697 0.038821 0.048717
0 0.247851 0.624285 0.037853 0.050143
0 0.540615 0.362956 0.037582 0.046890
0 0.561264 0.610268 0.037853 0.050143
0 0.824171 0.648376 0.035376 0.046489
0 0.769700 0.619459 0.036887 0.051570
0 0.831031 0.730541 0.037718 0.048516
0 0.878432 0.681459 0.037582 0.046890
0 0.867972 0.556176 0.037582 0.046890
0 0.856340 0.430281 0.039924 0.048917
0 0.172672 0.340637 0.035920 0.052997
0 0.832295 0.142293 0.039924 0.048917
0 0.812880 0.526547 0.037582 0.046890
0 0.622935 0.725418 0.036343 0.045062
0 0.446176 0.505653 0.030966 0.045687
0 0.706519 0.499629 0.037582 0.046890
0 0.677703 0.167913 0.040060 0.050544
0 0.269133 0.235563 0.038397 0.056652
0 0.224019 0.332130 0.039093 0.051971
0 0.574568 0.776327 0.036479 0.046689
0 0.637572 0.304042 0.035105 0.043234
0 0.713786 0.586676 0.035512 0.048116
0 0.587056 0.309094 0.039365 0.055225
0 0.633972 0.260925 0.037989 0.051771
0 0.695846 0.378515 0.036343 0.045062
0 0.289222 0.489582 0.035105 0.043234
0 0.121113 0.353311 0.037853 0.050143
0 0.839012 0.229441 0.038957 0.050344
0 0.775873 0.700099 0.035376 0.046489
0 0.179951 0.930635 0.024908 0.038176
0 0.499873 0.491764 0.045453 0.037103
0 0.173023 0.847656 0.024908 0.038176
0 0.633191 0.848259 0.036751 0.049943
0 0.158186 0.978362 0.025044 0.039804
0 0.602490 0.480546 0.036751 0.049943
0 0.263034 0.832948 0.033171 0.046088
0 0.480952 0.922177 0.037582 0.046890
0 0.113485 0.905551 0.037446 0.045262
0 0.677610 0.756773 0.037174 0.042009
0 0.257413 0.752208 0.037718 0.048516
0 0.406256 0.637614 0.036615 0.048316
0 0.585436 0.906490 0.041162 0.050745
0 0.124094 0.395714 0.038414 0.043836
0 0.629244 0.807684 0.033171 0.046088
0 0.099289 0.735524 0.037310 0.043635
0 0.231083 0.416736 0.039093 0.051971
0 0.076143 0.444896 0.037718 0.048516
0 0.477836 0.878146 0.038957 0.050344
0 0.580114 0.862861 0.040060 0.050544
0 0.882311 0.721222 0.036615 0.048316
0 0.735334 0.831346 0.040060 0.050544
0 0.737285 0.244626 0.036207 0.043435
0 0.233580 0.460053 0.036751 0.049943
0 0.484862 0.311976 0.046404 0.048493
0 0.841356 0.854197 0.040196 0.052172
0 0.409168 0.679204 0.037853 0.050143
0 0.849683 0.350555 0.039924 0.048917
0 0.238079 0.500530 0.034002 0.043034
0 0.186520 0.513203 0.037022 0.053197
0 0.580883 0.228455 0.037038 0.040381
0 0.687858 0.886224 0.041434 0.053999
0 0.091605 0.650205 0.036615 0.048316
0 0.463768 0.716356 0.037446 0.045262
0 0.467096 0.756219 0.037582 0.046890
0 0.730835 0.790871 0.037582 0.046890
0 0.605199 0.519696 0.034833 0.039980
0 0.784549 0.193916 0.038550 0.045463
0 0.146892 0.688882 0.039788 0.047291
0 0.577482 0.817916 0.035512 0.048116
0 0.105937 0.821859 0.038685 0.047090
0 0.073162 0.402494 0.038821 0.048717
0 0.885707 0.761897 0.038821 0.048717
0 0.138917 0.559845 0.038685 0.047090
0 0.095757 0.693221 0.037853 0.050143
0 0.144743 0.643025 0.041434 0.053999
0 0.079539 0.485573 0.037718 0.048516
0 0.250349 0.667602 0.037718 0.048516
0 0.755572 0.450246 0.036343 0.045062
0 0.727371 0.749382 0.037718 0.048516
0 0.354629 0.649475 0.035936 0.040181
0 0.525732 0.191404 0.036615 0.048316
0 0.460304 0.674865 0.037853 0.050143
0 0.550592 0.489154 0.036615 0.048316
0 0.109953 0.863248 0.037989 0.051771
0 0.415198 0.764825 0.039924 0.048917
0 0.790857 0.276183 0.037582 0.046890
0 0.820224 0.607799 0.032068 0.045888
0 0.361074 0.733368 0.037989 0.051771
0 0.227619 0.375247 0.036479 0.046689
0 0.615108 0.645079 0.036751 0.049943
0 0.871300 0.596039 0.035241 0.044861
0 0.684122 0.841480 0.038821 0.048717
0 0.723940 0.111609 0.038957 0.050344
0 0.874280 0.638442 0.036887 0.051570
0 0.082519 0.527976 0.038821 0.048717
0 0.214594 0.205833 0.039229 0.053598
0 0.220971 0.288913 0.037310 0.043635
0 0.276673 0.325863 0.037174 0.042009
0 0.102821 0.777827 0.040331 0.053799
0 0.733889 0.203950 0.036751 0.049943
0 0.402860 0.596939 0.036343 0.045062
0 0.443882 0.464777 0.028489 0.042032
0 0.426978 0.255601 0.036072 0.041808
0 0.411734 0.723335 0.040060 0.050544
0 0.357474 0.690252 0.037853 0.050143
0 0.267601 0.874237 0.037718 0.048516
0 0.689538 0.296249 0.037853 0.050143
0 0.166645 0.764576 0.026282 0.041631
0 0.271753 0.917254 0.038957 0.050344
0 0.374175 0.896986 0.036479 0.046689
0 0.081345 0.359713 0.026147 0.040004
0 0.474853 0.212213 0.048762 0.037705
0 0.185756 0.973351 0.027521 0.043458
0 0.154587 0.935245 0.024908 0.038176
0 0.137954 0.729323 0.023398 0.033095
0 0.882888 0.131447 0.037989 0.051771
0 0.481593 0.279535 0.046692 0.038931
0 0.141279 0.601536 0.041027 0.049118
0 0.177038 0.889045 0.025875 0.036750
0 0.378394 0.940817 0.040331 0.053799
0 0.275353 0.960370 0.038550 0.045463
0 0.152225 0.893555 0.025316 0.043057
0 0.363918 0.774145 0.036072 0.041808
0 0.141418 0.770812 0.024349 0.044485
0 0.145849 0.810475 0.023670 0.036349
0 0.163385 0.725527 0.026011 0.038377
0 0.370778 0.856311 0.034002 0.043034
0 0.583388 0.265163 0.036343 0.045062
0 0.837069 0.809553 0.041162 0.050745
0 0.429258 0.933224 0.041993 0.047692
0 0.116745 0.944600 0.037718 0.048516
0 0.088829 0.610242 0.035376 0.046489
0 0.260326 0.793799 0.036479 0.046689
0 0.147658 0.852266 0.025180 0.041431
0 0.846287 0.309879 0.037446 0.045262
0 0.728983 0.158593 0.039229 0.053598
0 0.085983 0.569465 0.036207 0.043435
0 0.889171 0.803386 0.036479 0.046689
0 0.120413 0.981222 0.040196 0.037556
0 0.473752 0.835944 0.037582 0.046890
0 0.630092 0.221163 0.036479 0.046689
0 0.131505 0.477779 0.037174 0.042009
0 0.425038 0.889394 0.041162 0.050745
0 0.887310 0.177717 0.039229 0.053598
0 0.626263 0.765280 0.036479 0.046689
0 0.170661 0.805965 0.027249 0.040205
0 0.801665 0.398924 0.036343 0.045062
0 0.253881 0.709905 0.037718 0.048516
0 0.636172 0.890662 0.040060 0.050544
0 0.470356 0.795267 0.039788 0.047291
0 0.892220 0.846604 0.037989 0.051771
0 0.833877 0.771317 0.038550 0.045463
0 0.243904 0.583709 0.031797 0.042633
0 0.554268 0.526475 0.034969 0.041608
0 0.879499 0.084162 0.039365 0.055225
0 0.716631 0.627453 0.034138 0.044661
0 0.367866 0.814721 0.037989 0.051771
0 0.798337 0.359061 0.036479 0.046689
0 0.738315 0.873749 0.038685 0.047090
0 0.134283 0.517742 0.038685 0.047090
0 0.853496 0.389504 0.036343 0.045062
0 0.841306 0.270318 0.040891 0.047491
0 0.419077 0.804587 0.038685 0.047090
0 0.127973 0.435476 0.037718 0.048516
0 0.773164 0.660949 0.031797 0.042633
0 0.119100 0.309079 0.036751 0.049943
0 0.423093 0.845976 0.039924 0.048917
0 0.449640 0.547143 0.037718 0.048516
0 0.597923 0.439257 0.034410 0.047915
0 0.175305 0.385581 0.037718 0.048516
0 0.347633 0.565682 0.036887 0.051570
0 0.747126 0.369195 0.037446 0.045262
0 0.556494 0.566539 0.037853 0.050143
0 0.674179 0.119002 0.039229 0.053598
0 0.752244 0.410384 0.038685 0.047090
0 0.619674 0.686368 0.034138 0.044661
0 0.826949 0.688338 0.036615 0.048316
0 0.279381 0.365014 0.036615 0.048316
0 0.547679 0.447563 0.037853 0.050143
0 0.178286 0.427984 0.038821 0.048717
0 0.709499 0.542033 0.038957 0.050344
0 0.537151 0.321467 0.037718 0.048516
0 0.375766 0.265734 0.040060 0.050544
0 0.457256 0.631649 0.039093 0.051971
0 0.273692 0.283460 0.041298 0.052372
0 0.656682 0.512817 0.036343 0.045062
0 0.659527 0.553593 0.037446 0.045262
0 0.644568 0.387835 0.037446 0.045262
0 0.863472 0.515701 0.040060 0.050544
0 0.809416 0.485058 0.037718 0.048516
0 0.766100 0.576342 0.034274 0.046288
0 0.351233 0.608800 0.036751 0.049943
0 0.648999 0.427497 0.037582 0.046890
0 0.333641 0.398096 0.036615 0.048316
0 0.781984 0.149786 0.039365 0.055225
0 0.680522 0.798364 0.038957 0.050344
0 0.666387 0.635759 0.039788 0.047291
0 0.399600 0.557889 0.036343 0.045062
0 0.743797 0.329332 0.037582 0.046890
0 0.669367 0.678162 0.038957 0.050344
0 0.762569 0.534040 0.038957 0.050344
0 0.320480 0.227056 0.039365 0.055225
0 0.759037 0.491737 0.038957 0.050344
0 0.740749 0.286116 0.038821 0.048717
0 0.282566 0.409857 0.037853 0.050143
0 0.590376 0.355565 0.037853 0.050143
0 0.564864 0.653384 0.040196 0.052172
0 0.612127 0.602675 0.037853 0.050143
0 0.651979 0.469901 0.036751 0.049943
0 0.436471 0.382711 0.038550 0.045463
0 0.389691 0.432507 0.035512 0.048116
0 0.323800 0.273528 0.037853 0.050143
0 0.386226 0.391016 0.033171 0.046088
0 0.641036 0.345531 0.037989 0.051771
0 0.609078 0.559459 0.036615 0.048316
0 0.423174 0.210044 0.039636 0.058479
0 0.577147 0.183711 0.040739 0.058680
0 0.626288 0.175606 0.037294 0.056452
0 0.661752 0.593656 0.040060 0.050544
0 0.382762 0.349527 0.037718 0.048516
0 0.529536 0.236961 0.041298 0.052372
0 0.395380 0.514059 0.038261 0.055024
0 0.544698 0.405160 0.038685 0.047090
0 0.434178 0.341835 0.038821 0.048717
0 0.379366 0.308851 0.037446 0.045262
0 0.440486 0.424100 0.037853 0.050143
0 0.430993 0.296991 0.038125 0.053398
0 0.327536 0.318272 0.037989 0.051771
