0 0.909332 0.232731 0.035067 0.048765
0 0.867071 0.904595 0.037290 0.048830
0 0.137239 0.464379 0.033870 0.042144
0 0.452135 0.746905 0.031648 0.042080
0 0.555459 0.744732 0.033848 0.040498
0 0.704366 0.406744 0.036092 0.042209
0 0.239465 0.421045 0.032737 0.040465
0 0.393245 0.199907 0.035111 0.052060
0 0.291646 0.375043 0.033848 0.040498
0 0.289962 0.247391 0.033913 0.045439
0 0.710982 0.824260 0.033848 0.040498
0 0.856577 0.193066 0.032802 0.045406
0 0.763739 0.821906 0.037203 0.042241
0 0.709897 0.699885 0.037203 0.042241
0 0.499861 0.447276 0.043868 0.042434
0 0.245518 0.753717 0.036114 0.043856
0 0.757108 0.487604 0.032759 0.042112
0 0.188320 0.419232 0.035002 0.043824
0 0.858793 0.361073 0.035024 0.045471
0 0.759880 0.613576 0.032737 0.040465
0 0.239455 0.378203 0.033891 0.043792
0 0.191647 0.587208 0.035002 0.043824
0 0.137240 0.422362 0.035002 0.043824
0 0.136675 0.379536 0.035002 0.043824
0 0.400523 0.709678 0.033935 0.047086
0 0.703291 0.283193 0.037246 0.045535
0 0.713212 0.909055 0.038357 0.045567
0 0.136121 0.337534 0.034980 0.042176
0 0.242771 0.545355 0.036092 0.042209
0 0.185487 0.162264 0.036201 0.050444
0 0.188905 0.505723 0.036092 0.042209
0 0.859899 0.487095 0.033891 0.043792
0 0.555436 0.785104 0.034980 0.042176
0 0.453232 0.830085 0.036114 0.043856
0 0.192755 0.671211 0.035002 0.043824
0 0.554343 0.617887 0.034959 0.040530
0 0.294395 0.541387 0.037268 0.047183
0 0.191656 0.630049 0.036114 0.043856
0 0.556001 0.827929 0.034980 0.042176
0 0.296623 0.668200 0.036157 0.047151
0 0.907016 0.141347 0.035089 0.050412
0 0.392742 0.246058 0.034937 0.038882
0 0.806583 0.278551 0.032759 0.042112
0 0.758210 0.444729 0.033870 0.042144
0 0.760990 0.655562 0.036136 0.045503
0 0.807693 0.320536 0.033935 0.047086
0 0.452136 0.704886 0.035002 0.043824
0 0.911548 0.400738 0.035024 0.045471
0 0.242225 0.588213 0.036136 0.045503
0 0.402109 0.829918 0.031670 0.043728
0 0.185571 0.252888 0.036114 0.043856
0 0.341033 0.201421 0.035111 0.052060
0 0.186112 0.336085 0.037203 0.042241
0 0.397732 0.498022 0.033870 0.042144
0 0.601621 0.326510 0.032737 0.040465
0 0.187777 0.378054 0.037225 0.043889
0 0.599393 0.199698 0.033891 0.043792
0 0.755503 0.281680 0.034980 0.042176
0 0.863768 0.696249 0.033891 0.043792
0 0.859334 0.444269 0.033891 0.043792
0 0.554916 0.703554 0.031670 0.043728
0 0.395546 0.416521 0.033891 0.043792
0 0.186680 0.294874 0.034980 0.042176
0 0.706562 0.489069 0.033913 0.045439
0 0.863216 0.612229 0.035002 0.043824
0 0.712080 0.865422 0.035002 0.043824
0 0.500991 0.490909 0.042692 0.037461
0 0.517199 0.750785 0.021411 0.023671
0 0.516350 0.728565 0.022587 0.028646
0 0.293852 0.500209 0.037008 0.027417
0 0.402107 0.871936 0.032759 0.042112
0 0.500158 0.343459 0.044848 0.032583
0 0.296611 0.709395 0.034915 0.037235
0 0.499257 0.275103 0.044826 0.030937
0 0.498377 0.208393 0.047071 0.032648
0 0.133883 0.209897 0.036070 0.040562
0 0.196654 0.924853 0.036114 0.043856
0 0.142236 0.801201 0.035046 0.047119
0 0.142790 0.843203 0.034980 0.042176
0 0.299924 0.918564 0.036157 0.047151
0 0.144433 0.883526 0.037225 0.043889
0 0.497399 0.176291 0.043759 0.034199
0 0.703824 0.323548 0.034959 0.040530
0 0.085039 0.424698 0.034937 0.038882
0 0.195535 0.882045 0.037268 0.047183
0 0.298227 0.874124 0.033848 0.040498
0 0.083964 0.343166 0.034959 0.040530
0 0.917043 0.817462 0.032715 0.038818
0 0.496397 0.142540 0.047114 0.035942
0 0.497146 0.241384 0.043824 0.039140
0 0.141673 0.716358 0.036092 0.042209
0 0.298241 0.790911 0.031605 0.038785
0 0.865929 0.860138 0.033870 0.042144
0 0.194970 0.839219 0.034959 0.040530
0 0.763727 0.863100 0.036092 0.042209
0 0.141671 0.758376 0.037225 0.043889
0 0.294393 0.583405 0.031605 0.038785
0 0.915414 0.693928 0.032759 0.042112
0 0.917044 0.775444 0.033891 0.043792
0 0.501116 0.373914 0.043803 0.037493
0 0.082226 0.211395 0.035002 0.043824
0 0.708756 0.655429 0.036179 0.048797
0 0.914836 0.734314 0.032737 0.040465
0 0.454897 0.872053 0.033826 0.038850
0 0.192763 0.714053 0.033891 0.043792
0 0.401034 0.748386 0.033783 0.035556
0 0.912643 0.525936 0.036092 0.042209
0 0.864854 0.778605 0.033848 0.040498
0 0.246650 0.797351 0.037290 0.048830
0 0.082791 0.254221 0.037225 0.043889
0 0.762087 0.738742 0.031670 0.043728
0 0.556544 0.869107 0.034980 0.042176
0 0.135034 0.297196 0.033848 0.040498
0 0.857675 0.234228 0.033826 0.038850
0 0.911038 0.362030 0.034915 0.037235
0 0.244421 0.712555 0.032737 0.040465
0 0.912089 0.483934 0.036114 0.043856
0 0.140563 0.674372 0.037225 0.043889
0 0.083388 0.299516 0.037290 0.048830
0 0.914839 0.650278 0.032737 0.040465
0 0.911568 0.444403 0.036070 0.040562
0 0.193873 0.756039 0.037246 0.045535
0 0.703812 0.364742 0.036114 0.043856
0 0.908735 0.187434 0.035002 0.043824
0 0.706549 0.530263 0.034980 0.042176
0 0.299362 0.833721 0.034980 0.042176
0 0.858250 0.319895 0.034937 0.038882
0 0.553287 0.580020 0.036070 0.040562
0 0.082718 0.164420 0.035067 0.048765
0 0.401555 0.787916 0.033870 0.042144
0 0.711518 0.780579 0.036092 0.042209
0 0.861519 0.567789 0.032781 0.043760
0 0.765424 0.907542 0.036179 0.048797
0 0.140565 0.632354 0.036136 0.045503
0 0.708224 0.615074 0.036114 0.043856
0 0.917575 0.857817 0.035002 0.043824
0 0.193326 0.798897 0.037203 0.042241
0 0.454916 0.915719 0.035046 0.047119
0 0.403271 0.918041 0.036179 0.048797
0 0.860965 0.525787 0.034937 0.038882
0 0.912631 0.567130 0.032759 0.042112
0 0.243324 0.629375 0.037203 0.042241
0 0.139468 0.549174 0.036070 0.040562
0 0.919294 0.903904 0.035046 0.047119
0 0.755495 0.238838 0.036136 0.045503
0 0.085063 0.384328 0.036114 0.043856
0 0.294936 0.624583 0.033870 0.042144
0 0.398827 0.623220 0.032759 0.042112
0 0.865942 0.818943 0.034980 0.042176
0 0.763206 0.781552 0.037225 0.043889
0 0.140001 0.589528 0.038357 0.045567
0 0.243888 0.672201 0.037246 0.045535
0 0.452122 0.788099 0.034980 0.042176
0 0.909917 0.319221 0.033935 0.047086
0 0.134459 0.253546 0.036179 0.048797
0 0.289398 0.204565 0.033913 0.045439
0 0.297143 0.749749 0.035024 0.045471
0 0.909352 0.276395 0.033848 0.040498
0 0.859358 0.403899 0.034937 0.038882
0 0.557675 0.912740 0.036157 0.047151
0 0.913751 0.609940 0.033913 0.045439
0 0.138348 0.506364 0.035046 0.047119
0 0.758207 0.528766 0.033870 0.042144
0 0.499702 0.308868 0.042757 0.042402
0 0.706008 0.447067 0.033848 0.040498
0 0.237153 0.203608 0.033935 0.047086
0 0.702642 0.191762 0.036157 0.047151
0 0.397719 0.539216 0.034937 0.038882
0 0.190537 0.545222 0.033870 0.042144
0 0.863770 0.654231 0.034980 0.042176
0 0.450484 0.621722 0.033870 0.042144
0 0.857696 0.277893 0.035002 0.043824
0 0.760999 0.698404 0.032759 0.042112
0 0.864333 0.739074 0.036114 0.043856
0 0.754908 0.194365 0.036136 0.045503
0 0.709886 0.741080 0.036092 0.042209
0 0.706548 0.572281 0.036114 0.043856
0 0.754866 0.149053 0.037268 0.047183
0 0.184995 0.209240 0.036136 0.045503
0 0.702683 0.237073 0.037246 0.045535
0 0.756579 0.363212 0.034959 0.040530
0 0.188884 0.462058 0.035046 0.047119
0 0.759326 0.571574 0.035024 0.045471
0 0.288779 0.157622 0.036157 0.047151
0 0.237206 0.249744 0.037268 0.047183
0 0.649906 0.195762 0.035067 0.048765
0 0.291114 0.334689 0.036092 0.042209
0 0.241097 0.460545 0.035002 0.043824
0 0.238348 0.294201 0.033848 0.040498
0 0.653274 0.409049 0.036070 0.040562
0 0.603835 0.536536 0.036136 0.045503
0 0.599330 0.152739 0.037290 0.048830
0 0.393841 0.287221 0.036136 0.045503
0 0.554330 0.659082 0.033891 0.043792
0 0.603259 0.492887 0.033891 0.043792
0 0.805988 0.191237 0.033913 0.045439
0 0.450450 0.661269 0.034980 0.042176
0 0.652165 0.367063 0.034980 0.042176
0 0.552169 0.495192 0.036092 0.042209
0 0.808266 0.406204 0.035002 0.043824
0 0.652166 0.325045 0.033891 0.043792
0 0.239447 0.335363 0.035002 0.043824
0 0.756025 0.321211 0.037203 0.042241
0 0.807712 0.364202 0.034980 0.042176
0 0.448834 0.496540 0.033870 0.042144
0 0.446050 0.369743 0.031648 0.042080
0 0.291116 0.292671 0.035002 0.043824
0 0.449366 0.536895 0.036114 0.043856
0 0.291634 0.416237 0.035002 0.043824
0 0.552712 0.536370 0.036136 0.045503
0 0.394417 0.330870 0.036070 0.040562
0 0.398273 0.581218 0.032781 0.043760
0 0.396068 0.456052 0.033848 0.040498
0 0.399392 0.666045 0.034980 0.042176
0 0.601067 0.284508 0.035024 0.045471
0 0.445479 0.200040 0.035024 0.045471
0 0.549401 0.243165 0.034980 0.042176
0 0.293320 0.459854 0.037246 0.045535
0 0.600492 0.240860 0.035002 0.043824
0 0.241651 0.502547 0.035024 0.045471
0 0.806018 0.235726 0.035024 0.045471
0 0.757667 0.403551 0.036092 0.042209
0 0.394971 0.372872 0.036136 0.045503
0 0.445508 0.286547 0.032781 0.043760
0 0.547640 0.151766 0.036244 0.053738
0 0.601619 0.368529 0.033870 0.042144
0 0.445507 0.328565 0.031648 0.042080
0 0.651059 0.241042 0.033891 0.043792
0 0.602173 0.410530 0.036114 0.043856
0 0.549952 0.369202 0.035002 0.043824
0 0.551615 0.453190 0.033891 0.043792
0 0.445500 0.243706 0.033891 0.043792
0 0.603283 0.452516 0.034980 0.042176
0 0.652179 0.283851 0.034959 0.040530
0 0.447715 0.411713 0.033935 0.047086
0 0.548847 0.201163 0.035002 0.043824
0 0.447724 0.454555 0.035002 0.043824
0 0.450485 0.579704 0.035002 0.043824
0 0.551061 0.411188 0.033870 0.042144
0 0.550509 0.327169 0.032759 0.042112
0 0.550510 0.285151 0.033891 0.043792
0 0.653262 0.450243 0.037268 0.047183
