0 0.561361 0.738087 0.025469 0.030493
0 0.557798 0.718346 0.026324 0.035231
0 0.932018 0.540173 0.027968 0.038809
0 0.504658 0.493956 0.044077 0.045096
0 0.887472 0.175494 0.029611 0.042387
0 0.247990 0.855319 0.041207 0.051317
0 0.917483 0.459628 0.029108 0.045126
0 0.262668 0.936654 0.038773 0.048899
0 0.169162 0.996913 0.042566 0.006174
0 0.962375 0.571434 0.027179 0.039969
0 0.485889 0.380406 0.042718 0.043098
0 0.957008 0.614948 0.041996 0.050156
0 0.623679 0.277603 0.040132 0.050897
0 0.902512 0.252462 0.029611 0.042387
0 0.160963 0.976591 0.043136 0.046817
0 0.902552 0.380083 0.026609 0.036811
0 0.924213 0.500111 0.027179 0.039969
0 0.654504 0.438854 0.039343 0.052057
0 0.937138 0.581284 0.028823 0.043547
0 0.174413 0.457171 0.040417 0.052476
0 0.234167 0.778723 0.044779 0.060051
0 0.947839 0.490890 0.026609 0.036811
0 0.880774 0.138380 0.027749 0.043128
0 0.255007 0.897381 0.044276 0.062791
0 0.941109 0.450407 0.026390 0.041129
0 0.240503 0.820204 0.040922 0.049737
0 0.908066 0.420194 0.026105 0.039550
0 0.911138 0.293894 0.029897 0.043966
0 0.925499 0.370281 0.025820 0.037971
0 0.856326 0.146232 0.026675 0.042709
0 0.138765 0.861601 0.041492 0.052896
0 0.955502 0.530162 0.028823 0.043547
0 0.886011 0.301165 0.027464 0.041549
0 0.871164 0.738050 0.040987 0.055635
0 0.145068 0.899715 0.042566 0.053315
0 0.755394 0.695325 0.037699 0.048480
0 0.877812 0.262102 0.027464 0.041549
0 0.932909 0.411343 0.029108 0.045126
0 0.483824 0.677905 0.039343 0.052057
0 0.895529 0.213768 0.027749 0.043128
0 0.918516 0.331588 0.028253 0.040388
0 0.454955 0.221734 0.045436 0.047095
0 0.153552 0.940358 0.043136 0.056474
0 0.556524 0.478785 0.043136 0.056474
0 0.855949 0.656925 0.039058 0.050478
0 0.117355 0.739784 0.040417 0.052476
0 0.717504 0.198721 0.037984 0.050059
0 0.245475 0.557918 0.038269 0.051638
0 0.208599 0.356766 0.043354 0.052155
0 0.749660 0.660371 0.041492 0.052896
0 0.309800 0.315578 0.038554 0.053217
0 0.576684 0.596863 0.040132 0.050897
0 0.101028 0.353104 0.040198 0.056795
0 0.253817 0.597772 0.040702 0.054056
0 0.252310 0.293215 0.042062 0.056054
0 0.584094 0.637925 0.043421 0.058053
0 0.302500 0.271936 0.037766 0.054378
0 0.833751 0.537107 0.037984 0.050059
0 0.747900 0.357603 0.040637 0.048158
0 0.663104 0.779525 0.043924 0.055313
0 0.731754 0.277687 0.035837 0.049221
0 0.297846 0.539169 0.041492 0.052896
0 0.109151 0.398114 0.042062 0.056054
0 0.449068 0.775151 0.040702 0.054056
0 0.655551 0.737674 0.042062 0.056054
0 0.776972 0.518693 0.041777 0.054475
0 0.697969 0.679700 0.043924 0.055313
0 0.201977 0.313705 0.040768 0.059954
0 0.282346 0.456465 0.040702 0.054056
0 0.792944 0.594451 0.044209 0.056893
0 0.683685 0.597366 0.037984 0.050059
0 0.839863 0.281139 0.039628 0.053637
0 0.319616 0.656619 0.040702 0.054056
0 0.627158 0.577163 0.040702 0.054056
0 0.768121 0.179812 0.040987 0.055635
0 0.457015 0.816004 0.041777 0.054475
0 0.597408 0.415493 0.038773 0.048899
0 0.812375 0.418659 0.038554 0.053217
0 0.356378 0.557744 0.039628 0.053637
0 0.632163 0.318246 0.040702 0.054056
0 0.419350 0.616849 0.040417 0.052476
0 0.412361 0.275550 0.040198 0.056795
0 0.726212 0.536814 0.041777 0.054475
0 0.276016 0.717590 0.043924 0.055313
0 0.667172 0.219211 0.038269 0.051638
0 0.533110 0.358596 0.036910 0.049640
0 0.790713 0.298631 0.040702 0.054056
0 0.560422 0.216919 0.040483 0.058375
0 0.511415 0.235200 0.040702 0.054056
0 0.288288 0.498946 0.042062 0.056054
0 0.762042 0.439148 0.042566 0.053315
0 0.832452 0.240076 0.039628 0.053637
0 0.804033 0.378805 0.040417 0.052476
0 0.411545 0.576787 0.041777 0.054475
0 0.216261 0.396039 0.040702 0.054056
0 0.769168 0.478630 0.043136 0.056474
0 0.381937 0.415906 0.040132 0.050897
0 0.660440 0.178728 0.037480 0.052798
0 0.799565 0.637512 0.044209 0.056893
0 0.827448 0.498994 0.039058 0.050478
0 0.609285 0.197848 0.040987 0.055635
0 0.224208 0.436891 0.039628 0.053637
0 0.568260 0.260350 0.039058 0.050478
0 0.754489 0.397296 0.041272 0.057214
0 0.448021 0.476332 0.042851 0.054894
0 0.647094 0.397792 0.039343 0.052057
0 0.713261 0.754878 0.043421 0.058053
0 0.503041 0.191978 0.042632 0.059213
0 0.360812 0.295668 0.042347 0.057634
0 0.661092 0.478547 0.040417 0.052476
0 0.368365 0.337521 0.041492 0.052896
0 0.466897 0.287907 0.047640 0.048249
0 0.853699 0.358255 0.043939 0.060926
0 0.353369 0.251237 0.039124 0.056376
0 0.094763 0.620965 0.042851 0.054894
0 0.324731 0.395123 0.038773 0.048899
0 0.403449 0.232537 0.037766 0.054378
0 0.087890 0.579694 0.041777 0.054475
0 0.641694 0.657708 0.040702 0.054056
0 0.311527 0.614977 0.039343 0.052057
0 0.507096 0.797304 0.040417 0.052476
0 0.150681 0.332034 0.043421 0.058053
0 0.342494 0.777017 0.042566 0.053315
0 0.427692 0.656703 0.040702 0.054056
0 0.261085 0.638045 0.042566 0.053315
0 0.492165 0.717758 0.039628 0.053637
0 0.230940 0.477373 0.038269 0.051638
0 0.131064 0.516353 0.042566 0.053315
0 0.784635 0.557967 0.042281 0.051736
0 0.599418 0.716472 0.040702 0.054056
0 0.259721 0.334278 0.039343 0.052057
0 0.326884 0.696892 0.040417 0.052476
0 0.601162 0.152837 0.043991 0.061212
0 0.267131 0.375340 0.037195 0.051219
0 0.477093 0.637422 0.041272 0.057214
0 0.668897 0.518609 0.039058 0.050478
0 0.603996 0.455186 0.038839 0.054797
0 0.648677 0.696402 0.042566 0.053315
0 0.764020 0.736757 0.043421 0.058053
0 0.497247 0.452893 0.046927 0.060890
0 0.562324 0.520476 0.041492 0.052896
0 0.740639 0.619937 0.043136 0.056474
0 0.688295 0.339448 0.041492 0.052896
0 0.690953 0.637638 0.043136 0.056474
0 0.650958 0.132557 0.043202 0.062372
0 0.739954 0.316751 0.041272 0.057214
0 0.619069 0.535521 0.041492 0.052896
0 0.820180 0.458721 0.042062 0.056054
0 0.551619 0.171328 0.042127 0.061952
0 0.617233 0.238701 0.041492 0.052896
0 0.674154 0.257903 0.040702 0.054056
0 0.238350 0.518436 0.040987 0.055635
0 0.681565 0.298966 0.040702 0.054056
0 0.582905 0.338316 0.040417 0.052476
0 0.696889 0.377512 0.040132 0.050897
0 0.590567 0.377590 0.041492 0.052896
0 0.547503 0.438351 0.039343 0.052057
0 0.418304 0.318030 0.040417 0.052476
0 0.376028 0.376793 0.040417 0.052476
0 0.783303 0.257568 0.040702 0.054056
0 0.346962 0.518309 0.039343 0.052057
0 0.433376 0.398366 0.041492 0.052896
0 0.719624 0.497121 0.040702 0.054056
0 0.612480 0.495829 0.042566 0.053315
0 0.331714 0.433816 0.039628 0.053637
0 0.797981 0.338903 0.040417 0.052476
0 0.575243 0.299043 0.041492 0.052896
0 0.517894 0.277471 0.040987 0.055635
0 0.733086 0.578085 0.042851 0.054894
0 0.389063 0.455389 0.040702 0.054056
0 0.704157 0.417785 0.040987 0.055635
0 0.634032 0.618435 0.041777 0.054475
0 0.339552 0.477248 0.042062 0.056054
0 0.318822 0.356011 0.043924 0.055313
0 0.397689 0.496821 0.040987 0.055635
0 0.825863 0.200384 0.035837 0.049221
0 0.102283 0.659449 0.040922 0.049737
0 0.312070 0.917373 0.041492 0.052896
0 0.972651 0.698442 0.044209 0.056893
0 0.370459 0.935158 0.040922 0.049737
0 0.327965 0.986316 0.041492 0.027369
0 0.124338 0.778478 0.040702 0.054056
0 0.443697 0.159351 0.047868 0.049512
0 0.620686 0.837499 0.037766 0.054378
0 0.964276 0.655220 0.042851 0.054894
0 0.270616 0.973845 0.043706 0.052309
0 0.449255 0.190148 0.046006 0.050253
0 0.131891 0.820330 0.043136 0.056474
0 0.479104 0.938401 0.042632 0.059213
0 0.319874 0.957437 0.043421 0.058053
0 0.304550 0.878890 0.042851 0.054894
0 0.195680 0.578198 0.041777 0.054475
0 0.878859 0.780692 0.045283 0.057312
0 0.521489 0.877059 0.041272 0.057214
0 0.425823 0.356514 0.041207 0.051317
0 0.470477 0.896968 0.039628 0.053637
0 0.893530 0.339649 0.029393 0.046706
0 0.863704 0.183925 0.027749 0.043128
0 0.980052 0.738086 0.039896 0.054894
0 0.297139 0.837828 0.042851 0.054894
0 0.729188 0.839952 0.042347 0.057634
0 0.527968 0.919330 0.040417 0.052476
0 0.073891 0.498939 0.040132 0.050897
0 0.744322 0.047939 0.042412 0.063532
0 0.363224 0.898254 0.042281 0.051736
0 0.612880 0.797436 0.035837 0.049221
0 0.849251 0.619811 0.041492 0.052896
0 0.806691 0.676995 0.040922 0.049737
0 0.514079 0.835996 0.037984 0.050059
0 0.110482 0.698513 0.044209 0.056893
0 0.290266 0.796556 0.041777 0.054475
0 0.498612 0.756660 0.040417 0.052476
0 0.816700 0.159161 0.036188 0.056698
0 0.720561 0.798519 0.042062 0.056054
0 0.775246 0.219294 0.037699 0.048480
0 0.349083 0.816710 0.041492 0.052896
0 0.378833 0.974097 0.041842 0.051806
0 0.369807 0.635340 0.037984 0.050059
0 0.218810 0.696807 0.040417 0.052476
0 0.829601 0.800762 0.042851 0.054894
0 0.846023 0.318462 0.037129 0.045321
0 0.526521 0.318903 0.041272 0.057214
0 0.274935 0.415403 0.040702 0.054056
0 0.059322 0.415026 0.041207 0.051317
0 0.278597 0.996536 0.045283 0.006928
0 0.051374 0.374173 0.041272 0.057214
0 0.363361 0.596438 0.034478 0.047222
0 0.283820 0.757654 0.040417 0.052476
0 0.441405 0.735878 0.036910 0.049640
0 0.469540 0.595570 0.039847 0.049318
0 0.771178 0.779609 0.044494 0.058472
0 0.705741 0.716395 0.040922 0.049737
0 0.678318 0.860651 0.042566 0.053315
0 0.753552 0.095897 0.039913 0.055216
0 0.188664 0.536137 0.040987 0.055635
0 0.778052 0.820881 0.042281 0.051736
0 0.820832 0.758540 0.042851 0.054894
0 0.460403 0.255109 0.047650 0.053831
0 0.225540 0.737290 0.041777 0.054475
0 0.813959 0.717267 0.041777 0.054475
0 0.870007 0.222039 0.026675 0.042709
0 0.202839 0.621049 0.040702 0.054056
0 0.210753 0.658534 0.040132 0.050897
0 0.862537 0.696617 0.040702 0.054056
0 0.606435 0.758533 0.039343 0.052057
0 0.158913 0.374467 0.041777 0.054475
0 0.377075 0.675612 0.038839 0.054797
0 0.042035 0.328793 0.043421 0.058053
0 0.629991 0.879512 0.042566 0.053315
0 0.123939 0.476870 0.042566 0.053315
0 0.540772 0.397870 0.037984 0.050059
0 0.671303 0.818589 0.041777 0.054475
0 0.724629 0.238204 0.038554 0.053217
0 0.334152 0.737164 0.042851 0.054894
0 0.080731 0.536843 0.040702 0.054056
0 0.591757 0.677198 0.041207 0.051317
0 0.181254 0.495075 0.042566 0.053315
0 0.569307 0.559168 0.041207 0.051317
0 0.404026 0.538303 0.040417 0.052476
0 0.675485 0.558302 0.040132 0.050897
0 0.462985 0.559246 0.039847 0.049318
0 0.702507 0.112439 0.045350 0.063210
0 0.463889 0.857275 0.037984 0.050059
0 0.116419 0.438387 0.039058 0.050478
0 0.434423 0.697185 0.039343 0.052057
0 0.710236 0.158449 0.043136 0.056474
0 0.244866 0.248786 0.041557 0.058794
0 0.355956 0.857982 0.043136 0.056474
0 0.711283 0.457268 0.036122 0.050800
0 0.640363 0.357310 0.040132 0.050897
0 0.456002 0.520553 0.045568 0.058891
0 0.841161 0.578169 0.041272 0.057214
0 0.304687 0.577073 0.041492 0.052896
0 0.065944 0.458087 0.044494 0.058472
0 0.138902 0.559785 0.043991 0.061212
0 0.167146 0.416899 0.043421 0.058053
0 0.760568 0.137959 0.040702 0.054056
0 0.268748 0.677317 0.041492 0.052896
0 0.440216 0.436270 0.038773 0.048899
0 0.479923 0.350530 0.046481 0.047355
0 0.474237 0.319022 0.047080 0.050672
