0 0.505664 0.381113 0.043493 0.038555
0 0.455791 0.288481 0.034922 0.045725
0 0.655573 0.389840 0.034922 0.045725
0 0.709719 0.719746 0.023260 0.029933
0 0.499382 0.501603 0.037808 0.034455
0 0.927920 0.369039 0.023386 0.033234
0 0.717906 0.433198 0.024811 0.041578
0 0.407001 0.196602 0.038854 0.032899
0 0.588920 0.880864 0.037141 0.045913
0 0.507350 0.351622 0.042245 0.034831
0 0.355355 0.193883 0.036410 0.055721
0 0.690406 0.511992 0.022088 0.028189
0 0.684109 0.720060 0.023323 0.031583
0 0.281921 0.818434 0.039233 0.042800
0 0.715983 0.512503 0.022088 0.028189
0 0.681045 0.800096 0.023513 0.036534
0 0.682625 0.758840 0.021294 0.036346
0 0.503835 0.748661 0.023386 0.033234
0 0.281610 0.855658 0.034732 0.040775
0 0.706560 0.802258 0.023386 0.033234
0 0.714895 0.555455 0.023450 0.034884
0 0.509170 0.216847 0.046493 0.030256
0 0.706998 0.761733 0.023450 0.034884
0 0.384189 0.865176 0.033686 0.042330
0 0.712846 0.638061 0.021231 0.034696
0 0.903954 0.326447 0.023450 0.034884
0 0.929467 0.328609 0.021231 0.034696
0 0.506611 0.283680 0.044463 0.035019
0 0.594128 0.715748 0.037267 0.049213
0 0.909987 0.532249 0.035778 0.039218
0 0.507599 0.316047 0.044779 0.043270
0 0.592142 0.796703 0.037141 0.045913
0 0.686222 0.635805 0.021357 0.037997
0 0.513979 0.149375 0.044526 0.036670
0 0.742655 0.891405 0.035841 0.040869
0 0.075002 0.801732 0.038187 0.044356
0 0.689349 0.554119 0.023639 0.039835
0 0.710774 0.677618 0.022467 0.038091
0 0.743649 0.850927 0.034795 0.042424
0 0.080422 0.674712 0.034732 0.040775
0 0.907884 0.572633 0.032640 0.043886
0 0.722057 0.310210 0.021294 0.036346
0 0.720446 0.352290 0.021357 0.037997
0 0.125561 0.847404 0.038313 0.047657
0 0.685783 0.676330 0.023639 0.039835
0 0.078937 0.713492 0.039486 0.049401
0 0.590500 0.839609 0.037141 0.045913
0 0.713807 0.598408 0.022340 0.034790
0 0.593104 0.757050 0.035904 0.042518
0 0.740459 0.934263 0.037204 0.047563
0 0.130895 0.678988 0.033749 0.043980
0 0.697097 0.308096 0.022530 0.039741
0 0.123886 0.891135 0.038377 0.049307
0 0.126617 0.805277 0.039359 0.046101
0 0.345219 0.487715 0.029123 0.038655
0 0.748387 0.727161 0.037141 0.045913
0 0.132966 0.639430 0.037078 0.044262
0 0.587833 0.923816 0.038377 0.049307
0 0.294159 0.484218 0.035968 0.044168
0 0.595739 0.673667 0.034732 0.040775
0 0.287810 0.650065 0.035904 0.042518
0 0.389835 0.659535 0.035968 0.044168
0 0.383196 0.905653 0.034858 0.044074
0 0.915342 0.406880 0.034795 0.042424
0 0.299827 0.321624 0.032703 0.045537
0 0.086717 0.466644 0.033623 0.040681
0 0.906241 0.615538 0.037078 0.044262
0 0.434726 0.867801 0.034922 0.045725
0 0.694024 0.432002 0.023639 0.039835
0 0.128228 0.763197 0.037204 0.047563
0 0.336758 0.737818 0.033623 0.040681
0 0.746807 0.768416 0.034922 0.045725
0 0.152518 0.128688 0.037394 0.052514
0 0.717436 0.474547 0.024559 0.034978
0 0.332575 0.861631 0.034858 0.044074
0 0.433020 0.912357 0.035048 0.049025
0 0.136532 0.517220 0.036951 0.040963
0 0.757778 0.438232 0.033686 0.042330
0 0.132913 0.597208 0.033812 0.045631
0 0.863674 0.361114 0.034795 0.042424
0 0.076645 0.758827 0.036094 0.047469
0 0.279507 0.896042 0.038377 0.049307
0 0.865222 0.320683 0.034858 0.044074
0 0.508525 0.248248 0.043670 0.043176
0 0.686660 0.595281 0.023513 0.036534
0 0.719517 0.391117 0.024622 0.036628
0 0.081938 0.635107 0.037078 0.044262
0 0.435719 0.827324 0.035968 0.044168
0 0.511543 0.183936 0.042561 0.043082
0 0.913208 0.448088 0.035904 0.042518
0 0.335797 0.777470 0.032514 0.040587
0 0.129871 0.720291 0.037078 0.044262
0 0.814014 0.277439 0.033686 0.042330
0 0.386238 0.782571 0.036031 0.045819
0 0.692508 0.471608 0.021168 0.033046
0 0.695112 0.389050 0.022403 0.036440
0 0.195176 0.351664 0.034732 0.040775
0 0.814705 0.230313 0.034128 0.053882
0 0.194152 0.392967 0.036094 0.047469
0 0.445633 0.539267 0.033686 0.042330
0 0.284024 0.778051 0.038313 0.047657
0 0.204561 0.135580 0.037331 0.050864
0 0.753690 0.559570 0.037078 0.044262
0 0.141950 0.390200 0.035968 0.044168
0 0.745751 0.810544 0.038187 0.044356
0 0.089813 0.385783 0.031531 0.043793
0 0.197906 0.265806 0.035968 0.044168
0 0.749443 0.685033 0.035968 0.044168
0 0.441545 0.660605 0.034732 0.040775
0 0.297349 0.400882 0.033560 0.039030
0 0.097345 0.174508 0.034985 0.047375
0 0.867461 0.233127 0.037331 0.050864
0 0.766000 0.179831 0.037204 0.047563
0 0.285237 0.731798 0.037204 0.047563
0 0.330440 0.902839 0.036094 0.047469
0 0.659445 0.303250 0.033749 0.043980
0 0.859750 0.405481 0.032830 0.048837
0 0.460845 0.156464 0.034922 0.045725
0 0.135633 0.555222 0.035968 0.044168
0 0.598898 0.591157 0.034858 0.044074
0 0.865724 0.278508 0.034922 0.045725
0 0.455321 0.329830 0.032577 0.042236
0 0.614579 0.167003 0.038440 0.050958
0 0.192541 0.435047 0.038250 0.046007
0 0.812498 0.317044 0.036031 0.045819
0 0.082962 0.593805 0.035968 0.044168
0 0.755675 0.478615 0.032640 0.043886
0 0.298311 0.361229 0.034795 0.042424
0 0.086247 0.507993 0.035968 0.044168
0 0.384627 0.824651 0.038187 0.044356
0 0.148949 0.221925 0.034858 0.044074
0 0.440029 0.700211 0.034985 0.047375
0 0.809245 0.402030 0.035968 0.044168
0 0.910979 0.491772 0.037204 0.047563
0 0.388874 0.699187 0.034732 0.040775
0 0.869262 0.186096 0.037267 0.049213
0 0.337196 0.697293 0.036157 0.049119
0 0.094060 0.260319 0.034858 0.044074
0 0.645564 0.680372 0.035048 0.049025
0 0.696010 0.351048 0.023639 0.039835
0 0.201096 0.182469 0.033812 0.045631
0 0.755206 0.519964 0.032640 0.043886
0 0.343138 0.571146 0.031531 0.043793
0 0.612255 0.213162 0.037204 0.047563
0 0.751514 0.645475 0.034858 0.044074
0 0.088757 0.427911 0.034795 0.042424
0 0.333631 0.819503 0.036157 0.049119
0 0.758802 0.396929 0.034922 0.045725
0 0.198900 0.225329 0.034922 0.045725
0 0.443030 0.621825 0.034922 0.045725
0 0.345626 0.448016 0.036031 0.045819
0 0.189725 0.479509 0.036157 0.049119
0 0.196264 0.308712 0.036094 0.047469
0 0.609933 0.259322 0.033876 0.047281
0 0.150686 0.176544 0.037267 0.049213
0 0.599860 0.551504 0.033623 0.040681
0 0.751492 0.602429 0.036094 0.047469
0 0.291523 0.567601 0.037015 0.042612
0 0.342114 0.612448 0.030422 0.043699
0 0.091455 0.342878 0.035968 0.044168
0 0.286817 0.690541 0.034858 0.044074
0 0.084636 0.550074 0.038250 0.046007
0 0.604545 0.385517 0.030232 0.038749
0 0.403151 0.326239 0.034858 0.044074
0 0.764723 0.227735 0.038313 0.047657
0 0.437885 0.785291 0.037141 0.045913
0 0.447149 0.499661 0.036031 0.045819
0 0.759859 0.354802 0.036094 0.047469
0 0.143561 0.348119 0.036031 0.045819
0 0.140371 0.431455 0.036094 0.047469
0 0.395714 0.535038 0.038124 0.042706
0 0.600853 0.511027 0.034922 0.045725
0 0.096256 0.217461 0.038187 0.044356
0 0.146783 0.263958 0.038250 0.046007
0 0.546877 0.627311 0.036031 0.045819
0 0.647238 0.636641 0.032766 0.047187
0 0.092512 0.300750 0.037141 0.045913
0 0.139220 0.476059 0.039423 0.047751
0 0.809715 0.360681 0.033876 0.047281
0 0.655134 0.430363 0.032514 0.040587
0 0.607735 0.302180 0.032640 0.043886
0 0.652446 0.471526 0.028203 0.043511
0 0.444672 0.578919 0.034795 0.042424
0 0.300978 0.277021 0.033812 0.045631
0 0.761992 0.313594 0.037078 0.044262
0 0.439496 0.743210 0.037078 0.044262
0 0.293658 0.526392 0.038250 0.046007
0 0.387881 0.739665 0.038250 0.046007
0 0.296356 0.441359 0.034985 0.047375
0 0.763049 0.271466 0.038250 0.046007
0 0.500596 0.455350 0.041767 0.051240
0 0.459661 0.201891 0.036094 0.047469
0 0.393612 0.575422 0.037078 0.044262
0 0.550411 0.505926 0.033749 0.043980
0 0.546792 0.585915 0.034795 0.042424
0 0.391938 0.619152 0.034795 0.042424
0 0.548863 0.546357 0.033686 0.042330
0 0.557292 0.297079 0.033812 0.045631
0 0.289975 0.608031 0.037078 0.044262
0 0.597287 0.633237 0.034795 0.042424
0 0.647708 0.595292 0.030422 0.043699
0 0.649874 0.553258 0.029249 0.041954
0 0.145759 0.305261 0.037141 0.045913
0 0.252775 0.184364 0.035111 0.050676
0 0.558317 0.255777 0.034922 0.045725
0 0.350981 0.322646 0.036888 0.039312
0 0.338839 0.654388 0.036031 0.045819
0 0.449347 0.456803 0.034922 0.045725
0 0.347269 0.405111 0.036031 0.045819
0 0.248798 0.317301 0.037267 0.049213
0 0.606616 0.345958 0.033812 0.045631
0 0.553015 0.423368 0.032640 0.043886
0 0.450371 0.415501 0.033812 0.045631
0 0.344195 0.529018 0.034922 0.045725
0 0.251037 0.229746 0.037141 0.045913
0 0.399406 0.409528 0.033812 0.045631
0 0.404176 0.284935 0.035968 0.044168
0 0.603552 0.425994 0.033876 0.047281
0 0.656661 0.346887 0.033812 0.045631
0 0.349957 0.363949 0.036031 0.045819
0 0.249950 0.272698 0.038250 0.046007
0 0.560055 0.210396 0.037331 0.050864
0 0.404709 0.241936 0.036094 0.047469
0 0.304849 0.190432 0.037331 0.050864
0 0.354727 0.239357 0.033623 0.040681
0 0.652007 0.512050 0.032703 0.045537
0 0.352592 0.280565 0.032766 0.047187
0 0.396623 0.453164 0.035968 0.044168
0 0.457956 0.246447 0.031531 0.043793
0 0.396708 0.494561 0.037078 0.044262
0 0.401572 0.367494 0.034858 0.044074
0 0.602464 0.468947 0.032640 0.043886
0 0.551435 0.464624 0.034858 0.044074
0 0.452014 0.372595 0.036031 0.045819
0 0.555064 0.340764 0.035111 0.050676
0 0.302589 0.234940 0.035968 0.044168
0 0.554531 0.383763 0.034858 0.044074
