0 0.651994 0.437013 0.033596 0.045118
0 0.074171 0.186997 0.033704 0.048409
0 0.906228 0.337166 0.036779 0.040917
0 0.499538 0.486014 0.043258 0.035970
0 0.521748 0.737588 0.024337 0.032955
0 0.493169 0.276175 0.048753 0.034726
0 0.490359 0.207928 0.049808 0.033162
0 0.496451 0.341913 0.046534 0.034565
0 0.143150 0.642179 0.034597 0.041908
0 0.488799 0.177526 0.048861 0.038018
0 0.900098 0.168299 0.038144 0.048731
0 0.200458 0.811210 0.038144 0.048731
0 0.132698 0.359238 0.036817 0.042069
0 0.086079 0.530862 0.034705 0.045199
0 0.357158 0.840249 0.035652 0.040342
0 0.907078 0.379742 0.035761 0.043633
0 0.096057 0.816312 0.031105 0.036729
0 0.140845 0.606059 0.034597 0.041908
0 0.490917 0.241701 0.046859 0.044439
0 0.136690 0.480180 0.032432 0.043392
0 0.343082 0.464379 0.034271 0.032035
0 0.145473 0.729430 0.035815 0.045279
0 0.496927 0.373218 0.047860 0.041228
0 0.088686 0.609844 0.036817 0.042069
0 0.201762 0.850701 0.035706 0.041988
0 0.187767 0.477298 0.036708 0.038778
0 0.087382 0.570352 0.036817 0.042069
0 0.085194 0.487216 0.035869 0.046924
0 0.100464 0.899287 0.036926 0.045360
0 0.351013 0.586685 0.028994 0.039859
0 0.199046 0.768427 0.035924 0.048570
0 0.134804 0.439906 0.033487 0.041827
0 0.090571 0.650119 0.035869 0.046924
0 0.497625 0.444917 0.042474 0.045762
0 0.332999 0.209451 0.035815 0.045279
0 0.439142 0.290817 0.035815 0.045279
0 0.494173 0.306616 0.046805 0.042794
0 0.098470 0.855722 0.035869 0.046924
0 0.803011 0.344409 0.034542 0.040262
0 0.300870 0.718978 0.038090 0.047085
0 0.092565 0.693683 0.036926 0.045360
0 0.693706 0.184100 0.035869 0.046924
0 0.203674 0.891798 0.036926 0.045360
0 0.917774 0.670088 0.035924 0.048570
0 0.715405 0.723535 0.036980 0.047005
0 0.134002 0.398729 0.034488 0.038617
0 0.718121 0.805808 0.034542 0.040262
0 0.699827 0.352722 0.034705 0.045199
0 0.668894 0.898449 0.037089 0.050296
0 0.139987 0.563237 0.035924 0.048570
0 0.901037 0.213589 0.036980 0.047005
0 0.093923 0.734820 0.036817 0.042069
0 0.872958 0.879518 0.039145 0.045521
0 0.714047 0.682398 0.036763 0.040423
0 0.137994 0.519671 0.034651 0.043553
0 0.341751 0.424064 0.036980 0.047005
0 0.286849 0.344752 0.036817 0.042069
0 0.143507 0.686688 0.037034 0.048651
0 0.716790 0.765495 0.036926 0.045360
0 0.357853 0.878136 0.036980 0.047005
0 0.903807 0.297508 0.036871 0.043714
0 0.901894 0.256412 0.035761 0.043633
0 0.857276 0.421293 0.033433 0.040181
0 0.821935 0.884044 0.036871 0.043714
0 0.664685 0.770925 0.034488 0.038617
0 0.184744 0.436282 0.038035 0.045440
0 0.205168 0.937049 0.037089 0.050296
0 0.197106 0.726507 0.034651 0.043553
0 0.668037 0.855627 0.035761 0.043633
0 0.908909 0.418370 0.034597 0.041908
0 0.102458 0.942852 0.035761 0.043633
0 0.194227 0.639298 0.036871 0.043714
0 0.912261 0.503072 0.035761 0.043633
0 0.867780 0.672066 0.040255 0.045601
0 0.719944 0.894745 0.036980 0.047005
0 0.488132 0.140463 0.050243 0.046326
0 0.354306 0.753861 0.035706 0.041988
0 0.913565 0.542564 0.035761 0.043633
0 0.355719 0.796644 0.035924 0.048570
0 0.192951 0.600629 0.034597 0.041908
0 0.847884 0.170438 0.035924 0.048570
0 0.131313 0.317278 0.034651 0.043553
0 0.128380 0.228422 0.034760 0.046844
0 0.809579 0.509699 0.036817 0.042069
0 0.463584 0.913348 0.034760 0.046844
0 0.666570 0.811199 0.035869 0.046924
0 0.095281 0.775957 0.034705 0.045199
0 0.709667 0.600244 0.035761 0.043633
0 0.854033 0.339881 0.036708 0.038778
0 0.870743 0.795558 0.035815 0.045279
0 0.914394 0.584564 0.036926 0.045360
0 0.147743 0.815035 0.037034 0.048651
0 0.718424 0.848672 0.036980 0.047005
0 0.336568 0.300734 0.034651 0.043553
0 0.146831 0.770567 0.035815 0.045279
0 0.191173 0.563646 0.035652 0.040342
0 0.075692 0.233070 0.035815 0.045279
0 0.868664 0.715712 0.036871 0.043714
0 0.872129 0.837518 0.037981 0.043794
0 0.860629 0.505994 0.036817 0.042069
0 0.129847 0.272850 0.034760 0.046844
0 0.234635 0.346892 0.034597 0.041908
0 0.849323 0.214042 0.035869 0.046924
0 0.340366 0.382104 0.034705 0.045199
0 0.663881 0.729748 0.035815 0.045279
0 0.916335 0.626483 0.035761 0.043633
0 0.458238 0.785081 0.034542 0.040262
0 0.079847 0.358950 0.035761 0.043633
0 0.659145 0.603087 0.034488 0.038617
0 0.302837 0.761720 0.036871 0.043714
0 0.232249 0.308304 0.032323 0.040101
0 0.334520 0.255524 0.035924 0.048570
0 0.284882 0.302011 0.035924 0.048570
0 0.338454 0.341008 0.035706 0.041988
0 0.869386 0.754421 0.035706 0.041988
0 0.347517 0.548177 0.033596 0.045118
0 0.079045 0.317772 0.034651 0.043553
0 0.820411 0.804158 0.034597 0.041908
0 0.350625 0.625475 0.036817 0.042069
0 0.081815 0.401691 0.036871 0.043714
0 0.813652 0.633110 0.034597 0.041908
0 0.083200 0.443651 0.036926 0.045360
0 0.359928 0.924168 0.038198 0.050376
0 0.706369 0.517188 0.034705 0.045199
0 0.461035 0.869823 0.034705 0.045199
0 0.295579 0.592357 0.033433 0.040181
0 0.436407 0.157413 0.034814 0.048490
0 0.441001 0.330267 0.034597 0.041908
0 0.183084 0.352282 0.035706 0.041988
0 0.237960 0.430772 0.035706 0.041988
0 0.229897 0.220230 0.035924 0.048570
0 0.184970 0.392557 0.036980 0.047005
0 0.230837 0.265521 0.034760 0.046844
0 0.240202 0.515554 0.034760 0.046844
0 0.352449 0.714411 0.034597 0.041908
0 0.543462 0.283247 0.037927 0.042149
0 0.855391 0.381018 0.034705 0.045199
0 0.896831 0.119878 0.037197 0.053587
0 0.456352 0.744807 0.035598 0.038697
0 0.859217 0.463212 0.037034 0.048651
0 0.910876 0.461112 0.035815 0.045279
0 0.817058 0.719457 0.035761 0.043633
0 0.661030 0.643360 0.035869 0.046924
0 0.188597 0.519298 0.038198 0.050376
0 0.712744 0.642906 0.036871 0.043714
0 0.846390 0.125187 0.038198 0.050376
0 0.661360 0.687045 0.035815 0.045279
0 0.228295 0.171689 0.035978 0.050215
0 0.863345 0.588269 0.036926 0.045360
0 0.239264 0.470262 0.035815 0.045279
0 0.438231 0.246349 0.034814 0.048490
0 0.812376 0.594441 0.034651 0.043553
0 0.821186 0.844514 0.035761 0.043633
0 0.078187 0.274950 0.035761 0.043633
0 0.657814 0.562772 0.034651 0.043553
0 0.388037 0.292875 0.036141 0.055151
0 0.817889 0.761457 0.037034 0.048651
0 0.298876 0.675413 0.037034 0.048651
0 0.850735 0.256825 0.035761 0.043633
0 0.195666 0.682903 0.037034 0.048651
0 0.447623 0.497203 0.034651 0.043553
0 0.804341 0.384723 0.034705 0.045199
0 0.542022 0.239641 0.035761 0.043633
0 0.180341 0.269186 0.037981 0.043794
0 0.815592 0.675029 0.035869 0.046924
0 0.541110 0.195173 0.036871 0.043714
0 0.596424 0.320639 0.036926 0.045360
0 0.436818 0.203566 0.034705 0.045199
0 0.695145 0.227705 0.035815 0.045279
0 0.861987 0.547131 0.036926 0.045360
0 0.181145 0.310363 0.036871 0.043714
0 0.289262 0.384164 0.039145 0.045521
0 0.755786 0.430306 0.034542 0.040262
0 0.697861 0.309979 0.033596 0.045118
0 0.708864 0.559067 0.034651 0.043553
0 0.701212 0.394680 0.034651 0.043553
0 0.290120 0.426987 0.038035 0.045440
0 0.331478 0.163377 0.036032 0.051860
0 0.291532 0.469768 0.035815 0.045279
0 0.651245 0.397482 0.032377 0.041747
0 0.297992 0.631768 0.035761 0.043633
0 0.692158 0.137204 0.035924 0.048570
0 0.696503 0.268842 0.035706 0.041988
0 0.236575 0.388812 0.035869 0.046924
0 0.865312 0.631010 0.035815 0.045279
0 0.292917 0.511728 0.035761 0.043633
0 0.177738 0.224015 0.038144 0.048731
0 0.344941 0.503829 0.035924 0.048570
0 0.808330 0.471853 0.034597 0.041908
0 0.703125 0.435778 0.035761 0.043633
0 0.459650 0.827863 0.034760 0.046844
0 0.450948 0.581082 0.033433 0.040181
0 0.655318 0.520893 0.034705 0.045199
0 0.653988 0.480579 0.032432 0.043392
0 0.806890 0.428248 0.034760 0.046844
0 0.176745 0.177079 0.037089 0.050296
0 0.705566 0.476011 0.033487 0.041827
0 0.449590 0.539945 0.033650 0.046763
0 0.810964 0.551658 0.034760 0.046844
0 0.649360 0.357208 0.033541 0.043472
0 0.446820 0.456026 0.033541 0.043472
0 0.539035 0.149140 0.035978 0.050215
0 0.801152 0.304958 0.033541 0.043472
0 0.350454 0.670845 0.035978 0.050215
0 0.799658 0.259707 0.035924 0.048570
0 0.453609 0.661711 0.033541 0.043472
0 0.760023 0.558654 0.034760 0.046844
0 0.293720 0.552905 0.036871 0.043714
0 0.442940 0.372187 0.033650 0.046763
0 0.645953 0.270860 0.032595 0.048329
0 0.757198 0.473089 0.034651 0.043553
0 0.451697 0.620614 0.034651 0.043553
0 0.594376 0.275428 0.035978 0.050215
0 0.647447 0.316111 0.034651 0.043553
0 0.852703 0.299568 0.036980 0.047005
0 0.758028 0.515089 0.033596 0.045118
0 0.751988 0.348936 0.036817 0.042069
0 0.748635 0.264234 0.035869 0.046924
0 0.754482 0.390815 0.034760 0.046844
0 0.455522 0.702807 0.034760 0.046844
0 0.444935 0.415752 0.034705 0.045199
0 0.750630 0.307799 0.036926 0.045360
