0 0.229487 0.281483 0.038097 0.047488
0 0.263257 0.823592 0.036782 0.044060
0 0.825031 0.663046 0.038097 0.047488
0 0.078516 0.347033 0.037890 0.044214
0 0.570470 0.740492 0.034674 0.045390
0 0.864686 0.487394 0.039410 0.050917
0 0.916179 0.481074 0.038201 0.049126
0 0.813296 0.495350 0.035987 0.048819
0 0.141917 0.546382 0.039203 0.047642
0 0.869473 0.571805 0.035573 0.042269
0 0.871512 0.612820 0.039307 0.049280
0 0.389254 0.346041 0.034881 0.048666
0 0.278128 0.230131 0.037405 0.053885
0 0.821834 0.621365 0.034674 0.045390
0 0.848578 0.241836 0.037890 0.044214
0 0.093776 0.596837 0.036679 0.042422
0 0.138668 0.503881 0.038097 0.047488
0 0.621358 0.733432 0.039307 0.049280
0 0.918720 0.521195 0.035676 0.043907
0 0.866328 0.530942 0.036886 0.045697
0 0.874260 0.656216 0.039203 0.047642
0 0.492051 0.312781 0.045633 0.045288
0 0.631883 0.899643 0.041623 0.051224
0 0.606046 0.482808 0.037993 0.045851
0 0.130355 0.337363 0.035573 0.042269
0 0.892812 0.147320 0.037993 0.045851
0 0.369993 0.852558 0.039099 0.046004
0 0.815889 0.536289 0.035573 0.042269
0 0.423924 0.884722 0.035987 0.048819
0 0.394992 0.427843 0.035573 0.042269
0 0.178046 0.288620 0.034777 0.047028
0 0.159873 0.838762 0.035573 0.042269
0 0.900071 0.235518 0.036886 0.045697
0 0.405119 0.596588 0.036886 0.045697
0 0.359572 0.687983 0.036990 0.047335
0 0.246061 0.534409 0.036886 0.045697
0 0.907693 0.355878 0.036782 0.044060
0 0.486243 0.247509 0.046739 0.045442
0 0.619163 0.689959 0.038097 0.047488
0 0.483755 0.181776 0.047638 0.042320
0 0.575205 0.824084 0.035780 0.045543
0 0.753975 0.378033 0.034466 0.042115
0 0.168360 0.963958 0.039410 0.050917
0 0.565735 0.656900 0.037786 0.042576
0 0.418531 0.799569 0.033568 0.045236
0 0.629187 0.857067 0.036782 0.044060
0 0.372534 0.892678 0.038996 0.044367
0 0.884094 0.776269 0.037093 0.048973
0 0.091634 0.554184 0.038201 0.049126
0 0.089041 0.513245 0.035780 0.045543
0 0.182436 0.375565 0.036990 0.047335
0 0.749239 0.294441 0.037993 0.045851
0 0.481024 0.147465 0.046324 0.038891
0 0.165612 0.920563 0.041104 0.043036
0 0.554206 0.492479 0.037890 0.044214
0 0.905706 0.315681 0.037993 0.045851
0 0.878011 0.697820 0.039099 0.046004
0 0.494885 0.348730 0.044112 0.038584
0 0.489977 0.280030 0.043006 0.038431
0 0.532805 0.744892 0.027726 0.039557
0 0.889538 0.862241 0.039203 0.047642
0 0.113720 0.929416 0.037093 0.048973
0 0.484619 0.213043 0.047224 0.035769
0 0.886842 0.819665 0.036990 0.047335
0 0.107499 0.804731 0.039169 0.029782
0 0.557145 0.530066 0.038166 0.031267
0 0.881052 0.737044 0.035365 0.038993
0 0.853210 0.323791 0.037959 0.027991
0 0.503163 0.497083 0.041796 0.036639
0 0.112234 0.888323 0.038892 0.042729
0 0.144613 0.588958 0.036990 0.047335
0 0.624002 0.775189 0.039410 0.050917
0 0.496751 0.378206 0.044319 0.041859
0 0.573114 0.782249 0.034777 0.047028
0 0.415991 0.759449 0.033257 0.040324
0 0.362718 0.728846 0.037890 0.044214
0 0.073522 0.259346 0.039929 0.059105
0 0.903114 0.274742 0.037993 0.045851
0 0.626750 0.818584 0.039099 0.046004
0 0.579060 0.867326 0.038097 0.047488
0 0.146652 0.629973 0.037890 0.044214
0 0.081057 0.387153 0.040413 0.049433
0 0.861436 0.444894 0.035676 0.043907
0 0.567272 0.698811 0.033671 0.046874
0 0.546377 0.368843 0.035780 0.045543
0 0.889252 0.099908 0.039722 0.055830
0 0.119061 0.974103 0.037751 0.050687
0 0.329518 0.222175 0.036195 0.052094
0 0.562589 0.616038 0.039307 0.049280
0 0.346195 0.476738 0.036990 0.047335
0 0.331868 0.268103 0.036886 0.045697
0 0.797086 0.248155 0.037093 0.048973
0 0.589782 0.234794 0.036990 0.047335
0 0.586482 0.191476 0.038201 0.049126
0 0.398190 0.469524 0.036990 0.047335
0 0.254771 0.698395 0.037993 0.045851
0 0.343499 0.434162 0.034777 0.047028
0 0.180292 0.332911 0.035884 0.047181
0 0.804915 0.371791 0.036990 0.047335
0 0.338262 0.351465 0.039307 0.049280
0 0.819639 0.577894 0.038304 0.050764
0 0.640273 0.230266 0.035987 0.048819
0 0.634915 0.136849 0.037301 0.052247
0 0.807559 0.413548 0.037093 0.048973
0 0.149297 0.671731 0.040413 0.049433
0 0.855595 0.361455 0.039410 0.050917
0 0.793836 0.205656 0.035780 0.045543
0 0.612492 0.566989 0.038097 0.047488
0 0.335618 0.309707 0.036990 0.047335
0 0.548866 0.408144 0.035780 0.045543
0 0.429048 0.163762 0.037301 0.052247
0 0.258573 0.740817 0.037993 0.045851
0 0.637871 0.183519 0.039410 0.050917
0 0.163019 0.879624 0.039307 0.049280
0 0.750933 0.338809 0.038201 0.049126
0 0.354733 0.602754 0.038097 0.047488
0 0.122665 0.207099 0.041415 0.047949
0 0.341357 0.391509 0.035676 0.043907
0 0.284230 0.317663 0.038201 0.049126
0 0.097302 0.678946 0.038201 0.049126
0 0.691109 0.222387 0.038097 0.047488
0 0.131289 0.378531 0.037093 0.048973
0 0.552064 0.449826 0.036990 0.047335
0 0.845830 0.198441 0.038201 0.049126
0 0.243313 0.491013 0.039410 0.050917
0 0.108934 0.845004 0.040517 0.051071
0 0.232234 0.324878 0.038201 0.049126
0 0.154689 0.756884 0.040205 0.046157
0 0.086294 0.469850 0.038097 0.047488
0 0.403081 0.555573 0.038201 0.049126
0 0.896165 0.191457 0.039307 0.049280
0 0.799834 0.291551 0.036990 0.047335
0 0.348287 0.518573 0.035987 0.048819
0 0.223887 0.193055 0.040517 0.051071
0 0.252784 0.658198 0.034570 0.043753
0 0.756619 0.419791 0.037197 0.050610
0 0.385021 0.261554 0.036990 0.047335
0 0.921416 0.563772 0.038304 0.050764
0 0.352089 0.560996 0.037993 0.045851
0 0.583527 0.144806 0.038304 0.050764
0 0.261269 0.783395 0.035780 0.045543
0 0.128212 0.294708 0.037093 0.048973
0 0.842478 0.154304 0.039307 0.049280
0 0.267008 0.865195 0.039307 0.049280
0 0.104509 0.766324 0.039410 0.050917
0 0.250692 0.616363 0.037993 0.045851
0 0.559132 0.570263 0.038201 0.049126
0 0.687808 0.179068 0.037093 0.048973
0 0.368403 0.809828 0.039307 0.049280
0 0.157333 0.798642 0.038097 0.047488
0 0.858343 0.404851 0.036886 0.045697
0 0.152044 0.715126 0.038097 0.047488
0 0.600809 0.400112 0.038097 0.047488
0 0.238025 0.407498 0.039410 0.050917
0 0.500259 0.451231 0.042833 0.053015
0 0.543733 0.327086 0.035884 0.047181
0 0.076478 0.306017 0.038996 0.044367
0 0.743605 0.214278 0.037093 0.048973
0 0.609243 0.524489 0.039203 0.047642
0 0.101156 0.722187 0.038097 0.047488
0 0.410356 0.679285 0.034777 0.047028
0 0.083701 0.428911 0.037890 0.044214
0 0.400333 0.512177 0.038097 0.047488
0 0.595175 0.319948 0.034570 0.043753
0 0.604110 0.443430 0.039099 0.046004
0 0.613979 0.608081 0.038097 0.047488
0 0.747304 0.255063 0.036679 0.042422
0 0.226739 0.238087 0.040413 0.049433
0 0.175747 0.243511 0.036195 0.052094
0 0.365155 0.767328 0.037993 0.045851
0 0.135195 0.422592 0.037093 0.048973
0 0.616017 0.649097 0.036990 0.047335
0 0.598269 0.359991 0.035780 0.045543
0 0.851378 0.286050 0.040724 0.054346
0 0.840075 0.107557 0.038304 0.050764
0 0.414056 0.720070 0.036990 0.047335
0 0.125413 0.250495 0.039307 0.049280
0 0.740754 0.169244 0.037197 0.050610
0 0.357481 0.646148 0.035780 0.045543
0 0.287980 0.359268 0.038097 0.047488
0 0.271950 0.952063 0.042625 0.049740
0 0.269202 0.908668 0.040309 0.047795
0 0.802374 0.331671 0.036679 0.042422
0 0.234879 0.366636 0.035676 0.043907
0 0.427277 0.928859 0.039307 0.049280
0 0.791590 0.161365 0.037301 0.052247
0 0.095764 0.637034 0.037890 0.044214
0 0.375178 0.934436 0.039514 0.052554
0 0.737954 0.125030 0.037197 0.050610
0 0.391898 0.387799 0.034777 0.047028
0 0.759471 0.464823 0.037093 0.048973
0 0.420622 0.841403 0.034777 0.047028
0 0.408265 0.637451 0.035780 0.045543
0 0.136681 0.463684 0.034674 0.045390
0 0.435252 0.252933 0.035676 0.043907
0 0.910389 0.398455 0.036990 0.047335
0 0.279822 0.274499 0.038996 0.044367
0 0.912480 0.440289 0.037993 0.045851
0 0.240219 0.450970 0.037786 0.042576
0 0.248100 0.575424 0.038201 0.049126
0 0.810151 0.454488 0.036679 0.042422
0 0.541885 0.280262 0.038408 0.052401
0 0.381062 0.216674 0.039514 0.052554
0 0.685354 0.131503 0.040620 0.052708
0 0.387112 0.303388 0.035780 0.045543
0 0.378505 0.167471 0.040620 0.052708
0 0.433057 0.209460 0.039307 0.049280
0 0.592582 0.279009 0.036990 0.047335
