0 0.720325 0.843676 0.041378 0.041466
0 0.819001 0.778478 0.043277 0.044861
0 0.898870 0.610926 0.041978 0.044510
0 0.456486 0.268827 0.038780 0.040763
0 0.360953 0.867188 0.044577 0.045213
0 0.893268 0.575559 0.041378 0.041466
0 0.493787 0.683696 0.037481 0.040411
0 0.115237 0.481474 0.041978 0.044510
0 0.445331 0.205295 0.034682 0.032447
0 0.864211 0.435088 0.038480 0.039240
0 0.667759 0.854698 0.041378 0.041466
0 0.712923 0.809597 0.040980 0.045681
0 0.375107 0.935520 0.043277 0.044861
0 0.687264 0.669009 0.042278 0.046033
0 0.660005 0.527248 0.039779 0.039592
0 0.421468 0.886087 0.040079 0.041114
0 0.414566 0.851071 0.040079 0.041114
0 0.483883 0.907679 0.041978 0.044510
0 0.509459 0.305002 0.040980 0.045681
0 0.846103 0.329337 0.039680 0.045329
0 0.607543 0.837321 0.040679 0.044158
0 0.731723 0.321812 0.037781 0.041933
0 0.610791 0.277572 0.041580 0.048726
0 0.528297 0.858772 0.040679 0.044158
0 0.326493 0.688889 0.038081 0.043455
0 0.747280 0.688844 0.041378 0.041466
0 0.857958 0.399896 0.040379 0.042636
0 0.163097 0.429229 0.044177 0.049429
0 0.582234 0.695034 0.043877 0.047906
0 0.766536 0.793481 0.042278 0.046033
0 0.477131 0.873424 0.039080 0.042285
0 0.813695 0.449564 0.038780 0.040763
0 0.373100 0.338706 0.039680 0.045329
0 0.209610 0.380556 0.038681 0.046500
0 0.300184 0.548476 0.040679 0.044158
0 0.647503 0.751935 0.041078 0.039943
0 0.313492 0.914514 0.040379 0.042636
0 0.265178 0.669405 0.042977 0.043340
0 0.332245 0.725018 0.040379 0.042636
0 0.659708 0.820796 0.042278 0.046033
0 0.395160 0.745673 0.043277 0.044861
0 0.129442 0.557010 0.040379 0.042636
0 0.176353 0.503418 0.041880 0.050249
0 0.101133 0.409920 0.041978 0.044510
0 0.846406 0.625930 0.040379 0.042636
0 0.773585 0.534189 0.040079 0.041114
0 0.216812 0.417094 0.040079 0.041114
0 0.595688 0.766763 0.039380 0.043807
0 0.575032 0.658496 0.040079 0.041114
0 0.721921 0.549777 0.043277 0.044861
0 0.824797 0.221247 0.039080 0.042285
0 0.198159 0.610572 0.044877 0.046736
0 0.521545 0.824518 0.040379 0.042636
0 0.806796 0.709617 0.043277 0.044861
0 0.753682 0.724796 0.040379 0.042636
0 0.286882 0.772578 0.040379 0.042636
0 0.606291 0.539382 0.040079 0.041114
0 0.361649 0.568722 0.041280 0.047203
0 0.560474 0.289589 0.039080 0.042285
0 0.122739 0.519534 0.045177 0.048258
0 0.806493 0.413026 0.041978 0.044510
0 0.135994 0.593722 0.042879 0.049078
0 0.772332 0.236250 0.041280 0.047203
0 0.555275 0.554796 0.038780 0.040763
0 0.287528 0.477332 0.043577 0.046384
0 0.442622 0.698347 0.041678 0.042988
0 0.354701 0.831996 0.043277 0.044861
0 0.401562 0.781625 0.042278 0.046033
0 0.840004 0.589977 0.041978 0.044510
0 0.319686 0.352364 0.039380 0.043807
0 0.761230 0.464567 0.040379 0.042636
0 0.639498 0.419743 0.041978 0.044510
0 0.767333 0.498997 0.041978 0.044510
0 0.568929 0.624065 0.042278 0.046033
0 0.580132 0.399731 0.037781 0.041933
0 0.514493 0.788741 0.040679 0.044158
0 0.726874 0.585320 0.041978 0.044510
0 0.671907 0.299516 0.041678 0.042988
0 0.587034 0.434746 0.040980 0.045681
0 0.618642 0.313935 0.042278 0.046033
0 0.692413 0.407022 0.040079 0.041114
0 0.487035 0.649441 0.040379 0.042636
0 0.699769 0.739390 0.042278 0.046033
0 0.415063 0.555065 0.043577 0.046384
0 0.680058 0.337400 0.040379 0.042636
0 0.445872 0.433668 0.041280 0.047203
0 0.429017 0.625857 0.043277 0.044861
0 0.245120 0.564183 0.042278 0.046033
0 0.480133 0.614426 0.040379 0.042636
0 0.327039 0.389662 0.042278 0.046033
0 0.279027 0.441146 0.040379 0.042636
0 0.472931 0.577888 0.040980 0.045681
0 0.272728 0.704245 0.042278 0.046033
0 0.368201 0.605436 0.039380 0.043807
0 0.593587 0.471459 0.042278 0.046033
0 0.293434 0.809292 0.042879 0.049078
0 0.699814 0.441100 0.041678 0.042988
0 0.542121 0.484589 0.040679 0.044158
0 0.514563 0.341307 0.039380 0.043807
0 0.792989 0.344517 0.041378 0.041466
0 0.746627 0.393951 0.041978 0.044510
0 0.453224 0.470967 0.040379 0.042636
0 0.463977 0.803217 0.043577 0.046384
0 0.641551 0.718266 0.043577 0.046384
0 0.438820 0.397891 0.040379 0.042636
0 0.627147 0.645190 0.043577 0.046384
0 0.432568 0.362701 0.039080 0.042285
0 0.714219 0.514176 0.041678 0.042988
0 0.400609 0.485210 0.041678 0.042988
0 0.333891 0.427898 0.040980 0.045681
0 0.787689 0.605741 0.043877 0.047906
0 0.425216 0.325401 0.042578 0.047555
0 0.707167 0.478400 0.042578 0.047555
0 0.653253 0.492994 0.040679 0.044158
0 0.565728 0.326655 0.040980 0.045681
0 0.388304 0.412367 0.040679 0.044158
0 0.548523 0.520542 0.041678 0.042988
0 0.265472 0.365435 0.041280 0.047203
0 0.646700 0.456280 0.041978 0.044510
0 0.522065 0.379366 0.039980 0.046851
0 0.573230 0.364715 0.040980 0.045681
0 0.535219 0.449573 0.040679 0.044158
0 0.871462 0.468404 0.040980 0.045681
0 0.653306 0.784843 0.040679 0.044158
0 0.733626 0.619574 0.039080 0.042285
0 0.878814 0.505704 0.043277 0.044861
0 0.561378 0.589226 0.037781 0.041933
0 0.588286 0.732684 0.040379 0.042636
0 0.292632 0.513637 0.041978 0.044510
0 0.237918 0.527646 0.042278 0.046033
0 0.851856 0.365466 0.041378 0.041466
0 0.470380 0.839170 0.041978 0.044510
0 0.205211 0.646349 0.041978 0.044510
0 0.429970 0.922273 0.043877 0.047906
0 0.753679 0.429727 0.041678 0.042988
0 0.387108 0.711770 0.040379 0.042636
0 0.826700 0.519009 0.040379 0.042636
0 0.347349 0.794697 0.043577 0.046384
0 0.223214 0.453047 0.042278 0.046033
0 0.799891 0.379533 0.039380 0.043807
0 0.885217 0.541657 0.041678 0.042988
0 0.300936 0.847351 0.041678 0.042988
0 0.252973 0.600546 0.043577 0.046384
0 0.673309 0.598216 0.038780 0.040763
0 0.458827 0.506334 0.040379 0.042636
0 0.191107 0.574795 0.041978 0.044510
0 0.271825 0.404608 0.040980 0.045681
0 0.619595 0.610350 0.038480 0.039240
0 0.450324 0.733948 0.043277 0.044861
0 0.321192 0.950114 0.042578 0.047555
0 0.259075 0.634976 0.041978 0.044510
0 0.156195 0.394214 0.042977 0.043340
0 0.633849 0.682665 0.041978 0.044510
0 0.183855 0.541478 0.040079 0.041114
0 0.313139 0.621142 0.043577 0.046384
0 0.380356 0.677516 0.040079 0.041114
0 0.353947 0.533121 0.041678 0.042988
0 0.422115 0.590842 0.040679 0.044158
0 0.785288 0.308915 0.042977 0.043340
0 0.624845 0.352346 0.039080 0.042285
0 0.680711 0.632294 0.043577 0.046384
0 0.212063 0.684585 0.043877 0.047906
0 0.738775 0.357589 0.040679 0.044158
0 0.778885 0.272964 0.041978 0.044510
0 0.819298 0.484930 0.041978 0.044510
0 0.374454 0.640626 0.040679 0.044158
0 0.833752 0.554785 0.040679 0.044158
0 0.507591 0.753726 0.040679 0.044158
0 0.454927 0.250158 0.028913 0.012914
0 0.435569 0.662570 0.041978 0.044510
0 0.529117 0.415143 0.038480 0.039240
0 0.793743 0.643392 0.040379 0.042636
0 0.685661 0.372768 0.040980 0.045681
0 0.408114 0.818339 0.040379 0.042636
0 0.725970 0.285683 0.040679 0.044158
0 0.466228 0.540413 0.041978 0.044510
0 0.666907 0.562264 0.043577 0.046384
0 0.613343 0.575159 0.040980 0.045681
0 0.601938 0.506885 0.041378 0.041466
0 0.381752 0.375653 0.041978 0.044510
0 0.408011 0.519288 0.040679 0.044158
0 0.482593 0.401277 0.025987 0.025770
0 0.476092 0.371766 0.037781 0.041933
0 0.486144 0.422767 0.033082 0.030573
0 0.306589 0.879498 0.042977 0.043340
0 0.559313 0.776609 0.025188 0.034200
0 0.759484 0.757704 0.038780 0.040763
0 0.719068 0.250668 0.037481 0.040411
0 0.108185 0.445697 0.041678 0.042988
0 0.926628 0.751749 0.044277 0.043691
0 0.920177 0.719017 0.041378 0.041466
0 0.231216 0.490170 0.041280 0.047203
0 0.932582 0.785418 0.042977 0.043340
0 0.739878 0.654766 0.043577 0.046384
0 0.838401 0.293736 0.038081 0.043455
0 0.614446 0.872337 0.040079 0.041114
0 0.631647 0.383380 0.036881 0.037365
0 0.601291 0.802130 0.039380 0.043807
0 0.913425 0.684762 0.042278 0.046033
0 0.666153 0.263388 0.038780 0.040763
0 0.168851 0.465357 0.037481 0.040411
0 0.093581 0.375081 0.043277 0.044861
0 0.087828 0.338953 0.040980 0.045681
0 0.451382 0.232522 0.033982 0.035140
0 0.827352 0.813903 0.040379 0.042636
0 0.320690 0.655983 0.041078 0.039943
0 0.830050 0.258311 0.038381 0.044978
0 0.461837 0.299451 0.034282 0.036662
0 0.853308 0.660945 0.040980 0.045681
0 0.535049 0.893027 0.040379 0.042636
0 0.500689 0.718711 0.038081 0.043455
0 0.707320 0.774231 0.039779 0.039592
0 0.279630 0.739261 0.038480 0.039240
0 0.906873 0.648050 0.044177 0.049429
0 0.307236 0.584253 0.040980 0.045681
0 0.368355 0.901266 0.039779 0.039592
0 0.339497 0.758335 0.041678 0.042988
0 0.813049 0.744809 0.041378 0.041466
0 0.340793 0.462914 0.040379 0.042636
0 0.774388 0.829843 0.042977 0.043340
0 0.455926 0.769315 0.040079 0.041114
0 0.347845 0.498691 0.040079 0.041114
0 0.800194 0.676124 0.040079 0.041114
0 0.780187 0.567682 0.040679 0.044158
0 0.694165 0.704024 0.039080 0.042285
0 0.711067 0.213544 0.040280 0.048374
0 0.394706 0.448320 0.042278 0.046033
