0 0.681530 0.348284 0.041472 0.055354
0 0.426085 0.646030 0.040644 0.056582
0 0.674640 0.388192 0.039374 0.048562
0 0.550517 0.191829 0.047774 0.049971
0 0.555978 0.157346 0.051847 0.049874
0 0.687467 0.307198 0.039120 0.046959
0 0.838617 0.358130 0.038038 0.046582
0 0.826457 0.438509 0.040776 0.044504
0 0.530610 0.321125 0.046946 0.051198
0 0.539021 0.257209 0.047774 0.049971
0 0.521532 0.385654 0.048093 0.045536
0 0.545056 0.226311 0.049176 0.045913
0 0.776192 0.424394 0.038612 0.043751
0 0.497498 0.533820 0.036957 0.046206
0 0.526104 0.356786 0.045930 0.044783
0 0.476156 0.751460 0.025189 0.029985
0 0.625042 0.373463 0.038546 0.049790
0 0.534896 0.290464 0.044848 0.044406
0 0.503466 0.496130 0.044209 0.053276
0 0.526521 0.678459 0.039308 0.054601
0 0.668577 0.430079 0.041472 0.055354
0 0.819567 0.478417 0.041726 0.056959
0 0.510070 0.454431 0.046880 0.057237
0 0.731542 0.364004 0.039816 0.057809
0 0.781874 0.384912 0.036637 0.050640
0 0.693243 0.263519 0.041660 0.062996
0 0.478790 0.731223 0.026525 0.031966
0 0.926514 0.473345 0.038678 0.037712
0 0.433610 0.602113 0.039816 0.057809
0 0.532552 0.633175 0.039816 0.057809
0 0.631519 0.332565 0.036637 0.050640
0 0.476469 0.324275 0.041472 0.055354
0 0.788859 0.340807 0.041726 0.056959
0 0.938386 0.391174 0.043890 0.057712
0 0.682620 0.683731 0.040898 0.058185
0 0.724176 0.410515 0.041980 0.058562
0 0.931815 0.436269 0.037973 0.052621
0 0.484663 0.279744 0.037145 0.053848
0 0.638376 0.289262 0.039308 0.054601
0 0.580519 0.312271 0.040644 0.056582
0 0.677258 0.728400 0.043382 0.054504
0 0.875167 0.458852 0.041218 0.053751
0 0.665099 0.808780 0.042808 0.057335
0 0.882024 0.415549 0.040070 0.059412
0 0.670240 0.769109 0.039882 0.051770
0 0.574202 0.355763 0.036891 0.052245
0 0.831598 0.398840 0.042554 0.055731
0 0.845060 0.313836 0.041914 0.064601
