0 0.493960 0.607977 0.024496 0.029735
0 0.403074 0.383513 0.035456 0.039791
0 0.405933 0.368089 0.046093 0.072342
0 0.497385 0.579817 0.022368 0.023224
0 0.455989 0.324968 0.024720 0.031292
0 0.484919 0.683896 0.022593 0.024782
0 0.482840 0.702717 0.021363 0.024497
0 0.483042 0.331218 0.024720 0.031292
0 0.399813 0.313598 0.025950 0.031576
0 0.941478 0.253780 0.024720 0.031292
0 0.240868 0.345232 0.038139 0.041915
0 0.127332 0.343930 0.040042 0.046869
0 0.129972 0.321217 0.038139 0.041915
0 0.506519 0.437169 0.039369 0.042199
0 0.420989 0.642587 0.036461 0.038519
0 0.517063 0.372856 0.038247 0.034417
0 0.462733 0.361912 0.038247 0.034417
0 0.491208 0.631467 0.025277 0.026906
0 0.520322 0.341441 0.039593 0.043756
0 0.456193 0.874292 0.025277 0.026906
0 0.353080 0.725814 0.039145 0.040643
0 0.348200 0.755247 0.040374 0.040927
0 0.366883 0.630086 0.036461 0.038519
0 0.459838 0.853420 0.023823 0.025066
0 0.914312 0.248308 0.029863 0.033985
0 0.181155 0.362799 0.036119 0.027907
0 0.837377 0.482249 0.037017 0.034133
0 0.426867 0.319848 0.026399 0.034688
0 0.162135 0.490295 0.037798 0.031304
0 0.425142 0.613791 0.036236 0.036961
0 0.554919 0.868150 0.038920 0.039087
0 0.455680 0.789731 0.035787 0.033849
0 0.565742 0.806313 0.035231 0.038235
0 0.244405 0.316292 0.039593 0.043756
0 0.840873 0.836910 0.037915 0.040359
0 0.930148 0.323541 0.030088 0.035541
0 0.568777 0.776455 0.035231 0.038235
0 0.122685 0.768283 0.035231 0.038235
0 0.920608 0.389695 0.027404 0.033416
0 0.370533 0.600369 0.040150 0.039371
0 0.343989 0.788855 0.038471 0.035973
0 0.144794 0.614962 0.037466 0.037246
0 0.845753 0.807477 0.039145 0.040643
0 0.651159 0.601675 0.037466 0.037246
0 0.550655 0.897725 0.038920 0.039087
0 0.754770 0.658586 0.037691 0.038803
0 0.356729 0.696098 0.039925 0.037814
0 0.401467 0.769163 0.039145 0.040643
0 0.832622 0.898536 0.038920 0.039087
0 0.439501 0.421685 0.021588 0.026054
0 0.777552 0.500595 0.034558 0.033565
0 0.627987 0.757967 0.038471 0.035973
0 0.140642 0.643758 0.037691 0.038803
0 0.592061 0.619384 0.038920 0.039087
0 0.127062 0.737930 0.035007 0.036677
0 0.374963 0.472718 0.024945 0.032848
0 0.832107 0.509983 0.040823 0.044040
0 0.457688 0.489420 0.025169 0.034404
0 0.853614 0.744152 0.038920 0.039087
0 0.298359 0.713171 0.037915 0.040359
0 0.827684 0.932780 0.042277 0.045881
0 0.149395 0.583052 0.035231 0.038235
0 0.835882 0.867121 0.038920 0.039087
0 0.864436 0.682316 0.042160 0.036826
0 0.397983 0.802134 0.039145 0.040643
0 0.849627 0.776204 0.040374 0.040927
0 0.117582 0.799272 0.036910 0.041631
0 0.925659 0.354672 0.027180 0.031860
0 0.605039 0.912702 0.037017 0.034133
0 0.614520 0.851360 0.041380 0.039655
0 0.154109 0.550365 0.035680 0.041347
0 0.511457 0.402925 0.039369 0.042199
0 0.907754 0.280569 0.029083 0.036814
0 0.859332 0.713306 0.041828 0.042768
0 0.236267 0.377140 0.037466 0.037246
0 0.561141 0.838223 0.040374 0.040927
0 0.934807 0.286820 0.028634 0.033700
0 0.158822 0.517677 0.037691 0.038803
0 0.868198 0.651821 0.041604 0.041211
0 0.410947 0.707821 0.037691 0.038803
0 0.579321 0.712142 0.037466 0.037246
0 0.135637 0.286337 0.037134 0.043188
0 0.457014 0.392759 0.039145 0.040643
0 0.882002 0.556092 0.038471 0.035973
0 0.406571 0.738173 0.037915 0.040359
0 0.619009 0.820230 0.039369 0.042199
0 0.902704 0.315592 0.028858 0.035257
0 0.623722 0.787542 0.038920 0.039087
0 0.759986 0.626819 0.036685 0.040075
0 0.369410 0.506821 0.026623 0.036246
0 0.299634 0.321011 0.039145 0.040643
0 0.132054 0.707720 0.036461 0.038519
0 0.885037 0.526234 0.041380 0.039655
0 0.787481 0.436140 0.039818 0.045313
0 0.293869 0.744303 0.037915 0.040359
0 0.637301 0.693370 0.038696 0.037530
0 0.393765 0.540595 0.026848 0.037802
0 0.586957 0.650374 0.040150 0.039371
0 0.573993 0.744687 0.037134 0.043188
0 0.612086 0.493729 0.034782 0.035121
0 0.732814 0.427530 0.039145 0.040643
0 0.609416 0.882350 0.040599 0.042484
0 0.773399 0.529391 0.037691 0.038803
0 0.583698 0.681789 0.040150 0.039371
0 0.620674 0.429768 0.036012 0.035405
0 0.704426 0.615590 0.036685 0.040075
0 0.872799 0.619912 0.039369 0.042199
0 0.429631 0.582659 0.034226 0.039507
0 0.598282 0.589458 0.037915 0.040359
0 0.646392 0.630329 0.036461 0.038519
0 0.189353 0.297139 0.040823 0.044040
0 0.877122 0.585525 0.040150 0.039371
0 0.718957 0.519226 0.037466 0.037246
0 0.723221 0.489650 0.037466 0.037246
0 0.826217 0.546420 0.039369 0.042199
0 0.248114 0.281764 0.041604 0.041211
0 0.339500 0.819986 0.039369 0.042199
0 0.312553 0.619141 0.038471 0.035973
0 0.763972 0.594767 0.035231 0.038235
0 0.289268 0.776211 0.037242 0.035689
0 0.672711 0.443399 0.037691 0.038803
0 0.769413 0.561443 0.039145 0.040643
0 0.601039 0.557122 0.038920 0.039087
0 0.605865 0.523656 0.039145 0.040643
0 0.275900 0.481195 0.037466 0.037246
0 0.285493 0.419075 0.039145 0.040643
0 0.664348 0.505803 0.038920 0.039087
0 0.334608 0.461786 0.040599 0.042484
0 0.265356 0.545508 0.040599 0.042484
0 0.295423 0.354619 0.040599 0.042484
0 0.709027 0.583680 0.039369 0.042199
0 0.659859 0.536935 0.038920 0.039087
0 0.486768 0.667724 0.022288 0.016073
0 0.500945 0.565351 0.020785 0.018842
0 0.493127 0.547976 0.027936 0.014264
0 0.841641 0.452674 0.037915 0.040359
0 0.416276 0.675275 0.039369 0.042199
0 0.888799 0.495739 0.040374 0.040927
0 0.467671 0.428998 0.028077 0.038086
0 0.625163 0.398636 0.039369 0.042199
0 0.503938 0.461584 0.032964 0.022513
0 0.494660 0.532624 0.038826 0.030187
0 0.488290 0.651703 0.024828 0.023792
0 0.166512 0.459941 0.039818 0.045313
0 0.290094 0.387165 0.038920 0.039087
0 0.307337 0.650909 0.040374 0.040927
0 0.280277 0.450842 0.037691 0.038803
0 0.655033 0.570401 0.039145 0.040643
0 0.497056 0.507201 0.037197 0.035378
0 0.115890 0.414469 0.039369 0.042199
0 0.330509 0.494616 0.038920 0.039087
0 0.271411 0.512326 0.037915 0.040359
0 0.321643 0.556101 0.039145 0.040643
0 0.781928 0.470243 0.038139 0.041915
0 0.343976 0.401222 0.039369 0.042199
0 0.121330 0.381145 0.040374 0.040927
0 0.349529 0.367120 0.035231 0.038235
0 0.462065 0.459066 0.024496 0.029735
0 0.403358 0.478475 0.028077 0.038086
0 0.394545 0.442662 0.037915 0.040359
0 0.570554 0.385215 0.038813 0.046585
0 0.434735 0.551670 0.037466 0.037246
0 0.316315 0.588646 0.037915 0.040359
0 0.376588 0.567187 0.043283 0.044608
0 0.678152 0.410075 0.037134 0.043188
0 0.894966 0.461779 0.040823 0.044040
0 0.434734 0.450339 0.026399 0.034688
0 0.171562 0.424919 0.039145 0.040643
0 0.642405 0.662380 0.037915 0.040359
0 0.285004 0.805787 0.037691 0.038803
0 0.326132 0.524969 0.038696 0.037530
0 0.714468 0.550356 0.037915 0.040359
0 0.438218 0.518698 0.035904 0.042903
0 0.398869 0.509607 0.024720 0.031292
0 0.846579 0.418430 0.040823 0.044040
0 0.737249 0.392366 0.040599 0.042484
0 0.339487 0.432354 0.038471 0.035973
0 0.354857 0.334574 0.039369 0.042199
0 0.231275 0.407352 0.038920 0.039087
0 0.616800 0.461042 0.038139 0.041915
0 0.361331 0.664188 0.040599 0.042484
0 0.186035 0.333367 0.039593 0.043756
0 0.668837 0.474673 0.036461 0.038519
0 0.279788 0.837554 0.036685 0.040075
0 0.176778 0.393151 0.035231 0.038235
0 0.303238 0.683739 0.039145 0.040643
0 0.728101 0.460218 0.039145 0.040643
0 0.398697 0.413866 0.037242 0.035689
0 0.633203 0.726200 0.040823 0.044040
0 0.135928 0.676446 0.040599 0.042484
