0 0.397929 0.503422 0.039475 0.042065
0 0.755783 0.634226 0.030437 0.032827
0 0.436370 0.611130 0.039163 0.031664
0 0.734550 0.773705 0.030669 0.034351
0 0.768605 0.452150 0.041636 0.039555
0 0.154301 0.591767 0.036385 0.038478
0 0.344594 0.862679 0.044959 0.044667
0 0.438694 0.582525 0.041636 0.039555
0 0.873675 0.509079 0.044495 0.041618
0 0.181836 0.419783 0.036849 0.041526
0 0.878588 0.472359 0.043646 0.044398
0 0.355809 0.793455 0.043414 0.042874
0 0.628261 0.640286 0.043878 0.045922
0 0.465572 0.410407 0.040324 0.039286
0 0.460390 0.439997 0.041404 0.038031
0 0.343441 0.492242 0.036000 0.044306
0 0.532700 0.898918 0.045655 0.049240
0 0.187677 0.376966 0.037697 0.038747
0 0.554897 0.761994 0.045191 0.046192
0 0.364202 0.733870 0.041636 0.039555
0 0.134571 0.748060 0.042565 0.045653
0 0.719106 0.408195 0.043646 0.044398
0 0.319540 0.649252 0.040788 0.042335
0 0.456522 0.469857 0.040324 0.039286
0 0.639747 0.564830 0.045503 0.056593
0 0.178078 0.826940 0.043725 0.053275
0 0.314203 0.684311 0.043414 0.042874
0 0.173406 0.470715 0.041020 0.043859
0 0.330293 0.569715 0.041252 0.045383
0 0.528163 0.279414 0.039243 0.040541
0 0.368652 0.700200 0.042950 0.039825
0 0.372984 0.667291 0.039243 0.040541
0 0.167449 0.514293 0.042565 0.045653
0 0.474158 0.354005 0.040788 0.042335
0 0.334897 0.530574 0.041020 0.043859
0 0.187631 0.759733 0.046736 0.047985
0 0.575781 0.624802 0.043493 0.051750
0 0.387178 0.569597 0.040556 0.040810
0 0.426667 0.305747 0.042332 0.044128
0 0.324800 0.610245 0.042797 0.047177
0 0.392167 0.536824 0.040788 0.042335
0 0.316068 0.280696 0.041716 0.048432
0 0.883925 0.437298 0.043646 0.044398
0 0.204424 0.262504 0.040403 0.048163
0 0.407059 0.434556 0.041636 0.039555
0 0.417269 0.367484 0.041636 0.039555
0 0.382073 0.603133 0.040556 0.040810
0 0.557416 0.371875 0.042332 0.044128
0 0.828200 0.429794 0.046504 0.046461
0 0.229400 0.485348 0.045038 0.053544
0 0.199194 0.688223 0.045887 0.050765
0 0.124361 0.815132 0.048745 0.052828
0 0.725255 0.367800 0.044806 0.052020
0 0.161724 0.556348 0.040556 0.040810
0 0.348044 0.453101 0.043646 0.044398
0 0.653982 0.462429 0.041948 0.049957
0 0.403150 0.469124 0.042332 0.044128
0 0.141200 0.286473 0.047585 0.045206
0 0.773710 0.418614 0.042100 0.042604
0 0.617707 0.344946 0.044574 0.050495
0 0.371713 0.297615 0.041484 0.046908
0 0.193749 0.332625 0.042565 0.045653
0 0.143508 0.676011 0.043878 0.045922
0 0.595585 0.485815 0.046119 0.052289
0 0.353846 0.414991 0.041020 0.043859
0 0.148430 0.247871 0.045655 0.049240
0 0.672195 0.356126 0.045887 0.050765
0 0.426289 0.686246 0.041372 0.029458
0 0.422530 0.710941 0.039488 0.033798
0 0.452229 0.498058 0.039163 0.031664
0 0.479093 0.317134 0.039893 0.044809
0 0.314728 0.752015 0.028891 0.031033
0 0.729793 0.804955 0.030437 0.032827
0 0.703417 0.800329 0.028043 0.033812
0 0.492535 0.553488 0.026498 0.032019
0 0.596859 0.842129 0.039707 0.043590
0 0.720356 0.689050 0.027579 0.030764
0 0.721754 0.835531 0.034608 0.035160
0 0.615518 0.812947 0.029587 0.035606
0 0.753459 0.662831 0.031982 0.034621
0 0.739384 0.746401 0.028427 0.027984
0 0.759418 0.605891 0.029355 0.034082
0 0.724958 0.663271 0.029355 0.034082
0 0.743136 0.717304 0.030669 0.034351
0 0.373580 0.765662 0.026266 0.030494
0 0.747545 0.688341 0.030205 0.031303
0 0.707942 0.770603 0.030901 0.035876
0 0.432233 0.633861 0.040940 0.034982
0 0.152266 0.716322 0.026498 0.032019
0 0.716528 0.714203 0.027811 0.032288
0 0.711695 0.741506 0.029123 0.032557
0 0.426023 0.772493 0.025184 0.031749
0 0.764484 0.577063 0.027579 0.030764
0 0.409101 0.803604 0.039243 0.040541
0 0.706261 0.866149 0.041484 0.046908
0 0.734897 0.602431 0.030669 0.034351
0 0.700151 0.901837 0.046889 0.040633
0 0.563230 0.800646 0.029587 0.035606
0 0.768893 0.548099 0.028043 0.033812
0 0.523290 0.311426 0.038779 0.037492
0 0.586608 0.913909 0.043182 0.041349
0 0.730372 0.632156 0.030901 0.035876
0 0.772761 0.518239 0.029587 0.035606
0 0.693501 0.936628 0.042565 0.045653
0 0.207179 0.729161 0.026498 0.032019
0 0.738533 0.574096 0.031750 0.033096
0 0.591405 0.877952 0.042100 0.042604
0 0.300896 0.780615 0.041252 0.045383
0 0.500265 0.520490 0.029587 0.035606
0 0.856467 0.613228 0.042565 0.045653
0 0.294130 0.816169 0.040556 0.040810
0 0.288793 0.851230 0.043646 0.044398
0 0.868570 0.542614 0.041868 0.041080
0 0.469749 0.382969 0.042022 0.033727
0 0.378282 0.636939 0.037465 0.037223
0 0.615617 0.710003 0.042565 0.045653
0 0.544879 0.832250 0.044342 0.048971
0 0.417303 0.740836 0.038779 0.037492
0 0.428596 0.662197 0.042486 0.036776
0 0.741513 0.545625 0.029355 0.034082
0 0.447627 0.523838 0.038779 0.037492
0 0.862693 0.576778 0.043414 0.042874
0 0.535045 0.243099 0.036153 0.036953
0 0.149930 0.629383 0.036617 0.040002
0 0.412820 0.401155 0.040788 0.042335
0 0.422566 0.337131 0.039860 0.036237
0 0.539338 0.214898 0.032830 0.031841
0 0.609386 0.773175 0.044342 0.048971
0 0.764389 0.484297 0.040324 0.039286
0 0.403223 0.837767 0.040788 0.042335
0 0.350472 0.828516 0.043414 0.042874
0 0.747467 0.515407 0.031982 0.034621
0 0.443335 0.552038 0.038547 0.035968
0 0.396109 0.875607 0.046039 0.043412
0 0.310294 0.718879 0.043182 0.041349
0 0.213504 0.589767 0.045270 0.055069
0 0.890266 0.400086 0.045191 0.046192
0 0.564106 0.332376 0.041484 0.046908
0 0.780632 0.377590 0.044342 0.048971
0 0.359995 0.374596 0.046504 0.046461
0 0.244447 0.377611 0.046968 0.049510
0 0.835121 0.388771 0.045655 0.049240
0 0.367226 0.335994 0.043646 0.044398
0 0.309261 0.320957 0.045423 0.047716
0 0.260922 0.269381 0.047432 0.052558
