0 0.832396 0.764718 0.037954 0.048623
0 0.670181 0.503082 0.025754 0.043411
0 0.885003 0.777978 0.040353 0.050894
0 0.626562 0.448749 0.027272 0.039212
0 0.315893 0.315970 0.039703 0.053802
0 0.640997 0.325976 0.027492 0.040829
0 0.620297 0.490641 0.026183 0.038885
0 0.826675 0.806772 0.041013 0.055747
0 0.738139 0.690982 0.038834 0.055093
0 0.653245 0.456755 0.026183 0.038885
0 0.595792 0.483288 0.029891 0.043101
0 0.327004 0.234288 0.041662 0.052838
0 0.610385 0.571842 0.026623 0.042121
0 0.617147 0.317978 0.027712 0.042447
0 0.584571 0.565779 0.025094 0.038558
0 0.838227 0.721855 0.039054 0.056711
0 0.615996 0.530596 0.025963 0.037268
0 0.598451 0.863716 0.030111 0.044719
0 0.931464 0.411446 0.041233 0.057364
0 0.720390 0.517306 0.027712 0.042447
0 0.774901 0.408241 0.041002 0.047986
0 0.646545 0.497674 0.024225 0.039849
0 0.584094 0.265131 0.037294 0.043770
0 0.880805 0.904664 0.029671 0.041483
0 0.611101 0.358251 0.028361 0.039539
0 0.603905 0.611143 0.026403 0.040502
0 0.600534 0.440097 0.027052 0.037594
0 0.382390 0.206294 0.037294 0.043770
0 0.632173 0.407503 0.027052 0.037594
0 0.862566 0.855421 0.027932 0.044065
0 0.855866 0.896340 0.027712 0.042447
0 0.093874 0.293968 0.026623 0.042121
0 0.372367 0.288303 0.039252 0.042807
0 0.880047 0.818578 0.041882 0.054456
0 0.886416 0.863418 0.027712 0.042447
0 0.590726 0.524697 0.029021 0.044391
0 0.609343 0.783651 0.025534 0.041794
0 0.637020 0.367711 0.025743 0.035650
0 0.675352 0.465071 0.025534 0.041794
0 0.614128 0.956803 0.028152 0.045682
0 0.219672 0.244170 0.039693 0.046042
0 0.724472 0.478968 0.025314 0.040176
0 0.230674 0.163296 0.041430 0.043460
0 0.088593 0.332787 0.028801 0.042774
0 0.634283 0.791976 0.024874 0.036941
0 0.824890 0.424082 0.039483 0.052184
0 0.170008 0.230111 0.040121 0.041516
0 0.593930 0.905289 0.029891 0.043101
0 0.924979 0.454955 0.039263 0.050567
0 0.624590 0.871559 0.029671 0.041483
0 0.710587 0.597698 0.027492 0.040829
0 0.587989 0.948960 0.029891 0.043101
0 0.119468 0.301647 0.026832 0.035977
0 0.423225 0.306088 0.040353 0.050894
0 0.619414 0.913777 0.026843 0.043738
0 0.497557 0.534620 0.033598 0.047316
0 0.082872 0.374842 0.028801 0.042774
0 0.548727 0.150141 0.050804 0.050927
0 0.573961 0.347949 0.038152 0.034719
0 0.321943 0.271490 0.038603 0.045715
0 0.543666 0.187343 0.048625 0.050274
0 0.518137 0.379179 0.049495 0.048983
0 0.629112 0.829987 0.027712 0.042447
0 0.481379 0.741046 0.027052 0.037594
0 0.078681 0.413988 0.028801 0.042774
0 0.271074 0.345453 0.026832 0.035977
0 0.534325 0.247672 0.049725 0.058361
0 0.522537 0.346829 0.049495 0.048983
0 0.539925 0.214841 0.049923 0.044457
0 0.526492 0.321922 0.048184 0.047038
0 0.529908 0.292644 0.047976 0.053181
0 0.507146 0.451639 0.046018 0.054145
0 0.467493 0.363984 0.042751 0.053165
0 0.782297 0.749686 0.040133 0.049277
0 0.919478 0.495392 0.041442 0.051221
0 0.473109 0.318530 0.039043 0.048950
0 0.890944 0.734305 0.043411 0.058018
0 0.676384 0.757470 0.042322 0.057691
0 0.874225 0.440568 0.037954 0.048623
0 0.624866 0.744537 0.042542 0.059309
0 0.578918 0.307349 0.041882 0.054456
0 0.377433 0.246894 0.041882 0.054456
0 0.575416 0.733067 0.042542 0.059309
0 0.637722 0.662536 0.042333 0.065452
0 0.729760 0.352609 0.043411 0.058018
0 0.718323 0.432510 0.042542 0.059309
0 0.428511 0.263061 0.039923 0.055420
0 0.829852 0.379274 0.040143 0.057037
0 0.163527 0.269412 0.042102 0.056074
0 0.788128 0.706823 0.041233 0.057364
0 0.586528 0.651383 0.040143 0.057037
0 0.780078 0.366023 0.041233 0.057364
0 0.478935 0.279874 0.038394 0.051858
0 0.868179 0.480841 0.039483 0.052184
0 0.879621 0.396733 0.039923 0.055420
0 0.214716 0.284771 0.044280 0.056727
0 0.118055 0.216206 0.042531 0.051548
0 0.777885 0.790450 0.040573 0.052512
0 0.768747 0.449323 0.041013 0.055747
0 0.224739 0.202762 0.041882 0.054456
0 0.590255 0.219841 0.042113 0.063834
0 0.727347 0.778653 0.041453 0.058982
0 0.668334 0.416670 0.042322 0.057691
0 0.367190 0.330521 0.042542 0.059309
0 0.332620 0.188834 0.041453 0.058982
0 0.687271 0.681611 0.041673 0.060599
0 0.113208 0.255997 0.043840 0.053492
0 0.568571 0.387578 0.041453 0.058982
0 0.732743 0.734817 0.041662 0.052838
0 0.818405 0.467590 0.041013 0.055747
0 0.388661 0.160195 0.042333 0.065452
0 0.501749 0.495475 0.044929 0.053819
0 0.236725 0.118815 0.042113 0.063834
0 0.175509 0.189674 0.039703 0.053802
0 0.275382 0.217957 0.041233 0.057364
0 0.484330 0.236039 0.040363 0.058655
0 0.265139 0.301583 0.040573 0.052512
0 0.181780 0.143575 0.040363 0.058655
0 0.124650 0.171888 0.044720 0.059962
0 0.418048 0.348306 0.041882 0.054456
0 0.677807 0.338704 0.040583 0.060272
0 0.606469 0.400632 0.029241 0.046009
0 0.604172 0.821661 0.027932 0.044065
0 0.269441 0.261628 0.039913 0.047660
