0 0.767653 0.196442 0.038417 0.048870
0 0.039429 0.735554 0.033560 0.041976
0 0.695775 0.445577 0.036096 0.046993
0 0.621024 0.768798 0.038200 0.045730
0 0.894370 0.722771 0.038200 0.045730
0 0.422072 0.658751 0.040412 0.046037
0 0.325345 0.482871 0.036985 0.044006
0 0.334501 0.358149 0.033560 0.041976
0 0.531798 0.508379 0.035880 0.043853
0 0.086773 0.826126 0.040412 0.046037
0 0.163076 0.504706 0.037202 0.047146
0 0.445505 0.286404 0.038417 0.048870
0 0.107237 0.537362 0.039306 0.045883
0 0.747202 0.493133 0.033560 0.041976
0 0.051945 0.529682 0.037094 0.045576
0 0.279052 0.393237 0.039306 0.045883
0 0.668693 0.854660 0.038417 0.048870
0 0.411816 0.823733 0.040412 0.046037
0 0.159763 0.544659 0.038200 0.045730
0 0.219023 0.470480 0.036877 0.042437
0 0.614952 0.848780 0.037094 0.045576
0 0.731818 0.740605 0.039414 0.047454
0 0.148846 0.711133 0.039306 0.045883
0 0.684804 0.612836 0.039523 0.049023
0 0.450351 0.199912 0.038200 0.045730
0 0.896630 0.681880 0.039090 0.042744
0 0.904734 0.556220 0.040628 0.049177
0 0.674711 0.775463 0.039414 0.047454
0 0.484676 0.455081 0.037310 0.048716
0 0.211742 0.592291 0.039631 0.050593
0 0.243057 0.129911 0.041061 0.055456
0 0.475882 0.736512 0.024140 0.032427
0 0.475646 0.757740 0.021960 0.015100
0 0.112810 0.456518 0.041626 0.047761
0 0.841235 0.716183 0.038309 0.047300
0 0.396664 0.193247 0.039631 0.050593
0 0.346740 0.188688 0.037527 0.051856
0 0.431559 0.496832 0.039306 0.045883
0 0.552911 0.210196 0.039631 0.050593
0 0.330136 0.397164 0.034882 0.045269
0 0.369383 0.653810 0.039414 0.047454
0 0.710329 0.234440 0.038633 0.052010
0 0.845096 0.635893 0.039414 0.047454
0 0.745440 0.534886 0.038309 0.047300
0 0.534113 0.466703 0.039306 0.045883
0 0.434035 0.452801 0.038417 0.048870
0 0.592320 0.391586 0.035880 0.043853
0 0.764461 0.242751 0.038525 0.050439
0 0.528487 0.548332 0.037094 0.045576
0 0.341179 0.277459 0.035880 0.043853
0 0.344047 0.235859 0.038417 0.048870
0 0.848624 0.592801 0.038417 0.048870
0 0.736784 0.660469 0.038309 0.047300
0 0.375827 0.527919 0.039198 0.044314
0 0.171071 0.380615 0.040520 0.047607
0 0.753327 0.412365 0.039198 0.044314
0 0.164837 0.462953 0.039306 0.045883
0 0.648323 0.356574 0.038309 0.047300
0 0.370700 0.610410 0.038200 0.045730
0 0.806906 0.420600 0.038200 0.045730
0 0.571809 0.721549 0.040520 0.047607
0 0.520491 0.672422 0.038200 0.045730
0 0.574178 0.679087 0.039414 0.047454
0 0.176860 0.296631 0.040412 0.046037
0 0.378587 0.487889 0.039090 0.042744
0 0.522806 0.630746 0.037202 0.047146
0 0.098526 0.663730 0.036985 0.044006
0 0.691092 0.529714 0.038200 0.045730
0 0.173992 0.338231 0.040520 0.047607
0 0.322477 0.524470 0.037094 0.045576
0 0.121021 0.329288 0.040520 0.047607
0 0.739759 0.617300 0.038417 0.048870
0 0.637297 0.524619 0.039414 0.047454
0 0.742074 0.575623 0.039198 0.044314
0 0.651851 0.313481 0.039523 0.049023
0 0.320271 0.564577 0.035880 0.043853
0 0.154028 0.627857 0.040628 0.049177
0 0.646007 0.398250 0.039306 0.045883
0 0.227463 0.348035 0.039739 0.052163
0 0.604223 0.218908 0.038525 0.050439
0 0.699250 0.403269 0.039198 0.044314
0 0.156895 0.586258 0.038092 0.044160
0 0.750514 0.453180 0.039414 0.047454
0 0.390551 0.281939 0.034882 0.045269
0 0.442638 0.328003 0.038092 0.044160
0 0.639666 0.482158 0.038309 0.047300
0 0.586640 0.473999 0.035988 0.045422
0 0.627203 0.687245 0.037094 0.045576
0 0.817649 0.248555 0.038525 0.050439
0 0.287600 0.269225 0.037094 0.045576
0 0.899443 0.641066 0.039306 0.045883
0 0.126702 0.246875 0.038417 0.048870
0 0.679286 0.692895 0.037094 0.045576
0 0.584933 0.514968 0.035988 0.045422
0 0.579198 0.598166 0.038417 0.048870
0 0.688278 0.570528 0.038200 0.045730
0 0.114625 0.413980 0.039198 0.044314
0 0.380240 0.447706 0.039414 0.047454
0 0.814511 0.294078 0.038309 0.047300
0 0.590060 0.432477 0.037202 0.047146
0 0.797360 0.542890 0.038200 0.045730
0 0.103816 0.578885 0.038309 0.047300
0 0.495910 0.316385 0.040304 0.044467
0 0.394134 0.238062 0.038417 0.048870
0 0.417496 0.741318 0.040736 0.050746
0 0.373567 0.568810 0.036096 0.046993
0 0.836053 0.799459 0.039414 0.047454
0 0.168203 0.422214 0.038200 0.045730
0 0.067942 0.321915 0.038309 0.047300
0 0.663901 0.940367 0.040736 0.050746
0 0.598609 0.308463 0.036985 0.044006
0 0.902311 0.599466 0.039414 0.047454
0 0.117547 0.371596 0.039414 0.047454
0 0.150554 0.670165 0.039306 0.045883
0 0.439272 0.368741 0.037202 0.047146
0 0.064912 0.365869 0.034101 0.049825
0 0.850993 0.550340 0.037094 0.045576
0 0.624444 0.727275 0.039414 0.047454
0 0.735184 0.699867 0.038092 0.044160
0 0.853860 0.508741 0.036985 0.044006
0 0.601031 0.265217 0.040845 0.052317
0 0.694068 0.486544 0.038309 0.047300
0 0.859931 0.428759 0.038309 0.047300
0 0.273869 0.476513 0.037984 0.042591
0 0.635091 0.564725 0.040412 0.046037
0 0.267137 0.557988 0.033776 0.045115
0 0.044502 0.653848 0.037094 0.045576
0 0.657142 0.228636 0.040628 0.049177
0 0.194483 0.842673 0.041518 0.046190
0 0.654166 0.271805 0.038092 0.044160
0 0.310676 0.728066 0.037202 0.047146
0 0.315696 0.647144 0.035772 0.042283
0 0.525727 0.588362 0.034774 0.043699
0 0.582174 0.554997 0.033668 0.043546
0 0.793284 0.626320 0.034882 0.045269
0 0.574725 0.638750 0.039090 0.042744
0 0.880801 0.927705 0.037202 0.047146
0 0.857172 0.468787 0.035772 0.042283
0 0.500624 0.215611 0.046289 0.035970
0 0.289416 0.226686 0.034882 0.045269
0 0.504616 0.149604 0.045399 0.038956
0 0.269896 0.517959 0.035880 0.043853
0 0.877825 0.970875 0.039523 0.049023
0 0.543593 0.337272 0.036529 0.053272
0 0.666325 0.897121 0.037094 0.045576
0 0.890895 0.765079 0.037310 0.048716
0 0.055864 0.489021 0.036877 0.042437
0 0.491817 0.351475 0.041085 0.039911
0 0.545908 0.295596 0.037094 0.045576
0 0.495971 0.283112 0.041866 0.035355
0 0.305440 0.812125 0.037984 0.042591
0 0.832080 0.840904 0.034882 0.045269
0 0.828058 0.923549 0.038092 0.044160
0 0.435905 0.409479 0.038092 0.044160
0 0.419866 0.698858 0.041409 0.044621
0 0.037114 0.777230 0.037202 0.047146
0 0.824192 0.963425 0.038417 0.048870
0 0.884774 0.886260 0.037094 0.045576
0 0.885984 0.844430 0.035663 0.040714
0 0.502290 0.183354 0.043513 0.043359
0 0.919407 0.351439 0.036985 0.044006
0 0.354552 0.901358 0.039090 0.042744
0 0.360444 0.775391 0.037984 0.042591
0 0.720510 0.904648 0.037310 0.048716
0 0.202034 0.716936 0.036877 0.042437
0 0.567998 0.760639 0.031240 0.040099
0 0.197015 0.797857 0.038525 0.050439
0 0.410607 0.865562 0.039414 0.047454
0 0.481754 0.497466 0.036661 0.039297
0 0.489208 0.381224 0.039979 0.039758
0 0.914226 0.434715 0.038092 0.044160
0 0.867536 0.302237 0.038417 0.048870
0 0.089695 0.783742 0.038417 0.048870
0 0.910307 0.475376 0.040304 0.044467
0 0.677025 0.733786 0.038200 0.045730
0 0.671452 0.814630 0.037659 0.037881
0 0.034192 0.819615 0.036985 0.044006
0 0.357528 0.858189 0.039631 0.050593
0 0.565293 0.799884 0.031457 0.043238
0 0.407187 0.907085 0.040412 0.046037
0 0.643140 0.439850 0.039414 0.047454
0 0.303233 0.852232 0.039414 0.047454
0 0.084243 0.870942 0.039414 0.047454
0 0.235675 0.220806 0.038200 0.045730
0 0.916648 0.391469 0.039306 0.045883
0 0.861693 0.387005 0.035772 0.042283
0 0.889686 0.806909 0.038092 0.044160
0 0.759333 0.325242 0.037094 0.045576
0 0.517677 0.713236 0.040412 0.046037
0 0.921169 0.309687 0.037310 0.048716
0 0.829873 0.881011 0.038525 0.050439
0 0.612138 0.889595 0.034882 0.045269
0 0.560111 0.883159 0.037202 0.047146
0 0.453435 0.155172 0.040520 0.047607
0 0.723323 0.863833 0.036877 0.042437
0 0.557135 0.926329 0.039306 0.045883
0 0.059231 0.448283 0.035772 0.042283
0 0.756249 0.369981 0.037418 0.050285
0 0.359842 0.816513 0.038200 0.045730
0 0.725638 0.822157 0.038309 0.047300
0 0.428854 0.536077 0.039090 0.042744
0 0.908154 0.514698 0.039198 0.044314
0 0.123889 0.287689 0.035772 0.042283
0 0.427308 0.574691 0.036985 0.044006
0 0.800780 0.501367 0.036985 0.044006
0 0.073123 0.238639 0.037202 0.047146
0 0.095322 0.702113 0.035772 0.042283
0 0.046926 0.610603 0.036313 0.050132
0 0.092562 0.742143 0.035880 0.043853
0 0.281757 0.353993 0.037094 0.045576
0 0.214003 0.551400 0.037876 0.041021
0 0.812196 0.335754 0.037094 0.045576
0 0.308806 0.771388 0.037094 0.045576
0 0.294766 0.181469 0.039739 0.052163
0 0.137876 0.878392 0.038525 0.050439
0 0.717588 0.947032 0.039306 0.045883
0 0.363041 0.737717 0.040195 0.042898
0 0.537587 0.424395 0.038200 0.045730
0 0.143328 0.791192 0.039306 0.045883
0 0.728452 0.781343 0.040087 0.041328
0 0.140298 0.835146 0.039306 0.045883
0 0.049793 0.569003 0.035772 0.042283
0 0.498352 0.248577 0.044726 0.045082
0 0.618373 0.807257 0.035880 0.043853
0 0.061491 0.407391 0.032454 0.041822
0 0.609662 0.933626 0.036204 0.048562
0 0.924807 0.265024 0.040736 0.050746
0 0.865006 0.347053 0.039414 0.047454
0 0.301363 0.895555 0.039523 0.049023
0 0.681991 0.653650 0.036877 0.042437
0 0.383000 0.407676 0.036661 0.039297
0 0.110603 0.496624 0.038200 0.045730
0 0.100840 0.622054 0.038417 0.048870
0 0.631832 0.603893 0.036877 0.042437
0 0.192169 0.884349 0.042731 0.047914
0 0.312438 0.686312 0.034882 0.045269
0 0.702670 0.361746 0.040628 0.049177
0 0.414575 0.783703 0.038092 0.044160
0 0.870674 0.256713 0.040845 0.052317
0 0.031824 0.862076 0.038309 0.047300
0 0.041689 0.694663 0.037094 0.045576
0 0.204793 0.676907 0.039414 0.047454
0 0.447929 0.243157 0.037202 0.047146
0 0.207108 0.635231 0.038200 0.045730
0 0.549328 0.254073 0.038309 0.047300
0 0.761486 0.285921 0.037984 0.042591
0 0.230493 0.304081 0.036877 0.042437
0 0.070809 0.280316 0.035772 0.042283
0 0.705484 0.320931 0.037984 0.042591
0 0.803539 0.461337 0.037094 0.045576
0 0.199383 0.755396 0.037202 0.047146
0 0.146087 0.751163 0.036985 0.044006
0 0.366353 0.697764 0.039631 0.050593
0 0.562924 0.842345 0.036985 0.044006
0 0.423833 0.616998 0.040520 0.047607
0 0.514257 0.754759 0.039414 0.047454
0 0.540347 0.384366 0.038309 0.047300
0 0.225257 0.388142 0.035663 0.040714
0 0.838921 0.757859 0.037094 0.045576
0 0.239757 0.177791 0.038525 0.050439
0 0.843388 0.676862 0.036769 0.040867
0 0.276737 0.434913 0.038309 0.047300
0 0.232754 0.263190 0.038417 0.048870
0 0.337867 0.317412 0.035099 0.048409
0 0.630125 0.644861 0.039523 0.049023
0 0.317458 0.605391 0.038309 0.047300
0 0.221836 0.429664 0.039523 0.049023
0 0.385867 0.366077 0.039847 0.053733
0 0.284625 0.312393 0.039414 0.047454
0 0.388290 0.322831 0.037984 0.042591
0 0.708297 0.280117 0.040628 0.049177
0 0.796152 0.584720 0.037202 0.047146
0 0.179229 0.254171 0.041734 0.049330
0 0.595242 0.349201 0.038309 0.047300
0 0.217315 0.511447 0.039306 0.045883
0 0.809274 0.378139 0.039523 0.049023
0 0.327821 0.438840 0.038525 0.050439
