0 0.179158 0.759853 0.037414 0.047784
0 0.716149 0.215271 0.037414 0.047784
0 0.071977 0.881666 0.038523 0.047890
0 0.072944 0.833883 0.038523 0.047890
0 0.694931 0.805080 0.037200 0.042852
0 0.794400 0.898792 0.037200 0.042852
0 0.514473 0.205878 0.046678 0.032299
0 0.917735 0.367457 0.037200 0.042852
0 0.859020 0.526925 0.038451 0.046246
0 0.861292 0.487522 0.037343 0.046140
0 0.127902 0.760726 0.037200 0.042852
0 0.691764 0.890622 0.038451 0.046246
0 0.793130 0.940768 0.036018 0.041101
0 0.689903 0.933367 0.038451 0.046246
0 0.303101 0.265719 0.037343 0.046140
0 0.856444 0.611699 0.038380 0.044602
0 0.435040 0.866882 0.035053 0.044283
0 0.517335 0.140117 0.042528 0.038450
0 0.174685 0.888192 0.037128 0.041208
0 0.698062 0.720359 0.036161 0.044390
0 0.923353 0.238400 0.037414 0.047784
0 0.175437 0.845342 0.037414 0.047784
0 0.433180 0.909627 0.037414 0.047784
0 0.074625 0.795248 0.040526 0.043170
0 0.858305 0.568954 0.038523 0.047890
0 0.851488 0.738342 0.037271 0.044496
0 0.441785 0.699137 0.036161 0.044390
0 0.865139 0.360772 0.038165 0.039670
0 0.849054 0.819828 0.037200 0.042852
0 0.438172 0.782161 0.033873 0.042534
0 0.509463 0.372137 0.042528 0.038450
0 0.436347 0.824084 0.036305 0.047678
0 0.696165 0.763926 0.036376 0.049322
0 0.077309 0.708010 0.038451 0.046246
0 0.182325 0.674310 0.036305 0.047678
0 0.804204 0.647972 0.034910 0.040995
0 0.711372 0.388982 0.036090 0.042746
0 0.101067 0.162192 0.038595 0.049535
0 0.440550 0.740292 0.035053 0.044283
0 0.764935 0.347883 0.032907 0.045716
0 0.511216 0.306270 0.042815 0.045026
0 0.411747 0.186969 0.036376 0.049322
0 0.546245 0.665385 0.037343 0.046140
0 0.798569 0.815822 0.036161 0.044390
0 0.854727 0.651156 0.036018 0.041101
0 0.693589 0.848699 0.038523 0.047890
0 0.293869 0.477799 0.037486 0.049429
0 0.075968 0.751629 0.039775 0.051284
0 0.548589 0.624338 0.036090 0.042746
0 0.198086 0.299419 0.030475 0.040571
0 0.919524 0.326356 0.037343 0.046140
0 0.701747 0.635692 0.036090 0.042746
0 0.809875 0.479300 0.036090 0.042746
0 0.238088 0.595452 0.031584 0.040677
0 0.863976 0.400282 0.037486 0.049429
0 0.443538 0.658859 0.036090 0.042746
0 0.820752 0.229408 0.036376 0.049322
0 0.095521 0.289605 0.033944 0.044177
0 0.515832 0.174642 0.042672 0.041738
0 0.081960 0.626736 0.040740 0.048102
0 0.089493 0.415319 0.034981 0.042640
0 0.091318 0.373397 0.037414 0.047784
0 0.079582 0.668606 0.037200 0.042852
0 0.796189 0.857692 0.037343 0.046140
0 0.850808 0.779549 0.039489 0.044708
0 0.560755 0.293676 0.038595 0.049535
0 0.233151 0.683301 0.038595 0.049535
0 0.087989 0.501021 0.037343 0.046140
0 0.304890 0.224619 0.039417 0.043064
0 0.184042 0.634854 0.033801 0.040889
0 0.818302 0.272922 0.032835 0.044071
0 0.702320 0.596951 0.036161 0.044390
0 0.847122 0.864216 0.039703 0.049641
0 0.092588 0.331421 0.036233 0.046034
0 0.555298 0.457416 0.034910 0.040995
0 0.206333 0.122739 0.036519 0.052609
0 0.131212 0.671896 0.038451 0.046246
0 0.715881 0.259819 0.036305 0.047678
0 0.920384 0.281039 0.037414 0.047784
0 0.699922 0.677615 0.038523 0.047890
0 0.178406 0.802703 0.039489 0.044708
0 0.509678 0.341616 0.044674 0.037019
0 0.511431 0.275750 0.042314 0.033518
0 0.766796 0.305138 0.036770 0.032988
0 0.503985 0.753790 0.022069 0.025032
0 0.502236 0.487007 0.040168 0.034950
0 0.504539 0.728255 0.021175 0.029859
0 0.252543 0.263358 0.033944 0.044177
0 0.549234 0.583953 0.036161 0.044390
0 0.708277 0.472880 0.037343 0.046140
0 0.136132 0.546075 0.037271 0.044496
0 0.503470 0.445853 0.041849 0.048208
0 0.705898 0.514750 0.038380 0.044602
0 0.406022 0.318491 0.036376 0.049322
0 0.362710 0.136877 0.036448 0.050966
0 0.191931 0.466393 0.034981 0.042640
0 0.812737 0.439127 0.036161 0.044390
0 0.409118 0.234593 0.037343 0.046140
0 0.140264 0.463927 0.036305 0.047678
0 0.203775 0.168719 0.037343 0.046140
0 0.147599 0.295413 0.036233 0.046034
0 0.448494 0.532216 0.034981 0.042640
0 0.814526 0.398027 0.036161 0.044390
0 0.235673 0.638143 0.035196 0.047572
0 0.153252 0.165535 0.038451 0.046246
0 0.298181 0.391541 0.038523 0.047890
0 0.150766 0.209871 0.037486 0.049429
0 0.156401 0.118787 0.038666 0.051178
0 0.512451 0.239528 0.043852 0.043489
0 0.185241 0.594522 0.034981 0.042640
0 0.307269 0.182749 0.038523 0.047890
0 0.462716 0.192672 0.033801 0.040889
0 0.758763 0.476886 0.036161 0.044390
0 0.311079 0.133588 0.039918 0.054572
0 0.709065 0.429207 0.037414 0.047784
0 0.763003 0.392272 0.037486 0.049429
0 0.300722 0.307589 0.040597 0.044814
0 0.616142 0.210655 0.035196 0.047572
0 0.800286 0.776365 0.033944 0.044177
0 0.181018 0.717108 0.037271 0.044496
0 0.138439 0.505848 0.036233 0.046034
0 0.359526 0.184448 0.034087 0.047466
0 0.551094 0.541209 0.036305 0.047678
0 0.299451 0.349565 0.034981 0.042640
0 0.822863 0.180909 0.036591 0.054254
0 0.543204 0.709668 0.037486 0.049429
0 0.250826 0.302815 0.036018 0.041101
0 0.558930 0.335599 0.033801 0.040889
0 0.659760 0.346898 0.036161 0.044390
0 0.454075 0.403982 0.034981 0.042640
0 0.805367 0.608462 0.036305 0.047678
0 0.257302 0.128442 0.038809 0.054466
0 0.253367 0.218863 0.036305 0.047678
0 0.248482 0.343862 0.037414 0.047784
0 0.188514 0.506513 0.036305 0.047678
0 0.871615 0.186400 0.038595 0.049535
0 0.246621 0.386607 0.037271 0.044496
0 0.245280 0.430227 0.038451 0.046246
0 0.925392 0.191546 0.039846 0.052928
0 0.564619 0.204899 0.036376 0.049322
0 0.145185 0.338105 0.035124 0.045928
0 0.870613 0.235005 0.038523 0.047890
0 0.142125 0.421181 0.038523 0.047890
0 0.445363 0.616936 0.038523 0.047890
0 0.256372 0.175403 0.038451 0.046246
0 0.358113 0.229712 0.035124 0.045928
0 0.868681 0.279394 0.036305 0.047678
0 0.143985 0.378436 0.036161 0.044390
0 0.719190 0.170989 0.037557 0.051072
0 0.243455 0.472149 0.038380 0.044602
0 0.554063 0.498570 0.033944 0.044177
0 0.612976 0.296197 0.036161 0.044390
0 0.448583 0.491778 0.036161 0.044390
0 0.618289 0.161333 0.037701 0.054360
0 0.757458 0.519684 0.037414 0.047784
0 0.239913 0.553529 0.036233 0.046034
0 0.458923 0.279805 0.036161 0.044390
0 0.457653 0.321780 0.037343 0.046140
0 0.566659 0.158044 0.034230 0.050754
0 0.614246 0.254221 0.035124 0.045928
0 0.803452 0.690823 0.037557 0.051072
0 0.187692 0.551008 0.038523 0.047890
0 0.355072 0.273994 0.037486 0.049429
0 0.464130 0.147408 0.037486 0.049429
0 0.455864 0.362882 0.037343 0.046140
0 0.446705 0.573317 0.037343 0.046140
0 0.195742 0.340467 0.036305 0.047678
0 0.200430 0.258371 0.038523 0.047890
0 0.712679 0.346184 0.037486 0.049429
0 0.192576 0.426009 0.035053 0.044283
0 0.662872 0.300972 0.036448 0.050966
0 0.202397 0.213161 0.038595 0.049535
0 0.556461 0.417906 0.036161 0.044390
0 0.562723 0.248465 0.036161 0.044390
0 0.460302 0.235363 0.037414 0.047784
0 0.194400 0.384086 0.035124 0.045928
0 0.558286 0.375983 0.034016 0.045822
0 0.612224 0.339048 0.038523 0.047890
0 0.713358 0.304977 0.032764 0.042428
0 0.451660 0.446673 0.038595 0.049535
0 0.808570 0.522098 0.037343 0.046140
0 0.148834 0.254260 0.035124 0.045928
0 0.815278 0.355177 0.036305 0.047678
0 0.407329 0.275693 0.034981 0.042640
0 0.083303 0.583117 0.039560 0.046353
0 0.135380 0.588925 0.037414 0.047784
0 0.867304 0.323835 0.035053 0.044283
0 0.129244 0.717106 0.040883 0.051390
0 0.807227 0.565718 0.036305 0.047678
0 0.085717 0.540425 0.038308 0.042958
0 0.241147 0.512376 0.034981 0.042640
0 0.097901 0.247735 0.037343 0.046140
0 0.817622 0.314129 0.035053 0.044283
0 0.761107 0.435838 0.039489 0.044708
0 0.704664 0.555904 0.037414 0.047784
0 0.103250 0.112049 0.038666 0.051178
0 0.099797 0.204168 0.037271 0.044496
0 0.862044 0.444671 0.037343 0.046140
0 0.132965 0.631617 0.038380 0.044602
0 0.088186 0.458118 0.038451 0.046246
0 0.296839 0.435160 0.037200 0.042852
0 0.801556 0.734390 0.035124 0.045928
0 0.854011 0.693185 0.038738 0.052822
