0 0.365462 0.425206 0.025824 0.039571
0 0.347031 0.379683 0.026011 0.041193
0 0.329367 0.165843 0.039738 0.058823
0 0.116388 0.199742 0.040275 0.054236
0 0.680042 0.757279 0.040275 0.054236
0 0.129756 0.529288 0.041930 0.059376
0 0.437286 0.486692 0.025824 0.039571
0 0.111538 0.241898 0.039528 0.047750
0 0.904453 0.526051 0.027292 0.043091
0 0.813819 0.500699 0.034424 0.049612
0 0.440307 0.445743 0.024729 0.039295
0 0.467784 0.451836 0.026733 0.038227
0 0.464048 0.371644 0.039342 0.046129
0 0.384423 0.593491 0.037524 0.048818
0 0.458736 0.530473 0.026919 0.039848
0 0.379348 0.309414 0.024542 0.037675
0 0.341913 0.419269 0.024356 0.036053
0 0.620777 0.371115 0.039342 0.046129
0 0.355985 0.301857 0.023820 0.040641
0 0.463213 0.491560 0.026919 0.039848
0 0.383371 0.269552 0.026197 0.042815
0 0.360649 0.261322 0.026011 0.041193
0 0.899615 0.563205 0.025451 0.036329
0 0.529346 0.259638 0.049573 0.051856
0 0.772202 0.411792 0.038432 0.047474
0 0.370487 0.386430 0.024356 0.036053
0 0.471165 0.412647 0.027106 0.041469
0 0.930760 0.410055 0.037710 0.050440
0 0.523433 0.325718 0.046100 0.049407
0 0.374603 0.345758 0.023261 0.035777
0 0.684324 0.837609 0.026197 0.042815
0 0.364734 0.882170 0.025824 0.039571
0 0.924641 0.448554 0.038432 0.047474
0 0.384390 0.721118 0.023820 0.040641
0 0.077273 0.515223 0.043933 0.058307
0 0.359652 0.715715 0.026919 0.039848
0 0.375156 0.801376 0.023634 0.039019
0 0.118680 0.615757 0.040997 0.051269
0 0.725397 0.353276 0.040275 0.054236
0 0.066558 0.603451 0.042652 0.056409
0 0.445972 0.406296 0.024169 0.034431
0 0.631387 0.288700 0.038969 0.042885
0 0.411226 0.727883 0.024542 0.037675
0 0.319026 0.250828 0.039902 0.050993
0 0.350884 0.791921 0.026546 0.036605
0 0.323596 0.211104 0.038969 0.042885
0 0.929099 0.532264 0.025824 0.039571
0 0.434415 0.732061 0.024915 0.040917
0 0.540992 0.163303 0.054490 0.048373
0 0.924994 0.567936 0.023261 0.035777
0 0.071595 0.559673 0.042279 0.053166
0 0.823415 0.422201 0.038596 0.039643
0 0.537530 0.198302 0.051017 0.045923
0 0.919348 0.484760 0.038246 0.045852
0 0.359062 0.466138 0.028924 0.038779
0 0.340089 0.875956 0.026919 0.039848
0 0.688615 0.800317 0.025451 0.036329
0 0.428924 0.774889 0.028014 0.040124
0 0.173616 0.711359 0.027828 0.038503
0 0.380100 0.758409 0.025264 0.034708
0 0.768004 0.448273 0.036428 0.048542
0 0.660041 0.833154 0.025824 0.039571
0 0.878010 0.393420 0.036615 0.050164
0 0.664156 0.792482 0.024729 0.039295
0 0.354908 0.752058 0.027828 0.038503
0 0.177733 0.670686 0.027106 0.041469
0 0.570764 0.355169 0.038596 0.039643
0 0.123437 0.574411 0.038992 0.052338
0 0.515704 0.388004 0.048454 0.042128
0 0.496805 0.537568 0.035147 0.046646
0 0.882394 0.355317 0.037499 0.039367
0 0.525975 0.293825 0.049549 0.042404
0 0.518968 0.359630 0.048640 0.043750
0 0.869243 0.469624 0.039925 0.060445
0 0.369759 0.843394 0.026546 0.036605
0 0.486293 0.731792 0.025987 0.031741
0 0.874267 0.430850 0.036591 0.040712
0 0.533251 0.230590 0.049176 0.039162
0 0.345300 0.835559 0.025824 0.039571
0 0.483775 0.753681 0.023237 0.026325
0 0.208100 0.308787 0.041556 0.056133
0 0.420520 0.279753 0.040275 0.054236
0 0.580733 0.273427 0.041370 0.054512
0 0.105779 0.282157 0.042465 0.054788
0 0.833477 0.339648 0.039365 0.055580
0 0.329268 0.627136 0.038805 0.050716
0 0.217066 0.225957 0.040461 0.055857
0 0.268360 0.240558 0.040088 0.052614
0 0.471639 0.290971 0.041370 0.054512
0 0.157620 0.296895 0.041370 0.054512
0 0.436998 0.606746 0.040088 0.052614
0 0.334491 0.581738 0.039552 0.057202
0 0.412567 0.358665 0.037524 0.048818
0 0.325152 0.667810 0.037710 0.050440
0 0.272757 0.197453 0.039178 0.053960
0 0.732163 0.769584 0.041183 0.052890
0 0.671897 0.382334 0.038992 0.052338
0 0.506773 0.455826 0.043374 0.053443
0 0.689194 0.672828 0.039178 0.053960
0 0.684892 0.715122 0.037710 0.050440
0 0.430318 0.650109 0.038619 0.049095
0 0.720453 0.396244 0.039715 0.049371
0 0.161737 0.256222 0.039902 0.050993
0 0.565927 0.392323 0.041183 0.052890
0 0.714962 0.439072 0.041370 0.054512
0 0.636517 0.244112 0.041021 0.060722
0 0.314723 0.293122 0.038432 0.047474
0 0.741316 0.685134 0.040461 0.055857
0 0.888165 0.310056 0.041207 0.062342
0 0.736279 0.728912 0.039715 0.049371
0 0.167321 0.212583 0.039178 0.053960
0 0.211214 0.267027 0.039528 0.047750
0 0.309605 0.332708 0.039715 0.049371
0 0.560890 0.436101 0.038619 0.049095
0 0.375724 0.678890 0.039902 0.050993
0 0.575510 0.318826 0.038805 0.050716
0 0.616393 0.409217 0.039902 0.050993
0 0.425655 0.690643 0.041183 0.052890
0 0.625720 0.328147 0.039902 0.050993
0 0.777238 0.368015 0.041370 0.054512
0 0.500828 0.497706 0.043001 0.050199
0 0.467977 0.332593 0.038619 0.049095
0 0.827799 0.384097 0.037710 0.050440
0 0.181237 0.542267 0.039365 0.055580
0 0.416951 0.320563 0.036964 0.043955
0 0.169800 0.626976 0.042092 0.051545
0 0.665497 0.423265 0.039528 0.047750
0 0.676747 0.340178 0.041183 0.052890
0 0.378384 0.636182 0.035520 0.049888
0 0.351602 0.339959 0.025451 0.036329
0 0.818670 0.458543 0.038432 0.047474
0 0.175011 0.586579 0.040997 0.051269
