0 0.859222 0.445209 0.031324 0.032561
0 0.624140 0.425357 0.040453 0.057114
0 0.115368 0.414059 0.033759 0.033280
0 0.444778 0.848452 0.026171 0.029583
0 0.283335 0.728485 0.035626 0.030918
0 0.831112 0.597760 0.027591 0.037288
0 0.497387 0.569905 0.023168 0.025783
0 0.408389 0.666297 0.036112 0.039804
0 0.508983 0.733367 0.036680 0.042885
0 0.259810 0.556627 0.037776 0.030096
0 0.405220 0.303855 0.029741 0.036465
0 0.504582 0.757251 0.039398 0.045145
0 0.403278 0.694033 0.039682 0.046686
0 0.486369 0.852608 0.039480 0.039341
0 0.640768 0.930689 0.041833 0.045864
0 0.306416 0.307178 0.037127 0.032818
0 0.627973 0.404554 0.035462 0.042526
0 0.119018 0.390766 0.043253 0.053569
0 0.586112 0.621284 0.036275 0.028195
0 0.842547 0.469531 0.038547 0.040523
0 0.587206 0.914875 0.038830 0.042064
0 0.817373 0.529526 0.024954 0.029224
0 0.430967 0.313894 0.031243 0.038366
0 0.282667 0.432583 0.035058 0.027835
0 0.307085 0.603080 0.036559 0.029736
0 0.616473 0.466961 0.037613 0.041704
0 0.646204 0.904673 0.040048 0.042423
0 0.408937 0.370754 0.037979 0.037441
0 0.593068 0.886548 0.039764 0.040882
0 0.319193 0.540852 0.037329 0.040164
0 0.844763 0.537613 0.027875 0.038829
0 0.599497 0.855139 0.041265 0.042782
0 0.605034 0.825090 0.040981 0.041242
0 0.367117 0.590746 0.036112 0.039804
0 0.361398 0.618303 0.036761 0.037081
0 0.677134 0.747268 0.037979 0.037441
0 0.492555 0.826001 0.036761 0.037081
0 0.736375 0.732264 0.038547 0.040523
0 0.670846 0.777907 0.040332 0.043964
0 0.104152 0.474925 0.035178 0.040985
0 0.249020 0.615182 0.038912 0.036259
0 0.376791 0.527800 0.035909 0.032458
0 0.837258 0.567893 0.025521 0.032306
0 0.396281 0.728524 0.037613 0.041704
0 0.289339 0.699387 0.040250 0.049768
0 0.111250 0.739418 0.037411 0.034358
0 0.385248 0.791882 0.038830 0.042064
0 0.789593 0.453897 0.040900 0.047046
0 0.652492 0.874034 0.038830 0.042064
0 0.835975 0.501711 0.040332 0.043964
0 0.295585 0.665487 0.037979 0.037441
0 0.712300 0.855948 0.038830 0.042064
0 0.388509 0.398030 0.024954 0.029224
0 0.109222 0.443927 0.036396 0.041345
0 0.224987 0.742128 0.038547 0.040523
0 0.413783 0.637020 0.039114 0.043604
0 0.187508 0.339498 0.038547 0.040523
0 0.415083 0.340887 0.039480 0.039341
0 0.550052 0.513966 0.037045 0.038622
0 0.683137 0.718170 0.039764 0.040882
0 0.658454 0.841676 0.038830 0.042064
0 0.700659 0.919126 0.038830 0.042064
0 0.391961 0.758932 0.037897 0.043245
0 0.324730 0.510805 0.037613 0.041704
0 0.688207 0.687173 0.039114 0.043604
0 0.353609 0.650123 0.039114 0.043604
0 0.174791 0.401546 0.038830 0.042064
0 0.181829 0.370316 0.038547 0.040523
0 0.379894 0.824421 0.040616 0.045504
0 0.402756 0.470477 0.027875 0.038829
0 0.694372 0.949765 0.040048 0.042423
0 0.151468 0.524640 0.037045 0.038622
0 0.706338 0.888308 0.038830 0.042064
0 0.515696 0.700417 0.037613 0.041704
0 0.347971 0.684203 0.040900 0.047046
0 0.242165 0.648903 0.038830 0.042064
0 0.301081 0.632178 0.040616 0.045504
0 0.211986 0.805717 0.038263 0.038981
0 0.443069 0.784583 0.039398 0.045145
0 0.371863 0.558027 0.036680 0.042885
0 0.146215 0.553146 0.037329 0.040164
0 0.217665 0.774898 0.038830 0.042064
0 0.130477 0.325097 0.037045 0.038622
0 0.534577 0.900961 0.035828 0.038262
0 0.236486 0.679721 0.038830 0.042064
0 0.718588 0.825310 0.037613 0.041704
0 0.810761 0.558444 0.026089 0.035387
0 0.544799 0.542472 0.037329 0.040164
0 0.126583 0.353193 0.040048 0.042423
0 0.090868 0.540055 0.037329 0.040164
0 0.545184 0.839915 0.039764 0.040882
0 0.759840 0.608399 0.040048 0.042423
0 0.133539 0.618456 0.040697 0.039700
0 0.609820 0.795633 0.040332 0.043964
0 0.723800 0.793541 0.038547 0.040523
0 0.674822 0.453318 0.038263 0.038981
0 0.169255 0.431594 0.038547 0.040523
0 0.562971 0.746869 0.038263 0.038981
0 0.664883 0.810266 0.040332 0.043964
0 0.729945 0.763674 0.037613 0.041704
0 0.329191 0.479627 0.037613 0.041704
0 0.444896 0.482106 0.038547 0.040523
0 0.437858 0.513335 0.038263 0.038981
0 0.889862 0.519246 0.038547 0.040523
0 0.521050 0.667878 0.036396 0.041345
0 0.480974 0.881885 0.040616 0.045504
0 0.710739 0.561408 0.042482 0.043142
0 0.895967 0.486117 0.039398 0.045145
0 0.451325 0.450697 0.037613 0.041704
0 0.348479 0.385399 0.033109 0.036003
0 0.426642 0.574201 0.038547 0.040523
0 0.415432 0.405167 0.031810 0.041448
0 0.752660 0.640399 0.040048 0.042423
0 0.266097 0.525988 0.041833 0.045864
0 0.408719 0.438117 0.027307 0.035747
0 0.276805 0.460911 0.038830 0.042064
0 0.455928 0.418748 0.037329 0.040164
0 0.383687 0.497341 0.040616 0.045504
0 0.575079 0.684642 0.040332 0.043964
0 0.353874 0.356122 0.033677 0.039085
0 0.288062 0.403306 0.040900 0.047046
0 0.252712 0.292135 0.041549 0.044323
0 0.807298 0.657343 0.039764 0.040882
0 0.575019 0.388920 0.042117 0.047405
0 0.136257 0.290246 0.039682 0.046686
0 0.342658 0.416989 0.033961 0.040626
0 0.533341 0.608141 0.038830 0.042064
0 0.539304 0.575782 0.038830 0.042064
0 0.592440 0.593907 0.039114 0.043604
0 0.300453 0.339538 0.039398 0.045145
0 0.163860 0.460871 0.038547 0.040523
0 0.770447 0.547354 0.037979 0.037441
0 0.271127 0.491729 0.040697 0.039700
0 0.652391 0.575051 0.038263 0.038981
0 0.557576 0.776146 0.041265 0.042782
0 0.462216 0.388110 0.036112 0.039804
0 0.098048 0.508055 0.037897 0.043245
0 0.253806 0.585725 0.041833 0.045864
0 0.419604 0.605431 0.036396 0.041345
0 0.628641 0.700456 0.039764 0.040882
0 0.381471 0.429260 0.026373 0.036929
0 0.229915 0.711900 0.040616 0.045504
0 0.524411 0.355886 0.033567 0.025866
0 0.521011 0.373713 0.034587 0.028032
0 0.517464 0.393585 0.034086 0.028686
0 0.512316 0.419231 0.039792 0.041036
0 0.528701 0.336576 0.034765 0.031247
0 0.505383 0.452116 0.039370 0.044991
0 0.359978 0.322993 0.036964 0.044426
0 0.597794 0.561369 0.034895 0.039445
0 0.246465 0.326035 0.041549 0.044323
0 0.800868 0.688753 0.038830 0.042064
0 0.336371 0.447627 0.034611 0.037903
0 0.568914 0.422049 0.038263 0.038981
0 0.783022 0.486076 0.038547 0.040523
0 0.609902 0.499141 0.038830 0.042064
0 0.704776 0.593768 0.041914 0.040060
0 0.775842 0.518076 0.038547 0.040523
0 0.603473 0.530550 0.037329 0.040164
0 0.728709 0.470853 0.042482 0.043142
0 0.616533 0.762683 0.038830 0.042064
0 0.496692 0.793103 0.042117 0.047405
0 0.128144 0.647733 0.041265 0.042782
0 0.734955 0.436953 0.042482 0.043142
0 0.432321 0.543383 0.038547 0.040523
0 0.663606 0.514185 0.038547 0.040523
0 0.694636 0.655764 0.040048 0.042423
0 0.658536 0.545183 0.039764 0.040882
0 0.568508 0.716822 0.038547 0.040523
0 0.157897 0.493230 0.038547 0.040523
0 0.681393 0.421139 0.043618 0.049305
0 0.741303 0.702036 0.040048 0.042423
0 0.312622 0.573032 0.041549 0.044323
0 0.138893 0.585917 0.040616 0.045504
0 0.468320 0.354980 0.039398 0.045145
0 0.812652 0.624805 0.039114 0.043604
0 0.580717 0.650562 0.041549 0.044323
0 0.491168 0.609443 0.022833 0.025960
0 0.492648 0.529139 0.034759 0.031653
0 0.494701 0.589015 0.022548 0.024288
0 0.488708 0.627109 0.024031 0.021593
0 0.480086 0.670455 0.019570 0.019183
0 0.476366 0.689771 0.020892 0.027922
0 0.834734 0.436980 0.023753 0.030078
0 0.272367 0.791975 0.034231 0.033595
0 0.485611 0.642174 0.024386 0.023520
0 0.482324 0.656565 0.022190 0.017785
0 0.489274 0.544276 0.038110 0.019412
0 0.277685 0.759149 0.041411 0.049819
0 0.440772 0.873672 0.030249 0.032973
0 0.495920 0.504726 0.040214 0.037080
0 0.699848 0.623995 0.040981 0.041242
0 0.634178 0.670408 0.040048 0.042423
0 0.622963 0.731274 0.039764 0.040882
0 0.669285 0.483367 0.038547 0.040523
0 0.193146 0.305418 0.043902 0.050846
0 0.083688 0.572054 0.040900 0.047046
0 0.123541 0.679682 0.038547 0.040523
0 0.527337 0.637239 0.036477 0.035541
0 0.764910 0.577402 0.041265 0.042782
0 0.717027 0.530769 0.040697 0.039700
0 0.884326 0.549294 0.038263 0.038981
0 0.562769 0.451918 0.037329 0.040164
0 0.746981 0.671218 0.039480 0.039341
0 0.266299 0.820940 0.042766 0.044682
0 0.116503 0.710911 0.041265 0.042782
0 0.539505 0.870734 0.039764 0.040882
0 0.722421 0.501492 0.040697 0.039700
0 0.645819 0.607231 0.038181 0.044785
0 0.877429 0.579753 0.038830 0.042064
0 0.106180 0.770416 0.040332 0.043964
0 0.640141 0.638049 0.037045 0.038622
0 0.555589 0.483917 0.037329 0.040164
0 0.551005 0.808326 0.040048 0.042423
0 0.294166 0.370176 0.036477 0.035541
