0 0.770386 0.527492 0.034151 0.032993
0 0.363841 0.870501 0.040384 0.033572
0 0.499510 0.453310 0.035687 0.035961
0 0.374204 0.680922 0.036809 0.036065
0 0.365048 0.838883 0.036827 0.036381
0 0.501601 0.623739 0.028506 0.021168
0 0.486207 0.856878 0.022428 0.023272
0 0.495202 0.507091 0.035077 0.027585
0 0.829520 0.469523 0.035397 0.033109
0 0.877055 0.600862 0.035580 0.036265
0 0.710582 0.586193 0.036553 0.031647
0 0.705139 0.680086 0.034151 0.032993
0 0.771592 0.495874 0.035397 0.033109
0 0.585710 0.826853 0.035306 0.031531
0 0.329295 0.515082 0.038074 0.036497
0 0.384771 0.520235 0.034334 0.036149
0 0.214680 0.600422 0.034059 0.031415
0 0.211649 0.631079 0.036827 0.036381
0 0.644129 0.770404 0.035489 0.034687
0 0.610784 0.415890 0.035397 0.033109
0 0.314569 0.769146 0.035397 0.033109
0 0.313986 0.800823 0.035580 0.036265
0 0.824615 0.532529 0.032904 0.032877
0 0.723565 0.394635 0.035580 0.036265
0 0.706300 0.649256 0.038165 0.038074
0 0.864117 0.791630 0.036827 0.036381
0 0.820819 0.598018 0.035306 0.031531
0 0.145729 0.816926 0.036827 0.036381
0 0.642346 0.801177 0.035580 0.036265
0 0.819218 0.625634 0.035580 0.036265
0 0.859744 0.856272 0.035580 0.036265
0 0.725441 0.362285 0.037982 0.034919
0 0.278862 0.444558 0.036736 0.034803
0 0.225839 0.407902 0.036736 0.034803
0 0.777217 0.398825 0.035672 0.037843
0 0.862288 0.823191 0.036827 0.036381
0 0.716922 0.487623 0.038257 0.039652
0 0.203617 0.758841 0.035580 0.036265
0 0.639847 0.833468 0.034059 0.031415
0 0.309521 0.867043 0.033968 0.029837
0 0.775874 0.432811 0.031840 0.035918
0 0.202411 0.790460 0.039320 0.036612
0 0.650910 0.675049 0.032721 0.029722
0 0.144523 0.848545 0.035397 0.033109
0 0.149342 0.754594 0.036736 0.034803
0 0.116185 0.364400 0.033179 0.037611
0 0.881966 0.505332 0.036553 0.031647
0 0.886111 0.444635 0.035763 0.039421
0 0.505499 0.340271 0.039595 0.041347
0 0.320589 0.676101 0.034334 0.036149
0 0.170318 0.403538 0.035580 0.036265
0 0.720381 0.438762 0.037925 0.055317
0 0.385977 0.488617 0.032904 0.032877
0 0.378522 0.617227 0.035306 0.031531
0 0.866570 0.760127 0.035580 0.036265
0 0.395348 0.359391 0.034517 0.039305
0 0.831350 0.437963 0.035580 0.036265
0 0.751914 0.813733 0.037982 0.034919
0 0.324476 0.609034 0.034059 0.031415
0 0.150534 0.723212 0.037955 0.034445
0 0.599102 0.606618 0.034169 0.033309
0 0.208463 0.696862 0.035516 0.035160
0 0.206688 0.727476 0.035388 0.032951
0 0.600947 0.574788 0.034306 0.035676
0 0.152365 0.691628 0.037976 0.034808
0 0.663762 0.453335 0.035489 0.034687
0 0.880182 0.536104 0.036644 0.033224
0 0.199375 0.853640 0.035580 0.036265
0 0.200536 0.822810 0.036736 0.034803
0 0.498635 0.679556 0.023793 0.019647
0 0.501159 0.641975 0.022118 0.019634
0 0.502904 0.602117 0.021407 0.024480
0 0.503579 0.407663 0.034160 0.020971
0 0.504243 0.389717 0.035822 0.023951
0 0.373048 0.711672 0.035388 0.032951
0 0.505740 0.368533 0.039890 0.025051
0 0.486036 0.881454 0.025104 0.026659
0 0.503470 0.580680 0.024903 0.023188
0 0.500098 0.660486 0.024811 0.021610
0 0.883617 0.476849 0.036562 0.031804
0 0.502699 0.426398 0.036911 0.027128
0 0.494518 0.529714 0.036141 0.024546
0 0.493947 0.550365 0.034739 0.021747
0 0.325545 0.579782 0.035580 0.036265
0 0.588025 0.797718 0.036644 0.033224
0 0.495817 0.701895 0.026671 0.032298
0 0.531435 0.822606 0.034334 0.036149
0 0.479201 0.793956 0.034151 0.032993
0 0.442425 0.498619 0.034151 0.032993
0 0.114218 0.398328 0.035580 0.036265
0 0.440247 0.525387 0.030411 0.032645
0 0.636326 0.894223 0.031840 0.035918
0 0.172010 0.374345 0.035672 0.037843
0 0.856662 0.920240 0.036736 0.034803
0 0.779047 0.367264 0.037982 0.034919
0 0.868885 0.730992 0.036736 0.034803
0 0.318273 0.705236 0.035306 0.031531
0 0.637972 0.865818 0.031475 0.029606
0 0.391466 0.393934 0.032721 0.029722
0 0.279885 0.416095 0.037799 0.031762
0 0.857823 0.889411 0.038074 0.036497
0 0.376785 0.647209 0.035672 0.037843
0 0.532549 0.792565 0.035580 0.036265
0 0.147650 0.783788 0.034334 0.036149
0 0.388430 0.457113 0.031840 0.035918
0 0.112389 0.429889 0.035397 0.033109
0 0.164692 0.500588 0.035306 0.031531
0 0.872727 0.664714 0.036736 0.034803
0 0.773330 0.465892 0.035397 0.033109
0 0.698982 0.775499 0.035489 0.034687
0 0.745756 0.909146 0.034151 0.032993
0 0.612751 0.381963 0.036038 0.044155
0 0.445644 0.432284 0.035580 0.036265
0 0.589231 0.766099 0.035580 0.036265
0 0.331794 0.482791 0.036736 0.034803
0 0.875226 0.632422 0.038074 0.036497
0 0.552942 0.473186 0.034059 0.031415
0 0.322555 0.642173 0.034425 0.037727
0 0.443677 0.466211 0.035489 0.034687
0 0.210975 0.664334 0.036827 0.036381
0 0.888077 0.410708 0.035672 0.037843
0 0.427938 0.683690 0.031749 0.034340
0 0.827068 0.501027 0.034334 0.036149
0 0.668227 0.387115 0.036919 0.037959
0 0.105420 0.560924 0.034334 0.036149
0 0.528982 0.854109 0.038074 0.036497
0 0.156173 0.625926 0.038074 0.036497
0 0.155499 0.659181 0.038074 0.036497
0 0.749507 0.844446 0.039320 0.036612
0 0.747586 0.877585 0.036827 0.036381
0 0.366345 0.805686 0.038074 0.036497
0 0.652739 0.643489 0.038257 0.039652
0 0.168534 0.434311 0.035489 0.034687
0 0.809219 0.787324 0.036919 0.037959
0 0.316352 0.738375 0.035672 0.037843
0 0.311396 0.834693 0.034425 0.037727
0 0.433421 0.621532 0.035580 0.036265
0 0.159250 0.594481 0.035580 0.036265
0 0.870806 0.697853 0.036919 0.037959
0 0.371342 0.741102 0.035580 0.036265
0 0.430968 0.653035 0.034334 0.036149
0 0.832693 0.403977 0.037101 0.041115
0 0.390351 0.423975 0.034334 0.036149
0 0.709513 0.615444 0.038074 0.036497
0 0.328621 0.548337 0.035580 0.036265
0 0.276364 0.476850 0.038074 0.036497
0 0.714910 0.522340 0.038074 0.036497
0 0.815513 0.689544 0.035489 0.034687
0 0.646582 0.738902 0.034425 0.037727
0 0.700766 0.744728 0.035580 0.036265
0 0.110605 0.460660 0.035489 0.034687
0 0.597887 0.638394 0.038257 0.039652
0 0.655821 0.579520 0.034242 0.034572
0 0.435828 0.590818 0.034242 0.034572
0 0.160456 0.562863 0.036644 0.033224
0 0.283150 0.348971 0.037010 0.039536
0 0.648549 0.704974 0.034517 0.039305
0 0.877684 0.568396 0.037982 0.034919
0 0.541833 0.632395 0.035489 0.034687
0 0.654660 0.610350 0.035397 0.033109
0 0.337905 0.388167 0.035306 0.031531
0 0.448188 0.399203 0.034334 0.036149
0 0.418071 0.875538 0.034151 0.032993
0 0.662647 0.483375 0.036736 0.034803
0 0.822694 0.565668 0.035763 0.039421
0 0.281669 0.385323 0.038257 0.039652
0 0.607703 0.479859 0.034242 0.034572
0 0.368798 0.774183 0.036827 0.036381
0 0.546739 0.569388 0.035489 0.034687
0 0.558705 0.373770 0.034425 0.037727
0 0.581868 0.893131 0.035489 0.034687
0 0.608863 0.449029 0.035580 0.036265
0 0.333623 0.451230 0.036736 0.034803
0 0.761821 0.653620 0.036827 0.036381
0 0.526529 0.885611 0.036827 0.036381
0 0.539421 0.695632 0.037982 0.034919
0 0.229098 0.373301 0.039778 0.044502
0 0.426149 0.746986 0.035489 0.034687
0 0.813638 0.721894 0.035580 0.036265
0 0.756242 0.749880 0.034334 0.036149
0 0.219013 0.504046 0.036736 0.034803
0 0.768602 0.558264 0.034242 0.034572
0 0.449623 0.363639 0.038348 0.041231
0 0.816720 0.657926 0.036919 0.037959
0 0.109353 0.493068 0.036644 0.033224
0 0.596012 0.670743 0.035306 0.031531
0 0.221420 0.473333 0.038074 0.036497
0 0.810471 0.754917 0.038074 0.036497
0 0.166521 0.469027 0.038348 0.041231
0 0.591106 0.733750 0.035489 0.034687
0 0.583789 0.859992 0.035672 0.037843
0 0.427933 0.716214 0.033087 0.036034
0 0.593605 0.701458 0.034334 0.036149
0 0.753743 0.782171 0.035672 0.037843
0 0.540673 0.663224 0.036827 0.036381
0 0.424319 0.778547 0.035489 0.034687
0 0.758071 0.718319 0.034334 0.036149
0 0.217761 0.536454 0.035580 0.036265
0 0.605965 0.509842 0.034242 0.034572
0 0.107387 0.526996 0.034425 0.037727
0 0.339918 0.353450 0.035855 0.040999
0 0.336122 0.418938 0.038074 0.036497
0 0.223295 0.440983 0.038165 0.038074
0 0.759946 0.685969 0.034242 0.034572
0 0.666169 0.422622 0.037010 0.039536
0 0.382273 0.552527 0.035489 0.034687
0 0.535093 0.759484 0.036827 0.036381
0 0.660772 0.515725 0.034334 0.036149
0 0.658851 0.548864 0.034334 0.036149
0 0.215308 0.567958 0.036827 0.036381
0 0.536345 0.727076 0.037982 0.034919
0 0.550535 0.503900 0.035580 0.036265
0 0.420523 0.844036 0.033087 0.036034
0 0.554680 0.443204 0.036736 0.034803
0 0.421821 0.810839 0.034334 0.036149
0 0.764897 0.622175 0.036827 0.036381
0 0.766103 0.590557 0.035580 0.036265
0 0.162331 0.530513 0.036919 0.037959
0 0.548523 0.538617 0.035580 0.036265
0 0.703264 0.712436 0.036919 0.037959
0 0.712989 0.555479 0.038074 0.036497
0 0.379729 0.585608 0.036919 0.037959
0 0.603375 0.543712 0.035580 0.036265
0 0.438326 0.558526 0.035580 0.036265
0 0.556601 0.410065 0.036919 0.037959
0 0.544332 0.600103 0.036827 0.036381
