0 0.553549 0.510654 0.034356 0.044555
0 0.586799 0.265978 0.039839 0.053963
0 0.581019 0.307104 0.039613 0.052351
0 0.379355 0.243960 0.038752 0.053627
0 0.626160 0.361437 0.038525 0.052015
0 0.390597 0.159926 0.039839 0.053963
0 0.737135 0.310740 0.039839 0.053963
0 0.384704 0.201858 0.037211 0.050066
0 0.397374 0.115742 0.041155 0.055913
0 0.491871 0.190372 0.039613 0.052351
0 0.558331 0.472585 0.038298 0.050402
0 0.430366 0.260561 0.038525 0.052015
0 0.564768 0.430820 0.039839 0.053963
0 0.357438 0.407996 0.038525 0.052015
0 0.788372 0.325729 0.040066 0.055577
0 0.480085 0.274238 0.040066 0.055577
0 0.468957 0.357466 0.041381 0.057525
0 0.620153 0.404177 0.040928 0.054300
0 0.799954 0.239275 0.041381 0.057525
0 0.483248 0.736311 0.026922 0.036088
0 0.524795 0.347792 0.047816 0.044085
0 0.502855 0.495834 0.046094 0.046639
0 0.827386 0.807291 0.039159 0.049125
0 0.272747 0.635096 0.039839 0.053963
0 0.804924 0.971159 0.040475 0.051074
0 0.038876 0.784977 0.042650 0.051746
0 0.541749 0.215037 0.048451 0.041196
0 0.395054 0.503758 0.040701 0.052687
0 0.044883 0.742237 0.043330 0.056585
0 0.546282 0.182781 0.047181 0.046975
0 0.521803 0.377158 0.050899 0.051209
0 0.139123 0.079710 0.038978 0.055241
0 0.810047 0.930671 0.036304 0.043614
0 0.534201 0.280860 0.043692 0.044354
0 0.872195 0.480361 0.037211 0.050066
0 0.822036 0.849392 0.033721 0.047445
0 0.056351 0.656590 0.039159 0.049125
0 0.877203 0.440679 0.040701 0.052687
0 0.602603 0.908653 0.038752 0.053627
0 0.051002 0.698692 0.040701 0.052687
0 0.850277 0.644397 0.039159 0.049125
0 0.625155 0.748178 0.038072 0.048789
0 0.595826 0.952837 0.037437 0.051679
0 0.250067 0.416895 0.036984 0.048453
0 0.945145 0.328726 0.038978 0.055241
0 0.912416 0.577770 0.038072 0.048789
0 0.328880 0.611209 0.033721 0.047445
0 0.130366 0.509491 0.039159 0.049125
0 0.916565 0.536139 0.042016 0.054636
0 0.551698 0.148274 0.051125 0.052822
0 0.719479 0.432340 0.035443 0.044891
0 0.939139 0.371465 0.040928 0.054300
0 0.608700 0.869307 0.036984 0.048453
0 0.619829 0.786079 0.038298 0.050402
0 0.615137 0.827542 0.038525 0.052015
0 0.340787 0.142854 0.039386 0.050738
0 0.127111 0.165188 0.038072 0.048789
0 0.675970 0.378510 0.038525 0.052015
0 0.799779 0.993945 0.041155 0.012110
0 0.933246 0.413399 0.040928 0.054300
0 0.922458 0.494207 0.041562 0.051410
0 0.132890 0.124062 0.038298 0.050402
0 0.294868 0.473648 0.041381 0.057525
0 0.080127 0.491446 0.037845 0.047176
0 0.135376 0.469810 0.040475 0.051074
0 0.124700 0.549811 0.041336 0.049798
0 0.682633 0.335132 0.035715 0.054233
0 0.860749 0.561808 0.039159 0.049125
0 0.927466 0.454525 0.040701 0.052687
0 0.278186 0.596389 0.036757 0.046840
0 0.865871 0.521319 0.040701 0.052687
0 0.334546 0.570889 0.035896 0.048117
0 0.068771 0.576286 0.041789 0.053023
0 0.062991 0.617413 0.039386 0.050738
0 0.805046 0.586669 0.034809 0.047781
0 0.188933 0.096781 0.041155 0.055913
0 0.794144 0.668285 0.035670 0.046504
0 0.239400 0.113214 0.039386 0.050738
0 0.708464 0.514760 0.036984 0.048453
0 0.220861 0.237064 0.036757 0.046840
0 0.882439 0.399385 0.039839 0.053963
0 0.654053 0.542546 0.033494 0.045832
0 0.814942 0.891795 0.038752 0.053627
0 0.108684 0.288232 0.037845 0.047176
0 0.097012 0.371292 0.035896 0.048117
0 0.893794 0.314544 0.038525 0.052015
0 0.300104 0.432353 0.039159 0.049125
0 0.648069 0.581084 0.037211 0.050066
0 0.906410 0.620510 0.040928 0.054300
0 0.245973 0.066443 0.040293 0.057189
0 0.951718 0.281955 0.039432 0.058465
0 0.142130 0.429826 0.041381 0.057525
0 0.687756 0.294644 0.033268 0.044219
0 0.855513 0.603102 0.038298 0.050402
0 0.145583 0.033744 0.041381 0.057525
0 0.614260 0.446110 0.036123 0.049730
0 0.121218 0.207122 0.040701 0.052687
0 0.412936 0.380546 0.038933 0.047512
0 0.086110 0.452906 0.039386 0.050738
0 0.265313 0.679919 0.039839 0.053963
0 0.277107 0.212370 0.038298 0.050402
0 0.114237 0.248718 0.038525 0.052015
0 0.197138 0.050514 0.042695 0.059474
0 0.232533 0.154005 0.035262 0.051007
0 0.826623 0.425053 0.036984 0.048453
0 0.887901 0.356478 0.040701 0.052687
0 0.799267 0.627796 0.037664 0.053291
0 0.781701 0.752788 0.037437 0.051679
0 0.576441 0.347760 0.034356 0.044555
0 0.900140 0.269386 0.041608 0.059138
0 0.808854 0.547458 0.036350 0.051343
0 0.699451 0.207384 0.038344 0.058129
0 0.530099 0.314090 0.045913 0.052754
0 0.289405 0.516555 0.036984 0.048453
0 0.749057 0.221868 0.041381 0.057525
0 0.170167 0.222244 0.038072 0.048789
0 0.091776 0.412586 0.042016 0.054636
0 0.787821 0.709243 0.037891 0.054905
0 0.074120 0.534185 0.040701 0.052687
0 0.538190 0.248436 0.050038 0.052486
0 0.118807 0.591745 0.042695 0.059474
0 0.182813 0.140327 0.040701 0.052687
0 0.147705 0.386112 0.039386 0.050738
0 0.347020 0.098503 0.040066 0.055577
0 0.637371 0.665287 0.039839 0.053963
0 0.159695 0.304834 0.040701 0.052687
0 0.176920 0.182260 0.038525 0.052015
0 0.831738 0.768247 0.039159 0.049125
0 0.102792 0.330165 0.038752 0.053627
0 0.782479 0.367661 0.034356 0.044555
0 0.843953 0.685356 0.038298 0.050402
0 0.322443 0.652975 0.040066 0.055577
0 0.509972 0.449231 0.048541 0.056652
0 0.693649 0.252710 0.038978 0.055241
0 0.255733 0.376575 0.041336 0.049798
0 0.306088 0.393814 0.038525 0.052015
0 0.771464 0.450083 0.035896 0.048117
0 0.406614 0.421505 0.040701 0.052687
0 0.283309 0.555901 0.038752 0.053627
0 0.837630 0.726314 0.039613 0.052351
0 0.630821 0.707858 0.040701 0.052687
0 0.311436 0.351713 0.036984 0.048453
0 0.474305 0.315365 0.038933 0.047512
0 0.153145 0.347404 0.039386 0.050738
0 0.821070 0.464566 0.037664 0.053291
0 0.600352 0.177609 0.040293 0.057189
0 0.389705 0.545860 0.041789 0.053023
0 0.243857 0.457047 0.040701 0.052687
0 0.498874 0.144575 0.041381 0.057525
0 0.703228 0.556055 0.040928 0.054300
0 0.448725 0.129924 0.039432 0.058465
0 0.642834 0.622379 0.038525 0.052015
0 0.373893 0.286867 0.036984 0.048453
0 0.541332 0.593545 0.040928 0.054300
0 0.351885 0.447509 0.038298 0.050402
0 0.547996 0.550167 0.037664 0.053291
0 0.632483 0.320480 0.037211 0.050066
0 0.765458 0.492822 0.040928 0.054300
0 0.282546 0.173663 0.036123 0.049730
0 0.714787 0.473801 0.038752 0.053627
0 0.337493 0.529729 0.039613 0.052351
0 0.743028 0.268807 0.039386 0.050738
0 0.609025 0.487405 0.037437 0.051679
0 0.815177 0.506500 0.037211 0.050066
0 0.793608 0.284434 0.038298 0.050402
0 0.669986 0.417049 0.036984 0.048453
0 0.401491 0.461993 0.039159 0.049125
0 0.260629 0.337699 0.040701 0.052687
0 0.362447 0.368313 0.037211 0.050066
0 0.368340 0.326381 0.039839 0.053963
0 0.731128 0.353480 0.039613 0.052351
0 0.435285 0.217485 0.038752 0.053627
0 0.295896 0.082708 0.040519 0.058801
0 0.833286 0.381675 0.038978 0.055241
0 0.289323 0.129479 0.040066 0.055577
0 0.570888 0.387274 0.039839 0.053963
0 0.725893 0.394775 0.038298 0.050402
0 0.165588 0.262900 0.040701 0.052687
0 0.327574 0.228804 0.039159 0.049125
0 0.777357 0.408149 0.038978 0.055241
0 0.238077 0.498173 0.040475 0.051074
0 0.485434 0.232138 0.038072 0.048789
0 0.659175 0.502057 0.037211 0.050066
0 0.271985 0.252859 0.039386 0.050738
0 0.593032 0.221625 0.039613 0.052351
0 0.423499 0.301352 0.038298 0.050402
0 0.317760 0.310755 0.038298 0.050402
0 0.323109 0.268653 0.039386 0.050738
0 0.345131 0.487493 0.040928 0.054300
0 0.442152 0.176694 0.038525 0.052015
0 0.418376 0.341839 0.037211 0.050066
0 0.225983 0.196576 0.038752 0.053627
0 0.334554 0.187206 0.040066 0.055577
0 0.665068 0.460124 0.037664 0.053291
0 0.266092 0.294792 0.039839 0.053963
