0 0.762641 0.399747 0.034902 0.039419
0 0.503843 0.415338 0.027909 0.031223
0 0.504554 0.391373 0.024660 0.017474
0 0.508841 0.263503 0.033369 0.034660
0 0.747518 0.797797 0.036100 0.036377
0 0.713129 0.324855 0.036234 0.039498
0 0.853126 0.872091 0.037364 0.034896
0 0.123935 0.505941 0.037431 0.036456
0 0.756498 0.542534 0.029374 0.034424
0 0.754075 0.614357 0.033235 0.031538
0 0.114003 0.721253 0.036100 0.036377
0 0.389127 0.811822 0.039098 0.044338
0 0.524210 0.852657 0.037499 0.038016
0 0.506731 0.297015 0.029173 0.029742
0 0.753263 0.648728 0.034835 0.037858
0 0.860181 0.692593 0.030706 0.034502
0 0.854603 0.837760 0.037499 0.038016
0 0.391404 0.774409 0.037499 0.038016
0 0.800492 0.869763 0.036100 0.036377
0 0.856992 0.766718 0.033571 0.039341
0 0.802216 0.798682 0.036167 0.037937
0 0.877101 0.299343 0.036033 0.034817
0 0.184496 0.401569 0.037700 0.042698
0 0.528597 0.781732 0.034499 0.030056
0 0.870258 0.442871 0.034566 0.031616
0 0.851582 0.907984 0.037499 0.038016
0 0.803693 0.764351 0.036033 0.034817
0 0.861759 0.655921 0.036234 0.039498
0 0.536184 0.605394 0.037431 0.036456
0 0.798282 0.905617 0.040095 0.036613
0 0.749095 0.761125 0.038830 0.038094
0 0.802003 0.834652 0.038830 0.038094
0 0.577862 0.893375 0.038561 0.031852
0 0.455547 0.524752 0.034701 0.034738
0 0.111547 0.793856 0.037364 0.034896
0 0.224037 0.801284 0.035966 0.033256
0 0.345373 0.556572 0.036234 0.039498
0 0.754953 0.578426 0.034969 0.040979
0 0.761830 0.434117 0.033302 0.033099
0 0.758008 0.507423 0.034768 0.036298
0 0.583373 0.749768 0.037499 0.038016
0 0.856813 0.801908 0.036033 0.034817
0 0.528574 0.751224 0.037499 0.038016
0 0.534606 0.642066 0.034835 0.037858
0 0.594250 0.496964 0.034701 0.034738
0 0.530919 0.712250 0.038964 0.041216
0 0.119967 0.613656 0.038897 0.039655
0 0.874259 0.334375 0.036100 0.036377
0 0.580318 0.820772 0.037566 0.039577
0 0.593372 0.532896 0.036302 0.041058
0 0.523231 0.890929 0.036234 0.039498
0 0.167543 0.795600 0.037364 0.034896
0 0.447092 0.705733 0.036033 0.034817
0 0.388147 0.850094 0.037431 0.036456
0 0.743897 0.866419 0.037566 0.039577
0 0.750640 0.725232 0.038830 0.038094
0 0.807794 0.653514 0.037499 0.038016
0 0.297019 0.408217 0.036100 0.036377
0 0.878113 0.260290 0.037767 0.044259
0 0.445548 0.741624 0.036167 0.037937
0 0.169932 0.724557 0.036100 0.036377
0 0.533096 0.677178 0.037431 0.036456
0 0.578640 0.859785 0.037431 0.036456
0 0.284811 0.660944 0.035966 0.033256
0 0.279300 0.804550 0.037431 0.036456
0 0.174464 0.619222 0.033369 0.034660
0 0.240459 0.404094 0.034835 0.037858
0 0.806149 0.691747 0.037431 0.036456
0 0.397581 0.630841 0.037499 0.038016
0 0.231126 0.621006 0.037364 0.034896
0 0.815661 0.439645 0.037499 0.038016
0 0.752917 0.687819 0.037633 0.041137
0 0.400602 0.560617 0.037499 0.038016
0 0.810216 0.581691 0.033504 0.037780
0 0.402113 0.525506 0.037431 0.036456
0 0.336952 0.736773 0.037633 0.041137
0 0.126110 0.470868 0.036167 0.037937
0 0.595761 0.461853 0.032105 0.036141
0 0.357648 0.302286 0.033437 0.036220
0 0.108956 0.869581 0.038897 0.039655
0 0.133121 0.323439 0.034768 0.036298
0 0.234215 0.549222 0.034701 0.034738
0 0.228916 0.656858 0.036033 0.034817
0 0.187506 0.362635 0.034768 0.036298
0 0.513624 0.198859 0.029173 0.029742
0 0.453303 0.561385 0.036234 0.039498
0 0.239546 0.440805 0.038897 0.039655
0 0.112425 0.757925 0.038964 0.041216
0 0.300841 0.334913 0.037566 0.039577
0 0.765730 0.327963 0.034902 0.039419
0 0.168388 0.760449 0.038763 0.036534
0 0.292600 0.479924 0.036100 0.036377
0 0.226739 0.691930 0.037566 0.039577
0 0.864814 0.584917 0.036167 0.037937
0 0.405023 0.488912 0.034835 0.037858
0 0.245925 0.292556 0.033571 0.039341
0 0.872681 0.371048 0.036167 0.037937
0 0.456425 0.488820 0.036302 0.041058
0 0.285689 0.625012 0.037566 0.039577
0 0.178286 0.545918 0.037499 0.038016
0 0.176708 0.582589 0.037566 0.039577
0 0.182039 0.474173 0.036167 0.037937
0 0.542148 0.497796 0.034768 0.036298
0 0.608635 0.209167 0.036234 0.039498
0 0.869480 0.476462 0.036234 0.039498
0 0.353760 0.377151 0.034768 0.036298
0 0.413644 0.304030 0.033571 0.039341
0 0.539273 0.533610 0.034902 0.039419
0 0.287900 0.589159 0.036100 0.036377
0 0.545203 0.426794 0.032172 0.037701
0 0.406813 0.416270 0.037431 0.036456
0 0.352216 0.413044 0.034768 0.036298
0 0.601938 0.318285 0.034768 0.036298
0 0.191960 0.290150 0.034835 0.037858
0 0.298564 0.372326 0.036100 0.036377
0 0.290110 0.553307 0.037566 0.039577
0 0.244912 0.331608 0.034768 0.036298
0 0.189717 0.326783 0.036234 0.039498
0 0.871802 0.406978 0.037364 0.034896
0 0.350705 0.448155 0.034701 0.034738
0 0.294177 0.443251 0.036167 0.037937
0 0.120846 0.577724 0.037566 0.039577
0 0.546081 0.390862 0.033369 0.034660
0 0.604081 0.283993 0.036100 0.036377
0 0.131577 0.359331 0.037566 0.039577
0 0.236570 0.478959 0.033504 0.037780
0 0.303963 0.262349 0.037364 0.034896
0 0.816506 0.404493 0.038763 0.036534
0 0.406601 0.452241 0.034902 0.039419
0 0.543692 0.461905 0.034768 0.036298
0 0.242735 0.366680 0.036167 0.037937
0 0.349759 0.485647 0.036302 0.041058
0 0.504309 0.368838 0.033437 0.036220
0 0.745475 0.829748 0.034701 0.034738
0 0.131040 0.651075 0.023780 0.027866
0 0.491842 0.782690 0.022514 0.029348
0 0.458635 0.452968 0.036961 0.025533
0 0.342531 0.591605 0.036167 0.037937
0 0.129932 0.397563 0.037633 0.041137
0 0.527120 0.816064 0.037566 0.039577
0 0.282422 0.731986 0.037499 0.038016
0 0.179864 0.509245 0.037431 0.036456
0 0.278455 0.839701 0.038830 0.038094
0 0.166597 0.833092 0.036302 0.041058
0 0.589517 0.606980 0.037566 0.039577
0 0.387370 0.883684 0.038830 0.038094
0 0.226561 0.727121 0.037364 0.034896
0 0.584850 0.715436 0.040028 0.035053
0 0.221861 0.836357 0.037499 0.038016
0 0.450147 0.634729 0.036234 0.039498
0 0.396037 0.666733 0.037499 0.038016
0 0.660854 0.252147 0.034835 0.037858
0 0.805170 0.730019 0.038830 0.038094
0 0.865692 0.548986 0.037499 0.038016
0 0.582596 0.783359 0.036100 0.036377
0 0.863270 0.620809 0.036033 0.034817
0 0.348181 0.522319 0.033302 0.033099
0 0.442493 0.812628 0.036234 0.039498
0 0.442247 0.849379 0.036167 0.037937
0 0.280845 0.768658 0.037431 0.036456
0 0.165618 0.871364 0.034768 0.036298
0 0.867203 0.513875 0.037431 0.036456
0 0.305642 0.223336 0.037633 0.041137
0 0.134100 0.285166 0.033638 0.040901
0 0.116979 0.683099 0.039098 0.044338
0 0.392881 0.740077 0.037364 0.034896
0 0.590462 0.569489 0.036100 0.036377
0 0.538360 0.570322 0.036033 0.034817
0 0.221049 0.870728 0.038696 0.034974
0 0.764852 0.363894 0.033302 0.033099
0 0.171443 0.689446 0.036167 0.037937
0 0.276279 0.874773 0.040095 0.036613
0 0.858603 0.729264 0.036234 0.039498
0 0.225648 0.763832 0.036369 0.042619
0 0.393726 0.704927 0.038897 0.039655
0 0.808638 0.618363 0.036100 0.036377
0 0.444704 0.776775 0.034768 0.036298
0 0.587239 0.644393 0.038897 0.039655
0 0.340920 0.629057 0.038830 0.038094
0 0.399724 0.596549 0.036033 0.034817
0 0.338530 0.700100 0.037431 0.036456
0 0.440736 0.884491 0.036100 0.036377
0 0.662499 0.213913 0.037566 0.039577
0 0.122458 0.540272 0.034768 0.036298
0 0.340074 0.664209 0.037431 0.036456
0 0.760985 0.469268 0.037633 0.041137
0 0.597238 0.427521 0.034768 0.036298
0 0.813271 0.510688 0.036100 0.036377
0 0.127621 0.435757 0.036100 0.036377
0 0.586361 0.680325 0.042758 0.036770
0 0.172987 0.653553 0.036033 0.034817
0 0.291721 0.515854 0.037431 0.036456
0 0.742986 0.903131 0.036033 0.034817
0 0.814815 0.474796 0.036100 0.036377
0 0.110601 0.831348 0.038964 0.041216
0 0.235725 0.514110 0.034768 0.036298
0 0.182851 0.439802 0.034701 0.034738
0 0.448603 0.670621 0.036100 0.036377
0 0.812393 0.546619 0.034768 0.036298
0 0.820361 0.330409 0.034969 0.040979
0 0.511084 0.226870 0.029173 0.029742
0 0.283967 0.696094 0.037499 0.038016
0 0.452391 0.598096 0.037499 0.038016
0 0.460113 0.418637 0.034701 0.034738
0 0.302419 0.298241 0.037499 0.038016
0 0.232670 0.585114 0.037499 0.038016
0 0.547625 0.354970 0.033504 0.037780
0 0.465048 0.303939 0.034768 0.036298
0 0.464001 0.343771 0.036302 0.041058
0 0.818682 0.369421 0.037499 0.038016
0 0.461623 0.383525 0.034902 0.039419
0 0.599381 0.393229 0.036100 0.036377
0 0.356037 0.339739 0.036234 0.039498
0 0.410634 0.342965 0.036100 0.036377
0 0.606290 0.248141 0.037566 0.039577
0 0.408424 0.378817 0.037431 0.036456
0 0.549237 0.317518 0.036302 0.041058
0 0.600360 0.354957 0.037633 0.041137
