0 0.390535 0.439012 0.039480 0.047486
0 0.171824 0.363524 0.039119 0.053682
0 0.336723 0.877053 0.040032 0.052336
0 0.297733 0.544279 0.039664 0.049103
0 0.635650 0.296018 0.040032 0.052336
0 0.627824 0.677788 0.038751 0.050448
0 0.787595 0.255060 0.040032 0.052336
0 0.450686 0.507227 0.038751 0.050448
0 0.362851 0.656147 0.038935 0.052065
0 0.322651 0.753373 0.037288 0.046943
0 0.339673 0.452440 0.038568 0.048832
0 0.424101 0.729077 0.038935 0.052065
0 0.269597 0.767345 0.038935 0.052065
0 0.568221 0.609436 0.038751 0.050448
0 0.353561 0.574503 0.039119 0.053682
0 0.334890 0.410405 0.041128 0.052608
0 0.280530 0.848583 0.039848 0.050720
0 0.312993 0.668496 0.037840 0.051793
0 0.590755 0.347032 0.040032 0.052336
0 0.255433 0.642858 0.038935 0.052065
0 0.386483 0.398458 0.038751 0.050448
0 0.470089 0.672806 0.037472 0.048560
0 0.465398 0.631579 0.037288 0.046943
0 0.237126 0.477008 0.037656 0.050177
0 0.265726 0.723422 0.038935 0.052065
0 0.534014 0.318698 0.038751 0.050448
0 0.203840 0.654805 0.041312 0.054225
0 0.250922 0.598262 0.037656 0.050177
0 0.229212 0.862955 0.039848 0.050720
0 0.538797 0.360732 0.038751 0.050448
0 0.418495 0.684753 0.040216 0.053954
0 0.540301 0.725480 0.027289 0.033940
0 0.486567 0.342335 0.045006 0.039899
0 0.543992 0.748005 0.024031 0.024020
0 0.491288 0.373913 0.047933 0.046909
0 0.478708 0.278206 0.044002 0.040437
0 0.464217 0.145903 0.047749 0.045292
0 0.681365 0.242307 0.037656 0.050177
0 0.232799 0.434029 0.038935 0.052065
0 0.400008 0.522273 0.039664 0.049103
0 0.433755 0.808970 0.039848 0.050720
0 0.136498 0.503594 0.039848 0.050720
0 0.367270 0.699934 0.037472 0.048560
0 0.331019 0.366482 0.038568 0.048832
0 0.428144 0.299207 0.039303 0.055298
0 0.084356 0.515677 0.043687 0.056384
0 0.289175 0.464116 0.038751 0.050448
0 0.732134 0.228071 0.038751 0.050448
0 0.489676 0.840001 0.038751 0.050448
0 0.130436 0.460214 0.037656 0.050177
0 0.717507 0.094555 0.038576 0.058261
0 0.686695 0.284206 0.038751 0.050448
0 0.665641 0.109063 0.039303 0.055298
0 0.284121 0.424642 0.037472 0.048560
0 0.580462 0.266468 0.040400 0.055570
0 0.348323 0.533412 0.035280 0.048018
0 0.562159 0.566056 0.038751 0.050448
0 0.695161 0.363562 0.040216 0.053954
0 0.223882 0.821056 0.038751 0.050448
0 0.228108 0.392803 0.036192 0.046672
0 0.436886 0.380987 0.036920 0.043710
0 0.557560 0.525638 0.038751 0.050448
0 0.543488 0.401959 0.038568 0.048832
0 0.279062 0.380182 0.040584 0.057186
0 0.497037 0.449203 0.047886 0.055853
0 0.618443 0.595335 0.038751 0.050448
0 0.659196 0.502958 0.039664 0.049103
0 0.565286 0.133088 0.040584 0.057186
0 0.125197 0.419123 0.038568 0.048832
0 0.413989 0.645143 0.037104 0.045327
0 0.377107 0.781443 0.038751 0.050448
0 0.326517 0.792311 0.038383 0.047214
0 0.792470 0.297903 0.039848 0.050720
0 0.437534 0.852084 0.037472 0.048560
0 0.274835 0.808436 0.037288 0.046943
0 0.190771 0.530046 0.038751 0.050448
0 0.293866 0.505343 0.036008 0.045055
0 0.376003 0.311291 0.040216 0.053954
0 0.317412 0.712283 0.038935 0.052065
0 0.834681 0.203502 0.040400 0.055570
0 0.548818 0.443858 0.039664 0.049103
0 0.326144 0.323640 0.036928 0.053139
0 0.574947 0.222952 0.040760 0.049375
0 0.120962 0.376953 0.037840 0.051793
0 0.576779 0.689600 0.037840 0.051793
0 0.442772 0.893174 0.039119 0.053682
0 0.331756 0.833401 0.040032 0.052336
0 0.676306 0.197847 0.038208 0.055027
0 0.069369 0.388900 0.040584 0.057186
0 0.682829 0.705722 0.040944 0.050991
0 0.687796 0.749373 0.040944 0.050991
0 0.180657 0.446112 0.039480 0.047486
0 0.484709 0.796349 0.036928 0.053139
0 0.382254 0.821726 0.037656 0.050177
0 0.727808 0.185091 0.042223 0.052879
0 0.591215 0.811526 0.038751 0.050448
0 0.162907 0.750551 0.038935 0.052065
0 0.599133 0.430565 0.037656 0.050177
0 0.302516 0.586314 0.040032 0.052336
0 0.186172 0.489628 0.038751 0.050448
0 0.246415 0.558653 0.037104 0.045327
0 0.199696 0.613443 0.039296 0.045870
0 0.476424 0.713625 0.040944 0.050991
0 0.553417 0.484276 0.039664 0.049103
0 0.140458 0.543339 0.038200 0.045598
0 0.635926 0.758896 0.040944 0.050991
0 0.870459 0.057502 0.042047 0.060691
0 0.121698 0.843871 0.043687 0.056384
0 0.608790 0.515443 0.039664 0.049103
0 0.094102 0.596378 0.042223 0.052879
0 0.630319 0.254119 0.038935 0.052065
0 0.178076 0.873959 0.038751 0.050448
0 0.671979 0.154868 0.038751 0.050448
0 0.650547 0.882438 0.040768 0.058804
0 0.614393 0.554781 0.039480 0.047486
0 0.493726 0.880554 0.039848 0.050720
0 0.079298 0.471217 0.038751 0.050448
0 0.640796 0.336301 0.038200 0.045598
0 0.585152 0.307695 0.039112 0.044253
0 0.176791 0.407175 0.040576 0.047757
0 0.307207 0.627541 0.039480 0.047486
0 0.210357 0.697241 0.039664 0.049103
0 0.604191 0.475025 0.037840 0.051793
0 0.222138 0.350231 0.039303 0.055298
0 0.853353 0.367600 0.037288 0.046943
0 0.074883 0.432416 0.038383 0.047214
0 0.284673 0.889944 0.038568 0.048832
0 0.806266 0.419157 0.037656 0.050177
0 0.243285 0.979425 0.040400 0.041151
0 0.699944 0.405596 0.037656 0.050177
0 0.089504 0.555959 0.039296 0.045870
0 0.344180 0.492049 0.036192 0.046672
0 0.600873 0.896405 0.038935 0.052065
0 0.796976 0.337512 0.037472 0.048560
0 0.802124 0.377795 0.033817 0.044513
0 0.889962 0.233861 0.040216 0.053954
0 0.585884 0.769627 0.035096 0.046400
0 0.644664 0.375237 0.039296 0.045870
0 0.214409 0.737795 0.041128 0.052608
0 0.696809 0.828592 0.038383 0.047214
0 0.233903 0.904182 0.039664 0.049103
0 0.116640 0.799411 0.040944 0.050991
0 0.928580 0.558415 0.040944 0.050991
0 0.386488 0.863896 0.038383 0.047214
0 0.917646 0.477178 0.037472 0.048560
0 0.885179 0.191826 0.037288 0.046943
0 0.742432 0.774073 0.038751 0.050448
0 0.339221 0.918822 0.035096 0.046400
0 0.404879 0.560130 0.037648 0.040748
0 0.733143 0.692428 0.038200 0.045598
0 0.751174 0.855853 0.038576 0.058261
0 0.913504 0.435816 0.038751 0.050448
0 0.820338 0.542836 0.035648 0.051250
0 0.738289 0.272259 0.038935 0.052065
0 0.934003 0.601123 0.040032 0.052336
0 0.839193 0.248098 0.038751 0.050448
0 0.938602 0.641540 0.039664 0.049103
0 0.857859 0.407210 0.037472 0.048560
0 0.862550 0.448436 0.040216 0.053954
0 0.895201 0.274952 0.038200 0.045598
0 0.872023 0.531697 0.037472 0.048560
0 0.877079 0.571171 0.038751 0.050448
0 0.903666 0.354307 0.039296 0.045870
0 0.942836 0.683711 0.041128 0.052608
0 0.922702 0.516652 0.040944 0.050991
0 0.823560 0.115663 0.041320 0.063654
0 0.908813 0.394590 0.041128 0.052608
0 0.714472 0.528332 0.038383 0.047214
0 0.480290 0.752562 0.035096 0.046400
0 0.645032 0.838923 0.038200 0.045598
0 0.896389 0.735941 0.040216 0.053954
0 0.887008 0.653489 0.039848 0.050720
0 0.126938 0.884963 0.039112 0.044253
0 0.958464 0.811160 0.041864 0.059075
0 0.905315 0.819337 0.038935 0.052065
0 0.882865 0.612126 0.038935 0.052065
0 0.447463 0.934401 0.037832 0.042364
0 0.953129 0.764275 0.038935 0.052065
0 0.891514 0.693098 0.037472 0.048560
0 0.467505 0.179748 0.046966 0.047769
0 0.471276 0.212890 0.048238 0.040228
0 0.901172 0.777976 0.039480 0.047486
0 0.358524 0.613168 0.038009 0.034553
0 0.953462 0.722637 0.030530 0.043698
0 0.747211 0.811122 0.038009 0.034553
0 0.502188 0.494471 0.046414 0.042919
0 0.623042 0.635753 0.038751 0.050448
0 0.594989 0.389203 0.038568 0.048832
0 0.497870 0.921917 0.040760 0.049375
0 0.107171 0.721136 0.039296 0.045870
0 0.867425 0.491279 0.039664 0.049103
0 0.677135 0.665574 0.036192 0.046672
0 0.692943 0.789655 0.039480 0.047486
0 0.641166 0.799986 0.039664 0.049103
0 0.474407 0.245361 0.046054 0.049114
0 0.816835 0.502147 0.037104 0.045327
0 0.572180 0.649182 0.039296 0.045870
0 0.113137 0.758723 0.038383 0.047214
0 0.158032 0.707707 0.034369 0.049363
0 0.828711 0.160931 0.037288 0.046943
0 0.192148 0.985667 0.041128 0.028666
0 0.709510 0.489666 0.040216 0.053954
0 0.875246 0.104523 0.039848 0.050720
0 0.704635 0.446823 0.037472 0.048560
0 0.428153 0.769631 0.039296 0.045870
0 0.723398 0.611728 0.039664 0.049103
0 0.719162 0.569558 0.040760 0.049375
0 0.631512 0.720094 0.040576 0.047757
0 0.173020 0.834485 0.037472 0.048560
0 0.663062 0.541896 0.038200 0.045598
0 0.777758 0.173551 0.036192 0.046672
0 0.182126 0.914513 0.039480 0.047486
0 0.237314 0.944062 0.035096 0.046400
0 0.594994 0.854641 0.036376 0.048289
0 0.843059 0.287035 0.036920 0.043710
0 0.345648 0.960449 0.041312 0.054225
0 0.773155 0.128147 0.038759 0.059877
0 0.701500 0.869818 0.038935 0.052065
0 0.727997 0.652146 0.040032 0.052336
0 0.880396 0.149792 0.040584 0.057186
0 0.186633 0.954122 0.040032 0.052336
0 0.219555 0.778078 0.039664 0.049103
0 0.131628 0.926189 0.040400 0.055570
0 0.672444 0.624348 0.036744 0.051522
0 0.570072 0.180109 0.039119 0.053682
0 0.738198 0.731902 0.040216 0.053954
0 0.098885 0.638412 0.039664 0.049103
0 0.259940 0.682467 0.038016 0.043982
0 0.690563 0.323143 0.036920 0.043710
0 0.668209 0.582178 0.037472 0.048560
0 0.581014 0.731771 0.038200 0.045598
0 0.654413 0.460923 0.037472 0.048560
0 0.149931 0.626600 0.038383 0.047214
0 0.103576 0.679639 0.040216 0.053954
0 0.289180 0.929554 0.038751 0.050448
0 0.141746 0.994335 0.042223 0.011331
0 0.847566 0.326644 0.037472 0.048560
0 0.782904 0.213833 0.037656 0.050177
0 0.529140 0.275855 0.038935 0.052065
0 0.294602 0.972262 0.040032 0.052336
0 0.274735 0.337203 0.038568 0.048832
0 0.899067 0.313888 0.040032 0.052336
0 0.392639 0.903098 0.037472 0.048560
0 0.373056 0.740889 0.039480 0.047486
0 0.154438 0.666210 0.038568 0.048832
0 0.395870 0.946349 0.039119 0.053682
0 0.168330 0.793259 0.037656 0.050177
0 0.648714 0.415792 0.036744 0.051522
0 0.137783 0.970377 0.039848 0.050720
0 0.482952 0.310566 0.046238 0.050732
0 0.812236 0.461729 0.040032 0.052336
0 0.722841 0.141440 0.040032 0.052336
0 0.242912 0.517963 0.035280 0.048018
0 0.380969 0.354942 0.040216 0.053954
0 0.433203 0.343667 0.040944 0.050991
0 0.460436 0.592913 0.036192 0.046672
0 0.144692 0.585510 0.040400 0.055570
0 0.395226 0.480238 0.040032 0.052336
0 0.441668 0.423022 0.038024 0.053411
0 0.195006 0.572216 0.040216 0.053954
0 0.446180 0.467617 0.038568 0.048832
0 0.409114 0.602301 0.040216 0.053954
0 0.456109 0.549935 0.040032 0.052336
