0 0.247463 0.253504 0.023373 0.033895
0 0.669326 0.579504 0.035824 0.035291
0 0.551390 0.463264 0.034689 0.036727
0 0.287701 0.649288 0.031064 0.037885
0 0.230143 0.624765 0.037179 0.037007
0 0.389129 0.511634 0.034468 0.033575
0 0.549240 0.432530 0.034579 0.035152
0 0.667120 0.547982 0.035824 0.035291
0 0.602553 0.396373 0.035824 0.035291
0 0.140585 0.923111 0.039780 0.038862
0 0.776354 0.503967 0.037069 0.035431
0 0.195048 0.293531 0.025752 0.032598
0 0.663277 0.484079 0.034468 0.033575
0 0.718118 0.478727 0.034579 0.035152
0 0.441537 0.444603 0.033334 0.035012
0 0.689229 0.863992 0.038645 0.040298
0 0.237491 0.720838 0.035934 0.036867
0 0.252882 0.321995 0.026998 0.032737
0 0.772903 0.472585 0.034579 0.035152
0 0.553028 0.495644 0.035824 0.035291
0 0.542852 0.368119 0.036044 0.038443
0 0.622401 0.680073 0.038535 0.038722
0 0.390822 0.544803 0.033444 0.036588
0 0.564055 0.653255 0.036044 0.038443
0 0.679730 0.737185 0.037069 0.035431
0 0.604703 0.427107 0.038204 0.033994
0 0.244469 0.219687 0.026998 0.032737
0 0.197584 0.329782 0.025973 0.035750
0 0.272319 0.429420 0.038645 0.040298
0 0.720323 0.510248 0.034579 0.035152
0 0.818080 0.338061 0.036155 0.040019
0 0.560604 0.621873 0.035824 0.035291
0 0.735760 0.730904 0.037289 0.038582
0 0.607531 0.458559 0.037179 0.037007
0 0.556871 0.559547 0.034689 0.036727
0 0.653833 0.358060 0.036155 0.040019
0 0.708453 0.349555 0.036044 0.038443
0 0.660449 0.452627 0.035934 0.036867
0 0.723206 0.542489 0.035934 0.036867
0 0.329420 0.456377 0.038645 0.040298
0 0.766910 0.377949 0.036044 0.038443
0 0.443119 0.476196 0.034579 0.035152
0 0.555289 0.527954 0.033444 0.036588
0 0.217423 0.433986 0.038645 0.040298
0 0.559077 0.591068 0.036959 0.033854
0 0.731972 0.667790 0.038535 0.038722
0 0.453468 0.633088 0.035493 0.030563
0 0.135441 0.858561 0.035603 0.032139
0 0.887500 0.711512 0.021576 0.025875
0 0.826051 0.434064 0.035934 0.036867
0 0.124927 0.699304 0.037069 0.035431
0 0.270626 0.181015 0.021686 0.027451
0 0.903960 0.776382 0.035934 0.036867
0 0.159755 0.192648 0.024507 0.032458
0 0.576885 0.845610 0.034579 0.035152
0 0.104181 0.196495 0.023152 0.030743
0 0.686913 0.830894 0.035713 0.033714
0 0.608547 0.491009 0.032088 0.034872
0 0.283858 0.585386 0.037179 0.037007
0 0.165284 0.262716 0.025642 0.031022
0 0.619573 0.648620 0.036848 0.032278
0 0.580225 0.875416 0.037289 0.038582
0 0.461777 0.760823 0.034468 0.033575
0 0.104346 0.414097 0.033334 0.035012
0 0.076678 0.197990 0.025863 0.034175
0 0.906221 0.808692 0.038535 0.038722
0 0.111514 0.301307 0.025532 0.029446
0 0.898589 0.681676 0.038424 0.037146
0 0.793886 0.754569 0.037069 0.035431
0 0.131653 0.795447 0.037069 0.035431
0 0.346330 0.707048 0.034468 0.033575
0 0.170026 0.330489 0.022931 0.027590
0 0.290017 0.682386 0.033334 0.035012
0 0.277904 0.285038 0.021686 0.027451
0 0.133236 0.827038 0.038535 0.038722
0 0.573554 0.780063 0.034689 0.036727
0 0.782347 0.598604 0.038314 0.035570
0 0.116106 0.573215 0.034579 0.035152
0 0.891863 0.585533 0.038424 0.037146
0 0.112655 0.541833 0.037069 0.035431
0 0.455051 0.664680 0.037179 0.037007
0 0.855508 0.846147 0.037069 0.035431
0 0.162803 0.227254 0.023042 0.029167
0 0.848049 0.748497 0.035824 0.035291
0 0.825146 0.403189 0.033334 0.035012
0 0.624101 0.740244 0.038755 0.041875
0 0.464375 0.824864 0.036044 0.038443
0 0.274911 0.251221 0.023483 0.035471
0 0.330941 0.244940 0.025752 0.032598
0 0.843638 0.685453 0.035824 0.035291
0 0.396202 0.603767 0.035383 0.028986
0 0.085357 0.339980 0.025863 0.034175
0 0.141388 0.333699 0.025642 0.031022
0 0.888241 0.524783 0.037069 0.035431
0 0.292167 0.713120 0.038424 0.037146
0 0.106040 0.232027 0.024507 0.032458
0 0.458327 0.729440 0.034689 0.036727
0 0.303414 0.873884 0.038424 0.037146
0 0.332690 0.278896 0.027108 0.034314
0 0.277352 0.492395 0.037179 0.037007
0 0.771265 0.440205 0.035934 0.036867
0 0.340447 0.613988 0.035934 0.036867
0 0.874221 0.333355 0.036155 0.040019
0 0.328460 0.209478 0.028353 0.034454
0 0.108812 0.477930 0.038424 0.037146
0 0.676509 0.673213 0.037179 0.037007
0 0.162180 0.442560 0.037289 0.038582
0 0.189684 0.225829 0.024507 0.032458
0 0.682502 0.767850 0.035934 0.036867
0 0.678769 0.705524 0.037069 0.035431
0 0.658244 0.421105 0.035713 0.033714
0 0.612335 0.554124 0.036044 0.038443
0 0.217644 0.221900 0.025863 0.034175
0 0.157659 0.377940 0.039780 0.038862
0 0.193355 0.260363 0.024728 0.035611
0 0.666105 0.515532 0.035934 0.036867
0 0.488202 0.340331 0.035747 0.034188
0 0.518996 0.601121 0.022711 0.024438
0 0.521669 0.621393 0.022501 0.021444
0 0.502944 0.533107 0.035173 0.025992
0 0.494328 0.412651 0.035920 0.019007
0 0.496295 0.447042 0.033564 0.020651
0 0.491504 0.369586 0.035669 0.033084
0 0.491968 0.394155 0.037586 0.025168
0 0.538554 0.879961 0.021202 0.025833
0 0.504030 0.549624 0.029477 0.011858
0 0.498095 0.463440 0.034026 0.020546
0 0.494389 0.429569 0.033365 0.022928
0 0.335815 0.547791 0.035934 0.036867
0 0.915286 0.740960 0.025863 0.034175
0 0.463305 0.791626 0.033334 0.035012
0 0.517452 0.579055 0.022711 0.024438
0 0.286118 0.617695 0.029157 0.028288
0 0.908316 0.838638 0.038535 0.038722
0 0.890273 0.742176 0.022931 0.027590
0 0.132307 0.194931 0.024397 0.030882
0 0.410267 0.831724 0.034468 0.033575
0 0.632182 0.837823 0.038314 0.035570
0 0.126455 0.730108 0.035713 0.033714
0 0.280975 0.553145 0.038093 0.032418
0 0.189071 0.190157 0.022931 0.027590
0 0.623416 0.712523 0.035493 0.030563
0 0.500662 0.509457 0.034138 0.028846
0 0.521699 0.792229 0.031537 0.026991
0 0.914271 0.708511 0.023042 0.029167
0 0.610697 0.521743 0.031978 0.033296
0 0.535448 0.854227 0.022821 0.026014
0 0.523864 0.661732 0.021576 0.025875
0 0.337580 0.573010 0.042017 0.053187
0 0.836565 0.593320 0.034468 0.033575
0 0.407384 0.799484 0.035824 0.035291
0 0.522375 0.640454 0.021245 0.021146
0 0.280290 0.525423 0.038424 0.037146
0 0.835605 0.561658 0.037179 0.037007
0 0.344124 0.675527 0.034689 0.036727
0 0.078592 0.234310 0.024397 0.030882
0 0.247895 0.878518 0.034468 0.033575
0 0.220306 0.466226 0.034358 0.031999
0 0.630032 0.807089 0.038424 0.037146
0 0.840866 0.654789 0.034468 0.033575
0 0.081695 0.269703 0.025752 0.032598
0 0.124022 0.668430 0.037179 0.037007
0 0.880837 0.427922 0.035713 0.033714
0 0.878119 0.398046 0.037179 0.037007
0 0.790491 0.723975 0.037179 0.037007
0 0.799990 0.850781 0.035824 0.035291
0 0.224922 0.325923 0.023152 0.030743
0 0.360460 0.900052 0.035824 0.035291
0 0.385341 0.448520 0.033223 0.033435
0 0.414000 0.894050 0.033334 0.035012
0 0.112750 0.336909 0.025863 0.034175
0 0.082931 0.305305 0.026083 0.037326
0 0.617478 0.618674 0.039780 0.038862
0 0.890336 0.554729 0.037069 0.035431
0 0.293860 0.746288 0.037179 0.037007
0 0.274579 0.461731 0.035824 0.035291
0 0.342029 0.645580 0.034468 0.033575
0 0.738021 0.763214 0.036959 0.033854
0 0.405746 0.767104 0.037179 0.037007
0 0.117744 0.605595 0.035934 0.036867
0 0.302871 0.247293 0.024618 0.034035
0 0.382970 0.414634 0.033554 0.038164
0 0.215896 0.187944 0.026998 0.032737
0 0.412362 0.861671 0.036959 0.033854
0 0.109143 0.267421 0.025863 0.034175
0 0.726829 0.603239 0.034579 0.035152
0 0.243540 0.816262 0.037069 0.035431
0 0.295608 0.780244 0.035824 0.035291
0 0.250046 0.909253 0.037069 0.035431
0 0.399753 0.672467 0.038424 0.037146
0 0.740171 0.793948 0.037069 0.035431
0 0.575357 0.814807 0.035934 0.036867
0 0.222849 0.529480 0.035824 0.035291
0 0.445270 0.506929 0.034468 0.033575
0 0.121761 0.636119 0.037069 0.035431
0 0.838660 0.623266 0.034689 0.036727
0 0.160542 0.410181 0.035713 0.033714
0 0.137024 0.890152 0.037069 0.035431
0 0.725356 0.573223 0.035603 0.032139
0 0.351473 0.771599 0.035934 0.036867
0 0.134678 0.228817 0.024507 0.032458
0 0.333153 0.518703 0.037069 0.035431
0 0.393649 0.576255 0.034468 0.033575
0 0.227937 0.593242 0.034468 0.033575
0 0.307723 0.316641 0.024397 0.030882
0 0.741809 0.826328 0.035713 0.033714
0 0.769170 0.410259 0.035713 0.033714
0 0.353111 0.803979 0.034579 0.035152
0 0.301098 0.840785 0.035713 0.033714
0 0.846521 0.717694 0.037179 0.037007
0 0.331058 0.488757 0.036848 0.032278
0 0.852570 0.813118 0.035824 0.035291
0 0.635010 0.869275 0.037289 0.038582
0 0.849797 0.782453 0.037179 0.037007
0 0.137159 0.264280 0.024618 0.034035
0 0.886603 0.492403 0.038424 0.037146
0 0.235853 0.688458 0.034579 0.035152
0 0.456121 0.697918 0.034689 0.036727
0 0.218880 0.257502 0.025752 0.032598
0 0.138962 0.299025 0.025863 0.034175
0 0.111750 0.510958 0.039669 0.037286
0 0.397162 0.635429 0.038755 0.041875
0 0.386978 0.480900 0.032088 0.034872
0 0.627717 0.773991 0.038424 0.037146
0 0.298074 0.178732 0.026998 0.032737
0 0.795524 0.786949 0.038424 0.037146
0 0.244022 0.186379 0.025752 0.032598
0 0.615163 0.585575 0.037069 0.035431
0 0.744581 0.856992 0.039780 0.038862
0 0.896274 0.648578 0.035934 0.036867
0 0.449058 0.570043 0.035713 0.033714
0 0.249833 0.287390 0.023262 0.032319
0 0.684818 0.800947 0.036155 0.040019
0 0.728411 0.634831 0.035824 0.035291
0 0.822318 0.371738 0.034579 0.035152
0 0.570671 0.747822 0.035824 0.035291
0 0.829949 0.498754 0.036959 0.033854
0 0.715802 0.445628 0.034799 0.038303
0 0.358199 0.867742 0.035934 0.036867
0 0.221873 0.291318 0.024397 0.030882
0 0.128715 0.762418 0.038535 0.038722
0 0.107174 0.445550 0.037069 0.035431
0 0.764539 0.344062 0.033444 0.036588
0 0.167655 0.296602 0.025532 0.029446
0 0.242012 0.785458 0.035934 0.036867
0 0.568465 0.716299 0.035824 0.035291
0 0.328129 0.419987 0.038645 0.040298
0 0.279652 0.318994 0.025752 0.032598
0 0.298325 0.810120 0.037069 0.035431
0 0.797162 0.819329 0.037069 0.035431
0 0.875969 0.367312 0.034579 0.035152
0 0.451941 0.602284 0.036848 0.032278
0 0.221834 0.497030 0.035934 0.036867
0 0.304996 0.905475 0.037179 0.037007
0 0.714275 0.414824 0.035493 0.030563
0 0.656204 0.391947 0.035824 0.035291
0 0.239697 0.752360 0.035934 0.036867
0 0.233703 0.657723 0.034689 0.036727
0 0.785120 0.629268 0.036959 0.033854
0 0.326035 0.174803 0.028353 0.034454
0 0.245690 0.846996 0.037179 0.037007
0 0.355316 0.835501 0.037069 0.035431
0 0.788285 0.692452 0.037179 0.037007
0 0.349268 0.740077 0.038424 0.037146
0 0.273052 0.215689 0.024618 0.034035
0 0.566315 0.685566 0.035713 0.033714
0 0.225054 0.561002 0.033334 0.035012
0 0.300390 0.211830 0.024507 0.032458
0 0.780197 0.567869 0.038424 0.037146
0 0.401903 0.703202 0.035824 0.035291
0 0.733610 0.700170 0.036959 0.033854
0 0.786135 0.661718 0.037069 0.035431
0 0.778047 0.537136 0.038314 0.035570
0 0.883097 0.460233 0.036044 0.038443
0 0.403431 0.734005 0.037179 0.037007
0 0.305242 0.281179 0.024507 0.032458
0 0.894124 0.617843 0.035824 0.035291
0 0.672043 0.609381 0.032088 0.034872
0 0.674304 0.641690 0.037179 0.037007
0 0.335170 0.314358 0.026998 0.032737
0 0.833400 0.530137 0.037179 0.037007
0 0.827744 0.467232 0.037179 0.037007
0 0.546467 0.401866 0.035934 0.036867
0 0.436905 0.378406 0.038535 0.038722
0 0.447530 0.539240 0.037289 0.038582
0 0.599615 0.363344 0.037510 0.041735
0 0.438709 0.413151 0.037069 0.035431
0 0.711502 0.384160 0.037289 0.038582
