0 0.230366 0.468208 0.038226 0.036909
0 0.855746 0.831895 0.039742 0.038686
0 0.838185 0.688835 0.038226 0.036909
0 0.109844 0.411104 0.038817 0.041545
0 0.233850 0.934441 0.039742 0.038686
0 0.846882 0.762354 0.039742 0.038686
0 0.187323 0.580012 0.036907 0.036678
0 0.119664 0.482847 0.040333 0.043321
0 0.452951 0.897666 0.039742 0.038686
0 0.879406 0.467551 0.034467 0.037762
0 0.154492 0.766651 0.037498 0.041314
0 0.342643 0.915396 0.038817 0.041545
0 0.742787 0.812962 0.036907 0.036678
0 0.876096 0.431004 0.031632 0.035755
0 0.488241 0.418327 0.030708 0.038615
0 0.168842 0.873938 0.039014 0.043090
0 0.746264 0.845531 0.038226 0.036909
0 0.213453 0.790296 0.038620 0.040000
0 0.605576 0.582628 0.036513 0.033587
0 0.871565 0.395461 0.031238 0.032664
0 0.172812 0.910369 0.040530 0.044866
0 0.466020 0.233427 0.032360 0.031349
0 0.145067 0.697998 0.039014 0.043090
0 0.176005 0.475355 0.038817 0.041545
0 0.157901 0.803970 0.037104 0.038224
0 0.201014 0.687415 0.040136 0.041775
0 0.522727 0.345147 0.038166 0.026323
0 0.864328 0.365131 0.035589 0.036447
0 0.462671 0.207155 0.029329 0.027798
0 0.319891 0.736907 0.039681 0.028098
0 0.625868 0.292335 0.037241 0.029183
0 0.482764 0.364781 0.034604 0.028721
0 0.430292 0.286285 0.035725 0.027406
0 0.627569 0.760459 0.037044 0.027637
0 0.430297 0.719950 0.038166 0.026323
0 0.837899 0.221253 0.039681 0.028098
0 0.379424 0.294400 0.037241 0.029183
0 0.228462 0.897468 0.041454 0.042006
0 0.675403 0.247328 0.037241 0.029183
0 0.102564 0.338127 0.038560 0.029414
0 0.679275 0.282986 0.037498 0.041314
0 0.784393 0.229829 0.038560 0.029414
0 0.127407 0.554165 0.041000 0.028329
0 0.484566 0.384213 0.027813 0.026021
0 0.269311 0.313676 0.038166 0.026323
0 0.123830 0.520825 0.042242 0.048189
0 0.660135 0.577027 0.039742 0.038686
0 0.204983 0.723845 0.041257 0.040461
0 0.565662 0.697834 0.035786 0.037993
0 0.721088 0.637450 0.038423 0.038455
0 0.551705 0.593638 0.037301 0.039769
0 0.470228 0.255234 0.030413 0.023152
0 0.167602 0.404153 0.040136 0.041775
0 0.439186 0.361351 0.038817 0.041545
0 0.170814 0.439927 0.040136 0.041775
0 0.609742 0.620605 0.041848 0.045097
0 0.687116 0.355076 0.037301 0.039769
0 0.340478 0.448933 0.039939 0.040231
0 0.307451 0.634026 0.037498 0.041314
0 0.705140 0.496476 0.037104 0.038224
0 0.628882 0.326564 0.038817 0.041545
0 0.741675 0.349475 0.037498 0.041314
0 0.713444 0.566905 0.038620 0.040000
0 0.642012 0.434854 0.037498 0.041314
0 0.367200 0.663852 0.038620 0.040000
0 0.668143 0.645138 0.041454 0.042006
0 0.543501 0.523982 0.038620 0.040000
0 0.651634 0.505053 0.038620 0.040000
0 0.277153 0.385766 0.037301 0.039769
0 0.754578 0.450695 0.037695 0.042859
0 0.465317 0.571635 0.040136 0.041775
0 0.434261 0.322717 0.039211 0.044635
0 0.573405 0.769151 0.035786 0.037993
0 0.638800 0.399081 0.034467 0.037762
0 0.717975 0.602448 0.038620 0.040000
0 0.392090 0.404352 0.035786 0.037993
0 0.693053 0.856426 0.042182 0.037602
0 0.591619 0.478432 0.038423 0.038455
0 0.808743 0.442004 0.040530 0.044866
0 0.179216 0.511129 0.038817 0.041545
0 0.327909 0.339755 0.037892 0.044404
0 0.583976 0.407888 0.038620 0.040000
0 0.329809 0.809424 0.037695 0.042859
0 0.457309 0.503524 0.038817 0.041545
0 0.162117 0.366407 0.039014 0.043090
0 0.696079 0.425390 0.037104 0.038224
0 0.831495 0.620492 0.040333 0.043321
0 0.265657 0.750351 0.040136 0.041775
0 0.418419 0.616180 0.040136 0.041775
0 0.784511 0.701389 0.039014 0.043090
0 0.487114 0.747921 0.039211 0.044635
0 0.781102 0.664071 0.038620 0.040000
0 0.654846 0.540826 0.039014 0.043090
0 0.767806 0.559759 0.038817 0.041545
0 0.700511 0.460160 0.037301 0.039769
0 0.191755 0.614783 0.037892 0.044404
0 0.777330 0.629184 0.037104 0.038224
0 0.535001 0.452008 0.037104 0.038224
0 0.250087 0.644068 0.036573 0.044174
0 0.577177 0.804038 0.037695 0.042859
0 0.732781 0.274411 0.035983 0.039538
0 0.826206 0.584292 0.038817 0.041545
0 0.813471 0.479093 0.040136 0.041775
0 0.569533 0.733493 0.037498 0.041314
0 0.290381 0.494829 0.038423 0.038455
0 0.439063 0.788718 0.040333 0.043321
0 0.400592 0.476326 0.037301 0.039769
0 0.759207 0.487011 0.037104 0.038224
0 0.600681 0.549518 0.038423 0.038455
0 0.272425 0.348677 0.040333 0.043321
0 0.832247 0.187486 0.039014 0.043090
0 0.559911 0.663294 0.038620 0.040000
0 0.763738 0.522555 0.037892 0.044404
0 0.792530 0.304236 0.040136 0.041775
0 0.216941 0.357600 0.034861 0.040852
0 0.842154 0.725265 0.040136 0.041775
0 0.371435 0.697077 0.035392 0.034901
0 0.638888 0.865117 0.039742 0.038686
0 0.297336 0.559965 0.035786 0.037993
0 0.301699 0.599487 0.039545 0.037140
0 0.630782 0.796233 0.041257 0.040461
0 0.380496 0.768164 0.038423 0.038455
0 0.286499 0.924433 0.037301 0.039769
0 0.282529 0.888003 0.038817 0.041545
0 0.835268 0.655378 0.038423 0.038455
0 0.685507 0.786653 0.039939 0.040231
0 0.148741 0.732111 0.039939 0.040231
0 0.197142 0.651756 0.035786 0.037993
0 0.447761 0.862238 0.038817 0.041545
0 0.210537 0.756840 0.038423 0.038455
0 0.163652 0.838510 0.039939 0.040231
0 0.533351 0.772213 0.026494 0.025790
0 0.471043 0.272834 0.032951 0.035986
0 0.475643 0.303625 0.028207 0.029112
0 0.614834 0.655260 0.039939 0.040231
0 0.277339 0.852575 0.037104 0.038224
0 0.481727 0.710948 0.037104 0.038224
0 0.311519 0.671230 0.035786 0.037993
0 0.176782 0.946801 0.038620 0.040000
0 0.218545 0.824951 0.037498 0.041314
0 0.850753 0.798013 0.038817 0.041545
0 0.796598 0.341440 0.039211 0.044635
0 0.828376 0.151827 0.039939 0.040231
0 0.338112 0.879852 0.038817 0.041545
0 0.469287 0.608065 0.038620 0.040000
0 0.738355 0.778192 0.040136 0.041775
0 0.496835 0.818891 0.037498 0.041314
0 0.733922 0.743422 0.039939 0.040231
0 0.233381 0.502437 0.035983 0.039538
0 0.460885 0.536864 0.036907 0.036678
0 0.357843 0.590449 0.038817 0.041545
0 0.131544 0.586617 0.040333 0.043321
0 0.334438 0.845739 0.037104 0.038224
0 0.478053 0.676834 0.038423 0.038455
0 0.442571 0.826810 0.037498 0.041314
0 0.272907 0.817805 0.037301 0.039769
0 0.623531 0.728779 0.041454 0.042006
0 0.474379 0.642721 0.037498 0.041314
0 0.688720 0.822427 0.039939 0.040231
0 0.491847 0.457192 0.033345 0.039076
0 0.635017 0.829459 0.038817 0.041545
0 0.675886 0.716455 0.038817 0.041545
0 0.750047 0.415153 0.036907 0.036678
0 0.663711 0.610368 0.038620 0.040000
0 0.730809 0.708421 0.040136 0.041775
0 0.555479 0.628524 0.038423 0.038455
0 0.255474 0.681041 0.037104 0.038224
0 0.140635 0.663228 0.041454 0.042006
0 0.821115 0.549637 0.034664 0.039307
0 0.547175 0.558095 0.037301 0.039769
0 0.115035 0.446532 0.040136 0.041775
0 0.223174 0.861267 0.037301 0.039769
0 0.384151 0.331489 0.039211 0.044635
0 0.259807 0.715039 0.037498 0.041314
0 0.269331 0.784464 0.038423 0.038455
0 0.246776 0.607521 0.035589 0.036447
0 0.845642 0.292569 0.038226 0.036909
0 0.105875 0.374672 0.040333 0.043321
0 0.672014 0.680797 0.040136 0.041775
0 0.353775 0.553245 0.037498 0.041314
0 0.772898 0.594414 0.037301 0.039769
0 0.427480 0.687267 0.037498 0.041314
0 0.618705 0.690918 0.039014 0.043090
0 0.817903 0.513863 0.039939 0.040231
0 0.324224 0.770905 0.039014 0.043090
0 0.680417 0.751998 0.038423 0.038455
0 0.492304 0.783348 0.037104 0.038224
0 0.242443 0.573523 0.039014 0.043090
0 0.136665 0.626796 0.037695 0.042859
0 0.851491 0.327882 0.039014 0.043090
0 0.435094 0.752287 0.041454 0.042006
0 0.422388 0.652612 0.035983 0.039538
0 0.183648 0.545899 0.038226 0.036909
0 0.412933 0.578435 0.039014 0.043090
0 0.316709 0.706657 0.040136 0.041775
0 0.362571 0.627537 0.038817 0.041545
0 0.375109 0.731191 0.037498 0.041314
0 0.746570 0.382585 0.035589 0.036447
0 0.221866 0.396234 0.037104 0.038224
0 0.531030 0.415576 0.041651 0.043552
0 0.708451 0.533023 0.037301 0.039769
0 0.539728 0.489096 0.040136 0.041775
0 0.396720 0.440668 0.039014 0.043090
0 0.336803 0.414820 0.038620 0.040000
0 0.388219 0.368693 0.037498 0.041314
0 0.344911 0.483703 0.037498 0.041314
0 0.405781 0.511753 0.038620 0.040000
0 0.332174 0.378504 0.038817 0.041545
0 0.452021 0.467323 0.037301 0.039769
0 0.571043 0.301143 0.037301 0.039769
0 0.596908 0.514633 0.040333 0.043321
0 0.647103 0.469509 0.038620 0.040000
0 0.737509 0.311498 0.036377 0.042629
0 0.293859 0.527396 0.034467 0.037762
0 0.690889 0.389962 0.038817 0.041545
0 0.684003 0.320075 0.037498 0.041314
0 0.575475 0.335913 0.034467 0.037762
0 0.226397 0.431777 0.040136 0.041775
0 0.281122 0.422197 0.038817 0.041545
0 0.726278 0.672877 0.040136 0.041775
0 0.526598 0.380806 0.038423 0.038455
0 0.633708 0.364425 0.038620 0.040000
0 0.349441 0.519247 0.037104 0.038224
0 0.787044 0.266491 0.042045 0.046643
0 0.841673 0.256138 0.040530 0.044866
0 0.443717 0.396894 0.036179 0.041083
0 0.285093 0.458628 0.040333 0.043321
0 0.238572 0.537865 0.037301 0.039769
0 0.448149 0.431665 0.038620 0.040000
0 0.587748 0.442774 0.040136 0.041775
0 0.580202 0.373002 0.037498 0.041314
0 0.517635 0.310492 0.042045 0.046643
