0 0.907299 0.613034 0.024747 0.032128
0 0.496517 0.374504 0.049568 0.043677
0 0.490571 0.277774 0.047130 0.038998
0 0.494374 0.342773 0.045627 0.030990
0 0.487095 0.208194 0.049125 0.034805
0 0.584910 0.861541 0.026019 0.035536
0 0.526038 0.742457 0.022695 0.035171
0 0.305655 0.724533 0.036566 0.048132
0 0.889241 0.742218 0.025075 0.038700
0 0.112336 0.791192 0.023967 0.038579
0 0.114347 0.831444 0.026265 0.040465
0 0.134377 0.407169 0.037593 0.046611
0 0.587556 0.903375 0.024664 0.030486
0 0.327836 0.889771 0.026183 0.038822
0 0.487670 0.241997 0.047483 0.046063
0 0.908879 0.655812 0.026183 0.038822
0 0.483176 0.140895 0.050561 0.041499
0 0.936026 0.652831 0.024911 0.035414
0 0.484346 0.175457 0.047401 0.044420
0 0.492655 0.308353 0.046292 0.044298
0 0.622380 0.607979 0.026183 0.038822
0 0.912121 0.698406 0.023803 0.035293
0 0.933975 0.611757 0.024911 0.035414
0 0.905371 0.574425 0.024993 0.037057
0 0.868477 0.371156 0.022695 0.035171
0 0.930774 0.569983 0.022613 0.033527
0 0.579616 0.777872 0.023967 0.038579
0 0.938119 0.694726 0.024993 0.037057
0 0.940171 0.735799 0.027374 0.040586
0 0.552592 0.738714 0.022777 0.036813
0 0.887312 0.703609 0.024829 0.033771
0 0.561434 0.904591 0.023885 0.036935
0 0.860718 0.706530 0.022777 0.036813
0 0.894435 0.366653 0.021587 0.035049
0 0.928763 0.529731 0.024911 0.035414
0 0.874078 0.494437 0.026183 0.038822
0 0.919448 0.365558 0.024911 0.035414
0 0.926035 0.486254 0.025937 0.033893
0 0.903791 0.531648 0.023885 0.036935
0 0.502626 0.530273 0.032832 0.039552
0 0.559464 0.865160 0.023721 0.033649
0 0.578159 0.737559 0.022777 0.036813
0 0.554130 0.780671 0.026019 0.035536
0 0.179111 0.276708 0.037100 0.036753
0 0.870447 0.410586 0.025075 0.038700
0 0.559242 0.403462 0.024911 0.035414
0 0.897041 0.407665 0.022859 0.038457
0 0.566032 0.528266 0.026347 0.042108
0 0.663523 0.394488 0.022613 0.033527
0 0.452046 0.287207 0.022941 0.040099
0 0.920864 0.405049 0.023803 0.035293
0 0.924578 0.445940 0.025075 0.038700
0 0.899052 0.447918 0.022613 0.033527
0 0.427156 0.290767 0.023967 0.038579
0 0.611403 0.399387 0.022695 0.035171
0 0.561148 0.698128 0.039727 0.045211
0 0.322419 0.803638 0.023885 0.036935
0 0.389481 0.339507 0.037264 0.040039
0 0.297056 0.808901 0.026183 0.038822
0 0.325229 0.848759 0.025075 0.038700
0 0.901657 0.488931 0.023885 0.036935
0 0.664940 0.433980 0.023885 0.036935
0 0.131135 0.364574 0.037429 0.043325
0 0.299149 0.850797 0.023885 0.036935
0 0.355211 0.679444 0.037346 0.041681
0 0.582940 0.822110 0.026183 0.038822
0 0.556941 0.825791 0.024993 0.037057
0 0.594760 0.568062 0.023803 0.035293
0 0.588482 0.442376 0.023721 0.033649
0 0.873011 0.450778 0.026101 0.037179
0 0.848079 0.453516 0.022777 0.036813
0 0.844058 0.373011 0.024993 0.037057
0 0.640603 0.437479 0.023803 0.035293
0 0.870137 0.660891 0.037675 0.048253
0 0.181635 0.316077 0.038537 0.043447
0 0.586389 0.400481 0.023967 0.038579
0 0.295004 0.767828 0.023803 0.035293
0 0.711293 0.592433 0.036566 0.048132
0 0.320572 0.766672 0.023803 0.035293
0 0.095880 0.707096 0.039644 0.043568
0 0.865869 0.575458 0.035458 0.048010
0 0.904613 0.325063 0.039727 0.045211
0 0.130273 0.325021 0.035376 0.046367
0 0.845515 0.413324 0.023967 0.038579
0 0.637956 0.395645 0.025157 0.040343
0 0.901412 0.283289 0.037593 0.046611
0 0.077045 0.330041 0.037839 0.051539
0 0.594453 0.528449 0.024911 0.035414
0 0.097377 0.748232 0.041081 0.050262
0 0.176259 0.230765 0.037140 0.059632
0 0.079179 0.372757 0.037511 0.044967
0 0.093664 0.662737 0.040137 0.053425
0 0.663768 0.644733 0.036320 0.043203
0 0.750508 0.340333 0.037511 0.044967
0 0.391533 0.380581 0.037757 0.049897
0 0.794134 0.209993 0.035294 0.044724
0 0.867491 0.619058 0.036484 0.046489
0 0.303685 0.685102 0.036237 0.041560
0 0.715766 0.681974 0.036648 0.049775
0 0.562524 0.446878 0.025157 0.040343
0 0.615035 0.483237 0.023803 0.035293
0 0.620841 0.566023 0.025157 0.040343
0 0.403966 0.629487 0.035458 0.048010
0 0.407208 0.716685 0.035458 0.048010
0 0.792390 0.163931 0.036894 0.054704
0 0.356626 0.718936 0.038783 0.048375
0 0.457112 0.667427 0.032996 0.042838
0 0.645959 0.310516 0.034186 0.044602
0 0.591129 0.484211 0.025075 0.038700
0 0.300279 0.639222 0.036894 0.054704
0 0.665267 0.685868 0.037757 0.049897
0 0.796822 0.252650 0.034186 0.044602
0 0.498441 0.446483 0.044240 0.047341
0 0.714063 0.636732 0.035458 0.048010
0 0.899750 0.238869 0.038865 0.050019
0 0.406100 0.672204 0.035458 0.048010
0 0.748375 0.297617 0.037675 0.048253
0 0.287969 0.392780 0.036402 0.044846
0 0.660486 0.601317 0.036730 0.051418
0 0.284727 0.305582 0.036566 0.048132
0 0.253657 0.731895 0.038783 0.048375
0 0.558502 0.611690 0.036648 0.049775
0 0.081272 0.414652 0.039973 0.050140
0 0.852061 0.332485 0.036402 0.044846
0 0.232093 0.311362 0.035458 0.048010
0 0.614009 0.440399 0.023803 0.035293
0 0.698429 0.346052 0.038003 0.054825
0 0.183255 0.359676 0.039891 0.048497
0 0.799981 0.293601 0.038783 0.048375
0 0.560800 0.657693 0.036484 0.046489
0 0.693771 0.263966 0.036730 0.051418
0 0.848820 0.245288 0.036566 0.048132
0 0.459882 0.711727 0.038865 0.050019
0 0.251523 0.689179 0.036402 0.044846
0 0.340725 0.389464 0.037593 0.046611
0 0.352399 0.634324 0.036812 0.053060
0 0.500657 0.490842 0.039809 0.046854
0 0.643743 0.266156 0.036730 0.051418
0 0.455409 0.622186 0.036730 0.051418
0 0.746405 0.258186 0.033078 0.044481
0 0.127503 0.280722 0.036648 0.049775
0 0.597081 0.358008 0.036484 0.046489
0 0.544099 0.323354 0.036237 0.041560
0 0.335698 0.299984 0.036566 0.048132
0 0.648052 0.352411 0.036648 0.049775
0 0.249267 0.643998 0.039029 0.053304
0 0.592813 0.272575 0.036484 0.046489
0 0.337914 0.344344 0.036566 0.048132
0 0.850440 0.288886 0.037593 0.046611
0 0.285794 0.349241 0.036484 0.046489
0 0.546704 0.364367 0.037675 0.048253
0 0.541883 0.278994 0.036730 0.051418
0 0.234268 0.354900 0.035376 0.046367
0 0.595541 0.316052 0.037511 0.044967
0 0.387265 0.295148 0.037921 0.053182
0 0.235848 0.397677 0.038865 0.050019
0 0.743634 0.213888 0.036730 0.051418
