0 0.767323 0.402481 0.037254 0.049173
0 0.745134 0.739148 0.038361 0.049337
0 0.108479 0.766489 0.023215 0.035778
0 0.882806 0.420348 0.024320 0.035942
0 0.873240 0.966804 0.025426 0.036105
0 0.743773 0.949349 0.023215 0.035778
0 0.136115 0.729312 0.024320 0.035942
0 0.114552 0.684875 0.024320 0.035942
0 0.748356 0.906294 0.024430 0.037575
0 0.133687 0.773509 0.025867 0.042640
0 0.806002 0.788560 0.023215 0.035778
0 0.719559 0.944125 0.025426 0.036105
0 0.515517 0.336444 0.046432 0.039205
0 0.897951 0.972925 0.024430 0.037575
0 0.802744 0.828510 0.021999 0.033981
0 0.930295 0.469436 0.023104 0.034144
0 0.828689 0.452792 0.021114 0.037086
0 0.900378 0.928728 0.025757 0.041006
0 0.643418 0.724138 0.040572 0.049663
0 0.111294 0.724824 0.025757 0.041006
0 0.751835 0.863077 0.023435 0.039046
0 0.905401 0.846134 0.024320 0.035942
0 0.513420 0.367489 0.048865 0.042799
0 0.676207 0.809012 0.023215 0.035778
0 0.777278 0.445206 0.024430 0.037575
0 0.183568 0.398848 0.025315 0.034471
0 0.728669 0.817579 0.024210 0.034308
0 0.903304 0.885429 0.025426 0.036105
0 0.825431 0.492742 0.019677 0.032021
0 0.927756 0.507016 0.025757 0.041006
0 0.722043 0.899111 0.024651 0.040843
0 0.501440 0.528266 0.031285 0.041822
0 0.773966 0.485972 0.025757 0.041006
0 0.887495 0.334404 0.024430 0.037575
0 0.875502 0.925057 0.026862 0.041169
0 0.846243 0.754894 0.037586 0.054075
0 0.908106 0.806103 0.024430 0.037575
0 0.873917 0.543627 0.023325 0.037412
0 0.753928 0.782526 0.025426 0.036105
0 0.202708 0.528739 0.023104 0.034144
0 0.461622 0.357370 0.038140 0.046069
0 0.099368 0.306388 0.037365 0.050807
0 0.700365 0.815052 0.025536 0.037739
0 0.283430 0.672666 0.037696 0.055709
0 0.877286 0.502044 0.022330 0.038883
0 0.724803 0.858263 0.024430 0.037575
0 0.731373 0.777548 0.022109 0.035615
0 0.878428 0.881758 0.024320 0.035942
0 0.177224 0.525803 0.022994 0.032511
0 0.528820 0.131307 0.047870 0.044269
0 0.753047 0.820351 0.024320 0.035942
0 0.671586 0.472514 0.024430 0.037575
0 0.726641 0.434433 0.024430 0.037575
0 0.884391 0.801778 0.025426 0.036105
0 0.181803 0.441493 0.023546 0.040680
0 0.526447 0.166437 0.047759 0.042636
0 0.211208 0.402927 0.023104 0.034144
0 0.696632 0.514990 0.022109 0.035615
0 0.849594 0.540038 0.023325 0.037412
0 0.882293 0.841074 0.024320 0.035942
0 0.203461 0.319274 0.039466 0.049500
0 0.647870 0.468189 0.023435 0.039046
0 0.179614 0.655696 0.035043 0.048847
0 0.818700 0.617164 0.020783 0.032184
0 0.862122 0.329835 0.022109 0.035615
0 0.799897 0.531879 0.023215 0.035778
0 0.103399 0.263253 0.039246 0.046232
0 0.721950 0.520376 0.024320 0.035942
0 0.878829 0.462666 0.024320 0.035942
0 0.206076 0.487155 0.024320 0.035942
0 0.212642 0.365184 0.023325 0.037412
0 0.129861 0.648354 0.041677 0.049826
0 0.208781 0.447125 0.027083 0.044437
0 0.518389 0.302214 0.047980 0.045903
0 0.857542 0.414145 0.024210 0.034308
0 0.701820 0.429945 0.022994 0.032511
0 0.709603 0.306503 0.021999 0.033981
0 0.703015 0.775838 0.025536 0.037739
0 0.333736 0.680089 0.038802 0.055872
0 0.854118 0.456545 0.023325 0.037412
0 0.081486 0.595835 0.040241 0.044761
0 0.573166 0.243464 0.037919 0.042801
0 0.209202 0.234310 0.037254 0.049173
0 0.794874 0.614473 0.021999 0.033981
0 0.805638 0.446915 0.025426 0.036105
0 0.151940 0.313321 0.036149 0.049010
0 0.822013 0.576398 0.019677 0.032021
0 0.286964 0.628633 0.035928 0.045742
0 0.678801 0.770615 0.023546 0.040680
0 0.131626 0.605710 0.037034 0.045906
0 0.859804 0.372398 0.025426 0.036105
0 0.385810 0.686124 0.038361 0.049337
0 0.084522 0.550902 0.040793 0.052931
0 0.797247 0.571093 0.022994 0.032511
0 0.803873 0.489560 0.023215 0.035778
0 0.734424 0.310991 0.023215 0.035778
0 0.898869 0.761009 0.038250 0.047703
0 0.729954 0.393667 0.023104 0.034144
0 0.852149 0.667480 0.035264 0.052115
0 0.289392 0.584436 0.037475 0.052441
0 0.235165 0.618513 0.035818 0.044109
0 0.901132 0.719264 0.037034 0.045906
0 0.650077 0.427260 0.022330 0.038883
0 0.187378 0.358981 0.025646 0.039372
0 0.724766 0.478712 0.024210 0.034308
0 0.704469 0.390731 0.021004 0.035452
0 0.885068 0.378602 0.023546 0.040680
0 0.751704 0.650182 0.037365 0.050807
0 0.154203 0.271575 0.037144 0.047539
0 0.673793 0.431585 0.025536 0.037739
0 0.232350 0.660178 0.036370 0.052278
0 0.184967 0.568201 0.038471 0.050970
0 0.706732 0.348985 0.024210 0.034308
0 0.849168 0.711596 0.034823 0.045579
0 0.699944 0.474224 0.023215 0.035778
0 0.569244 0.284966 0.035818 0.044109
0 0.389178 0.644541 0.037144 0.047539
0 0.732161 0.352737 0.024430 0.037575
0 0.770581 0.362532 0.035818 0.044109
0 0.337324 0.635238 0.037144 0.047539
0 0.258406 0.282826 0.037034 0.045906
0 0.206332 0.276792 0.037034 0.045906
0 0.157791 0.226724 0.038361 0.049337
0 0.135269 0.560041 0.038802 0.055872
0 0.699795 0.641697 0.037254 0.049173
0 0.254927 0.326043 0.038471 0.050970
0 0.796048 0.745836 0.036038 0.047376
0 0.261109 0.234544 0.039354 0.064041
0 0.312632 0.248748 0.036259 0.050644
0 0.466865 0.271508 0.034712 0.043945
0 0.923211 0.384230 0.033717 0.045416
0 0.648771 0.636643 0.039798 0.054401
0 0.463607 0.311457 0.038361 0.049337
0 0.340858 0.591205 0.038692 0.054238
0 0.105219 0.219791 0.041788 0.051460
0 0.773009 0.318335 0.039798 0.054401
0 0.471062 0.225922 0.037586 0.054075
0 0.798366 0.703273 0.034933 0.047213
0 0.309098 0.292782 0.037144 0.047539
0 0.904720 0.674413 0.038471 0.050970
0 0.694884 0.730908 0.039577 0.051134
0 0.645625 0.683210 0.037034 0.045906
0 0.182484 0.613215 0.037034 0.045906
0 0.507236 0.442486 0.045104 0.051949
0 0.238091 0.575214 0.036370 0.052278
0 0.357086 0.342769 0.039798 0.054401
0 0.748613 0.695931 0.037144 0.047539
0 0.852464 0.497556 0.027969 0.041333
0 0.695709 0.685649 0.035043 0.048847
0 0.566319 0.328264 0.038361 0.049337
0 0.412030 0.306321 0.037144 0.047539
0 0.666160 0.387553 0.038361 0.049337
0 0.360565 0.299552 0.038140 0.046069
0 0.617730 0.335851 0.037254 0.049173
0 0.503647 0.487337 0.041677 0.049826
0 0.802452 0.659322 0.035154 0.050481
0 0.614197 0.379885 0.036149 0.049010
0 0.921004 0.425160 0.035043 0.048847
0 0.671624 0.298423 0.034933 0.047213
0 0.393431 0.598137 0.039908 0.056035
0 0.575649 0.198450 0.037806 0.057343
0 0.818735 0.410068 0.038140 0.046069
0 0.620766 0.290918 0.037365 0.050807
0 0.364651 0.255599 0.036370 0.052278
0 0.927352 0.339461 0.036259 0.050644
0 0.668146 0.341640 0.036149 0.049010
0 0.416173 0.261552 0.037475 0.052441
0 0.820942 0.369139 0.034823 0.045579
0 0.822872 0.324043 0.037806 0.057343
0 0.409160 0.348803 0.039577 0.051134
0 0.520096 0.235633 0.046763 0.044106
0 0.523465 0.202300 0.048644 0.039531
0 0.138157 0.690833 0.023104 0.034144
0 0.130264 0.815909 0.026752 0.039536
0 0.518993 0.268474 0.046322 0.037571
0 0.305510 0.337633 0.038802 0.055872
0 0.499305 0.741652 0.026531 0.036268
0 0.180426 0.486671 0.026752 0.039536
0 0.079169 0.638398 0.039798 0.054401
