0 0.675798 0.669730 0.040650 0.051935
0 0.326382 0.453855 0.026325 0.037642
0 0.496400 0.452495 0.046146 0.053136
0 0.840333 0.257417 0.040326 0.048675
0 0.739446 0.281967 0.040488 0.050305
0 0.637768 0.304193 0.037190 0.049584
0 0.565611 0.606389 0.037838 0.056103
0 0.278076 0.380319 0.042074 0.055435
0 0.666741 0.584283 0.039713 0.053325
0 0.587203 0.315246 0.036866 0.046324
0 0.332001 0.493426 0.025387 0.039032
0 0.473056 0.217717 0.048907 0.037636
0 0.206956 0.687285 0.038775 0.054714
0 0.411557 0.638398 0.040037 0.056584
0 0.886846 0.205618 0.038775 0.054714
0 0.462834 0.628855 0.038613 0.053084
0 0.369744 0.737462 0.037514 0.052844
0 0.365061 0.696022 0.035929 0.047714
0 0.331389 0.368666 0.035929 0.047714
0 0.843753 0.297467 0.039065 0.046805
0 0.641026 0.342614 0.038127 0.048194
0 0.921761 0.528539 0.039713 0.053325
0 0.125914 0.414413 0.037965 0.046565
0 0.870017 0.539017 0.037352 0.051214
0 0.466821 0.674610 0.036866 0.046324
0 0.615157 0.596392 0.037676 0.054473
0 0.433068 0.346440 0.036704 0.044694
0 0.215464 0.772851 0.040488 0.050305
0 0.895030 0.287925 0.040488 0.050305
0 0.874392 0.583022 0.037028 0.047954
0 0.789849 0.269285 0.038289 0.049825
0 0.928846 0.611086 0.039551 0.051694
0 0.060430 0.298004 0.041299 0.058454
0 0.274251 0.336194 0.038127 0.048194
0 0.223236 0.354006 0.038127 0.048194
0 0.210781 0.731410 0.037028 0.047954
0 0.270362 0.297078 0.037803 0.044934
0 0.625071 0.679152 0.038775 0.054714
0 0.416176 0.684849 0.037028 0.047954
0 0.823198 0.593380 0.037965 0.046565
0 0.891141 0.248809 0.037965 0.046565
0 0.743967 0.321778 0.039227 0.048435
0 0.677076 0.208175 0.038451 0.051454
0 0.069731 0.385895 0.041750 0.052175
0 0.914044 0.366198 0.029010 0.043012
0 0.352763 0.448089 0.023802 0.033902
0 0.924875 0.571154 0.036866 0.046324
0 0.841089 0.377983 0.024126 0.037162
0 0.836181 0.339922 0.026162 0.036012
0 0.357365 0.488714 0.023027 0.036922
0 0.793351 0.310151 0.037190 0.049584
0 0.382828 0.360753 0.036704 0.044694
0 0.877975 0.624703 0.036091 0.049344
0 0.470241 0.714662 0.036253 0.050973
0 0.484598 0.316858 0.046597 0.046857
0 0.828122 0.637266 0.039713 0.053325
0 0.419596 0.724899 0.038289 0.049825
0 0.865515 0.375141 0.026162 0.036012
0 0.683182 0.252635 0.039713 0.053325
0 0.064886 0.342825 0.037641 0.043305
0 0.385699 0.400923 0.039713 0.053325
0 0.466582 0.152606 0.049571 0.044318
0 0.918563 0.406009 0.027100 0.034623
0 0.470454 0.185898 0.048634 0.045708
0 0.480807 0.284382 0.047048 0.040577
0 0.504601 0.540625 0.034055 0.050493
0 0.909992 0.325452 0.028686 0.039753
0 0.490756 0.378792 0.046273 0.043597
0 0.540184 0.746000 0.024415 0.029253
0 0.073296 0.421751 0.039805 0.032617
0 0.862725 0.335784 0.026162 0.036012
0 0.537041 0.720043 0.023640 0.032273
0 0.488469 0.350150 0.044687 0.038467
0 0.476135 0.248685 0.047712 0.047260
0 0.500775 0.496500 0.043948 0.052655
0 0.377902 0.316867 0.041299 0.058454
0 0.532894 0.282988 0.038451 0.051454
0 0.581647 0.270665 0.040199 0.058214
0 0.538960 0.366590 0.038451 0.051454
0 0.326708 0.327225 0.037514 0.052844
0 0.172265 0.360984 0.038613 0.053084
0 0.436650 0.388121 0.038613 0.053084
0 0.121700 0.372037 0.038613 0.053084
0 0.634023 0.260883 0.038451 0.051454
0 0.334891 0.409531 0.037352 0.051214
0 0.736170 0.237722 0.040812 0.053565
0 0.429566 0.305574 0.038451 0.051454
0 0.265436 0.253192 0.040199 0.058214
0 0.590786 0.356927 0.040650 0.051935
0 0.536557 0.325483 0.037028 0.047954
0 0.361074 0.650266 0.040199 0.058214
0 0.180692 0.445735 0.038613 0.053084
0 0.836201 0.215856 0.038613 0.053084
0 0.570067 0.651210 0.037028 0.047954
0 0.129659 0.457723 0.042398 0.058694
0 0.177028 0.403240 0.039389 0.050065
0 0.077203 0.466692 0.043335 0.057304
0 0.785635 0.226909 0.038613 0.053084
0 0.219166 0.307435 0.040362 0.059843
0 0.671197 0.629104 0.037028 0.047954
0 0.573651 0.692891 0.040812 0.053565
0 0.818903 0.550190 0.038775 0.054714
