0 0.130616 0.532349 0.034085 0.039634
0 0.621949 0.896512 0.037986 0.038401
0 0.640714 0.608179 0.033905 0.036541
0 0.511366 0.258481 0.033815 0.034993
0 0.381310 0.806119 0.037806 0.035307
0 0.626705 0.826182 0.039046 0.033865
0 0.689609 0.686611 0.039226 0.036959
0 0.219367 0.683839 0.036566 0.036750
0 0.570715 0.858299 0.037806 0.035307
0 0.696434 0.580703 0.037806 0.035307
0 0.772698 0.257265 0.035685 0.044378
0 0.858747 0.627646 0.036656 0.038296
0 0.268117 0.833740 0.036746 0.039843
0 0.449933 0.556668 0.036476 0.035202
0 0.867036 0.519523 0.037806 0.035307
0 0.393250 0.623694 0.037806 0.035307
0 0.443459 0.668042 0.036656 0.038296
0 0.698547 0.544352 0.038076 0.039947
0 0.118316 0.272654 0.029824 0.034679
0 0.868440 0.483893 0.036656 0.038296
0 0.106878 0.492413 0.030004 0.037773
0 0.183103 0.388074 0.033815 0.034993
0 0.210177 0.864927 0.033905 0.036541
0 0.704976 0.433751 0.037806 0.035307
0 0.770450 0.295936 0.037806 0.035307
0 0.296781 0.363599 0.036746 0.039843
0 0.137135 0.420202 0.031514 0.040972
0 0.227080 0.574117 0.036566 0.036750
0 0.631551 0.754305 0.037986 0.038401
0 0.116913 0.308285 0.031334 0.037878
0 0.377039 0.879594 0.037896 0.036854
0 0.146162 0.276397 0.030004 0.037773
0 0.514060 0.890363 0.037896 0.036854
0 0.379862 0.842522 0.036746 0.039843
0 0.812495 0.515236 0.037806 0.035307
0 0.584796 0.604561 0.036476 0.035202
0 0.431096 0.880735 0.036566 0.036750
0 0.173158 0.570656 0.034965 0.032004
0 0.703572 0.469381 0.036476 0.035202
0 0.576964 0.750792 0.037896 0.036854
0 0.351251 0.403621 0.035415 0.039738
0 0.873375 0.410469 0.037716 0.033760
0 0.521684 0.782188 0.037896 0.036854
0 0.456227 0.448388 0.033815 0.034993
0 0.708464 0.396731 0.035325 0.038192
0 0.870598 0.446768 0.039316 0.038505
0 0.711242 0.360432 0.036566 0.036750
0 0.447820 0.593019 0.036566 0.036750
0 0.642737 0.573375 0.036476 0.035202
0 0.528068 0.672360 0.037896 0.036854
0 0.533032 0.563976 0.038076 0.039947
0 0.274366 0.726233 0.036656 0.038296
0 0.295333 0.400003 0.037806 0.035307
0 0.806938 0.587834 0.038166 0.041495
0 0.819571 0.370500 0.035055 0.033551
0 0.530919 0.600327 0.037986 0.038401
0 0.544189 0.418007 0.035145 0.035098
0 0.625392 0.860264 0.038076 0.039947
0 0.875353 0.376438 0.037896 0.036854
0 0.822349 0.334201 0.036836 0.041390
0 0.383378 0.770541 0.037986 0.038401
0 0.628063 0.791325 0.037986 0.038401
0 0.270230 0.797389 0.039316 0.038505
0 0.518286 0.817661 0.037896 0.036854
0 0.433209 0.844384 0.039496 0.041599
0 0.633619 0.718727 0.037986 0.038401
0 0.402277 0.479888 0.039316 0.038505
0 0.287799 0.506632 0.037986 0.038401
0 0.597266 0.424509 0.037896 0.036854
0 0.878177 0.339366 0.039406 0.040052
0 0.167558 0.644027 0.038076 0.039947
0 0.177339 0.498727 0.040737 0.040156
0 0.241088 0.356114 0.036566 0.036750
0 0.587574 0.568262 0.038076 0.039947
0 0.516128 0.854785 0.040737 0.040156
0 0.413642 0.295865 0.035505 0.041286
0 0.646873 0.502220 0.036656 0.038296
0 0.359055 0.292351 0.035415 0.039738
0 0.278592 0.653531 0.039316 0.038505
0 0.538633 0.490605 0.037986 0.038401
0 0.180990 0.424425 0.039406 0.040052
0 0.243867 0.319816 0.037986 0.038401
0 0.592555 0.494066 0.036746 0.039843
0 0.635867 0.680056 0.038166 0.041495
0 0.580795 0.673397 0.039406 0.040052
0 0.653167 0.393940 0.036476 0.035202
0 0.339311 0.586046 0.038076 0.039947
0 0.655899 0.358414 0.038166 0.041495
0 0.411484 0.332989 0.037986 0.038401
0 0.238930 0.393239 0.039406 0.040052
0 0.695075 0.615560 0.039226 0.036959
0 0.283573 0.579334 0.037986 0.038401
0 0.759310 0.476093 0.039226 0.036959
0 0.233995 0.466663 0.037986 0.038401
0 0.354119 0.365775 0.036656 0.038296
0 0.277190 0.689161 0.037986 0.038401
0 0.290577 0.470333 0.039226 0.036959
0 0.334995 0.660294 0.040917 0.043250
0 0.408661 0.370061 0.039316 0.038505
0 0.658857 0.319022 0.039586 0.043146
0 0.464633 0.303757 0.034085 0.039634
0 0.461828 0.375017 0.039226 0.036959
0 0.187464 0.313051 0.042247 0.043355
0 0.458295 0.412810 0.036656 0.038296
0 0.341514 0.548147 0.038166 0.041495
0 0.750598 0.614485 0.041007 0.044797
0 0.344381 0.510302 0.036746 0.039843
0 0.302563 0.287135 0.042157 0.041808
0 0.407168 0.407239 0.037986 0.038401
0 0.286306 0.543808 0.039316 0.038505
0 0.272298 0.761811 0.039316 0.038505
0 0.756002 0.510019 0.039226 0.036959
0 0.590352 0.531964 0.036656 0.038296
0 0.854566 0.699575 0.039226 0.036959
0 0.438748 0.737598 0.035145 0.035098
0 0.141486 0.862635 0.027074 0.032924
0 0.744816 0.690949 0.037896 0.036854
0 0.743369 0.727353 0.039316 0.038505
0 0.441481 0.702073 0.036476 0.035202
0 0.144292 0.791376 0.027074 0.032924
0 0.739278 0.797735 0.039046 0.033865
0 0.150559 0.718057 0.028315 0.031481
0 0.265429 0.868492 0.037806 0.035307
0 0.731699 0.905137 0.039316 0.038505
0 0.568072 0.892278 0.036476 0.035202
0 0.435322 0.808033 0.036386 0.033656
0 0.445707 0.629370 0.039316 0.038505
0 0.741301 0.762931 0.036656 0.038296
0 0.112687 0.380987 0.028315 0.031481
0 0.452001 0.521090 0.039496 0.041599
0 0.736499 0.834034 0.037986 0.038401
0 0.852498 0.735153 0.039406 0.040052
0 0.506618 0.363153 0.031406 0.039115
0 0.109126 0.453741 0.032665 0.037983
0 0.848362 0.806308 0.038507 0.024583
0 0.509432 0.291739 0.033546 0.030353
0 0.485946 0.776271 0.027074 0.032924
0 0.879669 0.302189 0.037357 0.027572
0 0.584193 0.637924 0.035847 0.024374
0 0.304855 0.247690 0.038687 0.027677
0 0.662435 0.280454 0.038687 0.027677
0 0.752576 0.580453 0.037087 0.022932
0 0.415755 0.259514 0.037177 0.024478
0 0.395408 0.586570 0.037267 0.026026
0 0.842716 0.880452 0.036566 0.036750
0 0.498500 0.433841 0.028584 0.036122
0 0.841403 0.914536 0.040557 0.037063
0 0.502519 0.399193 0.029645 0.031586
0 0.139986 0.348169 0.031065 0.033238
0 0.863638 0.554996 0.038166 0.041495
0 0.845629 0.841833 0.040917 0.043250
0 0.734386 0.870385 0.037896 0.036854
0 0.850250 0.773823 0.039406 0.040052
0 0.572208 0.821122 0.033995 0.038087
0 0.116085 0.345513 0.028674 0.037669
0 0.111149 0.418936 0.027253 0.036018
0 0.514054 0.223729 0.032395 0.033342
0 0.175079 0.721538 0.029645 0.031586
0 0.168092 0.864726 0.029555 0.030039
0 0.462565 0.339335 0.036566 0.036750
0 0.644139 0.537745 0.037986 0.038401
0 0.135480 0.494661 0.028494 0.034575
0 0.138583 0.383799 0.029735 0.033133
0 0.135552 0.458926 0.029824 0.034679
0 0.856679 0.663224 0.036836 0.041390
0 0.436725 0.772403 0.035235 0.036645
0 0.142719 0.312643 0.029914 0.036227
0 0.515852 0.192792 0.032216 0.030248
0 0.529515 0.635957 0.036656 0.038296
0 0.860815 0.592068 0.036476 0.035202
0 0.637980 0.643705 0.037896 0.036854
0 0.211579 0.829297 0.037896 0.036854
0 0.280085 0.616354 0.035505 0.041286
0 0.386111 0.735016 0.039316 0.038505
0 0.814563 0.479659 0.037986 0.038401
0 0.169140 0.605304 0.039406 0.040052
0 0.541411 0.454306 0.036566 0.036750
0 0.536520 0.526956 0.038076 0.039947
0 0.702170 0.505011 0.035505 0.041286
0 0.236817 0.429591 0.039136 0.035411
0 0.224347 0.609643 0.038076 0.039947
0 0.404435 0.442764 0.036656 0.038296
0 0.600134 0.386664 0.033815 0.034993
0 0.163979 0.682594 0.040737 0.040156
0 0.216516 0.755873 0.039496 0.041599
0 0.550483 0.309727 0.035325 0.038192
0 0.218629 0.719522 0.039226 0.036959
0 0.170826 0.829202 0.031244 0.036331
0 0.391093 0.660818 0.038166 0.041495
0 0.293310 0.434807 0.040557 0.037063
0 0.767717 0.331462 0.036656 0.038296
0 0.760713 0.440463 0.040557 0.037063
0 0.604270 0.315508 0.033995 0.038087
0 0.348427 0.440693 0.036566 0.036750
0 0.648986 0.465869 0.036566 0.036750
0 0.356852 0.330249 0.037986 0.038401
0 0.336578 0.621571 0.036566 0.036750
0 0.651099 0.429517 0.036656 0.038296
0 0.766359 0.366318 0.040557 0.037063
0 0.548325 0.346852 0.037986 0.038401
0 0.347115 0.474776 0.035055 0.033551
0 0.172318 0.792024 0.032755 0.039529
0 0.809096 0.550710 0.037986 0.038401
0 0.179497 0.461603 0.037896 0.036854
0 0.763536 0.403391 0.039406 0.040052
0 0.185171 0.352497 0.039316 0.038505
0 0.397252 0.554859 0.037896 0.036854
0 0.816883 0.405252 0.036656 0.038296
0 0.229193 0.537766 0.036836 0.041390
0 0.754464 0.547970 0.038166 0.041495
0 0.602157 0.351859 0.036566 0.036750
0 0.713310 0.324855 0.036746 0.039843
0 0.246735 0.281970 0.036746 0.039843
0 0.189711 0.274381 0.036566 0.036750
0 0.523177 0.745011 0.039406 0.040052
0 0.816631 0.444081 0.035325 0.038192
0 0.299604 0.326527 0.037896 0.036854
0 0.399410 0.517734 0.038076 0.039947
0 0.578502 0.712842 0.039496 0.041599
0 0.388845 0.699490 0.037986 0.038401
0 0.546257 0.382429 0.032485 0.034889
0 0.691677 0.651033 0.039226 0.036959
0 0.173806 0.536521 0.037986 0.038401
0 0.453539 0.483140 0.035235 0.036645
0 0.594623 0.458488 0.036386 0.033656
0 0.213692 0.792946 0.037986 0.038401
0 0.231306 0.501415 0.033725 0.033447
0 0.525289 0.708660 0.039316 0.038505
0 0.748215 0.655476 0.040737 0.040156
0 0.174386 0.756446 0.029735 0.033133
0 0.574231 0.786317 0.036566 0.036750
0 0.142935 0.826232 0.031334 0.037878
0 0.147116 0.754303 0.028584 0.036122
0 0.222144 0.647540 0.037986 0.038401
