0 0.654215 0.485075 0.036323 0.041001
0 0.703837 0.436848 0.035276 0.044240
0 0.597585 0.235782 0.032990 0.040856
0 0.495881 0.236085 0.045239 0.043030
0 0.083220 0.166798 0.038707 0.049316
0 0.656383 0.566431 0.032958 0.039211
0 0.193590 0.631779 0.036388 0.044288
0 0.189712 0.464112 0.035211 0.040952
0 0.239986 0.420792 0.035146 0.037664
0 0.857972 0.389841 0.034133 0.042547
0 0.449875 0.494773 0.034068 0.039260
0 0.552592 0.489488 0.035276 0.044240
0 0.753350 0.270976 0.034068 0.039260
0 0.548713 0.321822 0.036323 0.041001
0 0.549528 0.362923 0.036323 0.041001
0 0.558100 0.739357 0.036453 0.047577
0 0.907042 0.257719 0.037596 0.049268
0 0.907987 0.305397 0.037531 0.045981
0 0.697318 0.136015 0.034296 0.050768
0 0.698620 0.229749 0.033055 0.044143
0 0.297709 0.669216 0.038707 0.049316
0 0.653384 0.443153 0.036355 0.042644
0 0.451488 0.576152 0.034101 0.040904
0 0.805837 0.395396 0.034133 0.042547
0 0.551453 0.403975 0.034166 0.044192
0 0.551189 0.446768 0.034101 0.040904
0 0.249405 0.839972 0.033121 0.047432
0 0.291553 0.330522 0.033023 0.042499
0 0.290717 0.372517 0.034166 0.044192
0 0.649209 0.316635 0.035244 0.042596
0 0.655013 0.525354 0.036355 0.042644
0 0.289226 0.157028 0.037564 0.047625
0 0.192759 0.589856 0.036355 0.042644
0 0.700022 0.272469 0.034166 0.044192
0 0.289858 0.245033 0.035309 0.045884
0 0.861036 0.516406 0.035309 0.045884
0 0.645183 0.141569 0.038674 0.047673
0 0.803279 0.266339 0.036453 0.047577
0 0.296015 0.583727 0.034133 0.042547
0 0.648917 0.273866 0.034133 0.042547
0 0.188507 0.375310 0.036388 0.044288
0 0.296830 0.624827 0.034068 0.039260
0 0.859342 0.430917 0.035244 0.042596
0 0.134617 0.208170 0.035407 0.050816
0 0.136117 0.255823 0.036388 0.044288
0 0.751425 0.229923 0.036420 0.045932
0 0.243001 0.544893 0.034133 0.042547
0 0.339172 0.153214 0.035407 0.050816
0 0.597844 0.276907 0.034166 0.044192
0 0.755238 0.394303 0.035244 0.042596
0 0.240768 0.460249 0.033055 0.044143
0 0.698835 0.184490 0.033088 0.045788
0 0.450689 0.535873 0.036420 0.045932
0 0.244679 0.629560 0.034166 0.044192
0 0.247760 0.756948 0.033023 0.042499
0 0.857157 0.348740 0.034133 0.042547
0 0.242170 0.502970 0.034101 0.040904
0 0.810141 0.556462 0.036486 0.049220
0 0.804175 0.311551 0.034133 0.042547
0 0.545782 0.145886 0.033186 0.050720
0 0.557302 0.699078 0.036290 0.039356
0 0.294369 0.500703 0.036323 0.041001
0 0.290166 0.288623 0.036388 0.044288
0 0.341536 0.244433 0.036420 0.045932
0 0.187186 0.336700 0.035179 0.039308
0 0.237983 0.291713 0.034133 0.042547
0 0.860157 0.472018 0.035244 0.042596
0 0.747885 0.135465 0.039850 0.051009
0 0.240266 0.378822 0.037531 0.045981
0 0.852086 0.177011 0.037498 0.044336
0 0.851680 0.128488 0.038707 0.049316
0 0.186030 0.250364 0.034231 0.047480
0 0.652569 0.402052 0.036355 0.042644
0 0.647531 0.231967 0.035342 0.047528
0 0.756085 0.437047 0.037531 0.045981
0 0.189435 0.422165 0.036420 0.045932
0 0.239386 0.334433 0.035309 0.045884
0 0.449044 0.452850 0.036388 0.044288
0 0.657182 0.606710 0.037498 0.044336
0 0.343263 0.331568 0.036355 0.042644
0 0.244988 0.673152 0.035244 0.042596
0 0.598708 0.320474 0.036420 0.045932
0 0.394290 0.242142 0.037531 0.045981
0 0.555344 0.656382 0.034198 0.045836
0 0.595728 0.142072 0.037629 0.050912
0 0.446568 0.327903 0.036388 0.044288
0 0.341194 0.199198 0.035276 0.044240
0 0.518787 0.746824 0.021591 0.025577
0 0.518319 0.723232 0.021568 0.024426
0 0.342970 0.288798 0.037531 0.045981
0 0.445639 0.281049 0.036486 0.049220
0 0.753868 0.353225 0.036355 0.042644
0 0.500558 0.444031 0.042006 0.047818
0 0.650611 0.359355 0.036420 0.045932
0 0.547607 0.237953 0.037498 0.044336
0 0.749402 0.183939 0.038707 0.049316
0 0.236223 0.202935 0.036551 0.052509
0 0.246913 0.714204 0.035244 0.042596
0 0.546188 0.194410 0.034198 0.045836
0 0.243832 0.586816 0.036388 0.044288
0 0.447608 0.408485 0.037564 0.047625
0 0.187466 0.294729 0.035276 0.044240
0 0.394615 0.286555 0.036420 0.045932
0 0.392300 0.197802 0.037531 0.045981
0 0.391894 0.149279 0.038739 0.050961
0 0.237708 0.249766 0.035276 0.044240
0 0.451812 0.620565 0.037564 0.047625
0 0.646652 0.187578 0.037498 0.044336
0 0.292412 0.458006 0.036388 0.044288
0 0.753609 0.312101 0.035244 0.042596
0 0.292691 0.416035 0.036355 0.042644
0 0.344681 0.375110 0.037564 0.047625
0 0.855787 0.307664 0.035244 0.042596
0 0.703578 0.395723 0.034036 0.037615
0 0.853505 0.220554 0.036486 0.049220
0 0.084440 0.256422 0.037564 0.047625
0 0.555020 0.611969 0.032958 0.039211
0 0.854923 0.264096 0.035276 0.044240
0 0.248003 0.797251 0.034101 0.040904
0 0.293503 0.541054 0.035244 0.042596
0 0.499616 0.340409 0.043966 0.034762
0 0.500170 0.368357 0.043966 0.034762
0 0.807972 0.475107 0.032990 0.040856
0 0.807190 0.435650 0.030704 0.037471
0 0.501928 0.485107 0.040569 0.031329
0 0.495785 0.203180 0.046090 0.029927
0 0.702224 0.355468 0.035309 0.045884
0 0.297462 0.712831 0.034101 0.040904
0 0.194405 0.672879 0.034101 0.040904
0 0.198592 0.884137 0.034068 0.039260
0 0.869625 0.893663 0.037498 0.044336
0 0.869333 0.850894 0.036388 0.044288
0 0.495149 0.171122 0.044031 0.038050
0 0.300786 0.880523 0.036453 0.047577
0 0.706152 0.525601 0.036453 0.047577
0 0.908262 0.347344 0.036323 0.041001
0 0.558996 0.784568 0.036355 0.042644
0 0.494465 0.136597 0.044031 0.038050
0 0.085251 0.381440 0.034101 0.040904
0 0.559811 0.825669 0.036420 0.045932
0 0.196622 0.756701 0.037433 0.041049
0 0.552786 0.527325 0.036192 0.034424
0 0.497121 0.270585 0.043933 0.033118
0 0.705305 0.482856 0.034166 0.044192
0 0.196914 0.799470 0.036453 0.047577
0 0.087874 0.513784 0.038576 0.042740
0 0.086098 0.424185 0.036453 0.047577
0 0.554173 0.569224 0.037531 0.045981
0 0.299322 0.750595 0.034101 0.040904
0 0.862438 0.559128 0.036420 0.045932
0 0.805561 0.353449 0.035342 0.047528
0 0.195252 0.715625 0.036388 0.044288
0 0.559498 0.865996 0.036323 0.041001
0 0.862682 0.599431 0.035146 0.037664
0 0.866856 0.725948 0.034101 0.040904
0 0.596689 0.190571 0.035374 0.049172
0 0.560934 0.910360 0.037629 0.050912
0 0.869106 0.811414 0.035211 0.040952
0 0.191928 0.547933 0.036388 0.044288
0 0.199423 0.926060 0.036453 0.047577
0 0.447889 0.366514 0.035048 0.032732
0 0.864360 0.684098 0.033023 0.042499
0 0.867116 0.767073 0.037498 0.044336
0 0.864051 0.640507 0.036388 0.044288
0 0.303871 0.923992 0.036355 0.042644
0 0.088721 0.556529 0.038642 0.046029
0 0.300709 0.792494 0.035244 0.042596
0 0.084144 0.297570 0.035146 0.037664
0 0.548454 0.280697 0.035211 0.040952
0 0.087010 0.470218 0.038609 0.044385
0 0.085530 0.339469 0.036420 0.045932
0 0.197239 0.843883 0.037498 0.044336
0 0.288995 0.201465 0.032990 0.040856
0 0.185905 0.159871 0.035276 0.044240
0 0.302683 0.836013 0.035276 0.044240
0 0.909077 0.388444 0.036453 0.047577
0 0.190542 0.506035 0.035244 0.042596
0 0.186229 0.204283 0.034166 0.044192
0 0.498899 0.304240 0.044096 0.041338
0 0.808771 0.515386 0.035179 0.039308
0 0.082989 0.211235 0.036355 0.042644
0 0.701948 0.313521 0.034101 0.040904
