0 0.885605 0.464838 0.037327 0.040547
0 0.837680 0.537524 0.035733 0.037190
0 0.917075 0.746850 0.035733 0.037190
0 0.841769 0.562357 0.039277 0.047037
0 0.523692 0.597191 0.024944 0.027553
0 0.771927 0.453600 0.036614 0.034283
0 0.892558 0.525916 0.037327 0.040547
0 0.535275 0.693394 0.021054 0.025310
0 0.556395 0.873383 0.022648 0.028668
0 0.851941 0.662813 0.035733 0.037190
0 0.898981 0.587890 0.038742 0.042338
0 0.855769 0.690890 0.034496 0.036964
0 0.387654 0.494914 0.036614 0.034283
0 0.105062 0.480912 0.035733 0.037190
0 0.824036 0.412123 0.036970 0.037415
0 0.924914 0.810165 0.037149 0.038981
0 0.531809 0.674043 0.023350 0.024196
0 0.896563 0.555559 0.038208 0.037641
0 0.519608 0.577953 0.025646 0.023080
0 0.913242 0.713178 0.038386 0.039207
0 0.919314 0.777615 0.038742 0.042338
0 0.911003 0.682414 0.037851 0.034508
0 0.700732 0.316315 0.040871 0.050395
0 0.764618 0.389389 0.036970 0.037415
0 0.769337 0.425298 0.038921 0.043905
0 0.902635 0.619996 0.038208 0.037641
0 0.109336 0.512905 0.031487 0.031814
0 0.860750 0.723552 0.037327 0.040547
0 0.130461 0.698488 0.036614 0.034283
0 0.878207 0.399845 0.034318 0.035397
0 0.389887 0.520084 0.036090 0.040321
0 0.293302 0.636814 0.035733 0.037190
0 0.247704 0.741048 0.030952 0.027116
0 0.553013 0.849221 0.023707 0.027328
0 0.863256 0.756666 0.036970 0.037415
0 0.906290 0.652100 0.038742 0.042338
0 0.135085 0.728018 0.036970 0.037415
0 0.305267 0.764121 0.035733 0.037190
0 0.874820 0.370089 0.034318 0.035397
0 0.156037 0.917630 0.035733 0.037190
0 0.241370 0.679857 0.035020 0.030924
0 0.152032 0.887987 0.034496 0.036964
0 0.828042 0.441766 0.035733 0.037190
0 0.698705 0.786679 0.036257 0.031150
0 0.871076 0.337200 0.039980 0.042564
0 0.162064 0.471315 0.032724 0.032040
0 0.869768 0.819423 0.038208 0.037641
0 0.848994 0.631378 0.039801 0.040998
0 0.844721 0.599385 0.038386 0.039207
0 0.783063 0.545887 0.035377 0.034057
0 0.480336 0.826508 0.032546 0.030473
0 0.866203 0.788101 0.038208 0.037641
0 0.649408 0.348057 0.033615 0.039870
0 0.718726 0.463304 0.034139 0.033831
0 0.302409 0.733468 0.037505 0.042113
0 0.441824 0.482635 0.037149 0.038981
0 0.282873 0.545197 0.033080 0.035172
0 0.148377 0.855882 0.034674 0.038530
0 0.317641 0.856182 0.034496 0.036964
0 0.314783 0.825530 0.033437 0.038304
0 0.715339 0.433547 0.034496 0.036964
0 0.664110 0.471666 0.036614 0.034283
0 0.145519 0.825229 0.035733 0.037190
0 0.204581 0.844831 0.035733 0.037190
0 0.289296 0.607171 0.034496 0.036964
0 0.429463 0.867759 0.035733 0.037190
0 0.354163 0.688859 0.037149 0.038981
0 0.379388 0.910464 0.039445 0.037867
0 0.660283 0.443589 0.035733 0.037190
0 0.299195 0.699684 0.038564 0.040773
0 0.384177 0.464374 0.039980 0.042564
0 0.372519 0.844574 0.038208 0.037641
0 0.695051 0.754574 0.036792 0.035849
0 0.624112 0.608450 0.036970 0.037415
0 0.361823 0.750608 0.035733 0.037190
0 0.324332 0.920505 0.038564 0.040773
0 0.252507 0.772145 0.037684 0.043680
0 0.599862 0.389865 0.035555 0.035623
0 0.645505 0.796382 0.036970 0.037415
0 0.569056 0.618492 0.033259 0.036738
0 0.119943 0.606087 0.036970 0.037415
0 0.172320 0.566960 0.036792 0.035849
0 0.433737 0.899752 0.037149 0.038981
0 0.262674 0.867007 0.035911 0.038755
0 0.233443 0.615760 0.036614 0.034283
0 0.691396 0.722469 0.036970 0.037415
0 0.332241 0.501823 0.035377 0.034057
0 0.619839 0.576457 0.035911 0.038755
0 0.336246 0.531466 0.036970 0.037415
0 0.725060 0.524494 0.038921 0.043905
0 0.702711 0.816322 0.038564 0.040773
0 0.418678 0.773010 0.035911 0.038755
0 0.467400 0.701777 0.035555 0.035623
0 0.226490 0.554682 0.036970 0.037415
0 0.470169 0.731645 0.036792 0.035849
0 0.200486 0.814404 0.037149 0.038981
0 0.357817 0.720965 0.036970 0.037415
0 0.375644 0.877575 0.037327 0.040547
0 0.115848 0.575662 0.035911 0.038755
0 0.779676 0.516132 0.038564 0.040773
0 0.343115 0.597355 0.038208 0.037641
0 0.408600 0.678930 0.034318 0.035397
0 0.275123 0.482666 0.036792 0.035849
0 0.325907 0.440632 0.036970 0.037415
0 0.677842 0.597851 0.035555 0.035623
0 0.377219 0.397702 0.035733 0.037190
0 0.593752 0.840991 0.037327 0.040547
0 0.666879 0.501535 0.038564 0.040773
0 0.271647 0.452127 0.034496 0.036964
0 0.322163 0.407743 0.039801 0.040998
0 0.405124 0.648392 0.034853 0.040096
0 0.223014 0.524142 0.036792 0.035849
0 0.141865 0.793125 0.038742 0.042338
0 0.681408 0.629172 0.035911 0.038755
0 0.586265 0.775215 0.037684 0.043680
0 0.606107 0.450273 0.036970 0.037415
0 0.590187 0.809669 0.036970 0.037415
0 0.196743 0.781516 0.037149 0.038981
0 0.168403 0.538100 0.035733 0.037190
0 0.628118 0.638093 0.038208 0.037641
0 0.244228 0.710510 0.037505 0.042113
0 0.435312 0.419878 0.033080 0.035172
0 0.328235 0.472180 0.036970 0.037415
0 0.630536 0.670424 0.035911 0.038755
0 0.558092 0.522176 0.033080 0.035172
0 0.379637 0.430033 0.038386 0.039207
0 0.564694 0.585716 0.034496 0.036964
0 0.411636 0.711148 0.036090 0.040321
0 0.609851 0.483162 0.037327 0.040547
0 0.452961 0.574923 0.035911 0.038755
0 0.340079 0.565137 0.037149 0.038981
0 0.165278 0.505099 0.037684 0.043680
0 0.561658 0.553498 0.035911 0.038755
0 0.596118 0.356977 0.038742 0.042338
0 0.237186 0.648649 0.040158 0.044131
0 0.540003 0.368810 0.039980 0.042564
0 0.401291 0.614720 0.037149 0.038981
0 0.530262 0.654902 0.024356 0.022386
0 0.500228 0.507552 0.041474 0.034402
0 0.525400 0.617741 0.023368 0.024352
0 0.485503 0.378192 0.035241 0.022223
0 0.532121 0.787727 0.033658 0.029603
0 0.482294 0.350002 0.040211 0.044600
0 0.494461 0.456888 0.034710 0.038843
0 0.528247 0.637205 0.024391 0.022698
0 0.490735 0.424156 0.037149 0.038981
0 0.882453 0.431602 0.038154 0.037171
0 0.889177 0.495671 0.033106 0.033904
0 0.488219 0.396560 0.031953 0.026440
0 0.504313 0.531066 0.032824 0.026215
0 0.506160 0.547235 0.028988 0.013691
0 0.533428 0.803428 0.032306 0.013038
0 0.478097 0.795743 0.035911 0.038755
0 0.159959 0.952084 0.038564 0.040773
0 0.444682 0.513287 0.035733 0.037190
0 0.616803 0.544239 0.036970 0.037415
0 0.308743 0.794659 0.035555 0.035623
0 0.216412 0.460603 0.035020 0.030924
0 0.722732 0.492947 0.035377 0.034057
0 0.207617 0.877048 0.036792 0.035849
0 0.426249 0.833975 0.037149 0.038981
0 0.786540 0.576426 0.039099 0.045471
0 0.820471 0.380801 0.034496 0.036964
0 0.137324 0.758783 0.034318 0.035397
0 0.472497 0.763193 0.034674 0.038530
0 0.459562 0.638463 0.034496 0.036964
0 0.320588 0.887617 0.033259 0.036738
0 0.817524 0.349366 0.036090 0.040321
0 0.762468 0.359408 0.037327 0.040547
0 0.776551 0.483130 0.036970 0.037415
0 0.256340 0.805816 0.036792 0.035849
0 0.270691 0.931887 0.039801 0.040998
0 0.112193 0.543556 0.035733 0.037190
0 0.422773 0.803435 0.036970 0.037415
0 0.487645 0.890718 0.038208 0.037641
0 0.350775 0.659104 0.034318 0.035397
0 0.578955 0.711004 0.036970 0.037415
0 0.597228 0.871530 0.036436 0.032717
0 0.710626 0.403234 0.036792 0.035849
0 0.368335 0.813364 0.034496 0.036964
0 0.182570 0.657011 0.034496 0.036964
0 0.581902 0.742440 0.030428 0.033154
0 0.657603 0.414503 0.034318 0.035397
0 0.555235 0.491524 0.034496 0.036964
0 0.613416 0.514483 0.034496 0.036964
0 0.285463 0.573500 0.037149 0.038981
0 0.123859 0.634948 0.035555 0.035623
0 0.266417 0.899895 0.035911 0.038755
0 0.397107 0.583511 0.035198 0.032491
0 0.551848 0.461768 0.036970 0.037415
0 0.687212 0.691259 0.035733 0.037190
0 0.365477 0.782713 0.035911 0.038755
0 0.259108 0.835685 0.035911 0.038755
0 0.448866 0.544496 0.034496 0.036964
0 0.211361 0.909937 0.037505 0.042113
0 0.179094 0.626472 0.031843 0.034946
0 0.185428 0.687663 0.035911 0.038755
0 0.830989 0.473201 0.036970 0.037415
0 0.652195 0.860706 0.035733 0.037190
0 0.544276 0.400803 0.037851 0.034508
0 0.126984 0.667948 0.037149 0.038981
0 0.295630 0.668362 0.035733 0.037190
0 0.575836 0.683597 0.036792 0.035849
0 0.432276 0.387660 0.039801 0.040998
0 0.603249 0.419621 0.033080 0.035172
0 0.483283 0.857943 0.037327 0.040547
0 0.572621 0.649813 0.036090 0.040321
0 0.834733 0.506090 0.037327 0.040547
0 0.684355 0.660608 0.034674 0.038530
0 0.193974 0.751647 0.033080 0.035172
0 0.415291 0.743254 0.035555 0.035623
0 0.706015 0.850889 0.036970 0.037415
0 0.633482 0.701858 0.034318 0.035397
0 0.640881 0.766852 0.036970 0.037415
0 0.648630 0.829383 0.036090 0.040321
0 0.157528 0.442568 0.035733 0.037190
0 0.438169 0.450529 0.034496 0.036964
0 0.189790 0.720439 0.034674 0.038530
0 0.671241 0.534310 0.036970 0.037415
0 0.706971 0.371129 0.037684 0.043680
0 0.229966 0.585221 0.037149 0.038981
0 0.463924 0.671238 0.036090 0.040321
0 0.653063 0.380162 0.036268 0.041887
0 0.278689 0.513988 0.037149 0.038981
0 0.674188 0.565745 0.035733 0.037190
0 0.547753 0.431342 0.038386 0.039207
0 0.213466 0.429168 0.037684 0.043680
0 0.393720 0.553755 0.035911 0.038755
0 0.346591 0.627894 0.038386 0.039207
0 0.637137 0.733964 0.034853 0.040096
0 0.268344 0.417560 0.038564 0.040773
0 0.219978 0.491925 0.036090 0.040321
0 0.455996 0.607140 0.036970 0.037415
0 0.174999 0.596045 0.035733 0.037190
