0 0.283750 0.855222 0.030000 0.023734
0 0.226875 0.756329 0.033750 0.031646
0 0.116250 0.501582 0.035000 0.037975
0 0.337500 0.409810 0.035000 0.018987
0 0.173125 0.788766 0.033750 0.026899
0 0.613750 0.657437 0.032500 0.030063
0 0.668750 0.404272 0.032500 0.033228
0 0.669375 0.787975 0.033750 0.034810
0 0.835625 0.877373 0.033750 0.033228
0 0.352500 0.789557 0.022500 0.028481
0 0.490000 0.731013 0.022500 0.018987
0 0.491250 0.856013 0.022500 0.025316
0 0.491250 0.633703 0.020000 0.020570
0 0.116875 0.472310 0.033750 0.030063
0 0.350625 0.628956 0.021250 0.026899
0 0.489875 0.881835 0.024500 0.027753
0 0.350362 0.472579 0.019600 0.021646
0 0.349881 0.504866 0.020487 0.025585
0 0.350675 0.534193 0.017725 0.026772
0 0.350988 0.564715 0.018350 0.024019
0 0.349275 0.597191 0.019275 0.025206
0 0.324081 0.473172 0.018038 0.022041
0 0.323925 0.504082 0.015250 0.024019
0 0.502687 0.357025 0.030000 0.018354
0 0.503750 0.394446 0.031125 0.020728
0 0.501844 0.510277 0.034563 0.024604
0 0.502506 0.533592 0.031312 0.022563
0 0.502956 0.548513 0.032587 0.008196
0 0.491450 0.562191 0.021775 0.013782
0 0.489737 0.576756 0.024575 0.016930
0 0.490275 0.765269 0.021875 0.017247
0 0.489375 0.713608 0.018750 0.022152
0 0.489375 0.675633 0.021250 0.022152
0 0.490625 0.650316 0.018750 0.015823
0 0.283125 0.786392 0.033750 0.034810
0 0.724375 0.723101 0.031250 0.031646
0 0.614375 0.852057 0.033750 0.033228
0 0.668750 0.564082 0.030000 0.030063
0 0.779375 0.374209 0.036250 0.036392
0 0.283125 0.662184 0.036250 0.033228
0 0.447500 0.378165 0.035000 0.034810
0 0.559375 0.756329 0.031250 0.031646
0 0.391875 0.375791 0.033750 0.033228
0 0.556875 0.408228 0.033750 0.034810
0 0.723750 0.786392 0.035000 0.031646
0 0.393125 0.596519 0.033750 0.028481
0 0.446250 0.470728 0.032500 0.033228
0 0.612500 0.373418 0.032500 0.037975
0 0.779375 0.659019 0.031250 0.033228
0 0.282500 0.693038 0.035000 0.031646
0 0.723750 0.819620 0.032500 0.034810
0 0.393125 0.693829 0.036250 0.030063
0 0.393125 0.662975 0.033750 0.031646
0 0.392500 0.566456 0.035000 0.031646
0 0.779375 0.786392 0.033750 0.034810
0 0.558750 0.724684 0.032500 0.031646
0 0.283125 0.724684 0.033750 0.031646
0 0.780000 0.723892 0.032500 0.033228
0 0.779375 0.593354 0.031250 0.031646
0 0.669375 0.691456 0.033750 0.031646
0 0.393750 0.820411 0.035000 0.033228
0 0.780000 0.468354 0.032500 0.034810
0 0.725000 0.628956 0.032500 0.033228
0 0.558125 0.594937 0.033750 0.028481
0 0.558125 0.692247 0.033750 0.033228
0 0.779375 0.691456 0.033750 0.031646
0 0.779375 0.819620 0.033750 0.031646
0 0.393125 0.852848 0.033750 0.031646
0 0.351875 0.725475 0.026250 0.033228
0 0.226875 0.537184 0.031250 0.033228
0 0.834375 0.723892 0.036250 0.036392
0 0.392500 0.407437 0.032500 0.026899
0 0.325625 0.851266 0.021250 0.028481
0 0.447500 0.502373 0.032500 0.030063
0 0.613750 0.439082 0.035000 0.030063
0 0.172500 0.409810 0.032500 0.031646
0 0.614375 0.595728 0.031250 0.026899
0 0.325000 0.883703 0.025000 0.033228
0 0.447500 0.344937 0.032500 0.034810
0 0.556250 0.374209 0.035000 0.036392
0 0.613750 0.501582 0.035000 0.031646
0 0.613750 0.469937 0.035000 0.031646
0 0.890000 0.373418 0.032500 0.037975
0 0.171875 0.568829 0.031250 0.030063
0 0.227500 0.408228 0.035000 0.037975
0 0.172500 0.537184 0.030000 0.033228
0 0.780000 0.564082 0.032500 0.030063
0 0.669375 0.596519 0.028750 0.034810
0 0.116250 0.568038 0.037500 0.031646
0 0.490000 0.696203 0.020000 0.018987
0 0.669375 0.880538 0.031250 0.030063
0 0.117500 0.884494 0.035000 0.031646
0 0.668750 0.500791 0.030000 0.030063
0 0.723750 0.469937 0.035000 0.031646
0 0.505625 0.790269 0.033750 0.020411
0 0.504375 0.454351 0.033750 0.035285
0 0.502500 0.337579 0.035000 0.023259
0 0.505281 0.807919 0.032937 0.013782
0 0.723125 0.371835 0.033750 0.037975
0 0.558125 0.533228 0.031250 0.031646
0 0.393750 0.788766 0.035000 0.033228
0 0.559375 0.853639 0.031250 0.026899
0 0.614375 0.788766 0.033750 0.033228
0 0.117500 0.792959 0.035000 0.028956
0 0.500750 0.374288 0.033500 0.019146
0 0.118125 0.821756 0.036250 0.027373
0 0.835000 0.597389 0.032500 0.026741
0 0.228750 0.884494 0.037500 0.028481
0 0.491875 0.748576 0.023750 0.016139
0 0.559375 0.883070 0.033750 0.031329
0 0.503125 0.420886 0.033750 0.034810
0 0.394375 0.756329 0.036250 0.031646
0 0.393125 0.471519 0.033750 0.034810
0 0.669375 0.469146 0.033750 0.033228
0 0.228750 0.854272 0.035000 0.031329
0 0.118125 0.726820 0.033750 0.030538
0 0.171875 0.885364 0.036250 0.029905
0 0.118125 0.757911 0.033750 0.034810
0 0.118125 0.696313 0.033750 0.031487
0 0.615000 0.819620 0.035000 0.028481
0 0.668750 0.818196 0.035000 0.028165
0 0.613750 0.566456 0.032500 0.031646
0 0.391875 0.503165 0.031250 0.028481
0 0.613750 0.722310 0.035000 0.033228
0 0.725000 0.564873 0.032500 0.034810
0 0.669375 0.757911 0.033750 0.031646
0 0.779375 0.420886 0.033750 0.053797
0 0.325625 0.691456 0.021250 0.022152
0 0.890000 0.405063 0.032500 0.028481
0 0.172500 0.757911 0.035000 0.031646
0 0.228125 0.600475 0.033750 0.033228
0 0.227500 0.504747 0.030000 0.028481
0 0.835000 0.852848 0.035000 0.034810
0 0.118750 0.852057 0.035000 0.033228
0 0.115625 0.599684 0.033750 0.031646
0 0.171875 0.630538 0.033750 0.036392
0 0.171875 0.726266 0.033750 0.031646
0 0.890000 0.720728 0.032500 0.033228
0 0.283125 0.882911 0.033750 0.034810
0 0.282500 0.503956 0.027500 0.023734
0 0.228125 0.786392 0.036250 0.034810
0 0.173125 0.854430 0.036250 0.031646
0 0.669375 0.432753 0.031250 0.036392
0 0.835000 0.689082 0.035000 0.033228
0 0.171875 0.443038 0.031250 0.031646
0 0.668750 0.630538 0.032500 0.033228
0 0.834375 0.405063 0.031250 0.031646
0 0.228125 0.726266 0.033750 0.031646
0 0.558750 0.660601 0.032500 0.030063
0 0.835000 0.564873 0.032500 0.037975
0 0.669375 0.660601 0.033750 0.030063
0 0.835000 0.755538 0.035000 0.030063
0 0.352500 0.819620 0.022500 0.028481
0 0.171875 0.662975 0.036250 0.031646
0 0.325625 0.754747 0.021250 0.025316
0 0.351250 0.661392 0.022500 0.025316
0 0.379375 0.344937 0.023750 0.028481
0 0.325000 0.344937 0.022500 0.028481
0 0.891250 0.881329 0.035000 0.031646
0 0.282500 0.596519 0.032500 0.031646
0 0.116875 0.630538 0.036250 0.033228
0 0.446875 0.534019 0.031250 0.033228
0 0.172500 0.598892 0.030000 0.030063
0 0.724375 0.501582 0.036250 0.034810
0 0.325000 0.787184 0.020000 0.026899
0 0.890625 0.688291 0.033750 0.034810
0 0.228125 0.695411 0.033750 0.033228
0 0.281875 0.629747 0.033750 0.031646
0 0.891875 0.785601 0.031250 0.030063
0 0.116250 0.664557 0.035000 0.034810
0 0.350000 0.345728 0.025000 0.026899
0 0.227500 0.662975 0.032500 0.034810
0 0.724375 0.533228 0.033750 0.028481
0 0.171875 0.473892 0.033750 0.033228
0 0.173125 0.819620 0.036250 0.037975
0 0.447500 0.568038 0.030000 0.031646
0 0.890625 0.434335 0.033750 0.033228
0 0.669375 0.530063 0.031250 0.034810
0 0.353750 0.885285 0.022500 0.026899
0 0.890000 0.561709 0.032500 0.028481
0 0.891250 0.656646 0.035000 0.031646
0 0.834375 0.785601 0.036250 0.033228
0 0.226875 0.473892 0.031250 0.033228
0 0.228125 0.631329 0.036250 0.031646
0 0.325000 0.659810 0.022500 0.028481
0 0.833750 0.499209 0.032500 0.033228
0 0.352500 0.753956 0.022500 0.023734
0 0.557500 0.469146 0.032500 0.030063
0 0.171875 0.693829 0.036250 0.033228
0 0.324375 0.566456 0.021250 0.025316
0 0.834375 0.374209 0.031250 0.033228
0 0.724375 0.851266 0.031250 0.028481
0 0.353125 0.849684 0.021250 0.025316
0 0.835625 0.658228 0.033750 0.031646
0 0.447500 0.439873 0.032500 0.031646
0 0.324375 0.628956 0.021250 0.030063
0 0.724375 0.690665 0.031250 0.030063
0 0.336875 0.378956 0.033750 0.033228
0 0.172500 0.504747 0.032500 0.034810
0 0.116875 0.443829 0.036250 0.033228
0 0.323750 0.595728 0.020000 0.026899
0 0.890625 0.816456 0.033750 0.031646
0 0.890625 0.753956 0.033750 0.033228
0 0.228125 0.821203 0.033750 0.034810
0 0.325625 0.534019 0.021250 0.026899
0 0.281875 0.754747 0.033750 0.028481
0 0.558750 0.629747 0.032500 0.037975
0 0.282500 0.566456 0.032500 0.031646
0 0.723750 0.405063 0.032500 0.031646
0 0.353125 0.693829 0.023750 0.026899
0 0.834375 0.818038 0.036250 0.031646
0 0.227500 0.441456 0.032500 0.031646
0 0.891250 0.467563 0.032500 0.030063
0 0.669375 0.851266 0.033750 0.034810
0 0.613125 0.627373 0.033750 0.033228
0 0.891875 0.498418 0.031250 0.031646
0 0.281875 0.442247 0.031250 0.033228
0 0.723750 0.438291 0.032500 0.034810
0 0.780000 0.883703 0.035000 0.030063
0 0.116875 0.536392 0.036250 0.034810
0 0.337500 0.439082 0.035000 0.036392
0 0.325000 0.723892 0.022500 0.030063
0 0.614375 0.756329 0.031250 0.031646
0 0.614375 0.689873 0.036250 0.034810
0 0.891250 0.848892 0.035000 0.033228
0 0.613125 0.406646 0.033750 0.031646
0 0.226250 0.568829 0.032500 0.030063
0 0.833750 0.530063 0.035000 0.031646
0 0.559375 0.787975 0.031250 0.031646
0 0.281875 0.473101 0.031250 0.031646
0 0.556875 0.439873 0.033750 0.031646
0 0.325000 0.820411 0.022500 0.026899
0 0.668125 0.373418 0.033750 0.031646
0 0.891250 0.625791 0.032500 0.030063
0 0.447500 0.409810 0.032500 0.031646
0 0.392500 0.438291 0.030000 0.031646
0 0.614375 0.883703 0.033750 0.030063
0 0.780000 0.755538 0.032500 0.030063
0 0.836250 0.625791 0.035000 0.033228
0 0.835000 0.468354 0.032500 0.031646
0 0.890000 0.592563 0.035000 0.036392
0 0.558125 0.501582 0.028750 0.034810
0 0.725000 0.660601 0.032500 0.033228
0 0.115625 0.409810 0.033750 0.037975
0 0.780000 0.852057 0.032500 0.033228
0 0.834375 0.436709 0.033750 0.031646
0 0.281875 0.406646 0.036250 0.034810
0 0.779375 0.500000 0.033750 0.031646
0 0.890625 0.530063 0.031250 0.031646
0 0.724375 0.881329 0.033750 0.034810
0 0.393125 0.885285 0.036250 0.033228
0 0.393125 0.723892 0.036250 0.033228
0 0.668750 0.723892 0.035000 0.033228
0 0.613750 0.533228 0.035000 0.031646
0 0.392500 0.535601 0.035000 0.033228
0 0.779375 0.625791 0.031250 0.033228
0 0.725000 0.596519 0.032500 0.031646
0 0.393125 0.630538 0.033750 0.036392
0 0.559375 0.821994 0.033750 0.036392
0 0.283125 0.822785 0.033750 0.034810
0 0.281875 0.534810 0.033750 0.034810
0 0.779375 0.532437 0.033750 0.033228
0 0.557500 0.565665 0.032500 0.033228
0 0.724375 0.754747 0.033750 0.034810
