0 0.294114 0.374802 0.036436 0.038075
0 0.806293 0.819018 0.039102 0.038118
0 0.180413 0.519082 0.036381 0.033389
0 0.500863 0.255460 0.033751 0.036470
0 0.811389 0.383902 0.036417 0.036513
0 0.645703 0.526564 0.036417 0.036513
0 0.541405 0.380343 0.035066 0.034929
0 0.539301 0.560013 0.035030 0.031805
0 0.697164 0.743818 0.035066 0.034929
0 0.178106 0.772975 0.037805 0.041222
0 0.644247 0.707808 0.035085 0.036491
0 0.807291 0.676833 0.037732 0.034972
0 0.807556 0.711215 0.036399 0.034951
0 0.182588 0.447235 0.039121 0.039680
0 0.591121 0.632728 0.036399 0.034951
0 0.127044 0.293983 0.039102 0.038118
0 0.233250 0.846524 0.040454 0.039702
0 0.295209 0.338098 0.037750 0.036534
0 0.809248 0.566698 0.036381 0.033389
0 0.457642 0.302425 0.033806 0.041157
0 0.293920 0.448243 0.037732 0.034972
0 0.757385 0.383816 0.035066 0.034929
0 0.542493 0.344419 0.036436 0.038075
0 0.703801 0.347794 0.036454 0.039637
0 0.352906 0.193700 0.040490 0.042827
0 0.232829 0.882459 0.037714 0.033410
0 0.296736 0.264678 0.036417 0.036513
0 0.589567 0.708491 0.037750 0.036534
0 0.233838 0.739493 0.036436 0.038075
0 0.806047 0.783073 0.037732 0.034972
0 0.534758 0.777148 0.036436 0.038075
0 0.455932 0.448506 0.036454 0.039637
0 0.120156 0.882209 0.036454 0.039637
0 0.536460 0.631849 0.036436 0.038075
0 0.294340 0.412310 0.037769 0.038097
0 0.750097 0.892340 0.037750 0.036534
0 0.863910 0.567577 0.036381 0.033389
0 0.177228 0.847967 0.040435 0.038140
0 0.699759 0.636037 0.035030 0.031805
0 0.456353 0.412571 0.033677 0.030220
0 0.348554 0.451466 0.035121 0.039616
0 0.752738 0.780654 0.032399 0.034886
0 0.640773 0.890581 0.037750 0.036534
0 0.297221 0.223275 0.039139 0.041243
0 0.641221 0.852304 0.037769 0.038097
0 0.455976 0.558673 0.031030 0.031740
0 0.812916 0.310483 0.035121 0.039616
0 0.177667 0.810471 0.040435 0.038140
0 0.808361 0.642472 0.036399 0.034951
0 0.238146 0.371558 0.033714 0.033346
0 0.752491 0.744708 0.033732 0.034908
0 0.348133 0.487401 0.032381 0.033324
0 0.803443 0.891635 0.040417 0.036577
0 0.501128 0.289842 0.032381 0.033324
0 0.587921 0.849103 0.037750 0.036534
0 0.239242 0.334853 0.037769 0.038097
0 0.501025 0.412508 0.026957 0.025426
0 0.304192 0.482006 0.027012 0.030113
0 0.453205 0.738332 0.035030 0.031805
0 0.863068 0.639445 0.039157 0.042806
0 0.350503 0.228039 0.041604 0.024100
0 0.500870 0.368752 0.030920 0.022366
0 0.501290 0.389854 0.024236 0.020697
0 0.501766 0.349233 0.029605 0.023907
0 0.536020 0.669345 0.036399 0.034951
0 0.867549 0.313705 0.037769 0.038097
0 0.810766 0.494060 0.032436 0.038011
0 0.232996 0.811361 0.039066 0.034994
0 0.650062 0.382090 0.036399 0.034951
0 0.123420 0.660366 0.037750 0.036534
0 0.453607 0.703961 0.035103 0.038054
0 0.593216 0.453839 0.036454 0.039637
0 0.235769 0.517628 0.035066 0.034929
0 0.178036 0.665150 0.037732 0.034972
0 0.648307 0.418002 0.036436 0.038075
0 0.539731 0.523297 0.037787 0.039659
0 0.238382 0.408284 0.037769 0.038097
0 0.537547 0.595926 0.037769 0.038097
0 0.645949 0.562509 0.035085 0.036491
0 0.236662 0.555146 0.037769 0.038097
0 0.594312 0.417134 0.035066 0.034929
0 0.699935 0.564158 0.036399 0.034951
0 0.757192 0.457257 0.036399 0.034951
0 0.595620 0.305425 0.037787 0.039659
0 0.647456 0.490651 0.036417 0.036513
0 0.702951 0.420443 0.036399 0.034951
0 0.406323 0.300819 0.040490 0.042827
0 0.291982 0.556816 0.041750 0.036598
0 0.756762 0.493972 0.033751 0.036470
0 0.702100 0.493093 0.036417 0.036513
0 0.351407 0.264776 0.039139 0.041243
0 0.756332 0.530688 0.036399 0.034951
0 0.752658 0.673610 0.037750 0.036534
0 0.542959 0.304578 0.036454 0.039637
0 0.754832 0.601763 0.037750 0.036534
0 0.700171 0.600884 0.035085 0.036491
0 0.755244 0.566611 0.037769 0.038097
0 0.240742 0.263778 0.039084 0.036555
0 0.346398 0.521751 0.035048 0.033367
0 0.807135 0.747150 0.036436 0.038075
0 0.242296 0.188015 0.040435 0.038140
0 0.864978 0.533216 0.037750 0.036534
0 0.860718 0.783171 0.035011 0.030242
0 0.455702 0.525071 0.035085 0.036491
0 0.183878 0.337088 0.039102 0.038118
0 0.587665 0.813939 0.039102 0.038118
0 0.501960 0.218755 0.029660 0.028594
0 0.288508 0.739591 0.036381 0.033389
0 0.866935 0.423080 0.036363 0.031826
0 0.643160 0.743731 0.036417 0.036513
0 0.860297 0.819105 0.037787 0.039659
0 0.176564 0.733883 0.033732 0.034908
0 0.860516 0.857393 0.039102 0.038118
0 0.120604 0.843932 0.036399 0.034951
0 0.532838 0.884158 0.037750 0.036534
0 0.587481 0.886599 0.037714 0.033410
0 0.588068 0.779567 0.036363 0.031826
0 0.861542 0.712865 0.035085 0.036491
0 0.697252 0.850080 0.035066 0.034929
0 0.288919 0.704437 0.039139 0.041243
0 0.502290 0.190633 0.026994 0.028551
0 0.121043 0.806435 0.036436 0.038075
0 0.121446 0.772063 0.036363 0.031826
0 0.179142 0.627665 0.036436 0.038075
0 0.649825 0.345364 0.037787 0.039659
0 0.287949 0.844279 0.040380 0.033453
0 0.805206 0.854941 0.037732 0.034972
0 0.645107 0.634377 0.035085 0.036491
0 0.860435 0.750351 0.039121 0.039680
0 0.533250 0.849005 0.037732 0.034972
0 0.290044 0.665389 0.040435 0.038140
0 0.288351 0.809907 0.037750 0.036534
0 0.867110 0.351202 0.037769 0.038097
0 0.811853 0.458136 0.031030 0.031740
0 0.534995 0.813873 0.037714 0.033410
0 0.697428 0.778201 0.031030 0.031740
0 0.123963 0.443167 0.039084 0.036555
0 0.241181 0.226281 0.036417 0.036513
0 0.812467 0.348760 0.035030 0.031805
0 0.642739 0.779666 0.036417 0.036513
0 0.126166 0.368976 0.039102 0.038118
0 0.290464 0.629455 0.037769 0.038097
0 0.125727 0.406473 0.039066 0.034994
0 0.452143 0.885986 0.036454 0.039637
0 0.177438 0.887038 0.036436 0.038075
0 0.451460 0.773464 0.035085 0.036491
0 0.287510 0.881775 0.040454 0.039702
0 0.123165 0.625202 0.036399 0.034951
0 0.865875 0.456660 0.037750 0.036534
0 0.235146 0.627784 0.033714 0.033346
0 0.451906 0.849260 0.037732 0.034972
0 0.589137 0.745206 0.035103 0.038054
0 0.121190 0.736900 0.037787 0.039659
0 0.858743 0.894868 0.041768 0.038161
0 0.696166 0.886003 0.039066 0.034994
0 0.454458 0.631311 0.037750 0.036534
0 0.126605 0.331480 0.039102 0.038118
0 0.122701 0.550969 0.036381 0.033389
0 0.458519 0.341505 0.033732 0.034908
0 0.863517 0.601168 0.036363 0.031826
0 0.287448 0.773171 0.040399 0.035015
0 0.861962 0.676931 0.037714 0.033410
0 0.697007 0.814135 0.036436 0.038075
0 0.749850 0.856395 0.036381 0.033389
0 0.643660 0.814840 0.036399 0.034951
0 0.535188 0.740432 0.036417 0.036513
0 0.240997 0.298941 0.037732 0.034972
0 0.346652 0.556914 0.036399 0.034951
0 0.124209 0.479111 0.040417 0.036577
0 0.866014 0.387906 0.039084 0.036555
0 0.455465 0.488346 0.036436 0.038075
0 0.645528 0.598443 0.035085 0.036491
0 0.451012 0.811742 0.035103 0.038054
0 0.703362 0.385290 0.033751 0.036470
0 0.753736 0.638468 0.033732 0.034908
0 0.177624 0.700304 0.035048 0.033367
0 0.294983 0.300590 0.039084 0.036555
0 0.290218 0.593510 0.039102 0.038118
0 0.293115 0.516987 0.037805 0.041222
0 0.183457 0.373023 0.036399 0.034951
0 0.809669 0.530763 0.036417 0.036513
0 0.648544 0.454728 0.035085 0.036491
0 0.758263 0.308823 0.037769 0.038097
0 0.592393 0.524144 0.033714 0.033346
0 0.592786 0.490554 0.033696 0.031783
0 0.183027 0.409738 0.036417 0.036513
0 0.541221 0.453002 0.036417 0.036513
0 0.236601 0.446540 0.035085 0.036491
0 0.536267 0.705291 0.037769 0.038097
0 0.704926 0.308746 0.032454 0.039573
0 0.123770 0.516608 0.040417 0.036577
0 0.233628 0.700424 0.037769 0.038097
0 0.591981 0.559298 0.036436 0.038075
0 0.122271 0.587684 0.036399 0.034951
0 0.236180 0.482475 0.035085 0.036491
0 0.454230 0.593804 0.036417 0.036513
0 0.453370 0.667235 0.036417 0.036513
0 0.811598 0.422972 0.035085 0.036491
0 0.122306 0.698633 0.039102 0.038118
0 0.650977 0.303972 0.036472 0.041200
0 0.349232 0.336622 0.036436 0.038075
0 0.233417 0.775426 0.036436 0.038075
0 0.345792 0.630345 0.036436 0.038075
0 0.753552 0.711128 0.035048 0.033367
0 0.589533 0.597543 0.035085 0.036491
0 0.590015 0.670214 0.037805 0.041222
0 0.808818 0.603413 0.039139 0.041243
0 0.185020 0.296479 0.037805 0.041222
0 0.350793 0.374152 0.037769 0.038097
0 0.701021 0.528235 0.035066 0.034929
0 0.595830 0.344495 0.036417 0.036513
0 0.180825 0.483929 0.036399 0.034951
0 0.233400 0.662916 0.036399 0.034951
0 0.540152 0.487363 0.037714 0.033410
0 0.759148 0.347122 0.037787 0.039659
0 0.350968 0.302273 0.033696 0.031783
0 0.348335 0.413178 0.039102 0.038118
0 0.750956 0.818909 0.037787 0.039659
0 0.234891 0.592621 0.035066 0.034929
0 0.457431 0.377429 0.035103 0.038054
0 0.180668 0.554245 0.037732 0.034972
0 0.594733 0.381200 0.035066 0.034929
0 0.540975 0.417057 0.037750 0.036534
0 0.346231 0.592849 0.039102 0.038118
0 0.702530 0.456378 0.033732 0.034908
0 0.698260 0.707114 0.033751 0.036470
0 0.756288 0.420520 0.036417 0.036513
0 0.865427 0.494939 0.037769 0.038097
0 0.644686 0.670312 0.037750 0.036534
0 0.700023 0.670420 0.036399 0.034951
0 0.179581 0.590169 0.036436 0.038075
