0 0.561238 0.648607 0.031171 0.037615
0 0.685122 0.746271 0.029623 0.035811
0 0.794595 0.659262 0.040827 0.042590
0 0.564817 0.797851 0.032015 0.034827
0 0.566437 0.610195 0.030326 0.040404
0 0.365872 0.385195 0.039047 0.039254
0 0.695549 0.934855 0.043219 0.041606
0 0.283338 0.552851 0.039047 0.039254
0 0.678611 0.784410 0.031405 0.039147
0 0.427619 0.694255 0.041062 0.044121
0 0.680114 0.597520 0.031171 0.037615
0 0.443826 0.583884 0.039281 0.040786
0 0.157645 0.639644 0.042374 0.044394
0 0.158027 0.265316 0.041905 0.041332
0 0.869773 0.526410 0.042140 0.042863
0 0.533412 0.826069 0.032483 0.037888
0 0.511437 0.708541 0.036655 0.040240
0 0.300741 0.443520 0.040125 0.037997
0 0.316450 0.708242 0.039047 0.039254
0 0.206731 0.686195 0.037499 0.037450
0 0.880007 0.455081 0.040593 0.041059
0 0.361140 0.420545 0.041296 0.045652
0 0.673762 0.820526 0.032483 0.037888
0 0.581213 0.690679 0.032483 0.037888
0 0.572757 0.312143 0.037968 0.040513
0 0.685223 0.378204 0.034030 0.039693
0 0.665249 0.336132 0.029623 0.035811
0 0.701476 0.900544 0.039515 0.042317
0 0.827738 0.442622 0.040593 0.041059
0 0.327225 0.637814 0.039047 0.039254
0 0.246034 0.433713 0.041437 0.038270
0 0.705667 0.864291 0.039281 0.040786
0 0.667483 0.410057 0.040359 0.039528
0 0.383931 0.276000 0.041905 0.041332
0 0.549807 0.718897 0.029858 0.037342
0 0.692040 0.342499 0.031171 0.037615
0 0.608163 0.434835 0.037499 0.037450
0 0.416727 0.765448 0.040827 0.042590
0 0.191561 0.422375 0.040125 0.037997
0 0.830469 0.778893 0.040827 0.042590
0 0.421458 0.730098 0.042140 0.042863
0 0.370455 0.722641 0.037733 0.038981
0 0.603464 0.545231 0.032015 0.034827
0 0.150788 0.299354 0.040827 0.042590
0 0.566901 0.350418 0.034875 0.036904
0 0.228982 0.540747 0.040125 0.037997
0 0.853377 0.633582 0.042140 0.042863
0 0.140944 0.744382 0.041296 0.045652
0 0.858764 0.598368 0.042608 0.045925
0 0.593655 0.874942 0.037265 0.035919
0 0.113524 0.556211 0.042374 0.044394
0 0.297852 0.816535 0.040827 0.042590
0 0.135440 0.780362 0.040593 0.041059
0 0.784695 0.360993 0.040593 0.041059
0 0.096355 0.664012 0.041296 0.045652
0 0.213696 0.277692 0.040827 0.042590
0 0.599229 0.842928 0.039047 0.039254
0 0.842368 0.705540 0.039047 0.039254
0 0.538799 0.790856 0.032952 0.040951
0 0.107903 0.592956 0.042374 0.044394
0 0.537007 0.258098 0.036421 0.038708
0 0.886051 0.420004 0.042374 0.044394
0 0.208308 0.312906 0.037733 0.038981
0 0.184596 0.830877 0.040827 0.042590
0 0.378544 0.311214 0.036655 0.040240
0 0.463137 0.771948 0.026296 0.030672
0 0.250617 0.771158 0.043687 0.044667
0 0.222939 0.575824 0.042842 0.047456
0 0.802878 0.954824 0.039515 0.042317
0 0.390091 0.240158 0.038954 0.030342
0 0.481291 0.887890 0.040266 0.030615
0 0.508994 0.432362 0.031171 0.037615
0 0.579223 0.278733 0.036094 0.028264
0 0.532206 0.289484 0.036187 0.037177
0 0.714905 0.458632 0.042374 0.044394
0 0.633028 0.626424 0.041062 0.044121
0 0.419687 0.396396 0.042608 0.045925
0 0.482849 0.337662 0.039749 0.043848
0 0.611581 0.399212 0.042374 0.044394
0 0.540485 0.239967 0.031485 0.011756
0 0.294213 0.854482 0.043105 0.047510
0 0.561397 0.386397 0.041296 0.045652
0 0.239327 0.844954 0.038998 0.047249
0 0.522123 0.364242 0.037897 0.048354
0 0.515552 0.398340 0.033608 0.036937
0 0.746939 0.612219 0.041905 0.041332
0 0.375959 0.686663 0.041062 0.044121
0 0.587372 0.654836 0.034498 0.042755
0 0.398984 0.540586 0.042140 0.042863
0 0.644811 0.553837 0.042608 0.045925
0 0.202453 0.351182 0.044390 0.049261
0 0.651088 0.517229 0.040359 0.039528
0 0.622254 0.696851 0.038436 0.043575
0 0.555541 0.424672 0.040827 0.042590
0 0.332072 0.601699 0.041062 0.044121
0 0.768183 0.468930 0.040827 0.042590
0 0.174275 0.530941 0.042374 0.044394
0 0.751131 0.575966 0.039515 0.042317
0 0.311749 0.371561 0.041062 0.044121
0 0.699971 0.640358 0.032718 0.039420
0 0.624793 0.326132 0.041062 0.044121
0 0.706483 0.602218 0.031405 0.039147
0 0.655163 0.481742 0.040359 0.039528
0 0.756753 0.539221 0.039515 0.042317
0 0.498530 0.784054 0.039515 0.042317
0 0.719871 0.421751 0.040593 0.041059
0 0.806495 0.585910 0.039515 0.042317
0 0.604851 0.806183 0.036890 0.041771
0 0.212235 0.650216 0.041296 0.045652
0 0.470996 0.406286 0.039749 0.043848
0 0.516285 0.672425 0.038202 0.042044
0 0.288725 0.517637 0.042140 0.042863
0 0.589041 0.909527 0.039749 0.043848
0 0.533642 0.567824 0.040593 0.041059
0 0.730004 0.718488 0.040827 0.042590
0 0.593650 0.618228 0.032718 0.039420
0 0.408796 0.467589 0.042374 0.044394
0 0.611012 0.770340 0.037968 0.040513
0 0.437091 0.287065 0.041062 0.044121
0 0.618515 0.362740 0.041905 0.041332
0 0.660667 0.445763 0.043219 0.041606
0 0.343972 0.528347 0.041905 0.041332
0 0.731886 0.347632 0.039515 0.042317
0 0.576364 0.726795 0.034030 0.039693
0 0.505582 0.746817 0.042374 0.044394
0 0.391510 0.576156 0.040593 0.041059
0 0.465257 0.443795 0.039515 0.042317
0 0.637759 0.591074 0.039281 0.040786
0 0.439284 0.622433 0.042374 0.044394
0 0.386006 0.612134 0.040827 0.042590
0 0.560859 0.832572 0.032718 0.039420
0 0.489360 0.299523 0.037968 0.040513
0 0.262241 0.323342 0.041062 0.044121
0 0.718527 0.793508 0.040827 0.042590
0 0.783587 0.731220 0.040827 0.042590
0 0.774343 0.433088 0.041905 0.041332
0 0.608851 0.510017 0.032952 0.040951
0 0.260430 0.698162 0.040359 0.039528
0 0.200031 0.721135 0.040593 0.041059
0 0.724922 0.756135 0.039281 0.040786
0 0.875277 0.490431 0.041905 0.041332
0 0.521672 0.637212 0.038954 0.030342
0 0.277717 0.589595 0.042140 0.042863
0 0.809460 0.920650 0.042374 0.044394
0 0.726031 0.385908 0.039983 0.045379
0 0.405953 0.835875 0.040827 0.042590
0 0.543589 0.223923 0.035718 0.034115
0 0.711636 0.568536 0.030468 0.033023
0 0.669223 0.668712 0.031405 0.039147
0 0.139194 0.375140 0.043219 0.041606
0 0.085581 0.734439 0.039890 0.036466
0 0.244996 0.807903 0.040125 0.037997
0 0.125118 0.480425 0.041671 0.039801
0 0.548040 0.194834 0.035718 0.034115
0 0.686579 0.564110 0.028077 0.034007
0 0.074455 0.807163 0.042750 0.038543
0 0.323297 0.300504 0.039515 0.042317
0 0.188671 0.795390 0.040827 0.042590
0 0.136010 0.409233 0.041437 0.038270
0 0.750256 0.944662 0.041905 0.041332
0 0.815199 0.883139 0.042140 0.042863
0 0.268168 0.289030 0.039047 0.039254
0 0.582716 0.503788 0.030092 0.038874
0 0.129849 0.445075 0.043453 0.043137
0 0.645776 0.813122 0.031171 0.037615
0 0.614472 0.473273 0.032015 0.034827
0 0.102516 0.628170 0.041905 0.041332
0 0.755643 0.909448 0.041905 0.041332
0 0.080733 0.770555 0.042842 0.047456
0 0.303356 0.780555 0.038436 0.043575
0 0.486866 0.855876 0.037733 0.038981
0 0.219012 0.238515 0.039281 0.040786
0 0.660636 0.370717 0.028545 0.037069
0 0.090195 0.699854 0.041905 0.041332
0 0.401105 0.871991 0.039749 0.043848
0 0.667954 0.854072 0.031171 0.037615
0 0.168231 0.566017 0.037968 0.040513
0 0.629381 0.920293 0.033795 0.038161
0 0.656523 0.924362 0.032483 0.037888
0 0.146448 0.708403 0.040125 0.037997
0 0.196949 0.387161 0.037499 0.037450
0 0.833125 0.407408 0.040593 0.041059
0 0.779308 0.396207 0.041062 0.044121
0 0.820469 0.848691 0.041905 0.041332
0 0.306128 0.408306 0.040593 0.041059
0 0.599928 0.581621 0.030937 0.036084
0 0.661793 0.889915 0.032249 0.036358
0 0.734853 0.682372 0.038812 0.037724
0 0.673953 0.633362 0.030092 0.038874
0 0.634651 0.885845 0.031405 0.039147
0 0.825856 0.813477 0.042374 0.044394
0 0.449635 0.550339 0.037499 0.037450
0 0.640928 0.849237 0.035343 0.039967
0 0.145589 0.337767 0.042608 0.045925
0 0.695896 0.675844 0.032249 0.036358
0 0.767191 0.838393 0.040359 0.039528
0 0.193870 0.756978 0.042608 0.045925
0 0.839286 0.371566 0.039983 0.045379
0 0.589532 0.468082 0.026765 0.033734
0 0.411645 0.803094 0.039281 0.040786
0 0.577094 0.540533 0.029623 0.035811
0 0.455023 0.515125 0.037968 0.040513
0 0.185635 0.456686 0.036421 0.038708
0 0.891672 0.383259 0.042374 0.044394
0 0.658097 0.741436 0.033795 0.038161
0 0.704482 0.526763 0.039047 0.039254
0 0.372031 0.349353 0.037968 0.040513
0 0.800873 0.622654 0.039515 0.042317
0 0.119614 0.516404 0.042374 0.044394
0 0.554421 0.684312 0.031405 0.039147
0 0.627641 0.661637 0.037968 0.040513
0 0.778083 0.767199 0.041062 0.044121
0 0.760609 0.872567 0.043687 0.044667
0 0.239990 0.468790 0.040593 0.041059
0 0.431892 0.325477 0.041905 0.041332
0 0.711828 0.828449 0.040827 0.042590
0 0.689736 0.711687 0.031171 0.037615
0 0.129702 0.817871 0.043921 0.046198
0 0.572598 0.574352 0.031405 0.039147
0 0.662827 0.706086 0.032952 0.040951
0 0.251538 0.397733 0.042140 0.042863
0 0.493026 0.820033 0.042374 0.044394
0 0.571634 0.762144 0.032718 0.039420
0 0.310407 0.743319 0.040827 0.042590
0 0.348819 0.492230 0.040827 0.042590
0 0.864925 0.562526 0.040593 0.041059
0 0.477462 0.372876 0.036187 0.037177
0 0.274024 0.250755 0.040452 0.048441
0 0.381041 0.649016 0.039515 0.042317
0 0.163765 0.227806 0.043077 0.048988
0 0.234369 0.505534 0.041530 0.047183
0 0.180553 0.494333 0.037968 0.040513
0 0.162844 0.601231 0.041062 0.044121
0 0.365373 0.760288 0.042842 0.047456
0 0.433006 0.659041 0.040593 0.041059
0 0.526286 0.602627 0.039281 0.040786
0 0.151367 0.676252 0.043687 0.044667
0 0.543994 0.495729 0.038812 0.037724
0 0.836325 0.740618 0.041296 0.045652
0 0.459870 0.479009 0.039047 0.039254
0 0.739349 0.648554 0.038436 0.043575
0 0.216966 0.614866 0.039047 0.039254
0 0.321955 0.672262 0.039281 0.040786
0 0.255700 0.733512 0.042140 0.042863
0 0.789208 0.694476 0.040827 0.042590
0 0.821577 0.478464 0.039515 0.042317
0 0.815300 0.515072 0.038202 0.042044
0 0.652475 0.778181 0.034264 0.041224
0 0.294581 0.479362 0.042608 0.045925
0 0.615321 0.733322 0.038436 0.043575
0 0.708980 0.492943 0.040359 0.039528
0 0.256503 0.360852 0.040827 0.042590
0 0.318027 0.334953 0.039281 0.040786
0 0.539146 0.531844 0.040827 0.042590
0 0.544303 0.754876 0.032718 0.039420
0 0.549147 0.462046 0.039749 0.043848
0 0.413410 0.433004 0.040359 0.039528
0 0.355519 0.457290 0.040827 0.042590
0 0.337928 0.563423 0.040593 0.041059
0 0.811765 0.551462 0.041905 0.041332
0 0.403175 0.504334 0.041905 0.041332
0 0.762912 0.503379 0.040593 0.041059
0 0.847873 0.669561 0.042374 0.044394
0 0.772461 0.803944 0.043687 0.044667
0 0.272095 0.626340 0.042140 0.042863
0 0.329036 0.262995 0.039749 0.043848
0 0.425426 0.358886 0.039281 0.040786
0 0.266474 0.663085 0.042140 0.042863
