0 0.405436 0.397987 0.036602 0.048611
0 0.903767 0.653344 0.040202 0.039587
0 0.334417 0.634431 0.037185 0.029358
0 0.310253 0.296692 0.035364 0.046773
0 0.516506 0.347560 0.043375 0.038552
0 0.528310 0.184288 0.044613 0.040391
0 0.906395 0.614753 0.040046 0.050852
0 0.525257 0.214489 0.049722 0.036482
0 0.423873 0.818640 0.037163 0.042261
0 0.502757 0.500502 0.041575 0.043065
0 0.531082 0.150712 0.046954 0.042430
0 0.520814 0.281844 0.043375 0.038552
0 0.908741 0.572786 0.037434 0.045536
0 0.420142 0.857030 0.038943 0.050651
0 0.193408 0.444157 0.038808 0.049013
0 0.717688 0.371734 0.036872 0.051888
0 0.160057 0.224448 0.036196 0.043698
0 0.519212 0.314802 0.043646 0.041828
0 0.117046 0.128499 0.037840 0.050450
0 0.402190 0.437297 0.035520 0.035508
0 0.572585 0.427601 0.028477 0.042292
0 0.579998 0.805514 0.036331 0.045336
0 0.208027 0.273917 0.037434 0.045536
0 0.211273 0.234607 0.037704 0.048812
0 0.915784 0.494268 0.036061 0.042060
0 0.569693 0.164394 0.026270 0.041890
0 0.416423 0.902071 0.039079 0.052289
0 0.412267 0.315273 0.036196 0.043698
0 0.582209 0.765184 0.034261 0.046572
0 0.227852 0.657416 0.037569 0.047174
0 0.215408 0.191304 0.036737 0.050249
0 0.426150 0.777492 0.037704 0.048812
0 0.513317 0.379399 0.047089 0.044069
0 0.732441 0.199856 0.037975 0.052088
0 0.189679 0.482547 0.039776 0.047576
0 0.921579 0.410534 0.036331 0.045336
0 0.164058 0.182782 0.037975 0.052088
0 0.664543 0.405281 0.036602 0.048611
0 0.577100 0.847380 0.037840 0.050450
0 0.714307 0.412681 0.036331 0.045336
0 0.573584 0.889965 0.037569 0.047174
0 0.551288 0.380495 0.022962 0.041287
0 0.187468 0.522876 0.039640 0.045938
0 0.523587 0.248267 0.046257 0.047144
0 0.586142 0.724338 0.037840 0.050450
0 0.566254 0.212812 0.027238 0.040453
0 0.168745 0.139578 0.035364 0.046773
0 0.928612 0.325364 0.036331 0.045336
0 0.231852 0.615749 0.036602 0.048611
0 0.595869 0.599757 0.036196 0.043698
0 0.429048 0.735625 0.036466 0.046973
0 0.318613 0.839368 0.038538 0.045738
0 0.912538 0.533577 0.036602 0.048611
0 0.249378 0.410295 0.035093 0.043497
0 0.183534 0.563723 0.038808 0.049013
0 0.109742 0.216946 0.040046 0.050852
0 0.364849 0.265905 0.036602 0.048611
0 0.579348 0.345706 0.026000 0.038614
0 0.590209 0.681852 0.038673 0.047375
0 0.322477 0.799340 0.037569 0.047174
0 0.245647 0.448685 0.038538 0.045738
0 0.114014 0.172004 0.038808 0.049013
0 0.235368 0.573164 0.038808 0.049013
0 0.313285 0.253188 0.034396 0.048209
0 0.593591 0.640905 0.038943 0.050651
0 0.869813 0.400274 0.036466 0.046973
0 0.667508 0.362594 0.037975 0.052088
0 0.562119 0.256117 0.026000 0.038614
0 0.819295 0.395229 0.035499 0.048410
0 0.242334 0.488813 0.038943 0.050651
0 0.325173 0.759931 0.036196 0.043698
0 0.876846 0.315104 0.037008 0.053525
0 0.925580 0.368868 0.037840 0.050450
0 0.769522 0.381175 0.038808 0.049013
0 0.433048 0.693958 0.035499 0.048410
0 0.223196 0.103777 0.040181 0.052490
0 0.932681 0.282879 0.037975 0.052088
0 0.721070 0.330787 0.038808 0.049013
0 0.172532 0.093718 0.038110 0.053726
0 0.815846 0.436995 0.035364 0.046773
0 0.834387 0.219256 0.039484 0.057203
0 0.153644 0.308899 0.035229 0.045135
0 0.179129 0.610303 0.038110 0.053726
0 0.225021 0.698463 0.041149 0.051052
0 0.369120 0.220964 0.037840 0.050450
0 0.218306 0.149436 0.037704 0.048812
0 0.724102 0.287283 0.037569 0.047174
0 0.149226 0.348827 0.037840 0.050450
0 0.358290 0.345343 0.036196 0.043698
0 0.728103 0.245617 0.038808 0.049013
0 0.582932 0.302302 0.026406 0.043528
0 0.570135 0.931732 0.039911 0.049214
0 0.436294 0.654650 0.035229 0.045135
0 0.660475 0.447765 0.035499 0.048410
0 0.201061 0.358268 0.037569 0.047174
0 0.873195 0.359326 0.036466 0.046973
0 0.712028 0.453830 0.036602 0.048611
0 0.603735 0.518063 0.038673 0.047375
0 0.306872 0.337640 0.035093 0.043497
0 0.936536 0.236199 0.040317 0.054128
0 0.826599 0.306783 0.037704 0.048812
0 0.157228 0.265495 0.040046 0.050852
0 0.238750 0.532217 0.038808 0.049013
0 0.399495 0.476707 0.037975 0.052088
0 0.558050 0.298601 0.024897 0.038413
0 0.766073 0.422942 0.038943 0.050651
0 0.575899 0.387472 0.025865 0.036976
0 0.478302 0.152736 0.037008 0.053525
0 0.314341 0.884310 0.040317 0.054128
0 0.617125 0.355912 0.036466 0.046973
0 0.549758 0.548133 0.036466 0.046973
0 0.273859 0.113836 0.038110 0.053726
0 0.554737 0.338729 0.025032 0.040051
0 0.830048 0.265017 0.037569 0.047174
0 0.772071 0.336752 0.039079 0.052289
0 0.121385 0.082738 0.039214 0.053927
0 0.261384 0.244566 0.036466 0.046973
0 0.631530 0.181476 0.039349 0.055565
0 0.302871 0.379306 0.036872 0.051888
0 0.395022 0.524105 0.036872 0.051888
0 0.918682 0.452401 0.037840 0.050450
0 0.344629 0.510770 0.038402 0.044100
0 0.450023 0.488404 0.037299 0.043899
0 0.600286 0.559829 0.041014 0.049415
0 0.255792 0.325842 0.038808 0.049013
0 0.670338 0.321547 0.036331 0.045336
0 0.446641 0.529351 0.037840 0.050450
0 0.270072 0.159696 0.037840 0.050450
0 0.543344 0.632584 0.037704 0.048812
0 0.258070 0.284694 0.038808 0.049013
0 0.372636 0.178378 0.037569 0.047174
0 0.331722 0.673840 0.035770 0.051687
0 0.252275 0.368427 0.039079 0.052289
0 0.378146 0.132000 0.036872 0.051888
0 0.613811 0.396040 0.036331 0.045336
0 0.265453 0.202081 0.037840 0.050450
0 0.442709 0.570198 0.036466 0.046973
0 0.204510 0.316502 0.037975 0.052088
0 0.409504 0.355502 0.037434 0.045536
0 0.867332 0.443879 0.039079 0.052289
0 0.464720 0.323996 0.034958 0.041859
0 0.822879 0.351824 0.037840 0.050450
0 0.361536 0.306033 0.036466 0.046973
0 0.506196 0.452084 0.045560 0.051856
0 0.546861 0.589999 0.037704 0.048812
0 0.196441 0.400653 0.037569 0.047174
0 0.472033 0.242202 0.034126 0.044934
0 0.439811 0.612064 0.037704 0.048812
0 0.475550 0.199617 0.036602 0.048611
0 0.607116 0.477116 0.036466 0.046973
0 0.341934 0.550180 0.037569 0.047174
0 0.627810 0.226519 0.038673 0.047375
0 0.457270 0.407429 0.034126 0.044934
0 0.328554 0.718983 0.038943 0.050651
0 0.611117 0.435450 0.037434 0.045536
0 0.416818 0.273708 0.036872 0.051888
0 0.337596 0.595940 0.041419 0.054329
0 0.673854 0.278962 0.039079 0.052289
0 0.354356 0.386189 0.037840 0.050450
0 0.351392 0.428876 0.036466 0.046973
0 0.553139 0.507185 0.036466 0.046973
0 0.557140 0.465520 0.037704 0.048812
0 0.624226 0.269922 0.039079 0.052289
0 0.347943 0.470642 0.038808 0.049013
0 0.452718 0.448994 0.036466 0.046973
0 0.461822 0.365862 0.036737 0.050249
0 0.468033 0.283868 0.037840 0.050450
0 0.621058 0.315064 0.035364 0.046773
