0 0.654542 0.498955 0.036375 0.041106
0 0.706050 0.455274 0.035334 0.044342
0 0.608237 0.245035 0.033043 0.040951
0 0.506707 0.236202 0.045294 0.043162
0 0.097647 0.129975 0.038771 0.049429
0 0.653372 0.580356 0.033008 0.039307
0 0.188752 0.604013 0.036445 0.044394
0 0.191755 0.436306 0.035264 0.041055
0 0.243712 0.397582 0.035194 0.037766
0 0.861828 0.422199 0.034188 0.042646
0 0.450182 0.490280 0.034119 0.039359
0 0.552926 0.494232 0.035334 0.044342
0 0.762271 0.294155 0.034119 0.039359
0 0.555928 0.326526 0.036375 0.041106
0 0.555056 0.367625 0.036375 0.041106
0 0.548181 0.744135 0.036515 0.047682
0 0.916224 0.294728 0.037660 0.049377
0 0.915213 0.342403 0.037590 0.046090
0 0.711876 0.154410 0.034363 0.050866
0 0.709333 0.248088 0.033113 0.044239
0 0.291145 0.650733 0.038771 0.049429
0 0.655431 0.457036 0.036410 0.042750
0 0.448455 0.571654 0.034154 0.041003
0 0.809562 0.423060 0.034188 0.042646
0 0.555294 0.408774 0.034223 0.044290
0 0.553277 0.451464 0.034154 0.041003
0 0.235930 0.816835 0.033183 0.047527
0 0.298885 0.312110 0.033078 0.042595
0 0.296329 0.353953 0.034223 0.044290
0 0.656451 0.330376 0.035299 0.042698
0 0.653688 0.539231 0.036410 0.042750
0 0.303674 0.138727 0.037625 0.047734
0 0.189642 0.562092 0.036410 0.042750
0 0.708981 0.290856 0.034223 0.044290
0 0.300698 0.226626 0.035369 0.045986
0 0.859698 0.548807 0.035369 0.045986
0 0.659610 0.155271 0.038736 0.047785
0 0.812299 0.294012 0.036515 0.047682
0 0.292959 0.565250 0.034188 0.042646
0 0.657913 0.287660 0.034188 0.042646
0 0.194192 0.347560 0.036445 0.044394
0 0.292087 0.606347 0.034119 0.039359
0 0.861512 0.463323 0.035299 0.042698
0 0.147254 0.175887 0.035473 0.050918
0 0.146797 0.223587 0.036445 0.044394
0 0.762033 0.253006 0.036480 0.046038
0 0.241634 0.521725 0.034188 0.042646
0 0.353684 0.139407 0.035473 0.050918
0 0.606810 0.286107 0.034223 0.044290
0 0.759100 0.417424 0.035299 0.042698
0 0.242875 0.437037 0.033113 0.044239
0 0.711403 0.202932 0.033148 0.045883
0 0.449310 0.531378 0.036480 0.046038
0 0.239838 0.606387 0.034223 0.044290
0 0.237691 0.733817 0.033078 0.042595
0 0.862700 0.381100 0.034188 0.042646
0 0.242523 0.479804 0.034154 0.041003
0 0.807255 0.584217 0.036550 0.049325
0 0.811340 0.339221 0.034188 0.042646
0 0.560215 0.150651 0.033252 0.050815
0 0.549035 0.703858 0.036341 0.039462
0 0.294720 0.482231 0.036375 0.041106
0 0.299218 0.270164 0.036445 0.044394
0 0.352305 0.230670 0.036480 0.046038
0 0.194457 0.308902 0.035229 0.039411
0 0.247004 0.268561 0.034188 0.042646
0 0.860640 0.504420 0.035299 0.042698
0 0.762372 0.158403 0.039916 0.051124
0 0.245712 0.355714 0.037590 0.046090
0 0.864677 0.209233 0.037556 0.044445
0 0.866262 0.160762 0.038771 0.049429
0 0.196843 0.222622 0.034293 0.047579
0 0.656303 0.415937 0.036410 0.042750
0 0.658247 0.245713 0.035403 0.047630
0 0.758194 0.460166 0.037590 0.046090
0 0.193199 0.394412 0.036480 0.046038
0 0.246653 0.311328 0.035369 0.045986
0 0.451071 0.448359 0.036445 0.044394
0 0.652518 0.620632 0.037556 0.044445
0 0.350456 0.317799 0.036410 0.042750
0 0.238359 0.649926 0.035299 0.042698
0 0.605885 0.329671 0.036480 0.046038
0 0.405056 0.233122 0.037590 0.046090
0 0.548831 0.661065 0.034258 0.045935
0 0.610225 0.151331 0.037695 0.051021
0 0.453721 0.323421 0.036445 0.044394
0 0.353818 0.185488 0.035334 0.044342
0 0.508634 0.748056 0.021624 0.025640
0 0.509134 0.724466 0.021599 0.024489
0 0.351918 0.275082 0.037590 0.046090
0 0.454715 0.276569 0.036550 0.049325
0 0.759417 0.376300 0.036410 0.042750
0 0.502852 0.444184 0.042067 0.047940
0 0.656099 0.373143 0.036480 0.046038
0 0.558262 0.242712 0.037556 0.044445
0 0.761899 0.206924 0.038771 0.049429
0 0.248887 0.179788 0.036620 0.052614
0 0.238598 0.691075 0.035299 0.042698
0 0.558630 0.199122 0.034258 0.045935
0 0.240745 0.563645 0.036445 0.044394
0 0.451457 0.403947 0.037625 0.047734
0 0.196457 0.267034 0.035334 0.044342
0 0.403559 0.277482 0.036480 0.046038
0 0.404887 0.188685 0.037590 0.046090
0 0.406471 0.140215 0.038806 0.051073
0 0.248449 0.226666 0.035334 0.044342
0 0.446958 0.616014 0.037625 0.047734
0 0.659189 0.201327 0.037556 0.044445
0 0.294516 0.439437 0.036445 0.044394
0 0.760844 0.335228 0.035299 0.042698
0 0.296516 0.397568 0.036410 0.042750
0 0.350087 0.361388 0.037625 0.047734
0 0.863016 0.339977 0.035299 0.042698
0 0.707477 0.414202 0.034084 0.037715
0 0.864309 0.252823 0.036550 0.049325
0 0.095191 0.219543 0.037625 0.047734
0 0.550328 0.616705 0.033008 0.039307
0 0.863940 0.296412 0.035334 0.044342
0 0.236281 0.774067 0.034154 0.041003
0 0.292200 0.522429 0.035299 0.042698
0 0.506159 0.340669 0.044009 0.034892
0 0.505566 0.368615 0.044009 0.034892
0 0.808425 0.502817 0.033043 0.040951
0 0.809262 0.463362 0.030752 0.037560
0 0.502535 0.485308 0.040608 0.031449
0 0.507960 0.203349 0.046126 0.030064
0 0.707776 0.373900 0.035369 0.045986
0 0.289111 0.694245 0.034154 0.041003
0 0.187881 0.645110 0.034154 0.041003
0 0.183400 0.856355 0.034119 0.039359
0 0.852806 0.926139 0.037556 0.044445
0 0.854267 0.883423 0.036445 0.044394
0 0.508640 0.171292 0.044079 0.038179
0 0.285554 0.861927 0.036515 0.047682
0 0.704722 0.544072 0.036515 0.047682
0 0.913768 0.384297 0.036375 0.041106
0 0.547222 0.789343 0.036410 0.042750
0 0.509373 0.136770 0.044079 0.038179
0 0.090875 0.344404 0.034154 0.041003
0 0.546350 0.830441 0.036480 0.046038
0 0.186658 0.728977 0.037486 0.041158
0 0.551569 0.532016 0.036236 0.034531
0 0.506531 0.270749 0.043974 0.033248
0 0.705629 0.501330 0.034223 0.044290
0 0.185196 0.771693 0.036515 0.047682
0 0.088068 0.476739 0.038631 0.042853
0 0.089969 0.387146 0.036515 0.047682
0 0.551235 0.573963 0.037590 0.046090
0 0.289419 0.732107 0.034154 0.041003
0 0.859346 0.591575 0.036480 0.046038
0 0.811006 0.381166 0.035403 0.047630
0 0.186974 0.687853 0.036445 0.044394
0 0.544385 0.870666 0.036375 0.041106
0 0.857937 0.631826 0.035194 0.037766
0 0.856917 0.758485 0.034154 0.041003
0 0.609196 0.199826 0.035438 0.049274
0 0.543999 0.915078 0.037695 0.051021
0 0.855660 0.843995 0.035264 0.041055
0 0.190531 0.520172 0.036445 0.044394
0 0.182510 0.898276 0.036515 0.047682
0 0.453457 0.362079 0.035090 0.032835
0 0.856141 0.716488 0.033078 0.042595
0 0.855491 0.799558 0.037556 0.044445
0 0.857620 0.672949 0.036445 0.044394
0 0.286852 0.905594 0.036410 0.042750
0 0.087162 0.519481 0.038701 0.046141
0 0.289086 0.774054 0.035299 0.042698
0 0.093209 0.260589 0.035194 0.037766
0 0.557355 0.285454 0.035264 0.041055
0 0.088992 0.433176 0.038666 0.044497
0 0.092875 0.302535 0.036480 0.046038
0 0.183699 0.816053 0.037556 0.044445
0 0.301622 0.183062 0.033043 0.040951
0 0.200427 0.132284 0.035334 0.044342
0 0.289272 0.817670 0.035334 0.044342
0 0.912896 0.425395 0.036515 0.047682
0 0.190865 0.478227 0.035299 0.042698
0 0.198929 0.176643 0.034223 0.044290
0 0.506926 0.304501 0.044149 0.041468
0 0.807571 0.543093 0.035229 0.039411
0 0.095595 0.174309 0.036410 0.042750
0 0.709221 0.332005 0.034154 0.041003
