0 0.645042 0.691797 0.038963 0.041475
0 0.318900 0.303051 0.024862 0.031668
0 0.524807 0.336626 0.037317 0.028669
0 0.518107 0.373960 0.038571 0.029080
0 0.472585 0.609294 0.020741 0.025862
0 0.478872 0.571233 0.022919 0.020381
0 0.519398 0.355742 0.025086 0.023595
0 0.515801 0.393315 0.029997 0.024151
0 0.513531 0.418112 0.037549 0.038325
0 0.476435 0.589647 0.023079 0.024520
0 0.470435 0.628970 0.018744 0.019674
0 0.470035 0.646362 0.022810 0.022335
0 0.468369 0.661681 0.021459 0.013695
0 0.467010 0.674225 0.020540 0.017763
0 0.465430 0.690059 0.022552 0.025931
0 0.350850 0.822754 0.035492 0.033159
0 0.509275 0.885854 0.040398 0.043291
0 0.734966 0.869031 0.038963 0.041475
0 0.724444 0.512578 0.040197 0.041730
0 0.770080 0.586104 0.036094 0.037844
0 0.181287 0.403074 0.037529 0.039660
0 0.369598 0.667108 0.038562 0.038352
0 0.276903 0.422775 0.025622 0.031125
0 0.556854 0.510912 0.036295 0.039406
0 0.736794 0.416532 0.037930 0.042783
0 0.786145 0.461166 0.036094 0.037844
0 0.336929 0.497662 0.035492 0.033159
0 0.133599 0.330728 0.038332 0.045907
0 0.774512 0.556559 0.034860 0.037590
0 0.759581 0.682531 0.039996 0.040168
0 0.561071 0.478116 0.038763 0.039914
0 0.673265 0.920443 0.037328 0.038098
0 0.373614 0.635873 0.038562 0.038352
0 0.352176 0.374158 0.035061 0.039151
0 0.677181 0.889989 0.037127 0.036536
0 0.708379 0.637516 0.040197 0.041730
0 0.445500 0.520031 0.035893 0.036282
0 0.716827 0.576736 0.038160 0.035229
0 0.607324 0.551769 0.038361 0.036790
0 0.255877 0.674938 0.036295 0.039406
0 0.355776 0.341236 0.038763 0.039914
0 0.161205 0.559246 0.037127 0.036536
0 0.453217 0.455093 0.034860 0.037590
0 0.700863 0.700893 0.038763 0.039914
0 0.231556 0.445493 0.037529 0.039660
0 0.619473 0.457285 0.036094 0.037844
0 0.239488 0.383805 0.037328 0.038098
0 0.705395 0.670566 0.037328 0.038098
0 0.318812 0.623781 0.037529 0.039660
0 0.268442 0.582143 0.037328 0.038098
0 0.751433 0.740970 0.038963 0.041475
0 0.844447 0.441116 0.042234 0.048231
0 0.114235 0.486246 0.038963 0.041475
0 0.747116 0.774547 0.038763 0.039914
0 0.324162 0.592019 0.039796 0.038607
0 0.657292 0.596531 0.036094 0.037844
0 0.767298 0.617593 0.038963 0.041475
0 0.312013 0.686504 0.037930 0.042783
0 0.653476 0.626204 0.036094 0.037844
0 0.227439 0.477509 0.037328 0.038098
0 0.673457 0.470813 0.038763 0.039914
0 0.610623 0.521189 0.039796 0.038607
0 0.277292 0.518239 0.035693 0.034720
0 0.177787 0.435216 0.038562 0.038352
0 0.782645 0.493309 0.037529 0.039660
0 0.221673 0.507581 0.038763 0.039914
0 0.680580 0.858627 0.038763 0.039914
0 0.406347 0.381312 0.042234 0.048231
0 0.778529 0.525324 0.039796 0.038607
0 0.649360 0.658219 0.038763 0.039914
0 0.341361 0.468116 0.037529 0.039660
0 0.762564 0.649482 0.039996 0.040168
0 0.169137 0.497558 0.037328 0.038098
0 0.856820 0.797951 0.041833 0.045108
0 0.731659 0.451543 0.038963 0.041475
0 0.280692 0.486878 0.037730 0.041221
0 0.389679 0.510936 0.041833 0.045108
0 0.377530 0.605420 0.041230 0.040422
0 0.348777 0.405520 0.035893 0.036282
0 0.432533 0.615951 0.037730 0.041221
0 0.441619 0.870311 0.024789 0.033994
0 0.093422 0.638261 0.039566 0.046161
0 0.097653 0.610277 0.037127 0.036536
0 0.385261 0.545293 0.038562 0.038352
0 0.214142 0.566146 0.039365 0.044599
0 0.261830 0.638492 0.037299 0.047214
0 0.131857 0.777634 0.037529 0.039660
0 0.445348 0.846231 0.025019 0.026440
0 0.424902 0.675296 0.034860 0.037590
0 0.148640 0.652042 0.036496 0.040967
0 0.128042 0.807307 0.040398 0.043291
0 0.218072 0.540504 0.037529 0.039660
0 0.139890 0.715165 0.039996 0.040168
0 0.236096 0.828769 0.038562 0.038352
0 0.348857 0.843183 0.045275 0.062541
0 0.464800 0.788519 0.034258 0.032905
0 0.302108 0.330178 0.036726 0.033413
0 0.293270 0.295494 0.026224 0.035810
0 0.077055 0.765541 0.038160 0.035229
0 0.130099 0.362870 0.035693 0.034720
0 0.495596 0.539170 0.038992 0.032359
0 0.135257 0.746273 0.038763 0.039914
0 0.151437 0.625366 0.037730 0.041221
0 0.918171 0.424244 0.024589 0.032432
0 0.413269 0.770689 0.036094 0.037844
0 0.537489 0.666431 0.034860 0.037590
0 0.892363 0.418125 0.026855 0.031379
0 0.210140 0.602192 0.039796 0.038607
0 0.382349 0.567938 0.042033 0.046669
0 0.240328 0.800785 0.037328 0.038098
0 0.897184 0.484044 0.038963 0.041475
0 0.408937 0.799453 0.039996 0.040168
0 0.907973 0.518329 0.025822 0.032687
0 0.901200 0.452809 0.038562 0.038352
0 0.903856 0.550344 0.023154 0.030617
0 0.264526 0.612596 0.034660 0.036027
0 0.873515 0.574552 0.027257 0.034502
0 0.730649 0.902609 0.036295 0.039406
0 0.104653 0.545992 0.039996 0.040168
0 0.273088 0.452447 0.026023 0.034248
0 0.304147 0.427585 0.023355 0.032178
0 0.089821 0.671184 0.039996 0.040168
0 0.081071 0.734307 0.041029 0.038861
0 0.540889 0.635069 0.036094 0.037844
0 0.398730 0.445470 0.034459 0.034466
0 0.563767 0.452220 0.038992 0.032359
0 0.073240 0.795215 0.041431 0.041984
0 0.403263 0.415144 0.035893 0.036282
0 0.500746 0.508971 0.040398 0.043291
0 0.143806 0.684712 0.037328 0.038098
0 0.087039 0.702673 0.039996 0.040168
0 0.354666 0.793081 0.041230 0.040422
0 0.691496 0.763889 0.036496 0.040967
0 0.726317 0.931373 0.037730 0.041221
0 0.521840 0.793058 0.038562 0.038352
0 0.359399 0.761192 0.040197 0.041730
0 0.457549 0.426328 0.035492 0.033159
0 0.109501 0.518135 0.037529 0.039660
0 0.420584 0.708873 0.037529 0.039660
0 0.513191 0.855400 0.036926 0.034974
0 0.517723 0.825074 0.038763 0.039914
0 0.298708 0.361539 0.038763 0.039914
0 0.416568 0.740108 0.037529 0.039660
0 0.681490 0.408344 0.038763 0.039914
0 0.728259 0.482905 0.036926 0.034974
0 0.877719 0.640344 0.039796 0.038607
0 0.244344 0.769550 0.037328 0.038098
0 0.686224 0.376455 0.042665 0.042238
0 0.688613 0.796159 0.038763 0.039914
0 0.121751 0.422870 0.037127 0.036536
0 0.552938 0.541366 0.036094 0.037844
0 0.869170 0.701905 0.038361 0.036790
0 0.544288 0.603707 0.034860 0.037590
0 0.881836 0.608328 0.040398 0.043291
0 0.393997 0.477358 0.036295 0.039406
0 0.548204 0.573254 0.037529 0.039660
0 0.201491 0.664534 0.036496 0.040967
0 0.206224 0.632647 0.037127 0.036536
0 0.876814 0.543971 0.025822 0.032687
0 0.525240 0.761697 0.037730 0.041221
0 0.404103 0.832123 0.038763 0.039914
0 0.603006 0.585347 0.038562 0.038352
0 0.303579 0.752097 0.040398 0.043291
0 0.126585 0.390200 0.036295 0.039406
0 0.862371 0.764628 0.038361 0.036790
0 0.436133 0.583028 0.036496 0.040967
0 0.280303 0.391413 0.027659 0.037626
0 0.155955 0.590227 0.039996 0.040168
0 0.248361 0.738315 0.034860 0.037590
0 0.308413 0.719427 0.038763 0.039914
0 0.235572 0.414259 0.037127 0.036536
0 0.668724 0.502700 0.037328 0.038098
0 0.365065 0.697434 0.037529 0.039660
0 0.440250 0.551012 0.035893 0.036282
0 0.532555 0.699882 0.039164 0.043037
0 0.245039 0.350482 0.035061 0.039151
0 0.185102 0.373401 0.037127 0.036536
0 0.315513 0.654361 0.035693 0.034720
0 0.879797 0.510920 0.031561 0.039950
0 0.742999 0.806562 0.036094 0.037844
0 0.755249 0.711297 0.038160 0.035229
0 0.529155 0.731243 0.037127 0.036536
0 0.102186 0.579950 0.041431 0.041984
0 0.428000 0.646277 0.035893 0.036282
0 0.118452 0.453451 0.035693 0.034720
0 0.791080 0.427716 0.037529 0.039660
0 0.252994 0.707208 0.036094 0.037844
0 0.507875 0.453530 0.038131 0.044345
0 0.361643 0.310382 0.037529 0.039660
0 0.363516 0.729178 0.039996 0.040168
0 0.399269 0.864792 0.037529 0.039660
0 0.739599 0.837924 0.037328 0.038098
0 0.695512 0.732654 0.036094 0.037844
0 0.685113 0.828300 0.037328 0.038098
0 0.712395 0.606282 0.037328 0.038098
0 0.872986 0.672232 0.038763 0.039914
0 0.677574 0.438797 0.038562 0.038352
0 0.307546 0.396224 0.024187 0.029309
0 0.622456 0.424234 0.041431 0.041984
0 0.665324 0.534062 0.038562 0.038352
0 0.865670 0.734048 0.042665 0.042238
0 0.163887 0.528539 0.037328 0.038098
0 0.449000 0.487889 0.037328 0.038098
0 0.188602 0.341259 0.038963 0.041475
0 0.273793 0.550382 0.037529 0.039660
0 0.567468 0.418516 0.042837 0.052916
0 0.173770 0.466451 0.038562 0.038352
0 0.662126 0.563862 0.037328 0.038098
0 0.345377 0.436883 0.037529 0.039660
0 0.328078 0.561566 0.037529 0.039660
0 0.720327 0.544593 0.039996 0.040168
0 0.615256 0.490081 0.038963 0.041475
0 0.331678 0.528643 0.038763 0.039914
0 0.462282 0.394440 0.038131 0.044345
