0 0.755873 0.395399 0.036855 0.034665
0 0.220109 0.919963 0.038299 0.036358
0 0.208717 0.776048 0.036855 0.034665
0 0.861708 0.306933 0.037203 0.039334
0 0.845265 0.849729 0.038299 0.036358
0 0.214890 0.849917 0.038299 0.036358
0 0.819978 0.492358 0.035526 0.034529
0 0.866436 0.379381 0.038647 0.041027
0 0.624887 0.873844 0.038299 0.036358
0 0.124598 0.572130 0.032986 0.035814
0 0.889044 0.664878 0.035874 0.039198
0 0.735682 0.860940 0.037203 0.039334
0 0.326186 0.870683 0.035526 0.034529
0 0.120544 0.535686 0.030213 0.033985
0 0.495182 0.417365 0.029117 0.036963
0 0.896441 0.773128 0.037319 0.040891
0 0.329286 0.903303 0.036855 0.034665
0 0.836414 0.703984 0.037087 0.037778
0 0.413778 0.609202 0.035294 0.031416
0 0.117876 0.499885 0.029981 0.030872
0 0.899829 0.809640 0.038763 0.042583
0 0.479996 0.231490 0.031193 0.029451
0 0.884548 0.595542 0.037319 0.040891
0 0.810158 0.387492 0.037203 0.039334
0 0.893156 0.702100 0.035642 0.036086
0 0.828038 0.600540 0.038531 0.039470
0 0.447084 0.355627 0.037371 0.023905
0 0.118878 0.468414 0.034198 0.034393
0 0.478024 0.205028 0.028305 0.026067
0 0.722287 0.681155 0.038815 0.025597
0 0.336278 0.332458 0.036275 0.026883
0 0.489853 0.363799 0.033618 0.026611
0 0.525258 0.273128 0.034830 0.025190
0 0.427779 0.788140 0.036159 0.025326
0 0.611550 0.694838 0.037371 0.023905
0 0.115947 0.321280 0.038815 0.025597
0 0.576338 0.267118 0.036275 0.026883
0 0.843146 0.812303 0.039859 0.039606
0 0.279152 0.302229 0.036275 0.026883
0 0.854266 0.233978 0.037603 0.027018
0 0.282482 0.337962 0.035874 0.039198
0 0.169685 0.314997 0.037603 0.027018
0 0.873099 0.450849 0.040144 0.025733
0 0.491967 0.383188 0.026861 0.024374
0 0.687250 0.255770 0.037371 0.023905
0 0.869942 0.417450 0.040323 0.045833
0 0.359608 0.618665 0.038299 0.036358
0 0.831428 0.637051 0.039743 0.038050
0 0.475517 0.710323 0.034314 0.035950
0 0.312360 0.694079 0.036971 0.036222
0 0.468354 0.605186 0.035758 0.037642
0 0.480243 0.253847 0.029661 0.021262
0 0.804160 0.315957 0.038531 0.039470
0 0.531546 0.348555 0.037203 0.039334
0 0.808155 0.351623 0.038531 0.039470
0 0.417284 0.647270 0.040091 0.042719
0 0.289204 0.410207 0.035758 0.037642
0 0.644961 0.406747 0.038415 0.037914
0 0.713911 0.577711 0.035874 0.039198
0 0.299815 0.552634 0.035642 0.036086
0 0.340158 0.366567 0.037203 0.039334
0 0.235034 0.419671 0.035874 0.039198
0 0.305755 0.623391 0.037087 0.037778
0 0.348939 0.475460 0.035874 0.039198
0 0.661745 0.623043 0.037087 0.037778
0 0.365375 0.687086 0.039859 0.039606
0 0.462471 0.535209 0.037087 0.037778
0 0.353552 0.546352 0.037087 0.037778
0 0.693971 0.328016 0.035758 0.037642
0 0.242630 0.521626 0.035990 0.040755
0 0.547981 0.560182 0.038531 0.039470
0 0.528647 0.309640 0.037435 0.042447
0 0.482180 0.781790 0.034314 0.035950
0 0.344944 0.439795 0.032986 0.035814
0 0.308422 0.659192 0.037087 0.037778
0 0.585901 0.377499 0.034314 0.035950
0 0.383197 0.899356 0.040840 0.035073
0 0.406615 0.504065 0.036971 0.036222
0 0.188228 0.527977 0.038763 0.042583
0 0.814154 0.423158 0.037203 0.039334
0 0.635458 0.297144 0.036106 0.042311
0 0.400009 0.433377 0.037087 0.037778
0 0.727073 0.754383 0.035990 0.040755
0 0.542215 0.491760 0.037203 0.039334
0 0.801982 0.277754 0.037319 0.040891
0 0.294480 0.481032 0.035642 0.036086
0 0.201622 0.707761 0.038647 0.041027
0 0.777701 0.679406 0.038531 0.039470
0 0.602452 0.590682 0.038531 0.039470
0 0.263409 0.773588 0.037319 0.040891
0 0.561866 0.737564 0.037435 0.042447
0 0.259298 0.736367 0.037087 0.037778
0 0.357547 0.582017 0.037319 0.040891
0 0.251470 0.631298 0.037203 0.039334
0 0.297090 0.516054 0.035758 0.037642
0 0.822588 0.527380 0.036106 0.042311
0 0.256024 0.701411 0.035642 0.036086
0 0.456414 0.462896 0.035642 0.036086
0 0.771691 0.571799 0.034778 0.042176
0 0.485453 0.816746 0.035990 0.040755
0 0.228745 0.344245 0.034430 0.037506
0 0.199561 0.671114 0.037203 0.039334
0 0.191011 0.565335 0.038531 0.039470
0 0.478849 0.746057 0.035874 0.039198
0 0.702811 0.437687 0.036971 0.036222
0 0.616711 0.764105 0.038647 0.041027
0 0.591957 0.449812 0.035758 0.037642
0 0.245355 0.558206 0.035642 0.036086
0 0.411949 0.575667 0.036971 0.036222
0 0.691187 0.290657 0.038647 0.041027
0 0.114724 0.286899 0.037319 0.040891
0 0.474236 0.675165 0.037087 0.037778
0 0.248022 0.594008 0.036106 0.042311
0 0.176579 0.389577 0.038531 0.039470
0 0.746917 0.284171 0.033218 0.038927
0 0.212107 0.812559 0.038531 0.039470
0 0.664238 0.656509 0.034082 0.032836
0 0.437599 0.893005 0.038299 0.036358
0 0.709009 0.502927 0.034314 0.035950
0 0.712631 0.542552 0.038183 0.034801
0 0.431774 0.823806 0.039743 0.038050
0 0.669573 0.728112 0.036971 0.036222
0 0.792076 0.854385 0.035758 0.037642
0 0.788686 0.817875 0.037203 0.039334
0 0.204896 0.742717 0.036971 0.036222
0 0.376651 0.829446 0.038415 0.037914
0 0.887764 0.629719 0.038415 0.037914
0 0.824707 0.564806 0.034314 0.035950
0 0.622883 0.837975 0.037203 0.039334
0 0.832593 0.670653 0.036971 0.036222
0 0.894437 0.737259 0.038415 0.037914
0 0.521738 0.773822 0.025533 0.024238
0 0.482953 0.271183 0.031541 0.034121
0 0.484608 0.302383 0.027092 0.027487
0 0.419229 0.682362 0.038415 0.037914
0 0.786683 0.782005 0.035642 0.036086
0 0.559747 0.700138 0.035642 0.036086
0 0.717359 0.615001 0.034314 0.035950
0 0.903219 0.846152 0.037087 0.037778
0 0.838359 0.739075 0.035874 0.039198
0 0.218222 0.885650 0.037203 0.039334
0 0.180027 0.426867 0.037435 0.042447
0 0.111392 0.251166 0.038415 0.037914
0 0.733014 0.825138 0.037203 0.039334
0 0.551371 0.596692 0.037087 0.037778
0 0.323577 0.835660 0.038531 0.039470
0 0.566536 0.809234 0.035874 0.039198
0 0.320967 0.800637 0.038415 0.037914
0 0.759752 0.429508 0.034430 0.037506
0 0.545372 0.525158 0.035526 0.034529
0 0.656237 0.549106 0.037203 0.039334
0 0.875534 0.483537 0.038647 0.041027
0 0.729799 0.790962 0.035642 0.036086
0 0.556532 0.665961 0.036971 0.036222
0 0.620880 0.802105 0.035874 0.039198
0 0.784074 0.746982 0.035758 0.037642
0 0.425401 0.756230 0.039859 0.039606
0 0.553316 0.631784 0.035874 0.039198
0 0.380646 0.865111 0.038415 0.037914
0 0.499410 0.456144 0.031773 0.037234
0 0.434267 0.857273 0.037203 0.039334
0 0.372038 0.758553 0.037203 0.039334
0 0.239963 0.485825 0.035526 0.034529
0 0.362766 0.652064 0.037087 0.037778
0 0.317030 0.765750 0.038531 0.039470
0 0.471627 0.640142 0.036971 0.036222
0 0.773811 0.609225 0.035642 0.036086
0 0.881939 0.560520 0.039859 0.039606
0 0.197617 0.636024 0.033102 0.037370
0 0.465687 0.569385 0.035758 0.037642
0 0.863711 0.342802 0.038531 0.039470
0 0.841084 0.775655 0.035758 0.037642
0 0.579121 0.304476 0.037435 0.042447
0 0.776362 0.643470 0.035874 0.039198
0 0.780916 0.713583 0.036971 0.036222
0 0.767638 0.535355 0.034198 0.034393
0 0.122610 0.392746 0.036855 0.034665
0 0.858319 0.270421 0.038647 0.041027
0 0.368707 0.722820 0.038531 0.039470
0 0.652789 0.511816 0.035874 0.039198
0 0.253415 0.666389 0.035758 0.037642
0 0.607786 0.662285 0.035874 0.039198
0 0.422560 0.718094 0.037319 0.040891
0 0.193620 0.600358 0.038415 0.037914
0 0.724839 0.715400 0.037319 0.040891
0 0.374705 0.794355 0.036971 0.036222
0 0.563869 0.773432 0.035642 0.036086
0 0.765087 0.501110 0.037319 0.040891
0 0.878549 0.524008 0.035990 0.040755
0 0.123949 0.428683 0.037319 0.040891
0 0.613321 0.727593 0.039859 0.039606
0 0.605841 0.627194 0.034430 0.037506
0 0.816764 0.458181 0.036855 0.034665
0 0.600275 0.552478 0.037319 0.040891
0 0.719362 0.650869 0.038531 0.039470
0 0.659020 0.586464 0.037203 0.039334
0 0.667454 0.690686 0.035874 0.039198
0 0.236863 0.453206 0.034198 0.034393
0 0.749816 0.323086 0.035642 0.036086
0 0.453025 0.426384 0.039975 0.041163
0 0.303868 0.589078 0.035758 0.037642
0 0.459197 0.500254 0.038531 0.039470
0 0.588626 0.414079 0.037319 0.040891
0 0.641746 0.372570 0.037087 0.037778
0 0.582569 0.341766 0.035874 0.039198
0 0.647570 0.441769 0.035874 0.039198
0 0.593960 0.485681 0.037087 0.037778
0 0.639021 0.335990 0.037203 0.039334
0 0.540154 0.455112 0.035758 0.037642
0 0.391344 0.326040 0.035758 0.037642
0 0.408676 0.540712 0.038647 0.041027
0 0.350885 0.510550 0.037087 0.037778
0 0.231528 0.381602 0.034662 0.040619
0 0.705909 0.470306 0.032986 0.035814
0 0.292477 0.445163 0.037203 0.039334
0 0.285266 0.375320 0.035874 0.039198
0 0.393953 0.361063 0.032986 0.035814
0 0.752484 0.358887 0.038531 0.039470
0 0.697360 0.364527 0.037203 0.039334
0 0.314363 0.729948 0.038531 0.039470
0 0.450416 0.391361 0.036971 0.036222
0 0.342999 0.404703 0.037087 0.037778
0 0.650238 0.477571 0.035642 0.036086
0 0.174402 0.351373 0.040207 0.044276
0 0.119220 0.356235 0.038763 0.042583
0 0.534214 0.384356 0.034546 0.039062
0 0.700749 0.401039 0.038647 0.041027
0 0.761755 0.465378 0.035758 0.037642
0 0.536823 0.419379 0.037087 0.037778
0 0.403283 0.468332 0.038531 0.039470
0 0.396737 0.398421 0.035874 0.039198
0 0.445140 0.320537 0.040207 0.044276
