0 0.278766 0.665666 0.040507 0.054282
0 0.816523 0.602236 0.026283 0.040326
0 0.791108 0.598186 0.026426 0.041958
0 0.805518 0.727829 0.024080 0.039903
0 0.844084 0.735233 0.037874 0.048966
0 0.783197 0.682081 0.025468 0.043377
0 0.819674 0.432015 0.039263 0.052441
0 0.808276 0.683578 0.026283 0.040326
0 0.928530 0.372477 0.040507 0.054282
0 0.583630 0.728347 0.040078 0.049389
0 0.176292 0.645990 0.038017 0.050597
0 0.092076 0.296459 0.027528 0.042169
0 0.775837 0.766081 0.027528 0.042169
0 0.599010 0.437743 0.026283 0.040326
0 0.449157 0.364191 0.027671 0.043800
0 0.728255 0.292560 0.037445 0.044073
0 0.921649 0.457398 0.041609 0.054494
0 0.124839 0.638600 0.041466 0.052864
0 0.813644 0.641488 0.027385 0.040538
0 0.129107 0.596297 0.040078 0.049389
0 0.775297 0.343885 0.037874 0.048966
0 0.445441 0.406599 0.027385 0.040538
0 0.531433 0.716667 0.036772 0.048755
0 0.110170 0.217837 0.036772 0.048755
0 0.154526 0.312596 0.039263 0.052441
0 0.231101 0.615051 0.038834 0.047547
0 0.420902 0.232719 0.037588 0.045704
0 0.593448 0.475650 0.026141 0.038695
0 0.425455 0.187154 0.037344 0.055279
0 0.226907 0.656538 0.040364 0.052652
0 0.826270 0.350355 0.040936 0.059176
0 0.209480 0.280026 0.037874 0.048966
0 0.779779 0.299136 0.039405 0.054071
0 0.872207 0.446247 0.036915 0.050386
0 0.184345 0.560465 0.037344 0.055279
0 0.158793 0.270294 0.037874 0.048966
0 0.312506 0.299808 0.036486 0.045493
0 0.363069 0.304541 0.037588 0.045704
0 0.848015 0.690379 0.038303 0.053859
0 0.724060 0.334047 0.039263 0.052441
0 0.286270 0.580035 0.038446 0.055490
0 0.616910 0.354937 0.038977 0.049178
0 0.114100 0.172983 0.041609 0.054494
0 0.668699 0.364881 0.038691 0.045916
0 0.416707 0.274206 0.039120 0.050809
0 0.505389 0.451279 0.043670 0.053287
0 0.840368 0.777641 0.040364 0.052652
0 0.731850 0.245154 0.039977 0.060595
0 0.260931 0.287417 0.038834 0.047547
0 0.501052 0.494397 0.044343 0.048604
0 0.468495 0.284149 0.036915 0.050386
0 0.133109 0.550628 0.040650 0.055914
0 0.592235 0.642928 0.038303 0.053859
0 0.360384 0.347975 0.040507 0.054282
0 0.205907 0.320803 0.037588 0.045704
0 0.235032 0.570197 0.039548 0.055702
0 0.536108 0.676101 0.038691 0.045916
0 0.213624 0.232726 0.038446 0.055490
0 0.512812 0.347389 0.045974 0.042503
0 0.096988 0.796616 0.028345 0.039118
0 0.516436 0.312426 0.047505 0.047609
0 0.519632 0.282358 0.045689 0.039241
0 0.525492 0.215483 0.047607 0.036403
0 0.510168 0.377564 0.046117 0.044134
0 0.106260 0.256061 0.038792 0.034710
0 0.497957 0.536095 0.038691 0.045916
0 0.198841 0.817001 0.027099 0.037276
0 0.530034 0.150844 0.048036 0.041296
0 0.587346 0.685939 0.037588 0.045704
0 0.802450 0.475145 0.022978 0.039692
0 0.110727 0.678182 0.030549 0.039541
0 0.211692 0.695909 0.026956 0.035645
0 0.527104 0.184281 0.045974 0.042503
0 0.161557 0.686283 0.026426 0.041958
0 0.522633 0.248105 0.046546 0.049027
0 0.874750 0.404443 0.036486 0.045493
0 0.157024 0.725217 0.026141 0.038695
0 0.207089 0.735659 0.029590 0.040961
0 0.467563 0.735916 0.023222 0.030117
0 0.817120 0.895908 0.027099 0.037276
0 0.087330 0.337840 0.027385 0.040538
0 0.925436 0.414175 0.038691 0.045916
0 0.794538 0.559040 0.026141 0.038695
0 0.820693 0.855131 0.027099 0.037276
0 0.827722 0.480827 0.027528 0.042169
0 0.283034 0.623364 0.036629 0.047123
0 0.780512 0.725515 0.025039 0.038483
0 0.771581 0.386292 0.039793 0.046128
0 0.180487 0.604504 0.038977 0.049178
0 0.824388 0.819353 0.028202 0.037488
0 0.465402 0.325848 0.039507 0.042865
0 0.821127 0.562486 0.026426 0.041958
0 0.824771 0.520895 0.026283 0.040326
0 0.106266 0.716301 0.028488 0.040749
0 0.798326 0.515817 0.026569 0.043589
0 0.877773 0.363560 0.038160 0.052229
0 0.620769 0.310898 0.039263 0.052441
0 0.565673 0.345100 0.037874 0.048966
0 0.540661 0.630538 0.040650 0.055914
0 0.569052 0.300139 0.039120 0.050809
0 0.673037 0.321763 0.038303 0.053859
0 0.264790 0.243378 0.039405 0.054071
0 0.562100 0.385876 0.035670 0.048543
0 0.316436 0.254953 0.039405 0.054071
0 0.308524 0.338848 0.037874 0.048966
0 0.256879 0.327273 0.037588 0.045704
0 0.472497 0.238479 0.039405 0.054071
0 0.162172 0.225334 0.039405 0.054071
0 0.368030 0.260713 0.040650 0.055914
0 0.613265 0.396529 0.039120 0.050809
0 0.665054 0.406473 0.041323 0.051232
