0 0.287210 0.655904 0.024277 0.036055
0 0.892242 0.719421 0.039617 0.049328
0 0.874635 0.882355 0.038157 0.045802
0 0.252372 0.730966 0.025736 0.039580
0 0.390399 0.897056 0.025373 0.036324
0 0.528756 0.211852 0.046933 0.038461
0 0.397280 0.810099 0.022085 0.035515
0 0.393656 0.852696 0.023914 0.032799
0 0.879358 0.845046 0.041809 0.049867
0 0.419965 0.859167 0.024277 0.036055
0 0.416665 0.308055 0.037424 0.048788
0 0.758573 0.514259 0.032676 0.044454
0 0.429405 0.774512 0.024277 0.036055
0 0.887612 0.760934 0.039435 0.047700
0 0.411902 0.689084 0.024458 0.037682
0 0.085242 0.477431 0.037794 0.042546
0 0.283125 0.692533 0.024095 0.034427
0 0.114396 0.236214 0.038701 0.050686
0 0.437934 0.692978 0.023544 0.039041
0 0.860202 0.992269 0.041258 0.015461
0 0.883440 0.803398 0.041258 0.054482
0 0.702332 0.543914 0.037424 0.048788
0 0.851444 0.625754 0.038883 0.052314
0 0.796480 0.654050 0.037794 0.042546
0 0.782134 0.777643 0.039617 0.049328
0 0.937990 0.304149 0.038883 0.052314
0 0.533025 0.178612 0.044916 0.049048
0 0.304084 0.489444 0.025373 0.036324
0 0.256820 0.691081 0.025554 0.037952
0 0.165183 0.245361 0.033954 0.046352
0 0.261813 0.646311 0.025736 0.039580
0 0.434310 0.735575 0.025373 0.036324
0 0.900681 0.638701 0.035783 0.043635
0 0.870644 0.923189 0.039617 0.049328
0 0.274099 0.182665 0.036698 0.042276
0 0.847087 0.664825 0.036328 0.048519
0 0.866290 0.967279 0.041076 0.052853
0 0.557673 0.427208 0.039435 0.047700
0 0.791575 0.692987 0.035232 0.048249
0 0.271348 0.565860 0.024821 0.040939
0 0.297565 0.573145 0.029025 0.040389
0 0.292021 0.612761 0.024821 0.040939
0 0.301280 0.529734 0.024821 0.040939
0 0.813630 0.490167 0.039065 0.053943
0 0.841178 0.707697 0.039065 0.053943
0 0.280882 0.485410 0.023544 0.039041
0 0.896324 0.677773 0.038701 0.050686
0 0.119297 0.192258 0.039065 0.053943
0 0.315906 0.282435 0.037605 0.050416
0 0.145020 0.411011 0.037605 0.050416
0 0.060635 0.687985 0.036146 0.046891
0 0.210338 0.299957 0.037969 0.053673
0 0.706689 0.504842 0.035232 0.048249
0 0.762110 0.477494 0.035783 0.043635
0 0.924010 0.429505 0.038883 0.052314
0 0.214602 0.256681 0.036328 0.048519
0 0.406996 0.728020 0.025554 0.037952
0 0.265622 0.607104 0.024277 0.036055
0 0.728922 0.295376 0.034687 0.043366
0 0.434130 0.605901 0.037605 0.050416
0 0.297570 0.446862 0.039798 0.050956
0 0.513328 0.343223 0.045286 0.042805
0 0.522041 0.277105 0.046200 0.041447
0 0.509359 0.375683 0.047732 0.045625
0 0.536263 0.144535 0.045340 0.043294
0 0.045645 0.817357 0.037805 0.052207
0 0.566492 0.343070 0.035928 0.044938
0 0.064762 0.645930 0.035322 0.049063
0 0.070461 0.604930 0.039762 0.050630
0 0.517332 0.309233 0.044807 0.048071
0 0.498258 0.490372 0.043645 0.037652
0 0.461516 0.718850 0.023187 0.026287
0 0.403826 0.766548 0.022454 0.029273
0 0.128367 0.100821 0.039079 0.034946
0 0.448658 0.480680 0.039079 0.034946
0 0.094959 0.395353 0.037983 0.034676
0 0.140568 0.445878 0.038897 0.033317
0 0.154461 0.326356 0.035064 0.027625
0 0.459886 0.738521 0.022454 0.029273
0 0.424590 0.812635 0.023362 0.037413
0 0.254441 0.818452 0.038520 0.049058
0 0.099864 0.356416 0.041258 0.054482
0 0.942249 0.255854 0.039791 0.060454
0 0.301699 0.874402 0.040162 0.054212
0 0.089690 0.437545 0.039428 0.057198
0 0.275887 0.525161 0.024821 0.040939
0 0.305962 0.831125 0.036328 0.048519
0 0.250726 0.861864 0.039065 0.053943
0 0.136305 0.489155 0.038332 0.056929
0 0.260668 0.308155 0.038883 0.052314
0 0.906316 0.598271 0.039065 0.053943
0 0.050098 0.772371 0.039065 0.053943
0 0.724384 0.336076 0.035413 0.049877
0 0.104675 0.313273 0.038520 0.049058
0 0.790429 0.218510 0.038332 0.056929
0 0.325987 0.197100 0.040350 0.046342
0 0.316317 0.748368 0.038157 0.045802
0 0.264749 0.266507 0.034687 0.043366
0 0.075072 0.563580 0.039617 0.049328
0 0.928640 0.387991 0.038338 0.047430
0 0.502887 0.448858 0.045642 0.055560
0 0.753853 0.556587 0.039980 0.052584
0 0.787312 0.736263 0.036509 0.050147
0 0.805101 0.571702 0.035050 0.046621
0 0.356615 0.376917 0.036691 0.051774
0 0.109490 0.275150 0.037242 0.047161
0 0.124014 0.144912 0.040525 0.057468
0 0.444028 0.522195 0.038883 0.052314
0 0.224684 0.176365 0.036509 0.050147
0 0.525672 0.244546 0.049483 0.051755
0 0.809367 0.533444 0.037424 0.048788
0 0.457188 0.399146 0.035050 0.046621
0 0.056187 0.727871 0.038520 0.049058
0 0.309677 0.787714 0.038701 0.050686
0 0.259800 0.775446 0.037969 0.053673
0 0.748402 0.600408 0.038520 0.049058
0 0.438760 0.564387 0.037061 0.045533
0 0.733186 0.252100 0.038883 0.052314
0 0.837413 0.276901 0.038701 0.050686
0 0.132906 0.060122 0.039428 0.057198
0 0.571194 0.300905 0.039246 0.055570
0 0.352076 0.417616 0.035965 0.045263
0 0.430234 0.650940 0.039617 0.049328
0 0.130673 0.534603 0.039065 0.053943
0 0.711228 0.464143 0.037424 0.048788
0 0.219597 0.216930 0.035050 0.046621
0 0.918742 0.471697 0.037424 0.048788
0 0.170908 0.204117 0.041076 0.052853
0 0.420380 0.264645 0.040162 0.054212
0 0.307287 0.364783 0.038520 0.049058
0 0.320808 0.238480 0.037969 0.053673
0 0.342907 0.499830 0.036509 0.050147
0 0.786260 0.265991 0.037969 0.053673
0 0.738726 0.207465 0.040162 0.054212
0 0.892192 0.245213 0.040162 0.054212
0 0.822795 0.402936 0.037424 0.048788
0 0.719572 0.379218 0.037787 0.052044
0 0.283722 0.096382 0.038150 0.055301
0 0.233207 0.084793 0.038332 0.056929
0 0.800471 0.613216 0.040343 0.055840
0 0.335242 0.109054 0.040343 0.055840
0 0.831415 0.320587 0.039065 0.053943
0 0.325394 0.666969 0.038157 0.045802
0 0.877304 0.378709 0.037605 0.050416
0 0.126411 0.577880 0.039980 0.052584
0 0.079974 0.519623 0.040343 0.055840
0 0.933726 0.347425 0.039435 0.047700
0 0.330068 0.155452 0.039798 0.050956
0 0.817803 0.447705 0.037969 0.053673
0 0.868774 0.460243 0.036509 0.050147
0 0.631150 0.227838 0.039065 0.053943
0 0.636506 0.179813 0.039246 0.055570
0 0.873952 0.418864 0.039617 0.049328
0 0.909940 0.555674 0.036146 0.046891
0 0.687297 0.193978 0.040706 0.059096
0 0.887837 0.289304 0.040895 0.051225
0 0.412035 0.349569 0.037605 0.050416
0 0.370685 0.250748 0.038701 0.050686
0 0.859973 0.544220 0.039617 0.049328
0 0.475981 0.235669 0.036328 0.048519
0 0.469889 0.275150 0.035050 0.046621
0 0.914112 0.513211 0.037605 0.050416
0 0.826604 0.363729 0.036328 0.048519
0 0.715310 0.422494 0.038701 0.050686
0 0.279005 0.143728 0.039246 0.055570
0 0.361884 0.334724 0.035232 0.048249
0 0.269379 0.224992 0.037787 0.052044
0 0.781449 0.309133 0.035232 0.048249
0 0.348086 0.458452 0.037787 0.052044
0 0.669606 0.367764 0.036509 0.050147
0 0.854886 0.584784 0.038520 0.049058
0 0.333467 0.584485 0.036146 0.046891
0 0.479696 0.192257 0.039065 0.053943
0 0.365965 0.293076 0.038701 0.050686
0 0.485691 0.143552 0.040525 0.057468
0 0.228033 0.131190 0.038150 0.055301
0 0.864693 0.501891 0.039980 0.052584
0 0.150103 0.365427 0.040525 0.057468
0 0.771094 0.391891 0.035232 0.048249
0 0.681941 0.242004 0.039798 0.050956
0 0.157997 0.289592 0.037054 0.055031
0 0.673596 0.326929 0.037605 0.050416
0 0.453106 0.440794 0.041076 0.052853
0 0.677860 0.283652 0.038520 0.049058
0 0.312374 0.324219 0.039617 0.049328
0 0.562026 0.383118 0.039065 0.053943
0 0.302108 0.406163 0.039798 0.050956
0 0.841219 0.232676 0.039065 0.053943
0 0.320217 0.708347 0.039798 0.050956
0 0.767379 0.435302 0.040162 0.054212
0 0.883393 0.334208 0.038150 0.055301
0 0.776819 0.350647 0.037605 0.050416
0 0.338096 0.542972 0.038883 0.052314
0 0.461726 0.358447 0.037605 0.050416
0 0.466447 0.316119 0.037605 0.050416
0 0.329295 0.626948 0.037605 0.050416
