0 0.229491 0.281471 0.038096 0.047487
0 0.263251 0.823581 0.036782 0.044059
0 0.825028 0.663061 0.038096 0.047487
0 0.078520 0.347014 0.037889 0.044212
0 0.570465 0.740496 0.034673 0.045389
0 0.864686 0.487410 0.039410 0.050916
0 0.916180 0.481093 0.038200 0.049125
0 0.813296 0.495364 0.035986 0.048818
0 0.141916 0.546365 0.039202 0.047640
0 0.869471 0.571821 0.035572 0.042267
0 0.871510 0.612837 0.039306 0.049278
0 0.389257 0.346036 0.034880 0.048664
0 0.278134 0.230121 0.037404 0.053884
0 0.821832 0.621380 0.034673 0.045389
0 0.848583 0.241852 0.037889 0.044212
0 0.093774 0.596819 0.036678 0.042421
0 0.138668 0.503865 0.038096 0.047487
0 0.621353 0.733437 0.039306 0.049278
0 0.918719 0.521213 0.035676 0.043905
0 0.866327 0.530958 0.036885 0.045695
0 0.874257 0.656233 0.039202 0.047640
0 0.492055 0.312781 0.045632 0.045286
0 0.631875 0.899649 0.041622 0.051223
0 0.606046 0.482813 0.037992 0.045849
0 0.130358 0.337346 0.035572 0.042267
0 0.892819 0.147338 0.037992 0.045849
0 0.369986 0.852552 0.039099 0.046002
0 0.815888 0.536304 0.035572 0.042267
0 0.423916 0.884718 0.035986 0.048818
0 0.394994 0.427838 0.035572 0.042267
0 0.178050 0.288606 0.034777 0.047026
0 0.159866 0.838747 0.035572 0.042267
0 0.900077 0.235536 0.036885 0.045695
0 0.405117 0.596584 0.036885 0.045695
0 0.359568 0.687977 0.036989 0.047333
0 0.246060 0.534398 0.036885 0.045695
0 0.907696 0.355897 0.036782 0.044059
0 0.486248 0.247509 0.046738 0.045440
0 0.619159 0.689964 0.038096 0.047487
0 0.483762 0.181776 0.047638 0.042318
0 0.575198 0.824088 0.035779 0.045542
0 0.753977 0.378044 0.034466 0.042114
0 0.168350 0.963943 0.039410 0.050916
0 0.565732 0.656903 0.037785 0.042574
0 0.418525 0.799565 0.033567 0.045235
0 0.629179 0.857072 0.036782 0.044059
0 0.372526 0.892672 0.038995 0.044366
0 0.884089 0.776287 0.037093 0.048971
0 0.091633 0.554166 0.038200 0.049125
0 0.089041 0.513226 0.035779 0.045542
0 0.182438 0.375550 0.036989 0.047333
0 0.749243 0.294452 0.037992 0.045849
0 0.481031 0.147464 0.046323 0.038889
0 0.165603 0.920548 0.041104 0.043035
0 0.554207 0.492481 0.037889 0.044212
0 0.905710 0.315700 0.037992 0.045849
0 0.878007 0.697837 0.039099 0.046002
0 0.494888 0.348730 0.044111 0.038582
0 0.489981 0.280029 0.043005 0.038429
0 0.532800 0.744893 0.027725 0.039556
0 0.889531 0.862259 0.039202 0.047640
0 0.113712 0.929398 0.037093 0.048971
0 0.484625 0.213043 0.047223 0.035767
0 0.886836 0.819682 0.036989 0.047333
0 0.107493 0.804713 0.039168 0.029781
0 0.557144 0.530068 0.038166 0.031265
0 0.881047 0.737062 0.035364 0.038992
0 0.853214 0.323807 0.037958 0.027989
0 0.503163 0.497083 0.041795 0.036638
0 0.112226 0.888305 0.038891 0.042728
0 0.144612 0.588942 0.036989 0.047333
0 0.623996 0.775194 0.039410 0.050916
0 0.496754 0.378206 0.044318 0.041857
0 0.573108 0.782253 0.034777 0.047026
0 0.415985 0.759445 0.033256 0.040323
0 0.362713 0.728840 0.037889 0.044212
0 0.073527 0.259327 0.039928 0.059103
0 0.903118 0.274760 0.037992 0.045849
0 0.626743 0.818590 0.039099 0.046002
0 0.579052 0.867330 0.038096 0.047487
0 0.146650 0.629957 0.037889 0.044212
0 0.081059 0.387134 0.040412 0.049432
0 0.861437 0.444910 0.035676 0.043905
0 0.567268 0.698814 0.033671 0.046873
0 0.546380 0.368845 0.035779 0.045542
0 0.889261 0.099925 0.039721 0.055828
0 0.119051 0.974086 0.037750 0.050686
0 0.329524 0.222167 0.036194 0.052092
0 0.562587 0.616041 0.039306 0.049278
0 0.346196 0.476731 0.036989 0.047333
0 0.331873 0.268095 0.036885 0.045695
0 0.797091 0.248169 0.037093 0.048971
0 0.589788 0.234798 0.036989 0.047333
0 0.586488 0.191480 0.038200 0.049125
0 0.398191 0.469519 0.036989 0.047333
0 0.254767 0.698383 0.037992 0.045849
0 0.343500 0.434155 0.034777 0.047026
0 0.180296 0.332897 0.035883 0.047180
0 0.804917 0.371805 0.036989 0.047333
0 0.338266 0.351458 0.039306 0.049278
0 0.819637 0.577908 0.038303 0.050762
0 0.640279 0.230273 0.035986 0.048818
0 0.634923 0.136855 0.037300 0.052246
0 0.807561 0.413562 0.037093 0.048971
0 0.149293 0.671715 0.040412 0.049432
0 0.855598 0.361471 0.039410 0.050916
0 0.793842 0.205669 0.035779 0.045542
0 0.612491 0.566994 0.038096 0.047487
0 0.335622 0.309700 0.036989 0.047333
0 0.548868 0.408147 0.035779 0.045542
0 0.429055 0.163759 0.037300 0.052246
0 0.258568 0.740807 0.037992 0.045849
0 0.637877 0.183526 0.039410 0.050916
0 0.163012 0.879609 0.039306 0.049278
0 0.750936 0.338820 0.038200 0.049125
0 0.354731 0.602747 0.038096 0.047487
0 0.122671 0.207082 0.041415 0.047947
0 0.341359 0.391501 0.035676 0.043905
0 0.284233 0.317654 0.038200 0.049125
0 0.097299 0.678927 0.038200 0.049125
0 0.691115 0.222396 0.038096 0.047487
0 0.131291 0.378515 0.037093 0.048971
0 0.552065 0.449828 0.036989 0.047333
0 0.845836 0.198457 0.038200 0.049125
0 0.243313 0.491002 0.039410 0.050916
0 0.108927 0.844987 0.040516 0.051069
0 0.232238 0.324866 0.038200 0.049125
0 0.154683 0.756868 0.040205 0.046156
0 0.086294 0.469831 0.038096 0.047487
0 0.403080 0.555568 0.038200 0.049125
0 0.896172 0.191475 0.039306 0.049278
0 0.799838 0.291565 0.036989 0.047333
0 0.348286 0.518566 0.035986 0.048818
0 0.223893 0.193042 0.040516 0.051069
0 0.252781 0.658186 0.034569 0.043752
0 0.756621 0.419802 0.037196 0.050609
0 0.385026 0.261549 0.036989 0.047333
0 0.921415 0.563791 0.038303 0.050762
0 0.352088 0.560989 0.037992 0.045849
0 0.583534 0.144810 0.038303 0.050762
0 0.261263 0.783384 0.035779 0.045542
0 0.128217 0.294692 0.037093 0.048971
0 0.842485 0.154319 0.039306 0.049278
0 0.267000 0.865185 0.039306 0.049278
0 0.104503 0.766306 0.039410 0.050916
0 0.250690 0.616352 0.037992 0.045849
0 0.559130 0.570265 0.038200 0.049125
0 0.687815 0.179077 0.037093 0.048971
0 0.368397 0.809822 0.039306 0.049278
0 0.157327 0.798626 0.038096 0.047487
0 0.858345 0.404867 0.036885 0.045695
0 0.152040 0.715110 0.038096 0.047487
0 0.600811 0.400116 0.038096 0.047487
0 0.238027 0.407487 0.039410 0.050916
0 0.500260 0.451231 0.042832 0.053013
0 0.543737 0.327088 0.035883 0.047180
0 0.076482 0.305998 0.038995 0.044366
0 0.743611 0.214289 0.037093 0.048971
0 0.609242 0.524494 0.039202 0.047640
0 0.101152 0.722169 0.038096 0.047487
0 0.410352 0.679280 0.034777 0.047026
0 0.083703 0.428892 0.037889 0.044212
0 0.400332 0.512172 0.038096 0.047487
0 0.595178 0.319952 0.034569 0.043752
0 0.604111 0.443434 0.039099 0.046002
0 0.613976 0.608086 0.038096 0.047487
0 0.747309 0.255074 0.036678 0.042421
0 0.226744 0.238075 0.040412 0.049432
0 0.175752 0.243497 0.036194 0.052092
0 0.365149 0.767322 0.037992 0.045849
0 0.135196 0.422576 0.037093 0.048971
0 0.616014 0.649102 0.036989 0.047333
0 0.598272 0.359996 0.035779 0.045542
0 0.851382 0.286066 0.040723 0.054344
0 0.840083 0.107572 0.038303 0.050762
0 0.414051 0.720067 0.036989 0.047333
0 0.125418 0.250478 0.039306 0.049278
0 0.740760 0.169255 0.037196 0.050609
0 0.357478 0.646142 0.035779 0.045542
0 0.287983 0.359258 0.038096 0.047487
0 0.271941 0.952053 0.042624 0.049738
0 0.269194 0.908657 0.040308 0.047794
0 0.802378 0.331685 0.036678 0.042421
0 0.234881 0.366624 0.035676 0.043905
0 0.427268 0.928856 0.039306 0.049278
0 0.791597 0.161378 0.037300 0.052246
0 0.095762 0.637016 0.037889 0.044212
0 0.375169 0.934430 0.039513 0.052553
0 0.737962 0.125041 0.037196 0.050609
0 0.391901 0.387794 0.034777 0.047026
0 0.759471 0.464835 0.037093 0.048971
0 0.420615 0.841399 0.034777 0.047026
0 0.408263 0.637447 0.035779 0.045542
0 0.136681 0.463668 0.034673 0.045389
0 0.435257 0.252930 0.035676 0.043905
0 0.910391 0.398473 0.036989 0.047333
0 0.279827 0.274489 0.038995 0.044366
0 0.912481 0.440308 0.037992 0.045849
0 0.240220 0.450958 0.037785 0.042574
0 0.248098 0.575413 0.038200 0.049125
0 0.810152 0.454502 0.036678 0.042421
0 0.541890 0.280264 0.038407 0.052399
0 0.381068 0.216669 0.039513 0.052553
0 0.685362 0.131511 0.040619 0.052706
0 0.387116 0.303383 0.035779 0.045542
0 0.378512 0.167465 0.040619 0.052706
0 0.433063 0.209457 0.039306 0.049278
0 0.592587 0.279013 0.036989 0.047333
