0 0.584404 0.711998 0.038944 0.040996
0 0.652320 0.715940 0.028158 0.037272
0 0.886279 0.473371 0.029423 0.035796
0 0.597847 0.349966 0.037612 0.040919
0 0.867398 0.618646 0.041408 0.036492
0 0.577416 0.891442 0.040210 0.039520
0 0.286173 0.693131 0.038811 0.037890
0 0.287224 0.621563 0.040276 0.041074
0 0.861495 0.397190 0.029423 0.035796
0 0.806196 0.723315 0.037347 0.034706
0 0.888761 0.399551 0.028158 0.037272
0 0.892508 0.327362 0.032220 0.039057
0 0.758685 0.538372 0.036016 0.034628
0 0.132545 0.429622 0.040210 0.039520
0 0.129138 0.540759 0.040143 0.037967
0 0.596829 0.420756 0.036082 0.036182
0 0.537366 0.562897 0.036016 0.034628
0 0.697257 0.679620 0.037347 0.034706
0 0.246249 0.330337 0.037413 0.036260
0 0.644467 0.571449 0.037413 0.036260
0 0.292436 0.546344 0.036215 0.039289
0 0.191292 0.366853 0.042806 0.038122
0 0.653079 0.353951 0.036215 0.039289
0 0.192882 0.329574 0.040276 0.041074
0 0.544420 0.381900 0.034882 0.039211
0 0.868989 0.581368 0.041541 0.039598
0 0.462048 0.341305 0.037281 0.033153
0 0.695700 0.716122 0.037546 0.039366
0 0.298433 0.405772 0.036281 0.040842
0 0.651362 0.425479 0.036082 0.036182
0 0.240851 0.472501 0.036016 0.034628
0 0.185295 0.507426 0.040210 0.039520
0 0.132286 0.466978 0.040077 0.036414
0 0.237544 0.581308 0.038811 0.037890
0 0.532287 0.635009 0.040077 0.036414
0 0.410338 0.301711 0.034683 0.034551
0 0.591492 0.530224 0.037480 0.037813
0 0.286965 0.658919 0.037347 0.034706
0 0.293227 0.512134 0.034617 0.032998
0 0.357104 0.297842 0.037678 0.042472
0 0.395371 0.699469 0.038811 0.037890
0 0.750865 0.721660 0.041607 0.041151
0 0.812959 0.580450 0.041475 0.038045
0 0.460623 0.374700 0.034683 0.034551
0 0.450669 0.701900 0.037413 0.036260
0 0.858347 0.470971 0.029490 0.037349
0 0.187078 0.434344 0.037413 0.036260
0 0.397787 0.627202 0.032087 0.035951
0 0.455127 0.519195 0.036016 0.034628
0 0.243042 0.436814 0.037480 0.037813
0 0.347794 0.516079 0.034683 0.034551
0 0.701163 0.572404 0.038678 0.034783
0 0.138608 0.287496 0.040276 0.041074
0 0.456651 0.483470 0.033352 0.034474
0 0.291510 0.583662 0.037413 0.036260
0 0.649546 0.499338 0.038944 0.040996
0 0.809910 0.651902 0.041607 0.041151
0 0.816106 0.506670 0.036215 0.039289
0 0.459732 0.411242 0.038877 0.039443
0 0.763323 0.429641 0.041607 0.041151
0 0.710133 0.315219 0.040342 0.042627
0 0.624894 0.748606 0.026561 0.030981
0 0.548900 0.308197 0.037612 0.040919
0 0.811061 0.906560 0.030755 0.035873
0 0.802856 0.832899 0.040210 0.039520
0 0.582248 0.746908 0.034617 0.032998
0 0.116686 0.863920 0.040011 0.034860
0 0.482845 0.776953 0.025163 0.029351
0 0.117578 0.827380 0.038745 0.036337
0 0.688204 0.860501 0.037413 0.036260
0 0.890984 0.363088 0.029291 0.032689
0 0.690262 0.827920 0.038745 0.036337
0 0.624003 0.785146 0.028092 0.035719
0 0.650604 0.787469 0.028026 0.034165
0 0.511057 0.193887 0.034418 0.028339
0 0.647324 0.535801 0.037546 0.039366
0 0.800600 0.870139 0.041541 0.039598
0 0.279477 0.834441 0.037480 0.037813
0 0.688711 0.895566 0.041475 0.038045
0 0.862925 0.723493 0.036016 0.034628
0 0.502883 0.432432 0.030755 0.035873
0 0.859419 0.508405 0.029224 0.031136
0 0.860344 0.799643 0.040276 0.041074
0 0.119102 0.791654 0.041541 0.039598
0 0.132028 0.504334 0.034882 0.039211
0 0.578307 0.854900 0.038811 0.037890
0 0.283950 0.729594 0.037546 0.039366
0 0.528755 0.780396 0.037347 0.034706
0 0.811468 0.615400 0.038745 0.036337
0 0.122409 0.682846 0.041541 0.039598
0 0.865241 0.325001 0.028026 0.034165
0 0.453244 0.594607 0.036082 0.036182
0 0.585362 0.673904 0.040210 0.039520
0 0.817890 0.433588 0.038877 0.039443
0 0.711691 0.278718 0.036950 0.025386
0 0.785726 0.905868 0.027893 0.031058
0 0.463898 0.266670 0.034220 0.023678
0 0.823585 0.284433 0.037016 0.026939
0 0.137084 0.323222 0.039613 0.025541
0 0.250096 0.255818 0.038347 0.027017
0 0.861401 0.759218 0.038944 0.040996
0 0.580498 0.819213 0.037347 0.034706
0 0.509831 0.222622 0.034617 0.032998
0 0.227442 0.833757 0.040210 0.039520
0 0.814483 0.544725 0.041475 0.038045
0 0.503009 0.398183 0.030490 0.029660
0 0.119993 0.755113 0.040011 0.034860
0 0.527330 0.813792 0.037281 0.033153
0 0.333118 0.875704 0.035950 0.033075
0 0.692777 0.753324 0.037281 0.033153
0 0.503135 0.363933 0.033551 0.039134
0 0.451819 0.628003 0.036016 0.034628
0 0.803781 0.795581 0.038745 0.036337
0 0.134669 0.395488 0.035950 0.033075
0 0.443841 0.846317 0.035950 0.033075
0 0.652128 0.751743 0.028026 0.034165
0 0.236020 0.617034 0.036148 0.037736
0 0.283598 0.800423 0.037347 0.034706
0 0.642784 0.642201 0.040276 0.041074
0 0.442383 0.880489 0.038612 0.033230
0 0.277886 0.871720 0.040143 0.037967
0 0.698016 0.646186 0.038745 0.036337
0 0.525839 0.848741 0.037612 0.040919
0 0.230716 0.725726 0.037480 0.037813
0 0.860602 0.433731 0.027893 0.031058
0 0.865208 0.654333 0.040077 0.036414
0 0.804672 0.759041 0.040276 0.041074
0 0.232273 0.689223 0.037413 0.036260
0 0.189168 0.400987 0.038546 0.031677
0 0.693283 0.788388 0.038944 0.040996
0 0.393115 0.736709 0.034949 0.040764
0 0.753980 0.648655 0.038811 0.037890
0 0.640561 0.678664 0.038612 0.033230
0 0.887170 0.436830 0.027893 0.031058
0 0.625720 0.713617 0.028092 0.035719
0 0.586820 0.639732 0.037413 0.036260
0 0.124632 0.646383 0.040143 0.037967
0 0.447147 0.737510 0.038877 0.039443
0 0.532161 0.669259 0.040077 0.036414
0 0.283724 0.766174 0.037347 0.034706
0 0.336992 0.769266 0.037480 0.037813
0 0.334576 0.841532 0.036215 0.039289
0 0.126156 0.610657 0.037347 0.034706
0 0.702721 0.535902 0.033286 0.032921
0 0.870612 0.543312 0.038811 0.037890
0 0.228300 0.797992 0.038745 0.036337
0 0.229125 0.763005 0.037480 0.037813
0 0.523483 0.888311 0.036082 0.036182
0 0.336199 0.803476 0.038811 0.037890
0 0.128946 0.576562 0.037480 0.037813
0 0.194572 0.289966 0.037678 0.042472
0 0.446063 0.809853 0.037612 0.040919
0 0.506882 0.291744 0.032021 0.034396
0 0.530279 0.744671 0.040276 0.041074
0 0.581422 0.781896 0.038811 0.037890
0 0.864383 0.689321 0.038811 0.037890
0 0.808353 0.688404 0.038745 0.036337
0 0.225218 0.870220 0.038678 0.034783
0 0.233797 0.653497 0.037546 0.039366
0 0.543936 0.455836 0.032153 0.037504
0 0.863684 0.361503 0.027959 0.032611
0 0.346303 0.551029 0.034617 0.032998
0 0.445623 0.773235 0.036082 0.036182
0 0.338016 0.729618 0.039010 0.042549
0 0.121550 0.718611 0.042872 0.039675
0 0.766504 0.355084 0.038811 0.037890
0 0.657366 0.316049 0.036281 0.040842
0 0.294718 0.477185 0.037347 0.034706
0 0.136193 0.359762 0.041541 0.039598
0 0.760369 0.467620 0.038745 0.036337
0 0.532601 0.705877 0.038811 0.037890
0 0.752455 0.684381 0.038811 0.037890
0 0.816998 0.470128 0.037480 0.037813
0 0.407923 0.373977 0.036082 0.036182
0 0.355514 0.335121 0.040077 0.036414
0 0.755504 0.612930 0.036016 0.034628
0 0.593648 0.495314 0.036082 0.036182
0 0.643642 0.606437 0.038678 0.034783
0 0.247872 0.292281 0.037612 0.040919
0 0.649838 0.461204 0.038745 0.036337
0 0.350209 0.443813 0.036082 0.036182
0 0.538857 0.527948 0.036082 0.036182
0 0.302439 0.296227 0.035015 0.042317
0 0.704145 0.502507 0.038811 0.037890
0 0.300815 0.334282 0.037480 0.037813
0 0.345377 0.588346 0.039010 0.042549
0 0.246057 0.366139 0.037546 0.039366
0 0.541713 0.492300 0.036082 0.036182
0 0.597589 0.387322 0.037480 0.037813
0 0.187551 0.470186 0.041541 0.039598
0 0.595239 0.458035 0.036215 0.039289
0 0.767995 0.320135 0.038745 0.036337
0 0.245198 0.401903 0.038745 0.036337
0 0.354655 0.370886 0.038745 0.036337
0 0.764947 0.391586 0.036215 0.039289
0 0.508307 0.258348 0.034750 0.036105
0 0.546611 0.346213 0.038745 0.036337
0 0.458042 0.450851 0.036148 0.037736
0 0.398612 0.592214 0.036148 0.037736
0 0.296843 0.443051 0.038811 0.037890
0 0.600902 0.309658 0.037612 0.040919
0 0.299957 0.370047 0.036016 0.034628
0 0.544827 0.419295 0.036082 0.036182
0 0.588344 0.604006 0.034882 0.039211
0 0.450262 0.664505 0.038877 0.039443
0 0.239168 0.543253 0.041541 0.039598
0 0.821071 0.359030 0.038745 0.036337
0 0.408814 0.337437 0.037480 0.037813
0 0.760176 0.503423 0.038877 0.039443
0 0.239360 0.507450 0.038745 0.036337
0 0.704537 0.462043 0.038811 0.037890
0 0.404583 0.483562 0.038811 0.037890
0 0.590600 0.566766 0.038745 0.036337
0 0.652187 0.390491 0.037480 0.037813
0 0.708151 0.392961 0.040077 0.036414
0 0.463605 0.304803 0.037612 0.040919
0 0.700239 0.609722 0.037480 0.037813
0 0.406465 0.408150 0.038745 0.036337
0 0.705995 0.427872 0.038678 0.034783
0 0.535875 0.597846 0.038877 0.039443
0 0.406173 0.446282 0.041607 0.041151
0 0.453437 0.558804 0.038877 0.039443
0 0.402392 0.519248 0.037347 0.034706
0 0.758459 0.574952 0.039010 0.042549
0 0.349351 0.479577 0.040210 0.039520
0 0.400835 0.555751 0.037546 0.039366
0 0.396929 0.662966 0.038877 0.039443
0 0.823293 0.322567 0.034949 0.040764
0 0.353098 0.407388 0.038811 0.037890
0 0.709043 0.356420 0.038944 0.040996
0 0.818847 0.395493 0.037480 0.037813
