0 0.185558 0.105836 0.041838 0.054190
0 0.522759 0.348316 0.045564 0.043061
0 0.519404 0.377346 0.047089 0.046609
0 0.531269 0.281143 0.046414 0.041609
0 0.887764 0.355650 0.038134 0.034514
0 0.549681 0.153248 0.046632 0.043222
0 0.497712 0.529514 0.035954 0.041610
0 0.544234 0.185182 0.049247 0.047093
0 0.539876 0.217438 0.048376 0.040643
0 0.900513 0.655469 0.033558 0.047094
0 0.535518 0.249693 0.047939 0.052899
0 0.623879 0.363072 0.038133 0.049996
0 0.926008 0.454191 0.038787 0.047093
0 0.527455 0.313561 0.047067 0.054189
0 0.585419 0.266143 0.036172 0.043222
0 0.281764 0.177927 0.038133 0.049996
0 0.128685 0.132609 0.038787 0.047093
0 0.332973 0.193087 0.037697 0.046771
0 0.774344 0.410970 0.039223 0.050318
0 0.667788 0.419681 0.039223 0.050318
0 0.673344 0.378554 0.039441 0.051931
0 0.836120 0.339523 0.039876 0.055158
0 0.338420 0.148574 0.040748 0.061609
0 0.395403 0.120994 0.039658 0.053545
0 0.276099 0.219860 0.040749 0.053867
0 0.618323 0.404199 0.038351 0.051609
0 0.612657 0.446132 0.038351 0.051609
0 0.634448 0.280658 0.040094 0.056770
0 0.904109 0.616279 0.041185 0.049352
0 0.507953 0.449520 0.044671 0.051931
0 0.480279 0.281143 0.039441 0.051931
0 0.377862 0.250824 0.037262 0.051286
0 0.428526 0.265822 0.040531 0.052254
0 0.123019 0.174542 0.042274 0.057415
0 0.485944 0.235017 0.039005 0.056447
0 0.446066 0.135992 0.043363 0.057737
0 0.697313 0.209533 0.039441 0.051931
0 0.915548 0.535800 0.040095 0.049029
0 0.439094 0.179215 0.040313 0.050641
0 0.937121 0.371939 0.039223 0.050318
0 0.718015 0.433712 0.041620 0.052577
0 0.192858 0.060194 0.042056 0.055803
0 0.230121 0.161800 0.039005 0.048706
0 0.661577 0.461452 0.040313 0.050641
0 0.909557 0.575958 0.041620 0.052577
0 0.389410 0.165345 0.039441 0.051931
0 0.327417 0.234213 0.040967 0.055480
0 0.730545 0.349362 0.039658 0.053545
0 0.724335 0.391134 0.040749 0.053867
0 0.784803 0.325169 0.041838 0.054190
0 0.242759 0.076643 0.042056 0.055803
0 0.881118 0.396454 0.041403 0.058706
0 0.135222 0.088419 0.041838 0.061932
0 0.173791 0.192927 0.039658 0.053545
0 0.679227 0.339202 0.040313 0.050641
0 0.502179 0.492258 0.042710 0.052899
0 0.685001 0.296463 0.040531 0.052254
0 0.690123 0.254369 0.039441 0.051931
0 0.224782 0.205506 0.040967 0.055480
0 0.943439 0.329361 0.040967 0.055480
0 0.629109 0.324365 0.040313 0.050641
0 0.579099 0.308722 0.040967 0.055480
0 0.830128 0.383875 0.039658 0.053545
0 0.780009 0.369038 0.039658 0.053545
0 0.590103 0.223082 0.040748 0.061609
0 0.768243 0.451936 0.040531 0.052254
0 0.920669 0.493706 0.041620 0.052577
0 0.790905 0.284204 0.040531 0.052254
0 0.892449 0.312589 0.041838 0.061932
0 0.949540 0.284203 0.043146 0.056125
0 0.797550 0.239208 0.042056 0.055803
0 0.236113 0.121641 0.040531 0.052254
0 0.931455 0.413872 0.041838 0.054190
0 0.180220 0.149543 0.042928 0.054512
0 0.384181 0.208246 0.040749 0.053867
0 0.434300 0.223084 0.042928 0.054512
