0 0.293456 0.342347 0.034838 0.041843
0 0.555996 0.717587 0.034853 0.043487
0 0.617606 0.423491 0.019205 0.033291
0 0.770353 0.418613 0.024791 0.036698
0 0.465973 0.716203 0.025903 0.036721
0 0.467474 0.929186 0.022553 0.035006
0 0.103702 0.887537 0.022553 0.035006
0 0.441627 0.841731 0.023680 0.036674
0 0.103020 0.931964 0.024775 0.035053
0 0.774877 0.541885 0.024791 0.036698
0 0.079697 0.933280 0.024791 0.036698
0 0.441469 0.882857 0.024791 0.036698
0 0.465514 0.841226 0.024823 0.039987
0 0.501140 0.157836 0.044757 0.033832
0 0.467330 0.799242 0.024775 0.035053
0 0.294170 0.301210 0.032616 0.041796
0 0.501188 0.220341 0.045805 0.027277
0 0.465799 0.755684 0.022569 0.036651
0 0.467038 0.883961 0.022569 0.036651
0 0.774114 0.462946 0.024791 0.036698
0 0.203578 0.470907 0.023728 0.041608
0 0.514730 0.759583 0.024727 0.030119
0 0.618821 0.549300 0.025887 0.035076
0 0.860929 0.247271 0.035997 0.046801
0 0.552335 0.338514 0.034838 0.041843
0 0.503372 0.504041 0.038203 0.045203
0 0.192397 0.636457 0.036029 0.050089
0 0.550795 0.294134 0.034901 0.048421
0 0.450241 0.295440 0.035997 0.046801
0 0.243210 0.720094 0.036013 0.048444
0 0.654839 0.251632 0.034885 0.046777
0 0.809110 0.289491 0.031521 0.043417
0 0.913813 0.200095 0.036029 0.050089
0 0.704969 0.206982 0.036077 0.055023
0 0.552748 0.381273 0.034901 0.048421
0 0.140165 0.635917 0.033774 0.046754
0 0.502389 0.459649 0.039314 0.045226
0 0.241406 0.303149 0.035997 0.046801
0 0.450123 0.340677 0.034869 0.045132
0 0.810095 0.333882 0.034853 0.043487
0 0.293749 0.257629 0.034917 0.050066
0 0.450536 0.383436 0.034838 0.041843
0 0.192120 0.722821 0.035981 0.045156
0 0.501498 0.252410 0.043694 0.038742
0 0.603584 0.294662 0.033790 0.048397
0 0.138909 0.390854 0.033743 0.043464
0 0.190166 0.347824 0.034806 0.038554
0 0.400693 0.630404 0.034917 0.050066
0 0.192263 0.680050 0.034806 0.038554
0 0.759394 0.376900 0.039282 0.041937
0 0.241264 0.345920 0.037076 0.043535
0 0.704311 0.253876 0.033679 0.036886
0 0.086152 0.393614 0.037140 0.050113
0 0.400027 0.676475 0.032600 0.040152
0 0.089067 0.637821 0.035981 0.045156
0 0.705255 0.294156 0.034901 0.048421
0 0.139491 0.681167 0.035981 0.045156
0 0.914274 0.247787 0.033711 0.040175
0 0.604972 0.380991 0.034853 0.043487
0 0.189444 0.388139 0.037076 0.043535
0 0.593157 0.423185 0.021442 0.034982
0 0.758449 0.336620 0.035934 0.040222
0 0.345537 0.212121 0.034949 0.053355
0 0.140459 0.723914 0.034869 0.045132
0 0.244067 0.636186 0.034901 0.048421
0 0.345300 0.302595 0.034885 0.046777
0 0.810492 0.374996 0.037044 0.040246
0 0.914123 0.289736 0.037092 0.045179
0 0.088948 0.683059 0.037108 0.046824
0 0.138083 0.305335 0.033774 0.046754
0 0.088798 0.725007 0.038171 0.041913
0 0.607213 0.670446 0.035997 0.046801
0 0.757464 0.292228 0.032695 0.050019
0 0.503824 0.320625 0.040377 0.040316
0 0.189737 0.303420 0.034933 0.051711
0 0.607911 0.627664 0.033743 0.043464
0 0.400996 0.719222 0.033774 0.046754
0 0.086834 0.349188 0.034853 0.043487
0 0.411364 0.297085 0.022617 0.041584
0 0.439665 0.465911 0.022585 0.038295
0 0.345451 0.260647 0.031505 0.041772
0 0.555130 0.627959 0.034869 0.045132
0 0.503785 0.546800 0.029283 0.041725
0 0.593522 0.461010 0.021442 0.034982
0 0.241121 0.388691 0.035965 0.043511
0 0.462622 0.426770 0.020347 0.036604
0 0.604012 0.339066 0.033727 0.041819
0 0.137385 0.348118 0.033743 0.043464
0 0.861747 0.331966 0.031473 0.038483
0 0.655673 0.337972 0.032616 0.041796
0 0.617995 0.463783 0.021474 0.038272
0 0.438728 0.426453 0.021442 0.034982
0 0.464519 0.508153 0.022585 0.038295
0 0.814310 0.712943 0.035981 0.045156
0 0.555027 0.674840 0.035997 0.046801
0 0.464750 0.589571 0.023712 0.039964
0 0.078307 0.846951 0.025919 0.038366
0 0.607650 0.715672 0.035981 0.045156
0 0.503363 0.388075 0.042535 0.033785
0 0.655276 0.296858 0.032616 0.041796
0 0.814564 0.624114 0.031537 0.045062
0 0.101963 0.765029 0.021458 0.036627
0 0.180112 0.514994 0.024791 0.036698
0 0.439436 0.672352 0.024791 0.036698
0 0.439729 0.587633 0.022585 0.038295
0 0.440626 0.507836 0.021427 0.033338
0 0.102932 0.807775 0.024791 0.036698
0 0.179310 0.431943 0.024807 0.038342
0 0.463003 0.466240 0.022569 0.036651
0 0.440396 0.714276 0.023696 0.038319
0 0.501848 0.288590 0.041409 0.032117
0 0.153490 0.807528 0.025919 0.038366
0 0.203744 0.430604 0.022537 0.033362
0 0.440150 0.631214 0.024791 0.036698
0 0.464584 0.629875 0.022585 0.038295
0 0.440659 0.798983 0.024791 0.036698
0 0.086421 0.306429 0.032632 0.043440
0 0.178588 0.472259 0.024823 0.039987
0 0.076259 0.807518 0.022585 0.038295
0 0.078149 0.888078 0.024807 0.038342
0 0.441912 0.756189 0.023712 0.039964
0 0.500323 0.188283 0.042583 0.038719
0 0.076957 0.764736 0.022553 0.035006
0 0.439332 0.546518 0.022617 0.041584
0 0.179953 0.556120 0.023680 0.036674
0 0.502491 0.355195 0.041424 0.033762
0 0.386367 0.297614 0.023696 0.038319
0 0.862469 0.291651 0.031521 0.043417
0 0.464997 0.672633 0.024807 0.038342
0 0.464924 0.550089 0.022569 0.036651
0 0.814430 0.667706 0.034885 0.046777
0 0.153640 0.765580 0.022537 0.033362
0 0.442453 0.927248 0.023680 0.036674
