0 0.416243 0.746689 0.024322 0.037642
0 0.884783 0.799598 0.024277 0.035995
0 0.753103 0.344338 0.039636 0.030364
0 0.493354 0.740315 0.020717 0.027561
0 0.882466 0.716471 0.024231 0.034349
0 0.908000 0.714907 0.022011 0.034213
0 0.493022 0.369344 0.043104 0.035506
0 0.492197 0.339715 0.040975 0.038662
0 0.858754 0.843237 0.025433 0.037710
0 0.856877 0.755964 0.022011 0.034213
0 0.416280 0.787908 0.024231 0.034349
0 0.855244 0.717316 0.023167 0.035927
0 0.909078 0.753589 0.024277 0.035995
0 0.488920 0.202236 0.044076 0.030636
0 0.649429 0.814019 0.022056 0.035859
0 0.490778 0.268901 0.041902 0.032146
0 0.932956 0.712554 0.025387 0.036063
0 0.934034 0.751236 0.025341 0.034417
0 0.673852 0.812523 0.024277 0.035995
0 0.857561 0.800441 0.023304 0.040866
0 0.882434 0.755221 0.024368 0.039287
0 0.432509 0.412625 0.022011 0.034213
0 0.696883 0.222470 0.034452 0.043192
0 0.402884 0.706287 0.033387 0.044770
0 0.391879 0.790228 0.024277 0.035995
0 0.649323 0.770330 0.022102 0.037506
0 0.649332 0.730757 0.022011 0.034213
0 0.867974 0.675315 0.040003 0.043532
0 0.673200 0.729295 0.023121 0.034281
0 0.918936 0.628497 0.039957 0.041886
0 0.920106 0.670471 0.040186 0.050116
0 0.899847 0.462308 0.024185 0.032703
0 0.925913 0.459887 0.023121 0.034281
0 0.488535 0.168459 0.043195 0.038798
0 0.901526 0.502602 0.025433 0.037710
0 0.923642 0.378407 0.025387 0.036063
0 0.673746 0.768834 0.024322 0.037642
0 0.390778 0.750723 0.022148 0.039151
0 0.924743 0.417912 0.025295 0.032771
0 0.080895 0.305560 0.036627 0.041682
0 0.570060 0.779310 0.023167 0.035927
0 0.896998 0.380040 0.023167 0.035927
0 0.487016 0.133926 0.044305 0.038866
0 0.867359 0.633306 0.036719 0.044974
0 0.079816 0.266878 0.036673 0.043328
0 0.545022 0.738798 0.022011 0.034213
0 0.698585 0.263587 0.033250 0.039831
0 0.545637 0.780806 0.023167 0.035927
0 0.569469 0.738125 0.024277 0.035995
0 0.299153 0.715116 0.036764 0.046620
0 0.815820 0.679334 0.037920 0.048335
0 0.434189 0.452918 0.025478 0.039355
0 0.498376 0.521535 0.029828 0.036335
0 0.290348 0.379290 0.037783 0.043396
0 0.898654 0.419511 0.026498 0.036131
0 0.133095 0.303186 0.034452 0.043192
0 0.853430 0.253275 0.036810 0.048267
0 0.490393 0.235123 0.043333 0.043736
0 0.659309 0.689749 0.037874 0.046688
0 0.907934 0.293630 0.036673 0.043328
0 0.814650 0.637360 0.035562 0.043260
0 0.917165 0.584911 0.039168 0.053340
0 0.247508 0.717456 0.035608 0.044906
0 0.801276 0.257295 0.036764 0.046620
0 0.905608 0.250078 0.036810 0.048267
0 0.134865 0.346771 0.035608 0.044906
0 0.193476 0.634202 0.036856 0.049912
0 0.195862 0.719796 0.034452 0.043192
0 0.194715 0.678645 0.034452 0.043192
0 0.491141 0.301856 0.041067 0.041954
0 0.658071 0.645306 0.037874 0.046688
0 0.235739 0.295247 0.035745 0.049844
0 0.244521 0.630251 0.036810 0.048267
0 0.909127 0.336426 0.038893 0.043464
0 0.608219 0.692055 0.035516 0.041614
0 0.751378 0.302398 0.036719 0.044974
0 0.656299 0.601720 0.034497 0.044838
0 0.246361 0.676305 0.035608 0.044906
0 0.298561 0.673931 0.035562 0.043260
0 0.700334 0.306351 0.036764 0.046620
0 0.695575 0.175558 0.034681 0.051422
0 0.400604 0.664381 0.033342 0.043124
0 0.749676 0.261281 0.033296 0.041478
0 0.340200 0.332541 0.033204 0.038186
0 0.082688 0.349969 0.037920 0.048335
0 0.864987 0.588108 0.036948 0.053204
0 0.597749 0.356331 0.035608 0.044906
0 0.349583 0.669155 0.035562 0.043260
0 0.297831 0.627808 0.036856 0.049912
0 0.647647 0.311227 0.035562 0.043260
0 0.545548 0.358705 0.035653 0.046552
0 0.347765 0.623924 0.036810 0.048267
0 0.236400 0.338901 0.034406 0.041546
0 0.079063 0.219932 0.038104 0.054918
0 0.290243 0.335602 0.035608 0.044906
0 0.287940 0.292873 0.035699 0.048198
0 0.391185 0.286546 0.033479 0.048062
0 0.398811 0.619972 0.036856 0.049912
0 0.453397 0.703192 0.036719 0.044974
0 0.496151 0.441702 0.041251 0.048539
0 0.452227 0.661217 0.036673 0.043328
0 0.131856 0.258743 0.036856 0.049912
0 0.606539 0.651762 0.034452 0.043192
0 0.649348 0.352344 0.034543 0.046484
0 0.350775 0.711953 0.037874 0.046688
0 0.748414 0.216015 0.035745 0.049844
0 0.185226 0.298342 0.036856 0.049912
0 0.543823 0.316766 0.036627 0.041682
0 0.556064 0.696076 0.035562 0.043260
0 0.341393 0.375337 0.035699 0.048198
0 0.554339 0.654136 0.034497 0.044838
0 0.596602 0.315180 0.035516 0.041614
0 0.593721 0.271662 0.036856 0.049912
0 0.605255 0.605672 0.036856 0.049912
0 0.391846 0.330200 0.034452 0.043192
0 0.856834 0.335509 0.036994 0.054850
0 0.540988 0.274894 0.035653 0.046552
0 0.238726 0.382453 0.036856 0.049912
0 0.338961 0.288097 0.035791 0.051490
0 0.444129 0.370691 0.039030 0.048403
0 0.442381 0.327928 0.035516 0.041614
0 0.646362 0.265139 0.035745 0.049844
0 0.392506 0.373855 0.035699 0.048198
0 0.552545 0.609727 0.037920 0.048335
0 0.186525 0.384827 0.036810 0.048267
0 0.185934 0.343642 0.035608 0.044906
0 0.440565 0.282696 0.036856 0.049912
0 0.812810 0.591305 0.039168 0.053340
0 0.451520 0.615917 0.038012 0.051626
0 0.805188 0.337849 0.038058 0.053272
0 0.496257 0.485390 0.038893 0.043464
