0 0.400539 0.180150 0.042114 0.053459
0 0.675960 0.268509 0.039946 0.052739
0 0.456952 0.553780 0.040299 0.048302
0 0.852831 0.375302 0.039702 0.051140
0 0.532099 0.355757 0.036558 0.044023
0 0.462263 0.592344 0.041871 0.051860
0 0.188948 0.902366 0.041518 0.056299
0 0.070596 0.466124 0.042602 0.056658
0 0.329651 0.768276 0.042602 0.056658
0 0.871978 0.500851 0.040434 0.055938
0 0.208972 0.678955 0.039458 0.049540
0 0.544783 0.438923 0.040190 0.054338
0 0.203416 0.638791 0.038862 0.052380
0 0.726315 0.591218 0.039458 0.049540
0 0.632563 0.663512 0.037534 0.050421
0 0.239286 0.881453 0.038618 0.050781
0 0.638291 0.365031 0.039946 0.052739
0 0.639325 0.704115 0.036694 0.051660
0 0.896299 0.320543 0.040299 0.048302
0 0.551070 0.483886 0.041762 0.057898
0 0.290722 0.867738 0.041274 0.054699
0 0.387289 0.451722 0.037290 0.048821
0 0.245262 0.920638 0.038862 0.052380
0 0.833697 0.257309 0.039702 0.051140
0 0.058942 0.385976 0.041031 0.053100
0 0.475201 0.314994 0.049214 0.052779
0 0.675787 0.607153 0.036450 0.050061
0 0.251901 0.960441 0.039946 0.052739
0 0.134715 0.535574 0.039458 0.049540
0 0.121368 0.451788 0.038618 0.050781
0 0.941641 0.602909 0.041274 0.054699
0 0.846069 0.334699 0.038374 0.049181
0 0.928903 0.523121 0.042358 0.055058
0 0.322943 0.724294 0.042358 0.055058
0 0.499339 0.835446 0.041871 0.051860
0 0.520865 0.274629 0.039458 0.049540
0 0.436195 0.772393 0.039702 0.051140
0 0.449658 0.151241 0.047398 0.047621
0 0.169258 0.776997 0.042358 0.055058
0 0.429800 0.734188 0.040787 0.051501
0 0.954135 0.681097 0.042358 0.055058
0 0.454238 0.185007 0.046802 0.050461
0 0.512023 0.918612 0.042846 0.058257
0 0.657009 0.820068 0.040299 0.048302
0 0.644881 0.744279 0.037290 0.048821
0 0.316302 0.684491 0.041274 0.054699
0 0.162916 0.735414 0.039702 0.051140
0 0.864431 0.458828 0.034878 0.046502
0 0.479298 0.715235 0.040543 0.049901
0 0.751073 0.753553 0.034878 0.046502
0 0.158566 0.695690 0.038374 0.049181
0 0.309924 0.982569 0.039458 0.034862
0 0.492822 0.796441 0.040543 0.049901
0 0.948159 0.641913 0.039458 0.049540
0 0.732956 0.631023 0.041031 0.053100
0 0.960720 0.724280 0.042358 0.055058
0 0.146370 0.615722 0.041031 0.053100
0 0.935543 0.562925 0.040787 0.051501
0 0.764210 0.152673 0.040190 0.054338
0 0.706819 0.806892 0.038510 0.056818
0 0.739053 0.671006 0.038374 0.049181
0 0.505437 0.875430 0.041871 0.051860
0 0.442171 0.811577 0.039946 0.052739
0 0.469781 0.283188 0.044987 0.045303
0 0.459238 0.217793 0.047263 0.039985
0 0.651521 0.784083 0.039567 0.043504
0 0.757171 0.793537 0.037534 0.050421
0 0.175477 0.817780 0.032954 0.047381
0 0.702469 0.767169 0.038591 0.037106
0 0.549650 0.732206 0.030299 0.043464
0 0.500352 0.494842 0.041735 0.044223
0 0.454611 0.893143 0.037290 0.048821
0 0.152712 0.657305 0.041031 0.053100
0 0.669025 0.566549 0.039458 0.049540
0 0.053020 0.343413 0.040677 0.057537
0 0.921233 0.480298 0.039702 0.051140
0 0.663120 0.867609 0.044174 0.060216
0 0.727328 0.250615 0.041274 0.054699
0 0.182240 0.858383 0.040787 0.051501
0 0.745029 0.710190 0.039106 0.053979
0 0.688769 0.688540 0.039702 0.051140
0 0.375026 0.367576 0.040787 0.051501
0 0.255065 0.275495 0.041031 0.053100
0 0.355512 0.239627 0.042250 0.061097
0 0.719798 0.552214 0.041274 0.054699
0 0.486480 0.754858 0.041518 0.056299
0 0.417779 0.651641 0.037778 0.052020
0 0.064498 0.426139 0.039458 0.049540
0 0.303704 0.949125 0.040190 0.054338
0 0.858333 0.418844 0.035854 0.052899
0 0.166218 0.394889 0.038618 0.050781
0 0.319308 0.345746 0.041762 0.057898
0 0.714224 0.168428 0.039946 0.052739
0 0.215717 0.375936 0.041031 0.053100
0 0.171530 0.433455 0.039702 0.051140
0 0.827300 0.219105 0.040299 0.048302
0 0.462159 0.935167 0.042846 0.058257
0 0.140150 0.574938 0.040787 0.051501
0 0.632492 0.323268 0.041518 0.056299
0 0.619997 0.245079 0.040434 0.055938
0 0.159633 0.351707 0.039106 0.053979
0 0.607070 0.160314 0.042114 0.053459
0 0.285149 0.483951 0.042114 0.053459
0 0.594769 0.423169 0.039946 0.052739
0 0.291789 0.523756 0.040543 0.049901
0 0.626587 0.624327 0.042114 0.053459
0 0.369050 0.328392 0.041031 0.053100
0 0.669198 0.227905 0.041274 0.054699
0 0.733615 0.295577 0.040190 0.054338
0 0.663226 0.524786 0.041031 0.053100
0 0.419334 0.310857 0.035366 0.049701
0 0.228401 0.459102 0.041031 0.053100
0 0.405461 0.570874 0.041871 0.051860
0 0.380406 0.410318 0.041518 0.056299
0 0.613185 0.543920 0.040190 0.054338
0 0.695215 0.387301 0.037534 0.050421
0 0.190434 0.557405 0.042114 0.053459
0 0.261407 0.317078 0.041031 0.053100
0 0.800782 0.048953 0.043090 0.059856
0 0.437926 0.429030 0.041274 0.054699
0 0.235163 0.499706 0.041871 0.051860
0 0.776772 0.235040 0.039946 0.052739
0 0.273427 0.399626 0.042358 0.055058
0 0.279471 0.442988 0.038618 0.050781
0 0.757990 0.111889 0.039946 0.052739
0 0.221937 0.416720 0.041274 0.054699
0 0.707584 0.128624 0.036694 0.051660
0 0.613290 0.201097 0.039702 0.051140
0 0.656636 0.145538 0.038862 0.052380
0 0.564211 0.219071 0.041274 0.054699
0 0.625431 0.284444 0.035474 0.043663
0 0.426340 0.353061 0.038862 0.052380
0 0.702136 0.081703 0.040921 0.059136
0 0.681638 0.309472 0.038618 0.050781
0 0.284800 0.825175 0.042114 0.053459
0 0.770552 0.194256 0.039702 0.051140
0 0.176544 0.473798 0.040190 0.054338
0 0.789632 0.315627 0.041762 0.057898
0 0.214650 0.719918 0.041274 0.054699
0 0.450311 0.513976 0.040190 0.054338
0 0.871961 0.157229 0.040190 0.054338
0 0.203873 0.290811 0.042006 0.059497
0 0.468483 0.633127 0.044770 0.057378
0 0.414077 0.268914 0.038022 0.053619
0 0.700894 0.428264 0.038862 0.052380
0 0.557747 0.176688 0.041031 0.053100
0 0.297345 0.563919 0.042114 0.053459
0 0.538738 0.395561 0.039106 0.053979
0 0.247359 0.579674 0.042358 0.055058
0 0.909281 0.401930 0.042358 0.055058
0 0.444091 0.473192 0.037778 0.052020
0 0.808275 0.094355 0.041274 0.054699
0 0.651152 0.445619 0.042954 0.052220
0 0.492981 0.450240 0.047426 0.061296
0 0.247991 0.229114 0.042006 0.059497
0 0.600660 0.114551 0.041274 0.054699
0 0.196502 0.246208 0.042114 0.053459
0 0.695775 0.730744 0.041031 0.053100
0 0.449177 0.853780 0.039106 0.053979
0 0.127710 0.493371 0.041762 0.057898
0 0.103724 0.324900 0.041653 0.063935
0 0.688156 0.348477 0.037290 0.048821
0 0.484209 0.377789 0.049738 0.049461
0 0.480299 0.348421 0.045534 0.042144
0 0.411437 0.610059 0.041627 0.050260
0 0.406040 0.223693 0.042602 0.056658
0 0.278337 0.782791 0.040190 0.054338
0 0.265354 0.701405 0.041274 0.054699
0 0.656585 0.484983 0.039458 0.049540
0 0.650348 0.100576 0.038266 0.055219
0 0.393808 0.490726 0.038618 0.050781
0 0.601530 0.463772 0.038618 0.050781
0 0.303443 0.603903 0.037778 0.052020
0 0.890444 0.282158 0.038618 0.050781
0 0.821081 0.178321 0.038862 0.052380
0 0.877883 0.199791 0.041031 0.053100
0 0.232645 0.841649 0.038022 0.053619
0 0.663398 0.186142 0.039702 0.051140
0 0.914417 0.443074 0.039458 0.049540
0 0.902695 0.358747 0.040190 0.054338
0 0.183130 0.516980 0.037534 0.050421
0 0.219786 0.761061 0.040543 0.049901
0 0.814495 0.135139 0.043198 0.053819
0 0.297484 0.908341 0.042114 0.053459
0 0.682007 0.647937 0.041031 0.053100
0 0.607628 0.503757 0.038618 0.050781
0 0.044984 0.298191 0.039946 0.052739
0 0.196654 0.598188 0.039702 0.051140
0 0.571217 0.261274 0.038266 0.055219
0 0.210161 0.335773 0.037290 0.048821
0 0.525702 0.317553 0.036938 0.053259
0 0.115270 0.411804 0.036450 0.050061
0 0.241139 0.538890 0.039458 0.049540
0 0.619946 0.584523 0.038862 0.052380
0 0.361922 0.285389 0.039946 0.052739
0 0.720688 0.210810 0.040190 0.054338
0 0.712913 0.510811 0.042358 0.055058
0 0.551338 0.130926 0.040677 0.057537
0 0.424121 0.693224 0.042114 0.053459
0 0.706693 0.470027 0.039946 0.052739
0 0.153467 0.307545 0.038266 0.055219
0 0.840879 0.296933 0.039702 0.051140
0 0.783955 0.274663 0.037290 0.048821
0 0.751459 0.065328 0.039350 0.055579
0 0.644511 0.405814 0.039702 0.051140
0 0.588007 0.382565 0.038618 0.050781
0 0.432072 0.390645 0.035474 0.043663
0 0.226548 0.801666 0.039702 0.051140
0 0.473741 0.675071 0.042114 0.053459
0 0.582451 0.342401 0.037046 0.047222
0 0.253579 0.620457 0.039946 0.052739
0 0.110134 0.370661 0.038862 0.052380
0 0.258593 0.660802 0.037290 0.048821
0 0.885973 0.241635 0.039702 0.051140
0 0.310083 0.643707 0.040543 0.049901
0 0.398700 0.530270 0.040543 0.049901
0 0.464116 0.249781 0.051383 0.053499
0 0.267749 0.358662 0.038374 0.049181
0 0.576719 0.304816 0.037778 0.052020
0 0.271696 0.742988 0.038618 0.050781
0 0.259152 0.988267 0.043442 0.023466
