0 0.482781 0.753351 0.024896 0.028981
0 0.485574 0.733344 0.025567 0.033782
0 0.874573 0.819091 0.027102 0.037312
0 0.506001 0.497642 0.043428 0.042241
0 0.945207 0.463433 0.028637 0.040842
0 0.166723 0.652928 0.040192 0.048930
0 0.885969 0.737460 0.027996 0.043715
0 0.155215 0.735359 0.037791 0.046672
0 0.046104 0.749124 0.041504 0.050859
0 0.892275 0.866971 0.026237 0.038584
0 0.523609 0.383691 0.042117 0.040312
0 0.874285 0.902408 0.041057 0.047658
0 0.678113 0.381962 0.039103 0.048601
0 0.935346 0.542192 0.028637 0.040842
0 0.050602 0.708780 0.041951 0.054060
0 0.896708 0.656465 0.025790 0.035383
0 0.879726 0.778111 0.026237 0.038584
0 0.656843 0.546517 0.038238 0.049873
0 0.866698 0.859249 0.027772 0.042114
0 0.221511 0.248282 0.039327 0.050202
0 0.177560 0.575299 0.043486 0.057590
0 0.040183 0.791540 0.042174 0.055661
0 0.903671 0.785340 0.025790 0.035383
0 0.950458 0.425819 0.026684 0.041785
0 0.160258 0.695180 0.042845 0.060463
0 0.909913 0.744689 0.025372 0.039856
0 0.170662 0.616586 0.039969 0.047329
0 0.889489 0.695987 0.025149 0.038256
0 0.930513 0.584936 0.028860 0.042443
0 0.920221 0.662730 0.024925 0.036655
0 0.926192 0.416825 0.025596 0.041457
0 0.067040 0.586970 0.040416 0.050531
0 0.898629 0.825519 0.027772 0.042114
0 0.905816 0.574977 0.026460 0.040185
0 0.760131 0.956351 0.039773 0.053403
0 0.061133 0.625220 0.041504 0.050859
0 0.669440 0.842232 0.036703 0.046343
0 0.910313 0.534634 0.026460 0.040185
0 0.914411 0.704345 0.027996 0.043715
0 0.431607 0.648661 0.038238 0.049873
0 0.940821 0.502976 0.026684 0.041785
0 0.925695 0.623515 0.027325 0.038913
0 0.544001 0.221372 0.044740 0.044170
0 0.056411 0.667165 0.041951 0.054060
0 0.557030 0.518051 0.041951 0.054060
0 0.771095 0.873756 0.038015 0.048273
0 0.084789 0.463887 0.039327 0.050202
0 0.786011 0.372836 0.036926 0.047944
0 0.254596 0.385044 0.037150 0.049545
0 0.282540 0.180802 0.042369 0.049587
0 0.674899 0.807183 0.040416 0.050531
0 0.385619 0.210254 0.037373 0.051145
0 0.539295 0.636968 0.039103 0.048601
0 0.187351 0.107026 0.038909 0.054675
0 0.249986 0.426188 0.039550 0.051802
0 0.340929 0.152558 0.040863 0.053732
0 0.533485 0.678584 0.042174 0.055661
0 0.392308 0.166401 0.036508 0.052417
0 0.787532 0.751946 0.036926 0.047944
0 0.765075 0.534989 0.039745 0.045729
0 0.561305 0.857125 0.042816 0.052788
0 0.774838 0.452866 0.034750 0.047287
0 0.307160 0.402581 0.040416 0.050531
0 0.180983 0.152644 0.040863 0.053732
0 0.371024 0.712939 0.039550 0.051802
0 0.567226 0.814710 0.040863 0.053732
0 0.742283 0.698251 0.040639 0.052131
0 0.622768 0.790610 0.042816 0.052788
0 0.289662 0.137914 0.039355 0.057876
0 0.318346 0.318385 0.039550 0.051802
0 0.733624 0.776538 0.043039 0.054389
0 0.634931 0.707543 0.036926 0.047944
0 0.870572 0.526806 0.038462 0.051474
0 0.291057 0.521990 0.039550 0.051802
0 0.590450 0.652412 0.039550 0.051802
0 0.837054 0.389080 0.039773 0.053403
0 0.365758 0.754720 0.040639 0.052131
0 0.612809 0.488185 0.037791 0.046672
0 0.804290 0.631900 0.037373 0.051145
0 0.353929 0.457569 0.038462 0.051474
0 0.673392 0.423907 0.039550 0.051802
0 0.392392 0.551750 0.039327 0.050202
0 0.489562 0.241635 0.038909 0.054675
0 0.691351 0.681207 0.040639 0.052131
0 0.233549 0.547998 0.042816 0.052788
0 0.734744 0.358192 0.037150 0.049545
0 0.572491 0.395112 0.035838 0.047615
0 0.821272 0.510254 0.039550 0.051802
0 0.639875 0.286181 0.039132 0.056276
0 0.590464 0.270429 0.039550 0.051802
0 0.310793 0.360309 0.040863 0.053732
0 0.753023 0.617257 0.041504 0.050859
0 0.876381 0.485190 0.038462 0.051474
0 0.808900 0.590756 0.039327 0.050202
0 0.397545 0.510770 0.040639 0.052131
0 0.277499 0.220982 0.039550 0.051802
0 0.747437 0.657271 0.041951 0.054060
0 0.419793 0.347344 0.039103 0.048601
0 0.740985 0.317541 0.036285 0.050817
0 0.726502 0.819426 0.043039 0.054389
0 0.793439 0.713695 0.038015 0.048273
0 0.689397 0.301132 0.039773 0.053403
0 0.272233 0.262761 0.038462 0.051474
0 0.633730 0.330198 0.038015 0.048273
0 0.758945 0.574840 0.039997 0.055004
0 0.460641 0.444747 0.041728 0.052460
0 0.662653 0.504901 0.038238 0.049873
0 0.613675 0.867932 0.042174 0.055661
0 0.596065 0.226248 0.041310 0.056933
0 0.437318 0.225862 0.041086 0.055333
0 0.650712 0.586369 0.039327 0.050202
0 0.431397 0.268279 0.040416 0.050531
0 0.534638 0.288438 0.046961 0.045148
0 0.859589 0.604909 0.042581 0.058573
0 0.444120 0.181209 0.037820 0.054347
0 0.100571 0.342713 0.041728 0.052460
0 0.374879 0.291249 0.037791 0.046672
0 0.494618 0.197289 0.036508 0.052417
0 0.106925 0.301262 0.040639 0.052131
0 0.579054 0.734043 0.039550 0.051802
0 0.296435 0.479411 0.038238 0.049873
0 0.416258 0.770800 0.039327 0.050202
0 0.238186 0.120705 0.042174 0.055661
0 0.275052 0.644765 0.041504 0.050859
0 0.387782 0.592894 0.039550 0.051802
0 0.244288 0.467004 0.041504 0.050859
0 0.426997 0.689804 0.038462 0.051474
0 0.265991 0.303413 0.037150 0.049545
0 0.164769 0.272854 0.041504 0.050859
0 0.737242 0.738431 0.041281 0.049259
0 0.523401 0.758943 0.039550 0.051802
0 0.335120 0.194174 0.038238 0.049873
0 0.285359 0.562806 0.039327 0.050202
0 0.695765 0.255514 0.042621 0.058862
0 0.329310 0.235790 0.036062 0.049216
0 0.437849 0.608009 0.039997 0.055004
0 0.645559 0.627348 0.038015 0.048273
0 0.606678 0.528036 0.037597 0.052746
0 0.573580 0.773258 0.041504 0.050859
0 0.664607 0.884976 0.042174 0.055661
0 0.511811 0.456025 0.045663 0.058247
0 0.549588 0.559175 0.040416 0.050531
0 0.679077 0.765074 0.041951 0.054060
0 0.717217 0.479674 0.040416 0.050531
0 0.629234 0.748358 0.041951 0.054060
0 0.746489 0.269994 0.041756 0.060134
0 0.770340 0.493210 0.039997 0.055004
0 0.595827 0.609831 0.040416 0.050531
0 0.799137 0.672880 0.040863 0.053732
0 0.645810 0.239599 0.040667 0.059806
0 0.684132 0.342912 0.040416 0.050531
0 0.729269 0.397406 0.039550 0.051802
0 0.260182 0.345029 0.039773 0.053403
0 0.723460 0.439022 0.039550 0.051802
0 0.623213 0.409592 0.039327 0.050202
0 0.713376 0.519381 0.039103 0.048601
0 0.618172 0.449772 0.040416 0.050531
0 0.561207 0.475943 0.038238 0.049873
0 0.482008 0.283558 0.039327 0.050202
0 0.426356 0.308458 0.039327 0.050202
0 0.827082 0.468638 0.039550 0.051802
0 0.357451 0.416096 0.038238 0.049873
0 0.471156 0.365353 0.040416 0.050531
0 0.697482 0.641355 0.039550 0.051802
0 0.601957 0.569981 0.041504 0.050859
0 0.369405 0.330464 0.038462 0.051474
0 0.815574 0.551069 0.039327 0.050202
0 0.628256 0.369412 0.040416 0.050531
0 0.583454 0.312517 0.039773 0.053403
0 0.684998 0.722658 0.041728 0.052460
0 0.414207 0.387360 0.039550 0.051802
0 0.707678 0.560197 0.039773 0.053403
0 0.584096 0.693864 0.040639 0.052131
0 0.363260 0.374481 0.040863 0.053732
0 0.381442 0.252363 0.042816 0.052788
0 0.409374 0.430104 0.039773 0.053403
0 0.882511 0.445339 0.034750 0.047287
0 0.095641 0.382093 0.039969 0.047329
0 0.205283 0.750475 0.040416 0.050531
0 0.862986 0.980104 0.043039 0.039791
0 0.252164 0.804662 0.039969 0.047329
0 0.194752 0.834035 0.040416 0.050531
0 0.079314 0.503102 0.039550 0.051802
0 0.552827 0.158149 0.047140 0.046428
0 0.505764 0.881225 0.036508 0.052417
0 0.868587 0.943222 0.041728 0.052460
0 0.149950 0.777139 0.042398 0.057262
0 0.548470 0.189361 0.045187 0.047372
0 0.073393 0.545519 0.041951 0.054060
0 0.348441 0.878766 0.041310 0.056933
0 0.200129 0.791454 0.042174 0.055661
0 0.210213 0.711096 0.041728 0.052460
0 0.203872 0.370564 0.040639 0.052131
0 0.754098 0.986105 0.044128 0.027791
0 0.404974 0.851630 0.039997 0.055004
0 0.477078 0.322937 0.040192 0.048930
0 0.353274 0.836022 0.038462 0.051474
0 0.900885 0.614356 0.028219 0.045315
0 0.921374 0.455403 0.026684 0.041785
0 0.216022 0.669480 0.041728 0.052460
0 0.602153 0.954529 0.041086 0.055333
0 0.397964 0.893718 0.039327 0.050202
0 0.118864 0.219795 0.039103 0.048601
0 0.855712 0.255429 0.040891 0.061406
0 0.256870 0.766883 0.041281 0.049259
0 0.510917 0.840245 0.034750 0.047287
0 0.776346 0.836142 0.040416 0.050531
0 0.720916 0.859441 0.039969 0.047329
0 0.410783 0.810014 0.036926 0.047944
0 0.091143 0.422437 0.043039 0.054389
0 0.222377 0.628028 0.040639 0.052131
0 0.420979 0.728855 0.039327 0.050202
0 0.886801 0.402431 0.034779 0.054961
0 0.606986 0.911784 0.040863 0.053732
0 0.831468 0.429095 0.036703 0.046343
0 0.268922 0.684617 0.040416 0.050531
0 0.246563 0.848843 0.040444 0.058205
0 0.342437 0.535834 0.036926 0.047944
0 0.188635 0.491903 0.039327 0.050202
0 0.703919 0.979511 0.041728 0.040977
0 0.864776 0.564255 0.036256 0.043142
0 0.578621 0.355261 0.039997 0.055004
0 0.324156 0.276769 0.039550 0.051802
0 0.131251 0.135128 0.040192 0.048930
0 0.143694 0.821957 0.044128 0.054718
0 0.136516 0.093347 0.039997 0.055004
0 0.348455 0.496784 0.033438 0.045358
0 0.228395 0.588978 0.039327 0.050202
0 0.376066 0.672759 0.035838 0.047615
0 0.443771 0.565593 0.038880 0.047001
0 0.658029 0.928028 0.043263 0.055990
0 0.618605 0.828553 0.039969 0.047329
0 0.550341 0.939721 0.041504 0.050859
0 0.849441 0.304412 0.038685 0.053074
0 0.210338 0.328313 0.039773 0.053403
0 0.651676 0.969480 0.041281 0.049259
0 0.708864 0.941708 0.041728 0.052460
0 0.538764 0.254821 0.046722 0.050901
0 0.182393 0.532554 0.040639 0.052131
0 0.715218 0.900256 0.040639 0.052131
0 0.915467 0.493654 0.025596 0.041457
0 0.197296 0.413617 0.039550 0.051802
0 0.193021 0.452360 0.039103 0.048601
0 0.764964 0.913606 0.039550 0.051802
0 0.516936 0.801195 0.038238 0.049873
0 0.232697 0.164086 0.040639 0.052131
0 0.336739 0.576650 0.037597 0.052746
0 0.141908 0.046602 0.042174 0.055661
0 0.501363 0.924934 0.041504 0.050859
0 0.170356 0.232838 0.041504 0.050859
0 0.567449 0.435292 0.036926 0.047944
0 0.556807 0.897469 0.040639 0.052131
0 0.780424 0.412850 0.037373 0.051145
0 0.279661 0.603622 0.041728 0.052460
0 0.113502 0.258210 0.039550 0.051802
0 0.528444 0.718763 0.040192 0.048930
0 0.216148 0.286697 0.041504 0.050859
0 0.544114 0.598389 0.040192 0.048930
0 0.402476 0.471391 0.039327 0.050202
0 0.639428 0.667199 0.039103 0.048601
0 0.448910 0.528780 0.038880 0.047001
0 0.798732 0.285766 0.043933 0.060791
0 0.359405 0.796171 0.036926 0.047944
0 0.175285 0.193460 0.038015 0.048273
0 0.381540 0.633545 0.038238 0.049873
0 0.791708 0.332020 0.041951 0.054060
0 0.347729 0.107906 0.040220 0.056604
0 0.262568 0.726068 0.041951 0.054060
0 0.702092 0.600212 0.034973 0.048888
0 0.668895 0.464251 0.039103 0.048601
0 0.454384 0.489565 0.044351 0.056318
0 0.781722 0.793561 0.039997 0.055004
0 0.301798 0.440996 0.040416 0.050531
0 0.124130 0.178016 0.043263 0.055990
0 0.158625 0.316871 0.042621 0.058862
0 0.227208 0.207467 0.042174 0.055661
0 0.842975 0.346664 0.039550 0.051802
0 0.239247 0.507183 0.040416 0.050531
0 0.465794 0.403768 0.037791 0.046672
0 0.527322 0.353036 0.045806 0.044338
0 0.531780 0.321103 0.046275 0.047700
