0 0.445000 0.284653 0.034444 0.041254
0 0.446111 0.659241 0.034444 0.044554
0 0.599444 0.146040 0.036667 0.047855
0 0.395000 0.326733 0.036667 0.042904
0 0.394444 0.198020 0.035556 0.042904
0 0.140000 0.283828 0.035556 0.042904
0 0.140000 0.192244 0.035556 0.047855
0 0.445556 0.577558 0.035556 0.042904
0 0.189444 0.490924 0.032222 0.041254
0 0.600000 0.284653 0.035556 0.044554
0 0.395000 0.240099 0.034444 0.041254
0 0.755000 0.490924 0.036667 0.041254
0 0.293333 0.325083 0.033333 0.039604
0 0.395000 0.283003 0.034444 0.041254
0 0.394444 0.148515 0.035556 0.052805
0 0.189444 0.745050 0.036667 0.044554
0 0.444444 0.323432 0.033333 0.039604
0 0.293333 0.490924 0.033333 0.044554
0 0.703889 0.281353 0.036667 0.044554
0 0.189444 0.408416 0.032222 0.041254
0 0.293333 0.407591 0.033333 0.042904
0 0.241667 0.194719 0.034444 0.046205
0 0.547778 0.240924 0.035556 0.042904
0 0.547778 0.283828 0.035556 0.042904
0 0.753889 0.240099 0.032222 0.044554
0 0.086667 0.239274 0.037778 0.046205
0 0.087222 0.407591 0.034444 0.042904
0 0.907222 0.236799 0.034444 0.041254
0 0.191111 0.326733 0.033333 0.042904
0 0.808889 0.828383 0.035556 0.039604
0 0.806667 0.191419 0.035556 0.049505
0 0.086667 0.190594 0.035556 0.047855
0 0.140000 0.238449 0.033333 0.044554
0 0.652222 0.279703 0.035556 0.044554
0 0.445556 0.194719 0.035556 0.046205
0 0.445556 0.146040 0.033333 0.047855
0 0.087222 0.282178 0.034444 0.039604
0 0.755556 0.322607 0.031111 0.041254
0 0.856667 0.279703 0.035556 0.047855
0 0.600000 0.194719 0.035556 0.046205
0 0.344444 0.193069 0.033333 0.039604
0 0.755556 0.406766 0.033333 0.044554
0 0.600000 0.240099 0.033333 0.044554
0 0.191667 0.282178 0.034444 0.046205
0 0.757778 0.702145 0.035556 0.044554
0 0.138889 0.406766 0.033333 0.044554
0 0.188889 0.575908 0.033333 0.042904
0 0.808333 0.574257 0.034444 0.042904
0 0.651111 0.147690 0.035556 0.051155
0 0.188889 0.617987 0.033333 0.041254
0 0.293889 0.146865 0.038889 0.046205
0 0.755556 0.449670 0.035556 0.041254
0 0.753333 0.194719 0.035556 0.042904
0 0.241667 0.283828 0.034444 0.039604
0 0.292778 0.365512 0.032222 0.041254
0 0.651111 0.364686 0.035556 0.042904
0 0.241111 0.146040 0.033333 0.051155
0 0.087222 0.364686 0.032222 0.042904
0 0.086667 0.448845 0.033333 0.039604
0 0.293889 0.240099 0.032222 0.041254
0 0.497222 0.443894 0.041111 0.046205
0 0.806111 0.280528 0.034444 0.042904
0 0.548333 0.325908 0.036667 0.041254
0 0.550000 0.448845 0.035556 0.042904
0 0.755556 0.363861 0.031111 0.037954
0 0.702222 0.238449 0.033333 0.041254
0 0.292222 0.617987 0.033333 0.041254
0 0.806667 0.406766 0.033333 0.041254
0 0.651111 0.235974 0.035556 0.042904
0 0.138889 0.490099 0.031111 0.039604
0 0.755000 0.281353 0.030000 0.037954
0 0.651667 0.408416 0.034444 0.041254
0 0.138889 0.533003 0.033333 0.042904
0 0.807778 0.490099 0.031111 0.039604
0 0.393333 0.410066 0.031111 0.041254
0 0.909444 0.407591 0.036667 0.039604
0 0.138889 0.576733 0.033333 0.041254
0 0.806667 0.322607 0.033333 0.041254
0 0.808333 0.916667 0.036667 0.044554
0 0.137778 0.660891 0.035556 0.037954
0 0.444444 0.492574 0.033333 0.037954
0 0.085000 0.870462 0.038889 0.041254
0 0.909444 0.449670 0.034444 0.044554
0 0.443889 0.405941 0.034444 0.046205
0 0.910556 0.534653 0.032222 0.039604
0 0.291667 0.825908 0.036667 0.021452
0 0.485000 0.741749 0.023333 0.028053
0 0.485556 0.721947 0.022222 0.018152
0 0.806111 0.363861 0.034444 0.044554
0 0.138333 0.871287 0.034444 0.046205
0 0.496667 0.483498 0.042222 0.029703
0 0.807778 0.701320 0.035556 0.042904
0 0.703889 0.533003 0.034444 0.042904
0 0.188333 0.784653 0.034444 0.024752
0 0.495556 0.368894 0.044444 0.034488
0 0.495556 0.338284 0.044444 0.026403
0 0.753333 0.146865 0.033333 0.052805
0 0.703889 0.660066 0.034444 0.042904
0 0.546667 0.147690 0.031111 0.047855
0 0.652222 0.616337 0.033333 0.041254
0 0.086111 0.827558 0.034444 0.044554
0 0.756667 0.657591 0.035556 0.044554
0 0.757222 0.786304 0.034444 0.041254
0 0.293333 0.576733 0.031111 0.041254
0 0.445000 0.534653 0.034444 0.042904
0 0.703889 0.573432 0.034444 0.037954
0 0.702222 0.194719 0.031111 0.042904
0 0.652778 0.701320 0.034444 0.039604
0 0.187778 0.825083 0.033333 0.039604
0 0.446111 0.617987 0.034444 0.037954
0 0.807222 0.448020 0.032222 0.041254
0 0.137778 0.917492 0.035556 0.042904
0 0.292778 0.702970 0.034444 0.042904
0 0.652778 0.532178 0.034444 0.041254
0 0.085000 0.785479 0.034444 0.039604
0 0.755556 0.616337 0.035556 0.037954
0 0.292222 0.743399 0.035556 0.041254
0 0.495556 0.202970 0.044444 0.029703
0 0.241667 0.240099 0.034444 0.044554
0 0.345556 0.284653 0.035556 0.044554
0 0.344444 0.237624 0.035556 0.046205
0 0.241111 0.324257 0.033333 0.041254
0 0.444444 0.240924 0.035556 0.042904
0 0.293333 0.284653 0.035556 0.047855
0 0.912778 0.869637 0.038889 0.042904
0 0.495556 0.169967 0.040000 0.039604
0 0.547222 0.195545 0.034444 0.047855
0 0.190556 0.365512 0.032222 0.037954
0 0.910000 0.613861 0.037778 0.042904
0 0.912778 0.916667 0.038889 0.047855
0 0.911667 0.745875 0.036667 0.042904
0 0.703333 0.321782 0.035556 0.033003
0 0.908333 0.193894 0.034444 0.041254
0 0.548333 0.366337 0.032222 0.039604
0 0.910556 0.659241 0.036667 0.044554
0 0.445000 0.363036 0.032222 0.039604
0 0.138333 0.700495 0.032222 0.041254
0 0.548889 0.493399 0.035556 0.046205
0 0.139444 0.448020 0.032222 0.037954
0 0.704444 0.363036 0.035556 0.042904
0 0.085000 0.914191 0.034444 0.042904
0 0.911667 0.826733 0.034444 0.039604
0 0.495556 0.136139 0.042222 0.034653
0 0.803889 0.531353 0.027778 0.039604
0 0.292222 0.916667 0.035556 0.044554
0 0.910556 0.363036 0.034444 0.046205
0 0.911667 0.785479 0.034444 0.039604
0 0.808889 0.870462 0.035556 0.044554
0 0.908889 0.493399 0.035556 0.042904
0 0.910556 0.573432 0.034444 0.037954
0 0.705000 0.704620 0.036667 0.046205
0 0.496111 0.271452 0.043333 0.031353
0 0.189444 0.533003 0.034444 0.042904
0 0.911667 0.702145 0.036667 0.041254
0 0.139444 0.323432 0.032222 0.039604
0 0.443889 0.451320 0.034444 0.041254
0 0.757778 0.827558 0.035556 0.041254
0 0.085000 0.746700 0.034444 0.041254
0 0.909444 0.320132 0.036667 0.039604
0 0.807778 0.660891 0.035556 0.041254
0 0.140000 0.363861 0.033333 0.041254
0 0.187222 0.867162 0.032222 0.044554
0 0.138889 0.619637 0.033333 0.044554
0 0.651667 0.448845 0.034444 0.039604
0 0.496111 0.237624 0.043333 0.039604
0 0.652778 0.740924 0.034444 0.042904
0 0.495000 0.304455 0.043333 0.041254
0 0.292778 0.448020 0.032222 0.037954
0 0.756667 0.915017 0.037778 0.044554
0 0.291667 0.787954 0.036667 0.047855
0 0.652222 0.490924 0.033333 0.041254
0 0.292778 0.660066 0.034444 0.042904
0 0.703333 0.490924 0.031111 0.044554
0 0.345000 0.325908 0.032222 0.037954
0 0.807778 0.742574 0.035556 0.039604
0 0.650556 0.322607 0.032222 0.041254
0 0.908333 0.278878 0.034444 0.039604
0 0.652778 0.574257 0.036667 0.042904
0 0.191667 0.193069 0.032222 0.042904
0 0.703889 0.614686 0.034444 0.044554
0 0.757222 0.868812 0.036667 0.044554
0 0.138333 0.785479 0.034444 0.039604
0 0.652778 0.830858 0.036667 0.044554
0 0.703889 0.448020 0.034444 0.037954
0 0.188889 0.659241 0.033333 0.041254
0 0.651111 0.195545 0.035556 0.041254
0 0.652778 0.786304 0.034444 0.044554
0 0.393889 0.368812 0.032222 0.041254
0 0.653333 0.659241 0.035556 0.044554
0 0.446111 0.702145 0.034444 0.044554
0 0.085000 0.705446 0.034444 0.044554
0 0.085556 0.661716 0.035556 0.042904
0 0.809444 0.784653 0.032222 0.044554
0 0.291667 0.867162 0.036667 0.051155
0 0.344444 0.367162 0.033333 0.044554
0 0.293333 0.194719 0.035556 0.049505
0 0.807778 0.617987 0.035556 0.044554
0 0.755000 0.533003 0.034444 0.039604
0 0.241111 0.409241 0.031111 0.039604
0 0.806111 0.237624 0.032222 0.042904
0 0.908333 0.146040 0.034444 0.051155
0 0.188889 0.448845 0.031111 0.039604
0 0.188333 0.913366 0.034444 0.047855
0 0.138333 0.828383 0.034444 0.042904
0 0.137778 0.743399 0.033333 0.041254
0 0.087778 0.490099 0.031111 0.039604
0 0.548333 0.406766 0.032222 0.041254
0 0.087222 0.575083 0.034444 0.044554
0 0.757778 0.745050 0.035556 0.041254
0 0.292222 0.534653 0.033333 0.042904
0 0.191111 0.237624 0.033333 0.042904
0 0.087778 0.321782 0.033333 0.042904
0 0.087222 0.532178 0.034444 0.041254
0 0.755000 0.575083 0.034444 0.044554
0 0.188889 0.701320 0.031111 0.042904
0 0.086111 0.618812 0.034444 0.042904
0 0.240556 0.365512 0.032222 0.041254
0 0.702222 0.145215 0.035556 0.052805
0 0.703889 0.406766 0.036667 0.044554
