0 0.516250 0.589399 0.022500 0.036392
0 0.516875 0.625791 0.023750 0.030063
0 0.116875 0.752373 0.033750 0.036392
0 0.116250 0.728639 0.032500 0.030063
0 0.504375 0.388449 0.036250 0.036392
0 0.518750 0.667722 0.020000 0.018987
0 0.116875 0.784810 0.036250 0.041139
0 0.338750 0.443038 0.032500 0.031646
0 0.669375 0.659810 0.033750 0.028481
0 0.780000 0.595728 0.032500 0.033228
0 0.172500 0.628956 0.035000 0.033228
0 0.171875 0.565665 0.033750 0.033228
0 0.339375 0.598101 0.033750 0.028481
0 0.115625 0.626582 0.033750 0.031646
0 0.835000 0.662184 0.030000 0.030063
0 0.173125 0.884494 0.031250 0.031646
0 0.283750 0.726266 0.030000 0.031646
0 0.835000 0.630538 0.032500 0.033228
0 0.668750 0.851266 0.035000 0.031646
0 0.228125 0.788766 0.033750 0.033228
0 0.283125 0.693829 0.033750 0.033228
0 0.668125 0.472310 0.033750 0.030063
0 0.393750 0.629747 0.032500 0.031646
0 0.889375 0.381329 0.031250 0.031646
0 0.338750 0.411392 0.032500 0.031646
0 0.614375 0.819620 0.033750 0.034810
0 0.835000 0.723892 0.032500 0.030063
0 0.504375 0.459652 0.033750 0.036392
0 0.613750 0.851266 0.032500 0.031646
0 0.394375 0.660601 0.033750 0.033228
0 0.836250 0.440665 0.030000 0.030063
0 0.338750 0.507911 0.032500 0.031646
0 0.338750 0.344937 0.032500 0.031646
0 0.116250 0.565665 0.035000 0.033228
0 0.228750 0.662975 0.032500 0.034810
0 0.724375 0.629747 0.031250 0.031646
0 0.558750 0.441456 0.032500 0.031646
0 0.613750 0.883703 0.035000 0.030063
0 0.834375 0.566456 0.031250 0.028481
0 0.338750 0.695411 0.032500 0.036392
0 0.394375 0.884494 0.031250 0.028481
0 0.228125 0.377373 0.033750 0.036392
0 0.116875 0.375791 0.033750 0.033228
0 0.394375 0.724684 0.031250 0.031646
0 0.171875 0.473101 0.031250 0.031646
0 0.450000 0.346519 0.032500 0.034810
0 0.890625 0.411392 0.031250 0.031646
0 0.557500 0.598101 0.032500 0.031646
0 0.451250 0.443038 0.032500 0.028481
0 0.393750 0.757120 0.032500 0.033228
0 0.394375 0.692247 0.031250 0.033228
0 0.173125 0.694620 0.033750 0.034810
0 0.338750 0.568038 0.035000 0.031646
0 0.172500 0.596519 0.035000 0.031646
0 0.724375 0.692247 0.031250 0.030063
0 0.614375 0.693829 0.031250 0.033228
0 0.228125 0.724684 0.033750 0.031646
0 0.780000 0.442247 0.030000 0.030063
0 0.835000 0.598101 0.032500 0.031646
0 0.835000 0.756329 0.032500 0.031646
0 0.613750 0.661392 0.032500 0.031646
0 0.116250 0.503956 0.032500 0.033228
0 0.338750 0.661392 0.032500 0.031646
0 0.890625 0.473101 0.033750 0.031646
0 0.283750 0.536392 0.032500 0.034810
0 0.282500 0.505538 0.032500 0.030063
0 0.668125 0.821203 0.033750 0.031646
0 0.558125 0.660601 0.033750 0.030063
0 0.172500 0.409810 0.035000 0.034810
0 0.450625 0.473101 0.031250 0.031646
0 0.282500 0.821203 0.032500 0.031646
0 0.558125 0.693038 0.033750 0.034810
0 0.668750 0.443038 0.032500 0.031646
0 0.723750 0.855222 0.032500 0.033228
0 0.780625 0.787184 0.033750 0.033228
0 0.116875 0.693038 0.033750 0.031646
0 0.779375 0.628165 0.031250 0.031646
0 0.395000 0.443038 0.032500 0.031646
0 0.668125 0.788766 0.033750 0.033228
0 0.393750 0.535601 0.030000 0.033228
0 0.450625 0.505538 0.031250 0.033228
0 0.281875 0.473101 0.031250 0.031646
0 0.115625 0.410601 0.033750 0.033228
0 0.835625 0.473101 0.031250 0.034810
0 0.558125 0.535601 0.033750 0.030063
0 0.172500 0.505538 0.030000 0.030063
0 0.614375 0.568038 0.031250 0.031646
0 0.503750 0.348892 0.035000 0.039557
0 0.614375 0.441456 0.031250 0.031646
0 0.780000 0.820411 0.032500 0.033228
0 0.116250 0.441456 0.035000 0.031646
0 0.228125 0.536392 0.033750 0.034810
0 0.283125 0.852848 0.033750 0.031646
0 0.835000 0.693038 0.032500 0.031646
0 0.227500 0.822785 0.032500 0.034810
0 0.669375 0.598892 0.031250 0.030063
0 0.668750 0.882120 0.035000 0.030063
0 0.393750 0.819620 0.032500 0.031646
0 0.173750 0.375000 0.035000 0.037975
0 0.394375 0.504747 0.033750 0.028481
0 0.724375 0.473101 0.031250 0.028481
0 0.558750 0.474684 0.030000 0.034810
0 0.889375 0.346519 0.033750 0.037975
0 0.725000 0.598892 0.032500 0.030063
0 0.669375 0.723892 0.033750 0.033228
0 0.834375 0.536392 0.033750 0.031646
0 0.450625 0.536392 0.031250 0.031646
0 0.116875 0.659810 0.033750 0.034810
0 0.724375 0.821203 0.033750 0.037975
0 0.338125 0.475475 0.033750 0.033228
0 0.282500 0.411392 0.032500 0.031646
0 0.338750 0.378165 0.035000 0.034810
0 0.724375 0.756329 0.033750 0.034810
0 0.669375 0.691456 0.031250 0.031646
0 0.393750 0.378165 0.035000 0.034810
0 0.779375 0.472310 0.031250 0.033228
0 0.780625 0.755538 0.033750 0.033228
0 0.668125 0.756329 0.033750 0.031646
0 0.395000 0.473892 0.032500 0.033228
0 0.559375 0.408228 0.031250 0.034810
0 0.393750 0.598892 0.032500 0.030063
0 0.228125 0.474684 0.031250 0.031646
0 0.780000 0.724684 0.032500 0.031646
0 0.558125 0.567247 0.033750 0.033228
0 0.228125 0.441456 0.033750 0.034810
0 0.668125 0.409810 0.033750 0.034810
0 0.780000 0.692247 0.032500 0.033228
0 0.613750 0.473892 0.030000 0.033228
0 0.615000 0.536392 0.030000 0.031646
0 0.283125 0.378165 0.033750 0.034810
0 0.448750 0.567247 0.035000 0.033228
0 0.724375 0.409019 0.031250 0.033228
0 0.615000 0.409019 0.032500 0.033228
0 0.724375 0.661392 0.031250 0.031646
0 0.393750 0.411392 0.035000 0.031646
0 0.614375 0.503956 0.031250 0.030063
0 0.724375 0.442247 0.033750 0.033228
0 0.283750 0.566456 0.030000 0.028481
0 0.228125 0.629747 0.033750 0.031646
0 0.518750 0.647943 0.020000 0.017405
0 0.516250 0.859177 0.022500 0.022152
0 0.518125 0.689082 0.021250 0.023734
0 0.833750 0.821203 0.035000 0.031646
0 0.614375 0.598892 0.031250 0.030063
0 0.393125 0.344937 0.031250 0.031646
0 0.393750 0.787184 0.030000 0.030063
0 0.614375 0.756329 0.031250 0.034810
0 0.172500 0.661392 0.035000 0.031646
0 0.890625 0.441456 0.031250 0.028481
0 0.835625 0.506329 0.031250 0.031646
0 0.725000 0.568829 0.032500 0.033228
0 0.780000 0.660601 0.032500 0.033228
0 0.449375 0.411392 0.033750 0.034810
0 0.393125 0.568038 0.033750 0.031646
0 0.723125 0.723101 0.033750 0.031646
0 0.724375 0.536392 0.031250 0.031646
0 0.668750 0.503165 0.032500 0.031646
0 0.668750 0.534810 0.032500 0.031646
0 0.780625 0.409019 0.031250 0.036392
0 0.724375 0.503165 0.033750 0.031646
0 0.668750 0.568038 0.032500 0.031646
0 0.780000 0.534810 0.035000 0.034810
0 0.505844 0.532927 0.033588 0.025506
0 0.504375 0.508703 0.036250 0.023734
0 0.503750 0.422231 0.035000 0.033703
0 0.505000 0.555142 0.035000 0.016297
0 0.283125 0.884494 0.033750 0.031646
0 0.780000 0.567247 0.032500 0.033228
0 0.172500 0.727057 0.035000 0.030063
0 0.282500 0.788766 0.032500 0.033228
0 0.282500 0.442247 0.032500 0.030063
0 0.780000 0.852057 0.032500 0.030063
0 0.558125 0.507120 0.031250 0.030063
0 0.450000 0.378956 0.032500 0.030063
0 0.338125 0.537184 0.033750 0.030063
0 0.780625 0.502373 0.028750 0.030063
0 0.172500 0.821203 0.032500 0.034810
0 0.615000 0.723892 0.032500 0.030063
0 0.171875 0.441456 0.033750 0.031646
0 0.228125 0.755538 0.033750 0.030063
0 0.227500 0.853639 0.032500 0.030063
0 0.116250 0.471519 0.032500 0.028481
0 0.393750 0.852057 0.027500 0.030063
0 0.116250 0.596519 0.032500 0.028481
0 0.172500 0.756329 0.035000 0.031646
0 0.172500 0.787975 0.035000 0.031646
0 0.834375 0.884494 0.033750 0.031646
0 0.283125 0.757120 0.033750 0.033228
0 0.723750 0.885285 0.035000 0.023734
0 0.558750 0.629747 0.032500 0.031646
0 0.228125 0.694620 0.033750 0.028481
0 0.117500 0.821994 0.032500 0.033228
0 0.171875 0.853639 0.031250 0.030063
0 0.724375 0.787184 0.031250 0.030063
0 0.115625 0.534019 0.033750 0.030063
0 0.282500 0.596519 0.032500 0.034810
0 0.516875 0.882120 0.021250 0.023734
0 0.227500 0.568038 0.030000 0.028481
0 0.835625 0.405854 0.031250 0.033228
0 0.338750 0.628956 0.032500 0.033228
0 0.283125 0.662184 0.031250 0.033228
0 0.118125 0.885285 0.033750 0.033228
0 0.833750 0.851266 0.035000 0.034810
0 0.227500 0.409019 0.032500 0.030063
0 0.227500 0.885285 0.035000 0.030063
0 0.172500 0.535601 0.032500 0.030063
0 0.778125 0.882911 0.036250 0.031646
0 0.227500 0.503956 0.032500 0.026899
0 0.668750 0.629747 0.030000 0.031646
0 0.833750 0.788766 0.035000 0.033228
0 0.614375 0.786392 0.033750 0.028481
0 0.282500 0.630538 0.032500 0.033228
0 0.116875 0.852848 0.031250 0.031646
0 0.228750 0.598892 0.032500 0.033228
0 0.505000 0.797468 0.030000 0.031646
0 0.613125 0.629747 0.031250 0.031646
