0 0.296111 0.245082 0.036667 0.040984
0 0.500556 0.242787 0.043333 0.039672
0 0.861667 0.152131 0.034444 0.045246
0 0.500711 0.139574 0.045556 0.036066
0 0.500000 0.176148 0.044444 0.041148
0 0.862222 0.197541 0.033333 0.044262
0 0.498889 0.374508 0.044444 0.034590
0 0.486344 0.757492 0.020400 0.014852
0 0.486544 0.741664 0.020533 0.016410
0 0.486744 0.727984 0.020133 0.011738
0 0.498544 0.344721 0.044511 0.031902
0 0.294444 0.706557 0.031111 0.042623
0 0.191111 0.623770 0.033333 0.040984
0 0.603889 0.453279 0.034444 0.037705
0 0.553333 0.579508 0.035556 0.040984
0 0.758889 0.201639 0.035556 0.039344
0 0.448333 0.708197 0.036667 0.042623
0 0.191667 0.496721 0.034444 0.045902
0 0.241667 0.792623 0.036667 0.047541
0 0.656667 0.496721 0.031111 0.042623
0 0.296111 0.495082 0.034444 0.039344
0 0.296111 0.288525 0.034444 0.042623
0 0.193333 0.289344 0.035556 0.040984
0 0.759444 0.495082 0.032222 0.042623
0 0.140556 0.537705 0.034444 0.042623
0 0.657778 0.410656 0.033333 0.044262
0 0.656667 0.329508 0.033333 0.036066
0 0.448333 0.289344 0.030000 0.040984
0 0.811667 0.411475 0.032222 0.042623
0 0.500556 0.449180 0.041111 0.045902
0 0.604444 0.198361 0.033333 0.049180
0 0.141667 0.156557 0.036667 0.047541
0 0.346667 0.750000 0.033333 0.040984
0 0.398333 0.414754 0.032222 0.039344
0 0.295000 0.455738 0.032222 0.039344
0 0.657222 0.452459 0.032222 0.042623
0 0.192222 0.372131 0.035556 0.042623
0 0.707778 0.495082 0.033333 0.049180
0 0.448889 0.748361 0.035556 0.040984
0 0.296667 0.375410 0.033333 0.042623
0 0.708333 0.413115 0.034444 0.039344
0 0.295556 0.747541 0.033333 0.039344
0 0.141111 0.247541 0.035556 0.042623
0 0.760556 0.577869 0.034444 0.044262
0 0.448333 0.371311 0.034444 0.040984
0 0.448333 0.620492 0.034444 0.044262
0 0.190556 0.705738 0.032222 0.040984
0 0.242222 0.667213 0.033333 0.045902
0 0.190556 0.788525 0.034444 0.042623
0 0.139444 0.748361 0.034444 0.040984
0 0.139444 0.622131 0.034444 0.040984
0 0.140556 0.495082 0.036667 0.042623
0 0.811667 0.282787 0.032222 0.047541
0 0.140556 0.204918 0.036667 0.042623
0 0.191667 0.582787 0.034444 0.040984
0 0.396667 0.745902 0.033333 0.039344
0 0.553889 0.495902 0.027778 0.040984
0 0.295000 0.536885 0.034444 0.040984
0 0.296111 0.202459 0.036667 0.044262
0 0.707222 0.195902 0.034444 0.050820
0 0.760000 0.283607 0.035556 0.045902
0 0.448889 0.787705 0.033333 0.040984
0 0.347222 0.330328 0.032222 0.037705
0 0.295000 0.624590 0.032222 0.042623
0 0.397778 0.326230 0.035556 0.049180
0 0.347222 0.286885 0.034444 0.045902
0 0.295556 0.414754 0.033333 0.039344
0 0.708333 0.451639 0.032222 0.037705
0 0.863889 0.286066 0.034444 0.044262
0 0.141111 0.292623 0.035556 0.044262
0 0.242778 0.748361 0.032222 0.040984
0 0.853333 0.869672 0.022222 0.034426
0 0.499444 0.491803 0.043333 0.029508
0 0.853333 0.786066 0.022222 0.034426
0 0.396667 0.869672 0.033333 0.044262
0 0.878889 0.913115 0.022222 0.036066
0 0.396667 0.499180 0.033333 0.044262
0 0.762778 0.787705 0.030000 0.040984
0 0.553889 0.915574 0.034444 0.040984
0 0.917222 0.832787 0.034444 0.039344
0 0.345000 0.786885 0.034444 0.036066
0 0.761667 0.706557 0.034444 0.042623
0 0.604444 0.619672 0.033333 0.042623
0 0.448889 0.918852 0.037778 0.044262
0 0.864444 0.328689 0.035556 0.037705
0 0.397222 0.828689 0.030000 0.040984
0 0.917222 0.661475 0.034444 0.037705
0 0.760000 0.368852 0.035556 0.045902
0 0.916111 0.368852 0.034444 0.042623
0 0.553333 0.871311 0.035556 0.044262
0 0.450556 0.874590 0.036667 0.044262
0 0.138889 0.788525 0.033333 0.042623
0 0.293889 0.871311 0.036667 0.044262
0 0.243333 0.289344 0.033333 0.037705
0 0.761111 0.412295 0.033333 0.044262
0 0.499444 0.310656 0.043333 0.040984
0 0.190556 0.913115 0.036667 0.045902
0 0.605000 0.661475 0.034444 0.044262
0 0.140556 0.414754 0.036667 0.042623
0 0.760000 0.453279 0.031111 0.037705
0 0.812222 0.456557 0.033333 0.047541
0 0.397222 0.245082 0.034444 0.034426
0 0.345556 0.917213 0.037778 0.047541
0 0.917778 0.575410 0.033333 0.042623
0 0.553889 0.708197 0.034444 0.039344
0 0.553889 0.748361 0.034444 0.040984
0 0.295000 0.830328 0.034444 0.040984
0 0.397222 0.538525 0.032222 0.034426
0 0.192222 0.247541 0.035556 0.039344
0 0.866111 0.623770 0.036667 0.040984
0 0.449444 0.829508 0.032222 0.042623
0 0.917778 0.748361 0.035556 0.040984
0 0.915556 0.326230 0.035556 0.042623
0 0.138889 0.829508 0.035556 0.042623
0 0.863333 0.494262 0.035556 0.040984
0 0.917222 0.618852 0.034444 0.044262
0 0.864444 0.577869 0.037778 0.047541
0 0.916111 0.409836 0.034444 0.042623
0 0.761667 0.621311 0.034444 0.042623
0 0.242222 0.496721 0.033333 0.039344
0 0.295000 0.788525 0.034444 0.042623
0 0.656667 0.622131 0.033333 0.034426
0 0.448889 0.198361 0.033333 0.042623
0 0.553889 0.666393 0.034444 0.044262
0 0.448889 0.498361 0.033333 0.042623
0 0.917222 0.790164 0.034444 0.045902
0 0.606111 0.747541 0.036667 0.042623
0 0.192778 0.330328 0.034444 0.040984
0 0.191111 0.664754 0.028889 0.040984
0 0.657222 0.706557 0.034444 0.045902
0 0.760000 0.327049 0.033333 0.040984
0 0.397778 0.664754 0.033333 0.044262
0 0.139444 0.662295 0.032222 0.039344
0 0.345556 0.872131 0.035556 0.042623
0 0.245556 0.154918 0.035556 0.044262
0 0.140000 0.704918 0.033333 0.045902
0 0.916667 0.452459 0.035556 0.042623
0 0.758889 0.156557 0.035556 0.047541
0 0.759444 0.240164 0.034444 0.037705
0 0.707222 0.286885 0.034444 0.036066
0 0.917222 0.704098 0.036667 0.047541
0 0.243333 0.248361 0.033333 0.044262
0 0.604444 0.578689 0.033333 0.039344
0 0.552778 0.454918 0.025556 0.037705
0 0.552222 0.244262 0.033333 0.036066
0 0.606111 0.705738 0.036667 0.044262
0 0.657222 0.663115 0.034444 0.044262
0 0.761667 0.829508 0.034444 0.042623
0 0.295000 0.331967 0.034444 0.044262
0 0.852778 0.702459 0.023333 0.037705
0 0.761111 0.872951 0.035556 0.044262
0 0.657778 0.871311 0.033333 0.040984
0 0.903889 0.285246 0.023333 0.036066
0 0.501111 0.209836 0.046667 0.029508
0 0.851111 0.913115 0.024444 0.039344
0 0.878889 0.869672 0.022222 0.034426
0 0.878333 0.662295 0.021111 0.029508
0 0.089444 0.203279 0.034444 0.045902
0 0.500000 0.277869 0.044444 0.031148
0 0.864444 0.536066 0.037778 0.042623
0 0.852778 0.827869 0.023333 0.032787
0 0.657222 0.915574 0.036667 0.047541
0 0.761111 0.916393 0.035556 0.039344
0 0.877778 0.827869 0.022222 0.039344
0 0.657778 0.747541 0.033333 0.036066
0 0.878333 0.704098 0.021111 0.040984
0 0.877222 0.744262 0.021111 0.032787
0 0.852778 0.663115 0.023333 0.034426
0 0.657778 0.830328 0.031111 0.037705
0 0.397778 0.281967 0.033333 0.039344
0 0.191111 0.868033 0.037778 0.044262
0 0.606111 0.917213 0.038889 0.040984
0 0.917222 0.872131 0.034444 0.042623
0 0.917222 0.535246 0.032222 0.040984
0 0.762222 0.748361 0.033333 0.040984
0 0.878889 0.786066 0.022222 0.037705
0 0.140556 0.373770 0.034444 0.039344
0 0.244444 0.202459 0.035556 0.047541
0 0.916667 0.494262 0.033333 0.037705
0 0.138889 0.871311 0.033333 0.040984
0 0.917222 0.916393 0.036667 0.045902
0 0.553889 0.828689 0.034444 0.040984
0 0.347778 0.246721 0.033333 0.040984
0 0.863889 0.411475 0.034444 0.036066
0 0.606667 0.872951 0.037778 0.044262
0 0.088889 0.250000 0.035556 0.047541
0 0.396667 0.786066 0.033333 0.040984
0 0.852222 0.744262 0.024444 0.036066
0 0.192222 0.454098 0.033333 0.039344
0 0.761667 0.663934 0.034444 0.042623
0 0.397222 0.912295 0.036667 0.044262
0 0.553889 0.787705 0.036667 0.040984
0 0.139444 0.914754 0.034444 0.045902
0 0.191111 0.829508 0.035556 0.039344
0 0.761111 0.536885 0.028889 0.037705
0 0.448333 0.536066 0.032222 0.036066
0 0.088889 0.155738 0.035556 0.049180
0 0.295556 0.665574 0.031111 0.039344
0 0.657222 0.788525 0.034444 0.045902
0 0.192222 0.413934 0.033333 0.040984
0 0.294444 0.913934 0.035556 0.040984
0 0.864444 0.451639 0.035556 0.040984
0 0.140000 0.454098 0.033333 0.039344
0 0.142222 0.333607 0.037778 0.040984
0 0.605556 0.787705 0.035556 0.040984
0 0.863889 0.368852 0.034444 0.042623
0 0.242222 0.709016 0.028889 0.037705
0 0.862222 0.241803 0.033333 0.044262
0 0.605000 0.829508 0.036667 0.042623
0 0.553889 0.537705 0.034444 0.042623
0 0.397778 0.457377 0.031111 0.042623
0 0.812778 0.327869 0.034444 0.042623
0 0.656667 0.537705 0.033333 0.045902
0 0.243889 0.414754 0.034444 0.039344
0 0.449444 0.576230 0.034444 0.044262
0 0.295556 0.153279 0.035556 0.047541
0 0.242222 0.456557 0.035556 0.040984
0 0.396667 0.706557 0.031111 0.039344
0 0.191111 0.745902 0.033333 0.042623
0 0.707778 0.326230 0.033333 0.042623
0 0.448333 0.456557 0.034444 0.044262
0 0.813333 0.370492 0.035556 0.042623
0 0.295556 0.579508 0.035556 0.044262
0 0.448333 0.329508 0.034444 0.042623
0 0.603889 0.245082 0.036667 0.044262
0 0.553333 0.622951 0.035556 0.045902
0 0.706667 0.244262 0.037778 0.045902
0 0.345556 0.540984 0.033333 0.039344
0 0.346111 0.581967 0.034444 0.039344
0 0.347222 0.414754 0.034444 0.039344
0 0.140556 0.581148 0.036667 0.044262
0 0.191667 0.540984 0.034444 0.042623
0 0.242222 0.623770 0.031111 0.040984
0 0.656667 0.581148 0.033333 0.044262
0 0.346111 0.454918 0.034444 0.040984
0 0.656667 0.368852 0.033333 0.042623
0 0.191111 0.203279 0.035556 0.049180
0 0.345556 0.828689 0.035556 0.044262
0 0.346111 0.664754 0.036667 0.040984
0 0.604444 0.539344 0.033333 0.039344
0 0.243889 0.374590 0.034444 0.040984
0 0.346667 0.707377 0.035556 0.044262
0 0.242222 0.581148 0.035556 0.044262
0 0.655556 0.196721 0.035556 0.049180
0 0.242222 0.538525 0.035556 0.044262
0 0.243333 0.331148 0.035556 0.042623
0 0.708333 0.371311 0.034444 0.044262
0 0.398333 0.372951 0.034444 0.044262
0 0.448333 0.663934 0.036667 0.045902
0 0.397222 0.622131 0.034444 0.044262
0 0.346667 0.497541 0.033333 0.044262
0 0.553333 0.372131 0.035556 0.039344
0 0.603889 0.413115 0.032222 0.042623
0 0.656111 0.243443 0.034444 0.044262
0 0.603889 0.371311 0.030000 0.040984
0 0.347222 0.372131 0.034444 0.045902
0 0.396667 0.578689 0.033333 0.042623
0 0.552222 0.198361 0.035556 0.052459
0 0.397222 0.200000 0.036667 0.052459
0 0.347778 0.200820 0.033333 0.050820
0 0.347222 0.622131 0.036667 0.044262
0 0.603889 0.329508 0.034444 0.042623
0 0.448889 0.244262 0.037778 0.045902
0 0.605000 0.495082 0.034444 0.049180
0 0.447778 0.413934 0.035556 0.040984
0 0.552222 0.331148 0.035556 0.042623
0 0.603889 0.288525 0.034444 0.039344
0 0.552778 0.413934 0.034444 0.044262
0 0.551667 0.286066 0.034444 0.047541
0 0.656111 0.288525 0.034444 0.045902
