0 0.488182 0.382118 0.045467 0.044708
0 0.425981 0.307799 0.037554 0.050407
0 0.635790 0.342232 0.037554 0.050407
0 0.736782 0.646788 0.024976 0.033061
0 0.499630 0.501765 0.039591 0.039788
0 0.898608 0.233985 0.025335 0.036323
0 0.702963 0.364429 0.027327 0.044746
0 0.364949 0.233866 0.040508 0.038423
0 0.642374 0.843071 0.039748 0.050940
0 0.485524 0.352786 0.043977 0.040853
0 0.314137 0.247888 0.039725 0.060461
0 0.687616 0.450223 0.023701 0.031163
0 0.711829 0.655364 0.025156 0.034692
0 0.333584 0.881260 0.041583 0.048210
0 0.712657 0.442463 0.023701 0.031163
0 0.720517 0.734481 0.025693 0.039586
0 0.716039 0.693699 0.023500 0.039053
0 0.540027 0.741494 0.025335 0.036323
0 0.338712 0.917697 0.037017 0.045514
0 0.745739 0.728352 0.025335 0.036323
0 0.717863 0.484743 0.025514 0.037955
0 0.467635 0.220637 0.047826 0.037025
0 0.740254 0.688652 0.025514 0.037955
0 0.440234 0.893865 0.036099 0.046878
0 0.727916 0.566041 0.023321 0.037422
0 0.868999 0.200148 0.025514 0.037955
0 0.894219 0.194019 0.023321 0.037422
0 0.474890 0.286703 0.046170 0.041386
0 0.623365 0.680210 0.040106 0.054203
0 0.904917 0.399095 0.037934 0.044149
0 0.480576 0.317979 0.047065 0.049542
0 0.633238 0.759876 0.039748 0.050940
0 0.701598 0.572436 0.023679 0.040685
0 0.462485 0.153221 0.046349 0.043018
0 0.793981 0.803719 0.038113 0.045780
0 0.129162 0.931771 0.040665 0.049575
0 0.692731 0.491688 0.026051 0.042849
0 0.731666 0.605324 0.024776 0.040951
0 0.789045 0.763886 0.037196 0.047144
0 0.115918 0.806029 0.037017 0.045514
0 0.908757 0.439194 0.035182 0.048242
0 0.689070 0.243033 0.023500 0.039053
0 0.693637 0.284629 0.023679 0.040685
0 0.185179 0.960029 0.041024 0.052838
0 0.707083 0.612136 0.026051 0.042849
0 0.120128 0.844364 0.042299 0.054735
0 0.637896 0.802289 0.039748 0.050940
0 0.723068 0.527023 0.024417 0.037688
0 0.628392 0.720858 0.038292 0.047410
0 0.798091 0.846265 0.039927 0.052571
0 0.165812 0.793905 0.036279 0.048509
0 0.664397 0.249028 0.024955 0.042583
0 0.189926 0.988012 0.041203 0.023977
0 0.180064 0.918565 0.041941 0.051473
0 0.347117 0.537987 0.031355 0.042550
0 0.775611 0.641540 0.039748 0.050940
0 0.162062 0.754622 0.039569 0.049308
0 0.647580 0.885350 0.041203 0.054469
0 0.296764 0.551060 0.038472 0.049042
0 0.618797 0.638612 0.037017 0.045514
0 0.314766 0.715004 0.038292 0.047410
0 0.415740 0.691304 0.038472 0.049042
0 0.445171 0.933698 0.037375 0.048775
0 0.891852 0.274985 0.037196 0.047144
0 0.278572 0.390513 0.035361 0.049874
0 0.091704 0.600889 0.035920 0.045247
0 0.913414 0.481607 0.039569 0.049308
0 0.489950 0.880109 0.037554 0.050407
0 0.679476 0.370973 0.026051 0.042849
0 0.175496 0.876967 0.039927 0.052571
0 0.375351 0.784859 0.035920 0.045247
0 0.780089 0.682322 0.037554 0.050407
0 0.106623 0.249743 0.040465 0.057465
0 0.708537 0.404944 0.026610 0.038221
0 0.389334 0.907071 0.037375 0.048775
0 0.494786 0.924153 0.037912 0.053669
0 0.147710 0.634174 0.039211 0.046047
0 0.742619 0.356467 0.036099 0.046878
0 0.155849 0.713424 0.036458 0.050140
0 0.834738 0.246994 0.037196 0.047144
0 0.124505 0.889358 0.038830 0.052305
0 0.342552 0.957797 0.041203 0.054469
0 0.830350 0.207027 0.037375 0.048775
0 0.471587 0.251497 0.045969 0.049276
0 0.696113 0.532736 0.025693 0.039586
0 0.698395 0.322831 0.026789 0.039853
0 0.111620 0.766879 0.039569 0.049308
0 0.485012 0.840276 0.038472 0.049042
0 0.465149 0.187745 0.044872 0.049009
0 0.895782 0.315899 0.038292 0.047410
0 0.380198 0.823876 0.034824 0.044981
0 0.170839 0.834555 0.039569 0.049308
0 0.774053 0.181349 0.036099 0.046878
0 0.430182 0.812568 0.038651 0.050673
0 0.683775 0.410124 0.023142 0.035791
0 0.674271 0.328693 0.024596 0.039320
0 0.180800 0.453629 0.037017 0.045514
0 0.767851 0.135124 0.037353 0.058297
0 0.185826 0.494278 0.038830 0.052305
0 0.452659 0.555886 0.036099 0.046878
0 0.329744 0.841161 0.041024 0.052838
0 0.158431 0.239666 0.040286 0.055834
0 0.756333 0.476233 0.039569 0.049308
0 0.134466 0.508433 0.038472 0.049042
0 0.785204 0.723786 0.040665 0.049575
0 0.082927 0.520957 0.034086 0.047976
0 0.170937 0.368937 0.038472 0.049042
0 0.770494 0.600076 0.038472 0.049042
0 0.466373 0.675651 0.037017 0.045514
0 0.287718 0.468681 0.035741 0.043616
0 0.059451 0.312287 0.037733 0.052038
0 0.819760 0.120836 0.040286 0.055834
0 0.712941 0.101573 0.039927 0.052571
0 0.324180 0.795618 0.039927 0.052571
0 0.393263 0.947986 0.038830 0.052305
0 0.626935 0.256456 0.036279 0.048509
0 0.837382 0.291571 0.035720 0.053137
0 0.411651 0.177298 0.037554 0.050407
0 0.152378 0.671560 0.038472 0.049042
0 0.609841 0.557049 0.037375 0.048775
0 0.824686 0.165696 0.037554 0.050407
0 0.431556 0.348314 0.035003 0.046611
0 0.563259 0.137945 0.041382 0.056100
0 0.190394 0.535875 0.040845 0.051206
0 0.778352 0.220500 0.038651 0.050673
0 0.106593 0.726231 0.038472 0.049042
0 0.746459 0.396567 0.035182 0.048242
0 0.282871 0.429663 0.037196 0.047144
0 0.097278 0.641404 0.038472 0.049042
0 0.434749 0.854165 0.040665 0.049575
0 0.116744 0.341910 0.037375 0.048775
0 0.470672 0.714802 0.037733 0.052038
0 0.787576 0.304510 0.038472 0.049042
0 0.899980 0.359262 0.039927 0.052571
0 0.420588 0.730321 0.037017 0.045514
0 0.814655 0.074345 0.040106 0.054203
0 0.369866 0.745159 0.039009 0.053936
0 0.068766 0.397113 0.037375 0.048775
0 0.668412 0.629069 0.037912 0.053669
0 0.669603 0.291308 0.026051 0.042849
0 0.161891 0.286557 0.036458 0.050140
0 0.752034 0.437082 0.035182 0.048242
0 0.357259 0.620101 0.034086 0.047976
0 0.567725 0.183754 0.039927 0.052571
0 0.766744 0.560792 0.037375 0.048775
0 0.088043 0.562421 0.037196 0.047144
0 0.384217 0.865607 0.039009 0.053936
0 0.737592 0.315819 0.037554 0.050407
0 0.166000 0.329104 0.037554 0.050407
0 0.462164 0.637316 0.037554 0.050407
0 0.341722 0.499103 0.038651 0.050673
0 0.194133 0.580186 0.039009 0.053936
0 0.175594 0.411350 0.038830 0.052305
0 0.572193 0.229562 0.036637 0.051772
0 0.111818 0.297050 0.040106 0.054203
0 0.604994 0.518031 0.035920 0.045247
0 0.760442 0.518779 0.038830 0.052305
0 0.306358 0.633307 0.039390 0.047677
0 0.362286 0.660749 0.032989 0.047710
0 0.078270 0.478544 0.038472 0.049042
0 0.319702 0.754836 0.037375 0.048775
0 0.101846 0.683002 0.040845 0.051206
0 0.585347 0.354489 0.032452 0.042816
0 0.380106 0.361654 0.037375 0.048775
0 0.718684 0.148746 0.041024 0.052838
0 0.480994 0.798546 0.039748 0.050940
0 0.448360 0.516735 0.038651 0.050673
0 0.732477 0.274355 0.038830 0.052305
0 0.129898 0.466835 0.038651 0.050673
0 0.138944 0.549214 0.038830 0.052305
0 0.403313 0.567877 0.040486 0.047944
0 0.600057 0.478198 0.037554 0.050407
0 0.064656 0.354567 0.040665 0.049575
0 0.120763 0.383641 0.040845 0.051206
0 0.564336 0.609139 0.038651 0.050673
0 0.663665 0.585840 0.035540 0.051505
0 0.073154 0.437079 0.039748 0.050940
0 0.144329 0.593126 0.042120 0.053104
0 0.782002 0.263995 0.036637 0.051772
0 0.641275 0.381930 0.034824 0.044981
0 0.576302 0.272109 0.035182 0.048242
0 0.644656 0.422979 0.030796 0.047177
0 0.457507 0.594903 0.037196 0.047144
0 0.273188 0.346602 0.036458 0.050140
0 0.728546 0.233440 0.039569 0.049308
0 0.476426 0.756948 0.039569 0.049308
0 0.302428 0.592392 0.040845 0.051206
0 0.425524 0.770154 0.040845 0.051206
0 0.292655 0.508514 0.037733 0.052038
0 0.723431 0.191975 0.040845 0.051206
0 0.494067 0.456222 0.044671 0.056900
0 0.417125 0.222024 0.038830 0.052305
0 0.407154 0.607976 0.039569 0.049308
0 0.550074 0.489507 0.036279 0.048509
0 0.558213 0.568757 0.037196 0.047144
0 0.411901 0.651205 0.037196 0.047144
0 0.554462 0.529473 0.036099 0.046878
0 0.526317 0.283418 0.036458 0.050140
0 0.310746 0.673273 0.039569 0.049308
0 0.614409 0.598646 0.037196 0.047144
0 0.658091 0.545325 0.032989 0.047710
0 0.654072 0.503594 0.031714 0.045812
0 0.125790 0.424289 0.039748 0.050940
0 0.212613 0.271719 0.038092 0.055301
0 0.521292 0.242769 0.037554 0.050407
0 0.328656 0.374993 0.039032 0.044415
0 0.365208 0.702746 0.038651 0.050673
0 0.444252 0.474189 0.037554 0.050407
0 0.337064 0.456690 0.038651 0.050673
0 0.228129 0.402771 0.040106 0.054203
0 0.581597 0.315204 0.036458 0.050140
0 0.540569 0.408076 0.035182 0.048242
0 0.439225 0.433541 0.036458 0.050140
0 0.352144 0.578636 0.037554 0.050407
0 0.217539 0.316580 0.039748 0.050940
0 0.388603 0.444167 0.036458 0.050140
0 0.375079 0.321005 0.038472 0.049042
0 0.590285 0.394321 0.036637 0.051772
0 0.630585 0.299951 0.036458 0.050140
0 0.333683 0.415642 0.038651 0.050673
0 0.222745 0.358859 0.040845 0.051206
0 0.516366 0.197909 0.040286 0.055834
0 0.369326 0.278858 0.038830 0.052305
0 0.264331 0.260827 0.040286 0.055834
0 0.320159 0.292481 0.035920 0.045247
0 0.650141 0.462679 0.035361 0.049874
0 0.324088 0.333396 0.035540 0.051505
0 0.392254 0.487661 0.038472 0.049042
0 0.421961 0.266068 0.034086 0.047976
0 0.398377 0.528044 0.039569 0.049308
0 0.384584 0.402436 0.037375 0.048775
0 0.595490 0.436602 0.035182 0.048242
0 0.545047 0.448859 0.037375 0.048775
0 0.434568 0.391128 0.038651 0.050673
0 0.530516 0.326780 0.038092 0.055301
0 0.268620 0.305004 0.038472 0.049042
0 0.536270 0.368926 0.037375 0.048775
