0 0.099088 0.608197 0.026998 0.041254
0 0.063468 0.634636 0.027567 0.038427
0 0.846314 0.737477 0.026173 0.042478
0 0.374307 0.361093 0.023243 0.036909
0 0.852838 0.696596 0.025405 0.037668
0 0.523763 0.758893 0.027510 0.044460
0 0.033697 0.667361 0.027254 0.042857
0 0.832212 0.822255 0.029416 0.043616
0 0.504416 0.876537 0.028335 0.043237
0 0.838324 0.780383 0.028335 0.043237
0 0.039966 0.628083 0.026998 0.041254
0 0.473180 0.911286 0.027254 0.042857
0 0.566382 0.731524 0.043102 0.059011
0 0.499434 0.750357 0.025917 0.040874
0 0.594688 0.479049 0.027510 0.044460
0 0.553843 0.144751 0.052379 0.053186
0 0.481297 0.867579 0.027510 0.044460
0 0.858154 0.656137 0.025405 0.037668
0 0.193722 0.169068 0.025405 0.037668
0 0.528286 0.308464 0.049134 0.052047
0 0.079526 0.383789 0.027823 0.040030
0 0.344123 0.392826 0.028079 0.041633
0 0.121922 0.615362 0.026742 0.039651
0 0.812787 0.772269 0.029672 0.045219
0 0.517210 0.796378 0.027823 0.040030
0 0.800022 0.855824 0.028591 0.044839
0 0.877472 0.535098 0.025149 0.036065
0 0.115653 0.654639 0.026998 0.041254
0 0.244775 0.357122 0.028335 0.043237
0 0.518266 0.714641 0.043671 0.056184
0 0.871743 0.574565 0.026998 0.041254
0 0.601497 0.439960 0.027823 0.040030
0 0.674853 0.810213 0.025917 0.040874
0 0.846619 0.567443 0.027510 0.044460
0 0.821188 0.730355 0.030498 0.043996
0 0.751919 0.491892 0.025405 0.037668
0 0.745806 0.533764 0.026998 0.041254
0 0.163695 0.203395 0.029416 0.043616
0 0.124666 0.272656 0.025661 0.039272
0 0.770518 0.539895 0.025661 0.039272
0 0.493616 0.525694 0.035904 0.045892
0 0.539730 0.243915 0.049902 0.056858
0 0.863754 0.617471 0.029672 0.045219
0 0.869957 0.839730 0.042590 0.055805
0 0.619375 0.403063 0.042021 0.058632
0 0.872103 0.490044 0.040427 0.055046
0 0.110123 0.353047 0.026998 0.041254
0 0.368579 0.400561 0.024580 0.038892
0 0.719250 0.786007 0.044439 0.060994
0 0.093657 0.302407 0.025661 0.039272
0 0.212479 0.219666 0.024324 0.037289
0 0.770069 0.803837 0.039090 0.053064
0 0.834110 0.649394 0.028079 0.041633
0 0.067356 0.553046 0.042590 0.055805
0 0.725618 0.742531 0.040171 0.053443
0 0.929986 0.467183 0.038578 0.049857
0 0.236807 0.228202 0.025405 0.037668
0 0.250660 0.320249 0.027823 0.040030
0 0.098333 0.265956 0.025405 0.037668
0 0.219956 0.179967 0.026998 0.041254
0 0.821981 0.474997 0.040171 0.053443
0 0.266462 0.625445 0.042788 0.063441
0 0.215900 0.606012 0.041253 0.053823
0 0.833920 0.389460 0.041765 0.057029
0 0.675340 0.724891 0.039090 0.053064
0 0.073468 0.511174 0.040997 0.052219
0 0.525046 0.672158 0.041253 0.053823
0 0.118397 0.311934 0.030754 0.045598
0 0.682633 0.679200 0.042021 0.058632
0 0.438918 0.210237 0.039090 0.053064
0 0.879040 0.450154 0.038834 0.051460
0 0.118245 0.230619 0.038834 0.051460
0 0.085510 0.342719 0.029160 0.042012
0 0.117221 0.569695 0.040683 0.056650
0 0.624934 0.708051 0.039915 0.051840
0 0.775768 0.760973 0.039346 0.054667
0 0.775578 0.501039 0.028335 0.043237
0 0.885152 0.408282 0.042590 0.055805
0 0.317281 0.643276 0.041765 0.057029
0 0.884442 0.752548 0.044439 0.060994
0 0.350392 0.353549 0.027823 0.040030
0 0.573988 0.691022 0.039659 0.050237
0 0.877277 0.797436 0.041253 0.053823
0 0.782933 0.716085 0.039857 0.057873
0 0.222965 0.565321 0.039915 0.051840
0 0.777658 0.412890 0.038322 0.048254
0 0.476018 0.310440 0.039915 0.051840
0 0.531414 0.628682 0.042846 0.057409
0 0.922665 0.509477 0.044752 0.056564
0 0.280279 0.538874 0.041765 0.057029
0 0.369222 0.317833 0.041765 0.057029
0 0.166988 0.590543 0.041765 0.057029
0 0.726996 0.397654 0.039659 0.050237
0 0.626440 0.362373 0.039659 0.050237
0 0.582361 0.645711 0.041450 0.061459
0 0.732654 0.698444 0.043102 0.059011
0 0.770878 0.455374 0.043927 0.057788
0 0.677387 0.379401 0.039915 0.051840
0 0.481334 0.269982 0.037753 0.051081
0 0.618822 0.749923 0.041509 0.055426
0 0.431724 0.251729 0.039659 0.050237
0 0.936639 0.425500 0.044439 0.060994
0 0.323649 0.599801 0.040171 0.053443
0 0.828221 0.432324 0.040997 0.052219
0 0.173099 0.548671 0.040171 0.053443
0 0.330017 0.556325 0.041765 0.057029
0 0.784055 0.372811 0.041509 0.055426
0 0.734318 0.355359 0.039346 0.054667
0 0.124287 0.529004 0.038834 0.051460
0 0.633221 0.319888 0.040938 0.058252
0 0.131962 0.148246 0.042846 0.057409
0 0.080505 0.467087 0.041765 0.057029
0 0.131735 0.485908 0.040427 0.055046
0 0.445669 0.164357 0.038776 0.057494
0 0.670478 0.422687 0.041450 0.061459
0 0.230414 0.522225 0.042021 0.058632
0 0.269463 0.281137 0.043357 0.060614
0 0.282384 0.200177 0.040427 0.055046
0 0.506665 0.443932 0.048252 0.059305
0 0.575749 0.343740 0.039915 0.051840
0 0.631685 0.662171 0.042276 0.060235
0 0.382115 0.233477 0.040427 0.055046
0 0.125182 0.190729 0.039915 0.051840
0 0.684707 0.337106 0.041765 0.057029
0 0.375747 0.276952 0.038834 0.051460
0 0.582529 0.301255 0.040171 0.053443
0 0.179723 0.503592 0.039602 0.056270
0 0.333459 0.216405 0.040427 0.055046
0 0.424944 0.294213 0.040427 0.055046
0 0.326550 0.259690 0.039915 0.051840
0 0.319770 0.302174 0.040683 0.056650
0 0.487830 0.225705 0.039602 0.056270
0 0.499757 0.487217 0.045578 0.055340
0 0.533275 0.277203 0.045693 0.043273
0 0.834610 0.984133 0.034509 0.031734
0 0.449256 0.728519 0.025149 0.036065
0 0.497095 0.918831 0.026998 0.041254
0 0.058153 0.675095 0.028079 0.041633
0 0.510272 0.836268 0.029416 0.043616
0 0.846833 0.909493 0.031835 0.045978
0 0.825275 0.862145 0.025661 0.039272
0 0.101366 0.733427 0.027823 0.040030
0 0.050960 0.716588 0.029160 0.042012
0 0.045978 0.590408 0.027254 0.042857
0 0.853004 0.874413 0.027567 0.038427
0 0.543956 0.804070 0.028904 0.040410
0 0.092150 0.648086 0.025917 0.040874
0 0.170475 0.160912 0.026486 0.038047
0 0.493009 0.787041 0.026486 0.038047
0 0.206750 0.259133 0.027823 0.040030
0 0.468826 0.351934 0.039974 0.045806
0 0.851807 0.527786 0.024580 0.038892
0 0.720186 0.436742 0.041509 0.055426
0 0.108303 0.693538 0.028904 0.040410
0 0.827713 0.689474 0.027567 0.038427
0 0.042971 0.759494 0.029672 0.045219
0 0.668712 0.848689 0.025917 0.040874
0 0.668944 0.764970 0.041253 0.053823
0 0.077195 0.727485 0.025917 0.040874
0 0.518179 0.371789 0.048367 0.047238
0 0.642763 0.839584 0.025405 0.037668
0 0.019724 0.751338 0.028079 0.041633
0 0.552003 0.767955 0.031068 0.041169
0 0.522372 0.341941 0.047030 0.045255
0 0.544562 0.210059 0.051100 0.045170
0 0.563435 0.385129 0.028591 0.044839
0 0.095666 0.776290 0.028079 0.041633
0 0.245209 0.186287 0.026742 0.039651
0 0.026504 0.708853 0.028335 0.043237
0 0.649031 0.800307 0.025149 0.036065
0 0.070278 0.595548 0.028904 0.040410
0 0.807088 0.815132 0.027254 0.042857
0 0.549011 0.178608 0.049134 0.052047
