0 0.810593 0.459536 0.034697 0.049372
0 0.585612 0.758887 0.033220 0.042744
0 0.815028 0.371825 0.033220 0.042744
0 0.424176 0.823312 0.036634 0.044774
0 0.731667 0.945084 0.041341 0.050185
0 0.680643 0.891449 0.035435 0.043015
0 0.141300 0.337644 0.037558 0.041663
0 0.163274 0.833080 0.035620 0.046261
0 0.283617 0.560156 0.035620 0.046261
0 0.626523 0.931408 0.036634 0.044774
0 0.508644 0.250188 0.046415 0.042746
0 0.095216 0.246206 0.035435 0.043015
0 0.058451 0.862753 0.036727 0.046396
0 0.071985 0.615174 0.037742 0.044909
0 0.737581 0.821599 0.036727 0.046396
0 0.165630 0.791693 0.035527 0.044638
0 0.858803 0.503839 0.033128 0.041121
0 0.442930 0.493837 0.032021 0.040985
0 0.551125 0.424536 0.028792 0.042203
0 0.109938 0.869049 0.040234 0.050049
0 0.389640 0.528996 0.032113 0.042609
0 0.899435 0.710647 0.035435 0.043015
0 0.577714 0.878044 0.037927 0.048155
0 0.575174 0.922677 0.038020 0.049778
0 0.907286 0.592301 0.035620 0.046261
0 0.915786 0.423371 0.033405 0.045990
0 0.511186 0.185944 0.046507 0.044369
0 0.678657 0.936149 0.041433 0.051807
0 0.503242 0.315718 0.045400 0.044234
0 0.756427 0.490501 0.036357 0.039905
0 0.179626 0.545805 0.037835 0.046532
0 0.867300 0.374133 0.037558 0.041663
0 0.331085 0.646860 0.035712 0.047884
0 0.437618 0.577356 0.035620 0.046261
0 0.118066 0.745835 0.040049 0.046802
0 0.324064 0.770211 0.035527 0.044638
0 0.685632 0.813611 0.036727 0.046396
0 0.874601 0.206690 0.033498 0.047613
0 0.871134 0.296971 0.034328 0.042880
0 0.818491 0.330574 0.033498 0.047613
0 0.137420 0.415617 0.036634 0.044774
0 0.146658 0.253314 0.036634 0.044774
0 0.172005 0.669898 0.039034 0.048290
0 0.861480 0.466577 0.034235 0.041256
0 0.133308 0.497647 0.035620 0.046261
0 0.096280 0.207930 0.037742 0.044909
0 0.911951 0.510339 0.037742 0.044909
0 0.909181 0.549224 0.036634 0.044774
0 0.384975 0.610959 0.036819 0.048020
0 0.318798 0.852918 0.039034 0.048290
0 0.244369 0.348615 0.038112 0.051401
0 0.377908 0.735120 0.036727 0.046396
0 0.456372 0.247882 0.035435 0.043015
0 0.688034 0.771413 0.036727 0.046396
0 0.075448 0.573922 0.037835 0.046532
0 0.175514 0.627835 0.038850 0.045045
0 0.289620 0.474271 0.033220 0.042744
0 0.321800 0.809975 0.037835 0.046532
0 0.587875 0.719123 0.033313 0.044368
0 0.638210 0.726096 0.036727 0.046396
0 0.427039 0.782804 0.035527 0.044638
0 0.085333 0.410064 0.036542 0.043150
0 0.868917 0.335924 0.034328 0.042880
0 0.383218 0.651602 0.035342 0.041392
0 0.124488 0.623229 0.039034 0.048290
0 0.493495 0.496753 0.041617 0.035713
0 0.905669 0.630511 0.035710 0.028543
0 0.467736 0.724043 0.022424 0.026918
0 0.601363 0.472356 0.036634 0.044774
0 0.399017 0.364259 0.034605 0.047749
0 0.652206 0.480207 0.036634 0.044774
0 0.596652 0.555130 0.034420 0.044503
0 0.598454 0.513675 0.035620 0.046261
0 0.453970 0.290080 0.037835 0.046532
0 0.202576 0.162176 0.034797 0.031816
0 0.360245 0.134552 0.037068 0.033060
0 0.153354 0.155257 0.035618 0.026920
0 0.466904 0.741591 0.022404 0.020791
0 0.440020 0.535157 0.035620 0.046261
0 0.642921 0.643321 0.036727 0.046396
0 0.605568 0.388701 0.035620 0.046261
0 0.393057 0.488556 0.036727 0.046396
0 0.358341 0.158213 0.028218 0.022469
0 0.200842 0.185595 0.027628 0.021753
0 0.149093 0.175476 0.028374 0.021360
0 0.466947 0.756812 0.020199 0.015074
0 0.314828 0.893290 0.039218 0.032195
0 0.192373 0.341439 0.037835 0.046532
0 0.452168 0.331535 0.036634 0.044774
0 0.749313 0.615475 0.038942 0.046667
0 0.713254 0.318521 0.035804 0.049507
0 0.449766 0.373734 0.036819 0.048020
0 0.186647 0.422454 0.037835 0.046532
0 0.445193 0.454074 0.034512 0.046125
0 0.338706 0.522767 0.036911 0.049643
0 0.304584 0.230953 0.037835 0.046532
0 0.658071 0.396757 0.036542 0.043150
0 0.403128 0.282228 0.035989 0.052753
0 0.199994 0.217345 0.039034 0.048290
0 0.654608 0.438009 0.036819 0.048020
0 0.347436 0.359585 0.037742 0.044909
0 0.379202 0.692786 0.036911 0.049643
0 0.497650 0.453134 0.043648 0.052078
0 0.647171 0.558857 0.035620 0.046261
0 0.246678 0.308040 0.037927 0.048155
0 0.549830 0.466870 0.035804 0.049507
0 0.293731 0.392240 0.036634 0.044774
0 0.344527 0.400904 0.036727 0.046396
0 0.704892 0.485017 0.037742 0.044909
0 0.747465 0.657741 0.035620 0.046261
0 0.699720 0.566100 0.036634 0.044774
0 0.349238 0.318131 0.036727 0.046396
0 0.291329 0.434440 0.036634 0.044774
0 0.603166 0.430901 0.035620 0.046261
0 0.592679 0.634725 0.035712 0.047884
0 0.435262 0.618742 0.035527 0.044638
0 0.408024 0.196208 0.035804 0.049507
0 0.703183 0.524848 0.036727 0.046396
0 0.194729 0.300052 0.035527 0.044638
0 0.760584 0.407659 0.037835 0.046532
0 0.758182 0.449859 0.035620 0.046261
0 0.197038 0.259476 0.039957 0.045180
0 0.864806 0.417955 0.038297 0.054647
0 0.660380 0.356182 0.034328 0.042880
0 0.301675 0.272272 0.036634 0.044774
0 0.307033 0.187943 0.037927 0.048155
0 0.649989 0.519160 0.036450 0.041527
0 0.898970 0.757986 0.040234 0.050049
0 0.641119 0.684776 0.035527 0.044638
0 0.334041 0.604730 0.034420 0.044503
0 0.709097 0.401363 0.036727 0.046396
0 0.813133 0.414904 0.034605 0.047749
0 0.181981 0.504418 0.037742 0.044909
0 0.352240 0.275188 0.035712 0.047884
0 0.692653 0.690262 0.036727 0.046396
0 0.695055 0.648063 0.036911 0.049643
0 0.357598 0.190858 0.036819 0.048020
0 0.189464 0.382758 0.036634 0.044774
0 0.552972 0.382269 0.034512 0.046125
0 0.287218 0.516470 0.035804 0.049507
0 0.387423 0.567948 0.034512 0.046125
0 0.251989 0.224521 0.036911 0.049643
0 0.177778 0.588071 0.038942 0.046667
0 0.092215 0.289149 0.036634 0.044774
0 0.298119 0.315147 0.036727 0.046396
0 0.400726 0.324427 0.035250 0.039769
0 0.099005 0.160051 0.038389 0.056270
0 0.184845 0.463909 0.036634 0.044774
0 0.594942 0.594962 0.035435 0.043015
0 0.309250 0.139185 0.039404 0.054783
0 0.459466 0.203316 0.034974 0.054241
0 0.406130 0.239286 0.034235 0.041256
0 0.371440 0.858538 0.037835 0.046532
0 0.645922 0.600379 0.035527 0.044638
0 0.744556 0.699061 0.036819 0.048020
0 0.739521 0.777709 0.035620 0.046261
0 0.609031 0.347451 0.035527 0.044638
0 0.143702 0.295446 0.038112 0.051401
0 0.662874 0.312360 0.037096 0.052889
0 0.447457 0.414310 0.034235 0.041256
0 0.250694 0.266855 0.034328 0.042880
0 0.394398 0.445410 0.036819 0.048020
0 0.126844 0.581842 0.038942 0.046667
0 0.376059 0.777386 0.035435 0.043015
0 0.295349 0.354032 0.035435 0.043015
0 0.751669 0.574088 0.036819 0.048020
0 0.397260 0.404902 0.035342 0.041392
0 0.340600 0.479689 0.035342 0.041392
0 0.167985 0.750305 0.037835 0.046532
0 0.554360 0.338313 0.034512 0.046125
0 0.754071 0.531889 0.036819 0.048020
0 0.690297 0.731649 0.034235 0.041256
0 0.610048 0.309985 0.033128 0.041121
0 0.711406 0.360788 0.034328 0.042880
0 0.134510 0.456937 0.037835 0.046532
0 0.254483 0.180699 0.036911 0.049643
0 0.762986 0.365461 0.037650 0.043286
0 0.590785 0.677804 0.038942 0.046667
0 0.373795 0.817150 0.035527 0.044638
0 0.706649 0.444373 0.036819 0.048020
0 0.342771 0.441548 0.035435 0.043015
0 0.628371 0.889142 0.037927 0.048155
0 0.089859 0.330536 0.036727 0.046396
0 0.697411 0.606676 0.034420 0.044503
0 0.370099 0.901683 0.037927 0.048155
0 0.122593 0.666306 0.037835 0.046532
0 0.080067 0.492771 0.037835 0.046532
0 0.328036 0.690614 0.036819 0.048020
0 0.611251 0.269274 0.035712 0.047884
0 0.149153 0.209493 0.039404 0.054783
0 0.129845 0.538899 0.037742 0.044909
0 0.087504 0.371923 0.036450 0.041527
0 0.765434 0.322451 0.035527 0.044638
0 0.081916 0.450505 0.036727 0.046396
0 0.871968 0.252946 0.035804 0.049507
0 0.512619 0.150980 0.045123 0.039365
0 0.617116 0.176017 0.036911 0.049643
0 0.062054 0.779844 0.038942 0.046667
0 0.119776 0.706004 0.036634 0.044774
0 0.914953 0.467396 0.034512 0.046125
0 0.734625 0.863730 0.037650 0.043286
0 0.138622 0.374906 0.036450 0.041527
0 0.682814 0.853308 0.035342 0.041392
0 0.742338 0.738013 0.036265 0.038281
0 0.636453 0.766739 0.035435 0.043015
0 0.431797 0.699218 0.033405 0.045990
0 0.631281 0.847823 0.036542 0.043150
0 0.355196 0.233057 0.034420 0.044503
0 0.325727 0.731190 0.036450 0.041527
0 0.583256 0.800274 0.037927 0.048155
0 0.433599 0.657763 0.036450 0.041527
0 0.063949 0.736765 0.037927 0.048155
0 0.115710 0.787222 0.040142 0.048426
0 0.556577 0.299360 0.033958 0.036387
0 0.419142 0.901960 0.035989 0.052753
0 0.733008 0.901939 0.036634 0.044774
0 0.337504 0.563478 0.036542 0.043150
0 0.059745 0.820419 0.036542 0.043150
0 0.161979 0.875414 0.035435 0.043015
0 0.077757 0.533347 0.035435 0.043015
0 0.112894 0.826919 0.036542 0.043150
0 0.579885 0.839903 0.037465 0.040040
0 0.633545 0.808059 0.036819 0.048020
0 0.070137 0.657440 0.032021 0.040985
0 0.499593 0.379827 0.045123 0.039365
0 0.614898 0.224776 0.038020 0.049778
0 0.903544 0.667840 0.029991 0.043961
0 0.428380 0.739658 0.035620 0.046261
0 0.500656 0.351357 0.043923 0.037606
0 0.170249 0.710542 0.037558 0.041663
0 0.907211 0.338972 0.024177 0.038415
0 0.066305 0.695378 0.035435 0.043015
0 0.912015 0.254575 0.026207 0.035439
0 0.914509 0.210754 0.026577 0.041932
0 0.506658 0.285083 0.045953 0.034631
0 0.510445 0.218539 0.045953 0.034631
0 0.846112 0.540693 0.025285 0.038551
0 0.907208 0.378196 0.023993 0.035168
0 0.909659 0.295962 0.024270 0.040038
0 0.421451 0.861385 0.036911 0.030302
