0 0.125697 0.136986 0.039758 0.056313
0 0.093211 0.810045 0.041943 0.056916
0 0.861800 0.552906 0.037852 0.049533
0 0.519960 0.755191 0.035668 0.048930
0 0.418270 0.727970 0.037649 0.047914
0 0.308687 0.358400 0.040038 0.050136
0 0.765737 0.485345 0.036557 0.047612
0 0.638446 0.229866 0.040164 0.059552
0 0.719339 0.427299 0.037649 0.047914
0 0.735093 0.301777 0.038259 0.052772
0 0.256064 0.768678 0.037649 0.047914
0 0.182119 0.110661 0.037167 0.052471
0 0.204279 0.753551 0.041130 0.050437
0 0.270866 0.646245 0.041130 0.050437
0 0.505958 0.448021 0.047684 0.052245
0 0.723037 0.812061 0.040241 0.051756
0 0.247729 0.425368 0.036760 0.049231
0 0.816393 0.495971 0.039148 0.051454
0 0.161385 0.275864 0.039351 0.053074
0 0.231086 0.548968 0.036557 0.047612
0 0.770477 0.443084 0.038056 0.051153
0 0.794566 0.660873 0.039148 0.051454
0 0.866438 0.511455 0.039148 0.051454
0 0.871723 0.469344 0.039148 0.051454
0 0.574985 0.730994 0.038462 0.054392
0 0.323387 0.236777 0.041537 0.053677
0 0.244503 0.851788 0.042629 0.053978
0 0.876907 0.428043 0.038945 0.049834
0 0.748752 0.607176 0.040038 0.050136
0 0.847558 0.243156 0.041054 0.058234
0 0.806267 0.581152 0.040038 0.050136
0 0.146381 0.399917 0.038056 0.051153
0 0.413835 0.767803 0.038945 0.049834
0 0.509695 0.836983 0.040241 0.051756
0 0.784199 0.743474 0.039148 0.051454
0 0.433375 0.603108 0.038741 0.048215
0 0.698262 0.590732 0.041740 0.055297
0 0.789827 0.703134 0.040241 0.051756
0 0.408550 0.809913 0.038945 0.049834
0 0.682064 0.715293 0.040648 0.054995
0 0.138071 0.047398 0.039961 0.057932
0 0.633847 0.275516 0.038538 0.046595
0 0.222001 0.207126 0.036760 0.049231
0 0.251375 0.382804 0.037852 0.049533
0 0.225356 0.590118 0.040444 0.053375
0 0.216271 0.248276 0.038462 0.054392
0 0.524598 0.713740 0.039148 0.051454
0 0.104962 0.302189 0.039351 0.053074
0 0.744559 0.649589 0.040444 0.053375
0 0.560146 0.849227 0.035871 0.050550
0 0.837470 0.332537 0.040241 0.051756
0 0.689787 0.244031 0.040164 0.059552
0 0.827751 0.414480 0.041130 0.050437
0 0.601107 0.522870 0.037852 0.049533
0 0.418904 0.304186 0.036557 0.047612
0 0.821475 0.455480 0.041333 0.052057
0 0.435102 0.179625 0.038056 0.051153
0 0.272046 0.222611 0.038945 0.049834
0 0.119472 0.605311 0.038056 0.051153
0 0.151666 0.357806 0.038056 0.051153
0 0.423351 0.687480 0.035871 0.050550
0 0.612261 0.442999 0.038056 0.051153
0 0.831741 0.373688 0.038945 0.049834
0 0.297431 0.439081 0.038259 0.052772
0 0.129293 0.522558 0.039148 0.051454
0 0.250436 0.809018 0.039148 0.051454
0 0.500026 0.490791 0.045982 0.047085
0 0.455346 0.743228 0.023601 0.028401
0 0.458637 0.721513 0.025303 0.033562
0 0.703344 0.550241 0.039301 0.035860
0 0.555509 0.890679 0.036760 0.049231
0 0.517127 0.345532 0.047556 0.042829
0 0.677528 0.755936 0.038335 0.044976
0 0.525563 0.278317 0.047353 0.041209
0 0.533796 0.212721 0.049742 0.043432
0 0.893207 0.302671 0.039835 0.048517
0 0.752348 0.983435 0.040241 0.033130
0 0.819685 0.883972 0.039554 0.054694
0 0.814501 0.925273 0.038945 0.049834
0 0.651166 0.961479 0.040648 0.054995
0 0.808428 0.964653 0.041333 0.052057
0 0.538305 0.181288 0.046667 0.044147
0 0.318407 0.276457 0.038741 0.048215
0 0.917677 0.526430 0.038538 0.046595
0 0.758179 0.950789 0.041740 0.055297
0 0.657747 0.918050 0.037649 0.047914
0 0.927739 0.446258 0.038741 0.048215
0 0.053533 0.711958 0.036354 0.045992
0 0.543019 0.148236 0.050148 0.046671
0 0.531368 0.245566 0.047277 0.049006
0 0.829607 0.800410 0.040038 0.050136
0 0.666920 0.835957 0.035261 0.045691
0 0.099246 0.766464 0.037852 0.049533
0 0.763464 0.908678 0.038741 0.048215
0 0.199743 0.794193 0.040038 0.050136
0 0.824970 0.841862 0.041333 0.052057
0 0.693625 0.632183 0.035261 0.045691
0 0.068779 0.590486 0.036760 0.049231
0 0.058171 0.670507 0.038056 0.051153
0 0.512820 0.375344 0.047074 0.047387
0 0.944002 0.316687 0.039148 0.051454
0 0.276900 0.602665 0.040851 0.056615
0 0.064891 0.630468 0.036557 0.047612
0 0.503419 0.877982 0.037446 0.046293
0 0.779460 0.785736 0.038056 0.051153
0 0.570208 0.769056 0.037039 0.043054
0 0.090060 0.425433 0.040038 0.050136
0 0.109309 0.686293 0.037649 0.047914
0 0.717104 0.854831 0.041943 0.056916
0 0.938716 0.358798 0.041333 0.052057
0 0.215091 0.671910 0.035871 0.050550
0 0.403468 0.850404 0.038945 0.049834
0 0.882433 0.388513 0.037649 0.047914
0 0.176492 0.151001 0.037446 0.046293
0 0.109739 0.264127 0.038335 0.044976
0 0.728665 0.771720 0.036557 0.047612
0 0.095244 0.384132 0.040241 0.051756
0 0.835337 0.759260 0.041333 0.052057
0 0.933126 0.403337 0.041943 0.056916
0 0.074166 0.547564 0.036557 0.047612
0 0.100122 0.345261 0.039835 0.048517
0 0.773730 0.826886 0.041537 0.053677
0 0.313871 0.317099 0.040241 0.051756
0 0.131287 0.092446 0.039148 0.051454
0 0.292896 0.479723 0.038945 0.049834
0 0.661088 0.877917 0.038945 0.049834
0 0.166467 0.235373 0.038538 0.046595
0 0.438597 0.566007 0.039835 0.048517
0 0.948703 0.270226 0.039758 0.056313
0 0.565330 0.807926 0.037852 0.049533
0 0.260359 0.725456 0.040038 0.050136
0 0.135874 0.479129 0.036963 0.050852
0 0.193162 0.837623 0.040851 0.056615
0 0.839974 0.717808 0.040444 0.053375
0 0.281880 0.562983 0.040241 0.051756
0 0.048553 0.751640 0.039148 0.051454
0 0.769538 0.869298 0.041130 0.050437
0 0.498579 0.921054 0.039554 0.054694
0 0.549271 0.935879 0.040851 0.056615
0 0.141057 0.437828 0.038538 0.046595
0 0.085524 0.466074 0.036760 0.049231
0 0.738930 0.689929 0.041130 0.050437
0 0.850239 0.636016 0.039835 0.048517
0 0.041769 0.796688 0.039554 0.054694
0 0.276785 0.180349 0.040444 0.053375
0 0.922111 0.486598 0.040241 0.051756
0 0.688543 0.672674 0.037852 0.049533
0 0.586204 0.646114 0.036760 0.049231
0 0.103782 0.725823 0.038945 0.049834
0 0.209260 0.713871 0.041333 0.052057
0 0.845259 0.675697 0.042629 0.053978
0 0.733645 0.732040 0.041537 0.053677
0 0.515425 0.795833 0.038945 0.049834
0 0.115571 0.222168 0.038462 0.054392
0 0.887820 0.345592 0.040851 0.056615
0 0.740379 0.259666 0.038259 0.052772
0 0.672547 0.795616 0.039351 0.053074
0 0.120856 0.180057 0.037649 0.047914
0 0.156100 0.317975 0.038538 0.046595
0 0.397535 0.893174 0.040648 0.054995
0 0.079693 0.508034 0.038259 0.052772
0 0.856071 0.594056 0.039554 0.054694
0 0.242101 0.465708 0.037852 0.049533
0 0.521396 0.311519 0.046591 0.051944
0 0.302614 0.397780 0.037649 0.047914
0 0.792024 0.271402 0.038462 0.054392
0 0.334122 0.146736 0.040648 0.054995
0 0.596571 0.563512 0.038538 0.046595
0 0.800296 0.619723 0.037852 0.049533
0 0.124109 0.563859 0.038945 0.049834
0 0.535409 0.632099 0.037852 0.049533
0 0.171650 0.194072 0.039148 0.051454
0 0.220617 0.632380 0.036760 0.049231
0 0.114187 0.647421 0.040241 0.051756
0 0.282274 0.136619 0.040444 0.053375
0 0.266330 0.686886 0.040038 0.050136
0 0.288258 0.521174 0.040241 0.051756
0 0.287318 0.091928 0.041740 0.055297
0 0.842857 0.289617 0.040444 0.053375
0 0.329079 0.191426 0.041537 0.053677
0 0.261984 0.302783 0.038741 0.048215
0 0.811108 0.538082 0.039554 0.054694
0 0.236270 0.507667 0.039351 0.053074
0 0.746172 0.213506 0.040648 0.054995
0 0.786878 0.316903 0.041740 0.055297
0 0.385705 0.163482 0.039758 0.056313
0 0.724320 0.387618 0.040038 0.050136
0 0.759766 0.523916 0.039148 0.051454
0 0.780844 0.360483 0.037649 0.047914
0 0.358835 0.373074 0.039835 0.048517
0 0.393532 0.510842 0.040444 0.053375
0 0.440349 0.133314 0.041943 0.056916
0 0.628218 0.315857 0.040444 0.053375
0 0.428840 0.643749 0.038056 0.051153
0 0.398919 0.467920 0.038056 0.051153
0 0.232228 0.121135 0.038259 0.052772
0 0.531077 0.671120 0.038945 0.049834
0 0.364564 0.331924 0.038945 0.049834
0 0.449066 0.482595 0.040038 0.050136
0 0.206247 0.332649 0.039148 0.051454
0 0.369202 0.290472 0.038056 0.051153
0 0.775215 0.400823 0.039148 0.051454
0 0.267168 0.261483 0.041130 0.050437
0 0.211431 0.291348 0.038945 0.049834
0 0.550858 0.509006 0.037852 0.049533
0 0.567603 0.384594 0.035668 0.048930
0 0.728957 0.346166 0.039148 0.051454
0 0.545878 0.548687 0.040241 0.051756
0 0.714803 0.467940 0.039148 0.051454
0 0.443984 0.523086 0.040444 0.053375
0 0.622831 0.358778 0.039835 0.048517
0 0.591388 0.604813 0.036963 0.050852
0 0.607382 0.481870 0.037649 0.047914
0 0.580919 0.688224 0.038945 0.049834
0 0.424087 0.262885 0.039351 0.053074
0 0.586902 0.217319 0.039351 0.053074
0 0.479621 0.234639 0.038945 0.049834
0 0.708324 0.510559 0.041537 0.053677
0 0.429474 0.219965 0.039148 0.051454
0 0.754583 0.565217 0.039351 0.053074
0 0.227287 0.165016 0.039351 0.053074
0 0.256457 0.342313 0.040038 0.050136
0 0.617648 0.400079 0.040444 0.053375
0 0.577323 0.302652 0.036963 0.050852
0 0.491449 0.144900 0.041461 0.061473
0 0.414267 0.345638 0.037852 0.049533
0 0.572685 0.344103 0.035668 0.048930
0 0.379569 0.207872 0.038056 0.051153
0 0.409083 0.386939 0.040241 0.051756
0 0.465162 0.358843 0.039148 0.051454
0 0.454250 0.441294 0.038056 0.051153
0 0.582061 0.260391 0.038056 0.051153
0 0.403353 0.428089 0.038945 0.049834
0 0.373737 0.249831 0.038741 0.048215
0 0.561327 0.425594 0.038462 0.054392
0 0.484804 0.193338 0.039148 0.051454
0 0.556588 0.467856 0.039148 0.051454
0 0.540047 0.590647 0.039148 0.051454
0 0.459433 0.399993 0.037852 0.049533
0 0.469254 0.317241 0.036760 0.049231
0 0.473891 0.275790 0.038056 0.051153
0 0.354298 0.413716 0.041740 0.055297
