0 0.287356 0.880374 0.036517 0.023103
0 0.505102 0.262202 0.034041 0.030836
0 0.501970 0.363861 0.035526 0.037138
0 0.166128 0.873974 0.028710 0.030657
0 0.136826 0.872211 0.028824 0.035351
0 0.165649 0.838732 0.026006 0.029004
0 0.503677 0.293466 0.032708 0.030791
0 0.124390 0.835005 0.036858 0.037182
0 0.295399 0.521342 0.038191 0.037227
0 0.110189 0.870538 0.028786 0.033786
0 0.292838 0.626933 0.035488 0.035573
0 0.140261 0.730641 0.028786 0.033786
0 0.505385 0.223073 0.032632 0.027662
0 0.190991 0.838796 0.028786 0.033786
0 0.114290 0.728990 0.027491 0.035306
0 0.501078 0.400622 0.030080 0.032266
0 0.126726 0.766197 0.038115 0.034098
0 0.128548 0.691110 0.035526 0.037138
0 0.502204 0.436668 0.031490 0.035440
0 0.169122 0.695598 0.028710 0.030657
0 0.299859 0.337535 0.030080 0.032266
0 0.349416 0.521582 0.036707 0.030925
0 0.174398 0.478158 0.028710 0.030657
0 0.125910 0.799830 0.035488 0.035573
0 0.170201 0.623616 0.027377 0.030613
0 0.507401 0.194960 0.032708 0.030791
0 0.136817 0.295295 0.035526 0.037138
0 0.130922 0.620738 0.034117 0.033964
0 0.290181 0.736435 0.035488 0.035573
0 0.292367 0.701283 0.032860 0.037049
0 0.130087 0.655153 0.034192 0.037093
0 0.190363 0.369884 0.036820 0.035618
0 0.175458 0.406959 0.027415 0.032177
0 0.201203 0.445394 0.030156 0.035395
0 0.191236 0.333905 0.036820 0.035618
0 0.236203 0.734631 0.031490 0.035440
0 0.203466 0.407113 0.027453 0.033742
0 0.405599 0.487451 0.032784 0.033920
0 0.197317 0.660531 0.027453 0.033742
0 0.288473 0.806829 0.032822 0.035484
0 0.344384 0.701455 0.032784 0.033920
0 0.288838 0.846764 0.035602 0.040266
0 0.186665 0.549802 0.032822 0.035484
0 0.175252 0.442961 0.028824 0.035351
0 0.296536 0.447015 0.031414 0.032311
0 0.180892 0.732782 0.035564 0.038702
0 0.296329 0.483016 0.035564 0.038702
0 0.404022 0.524972 0.037010 0.043440
0 0.239066 0.589127 0.035564 0.038702
0 0.356062 0.302623 0.036934 0.040311
0 0.242370 0.480430 0.034192 0.037093
0 0.245675 0.371733 0.032898 0.038613
0 0.347689 0.592758 0.036972 0.041875
0 0.244097 0.409253 0.031565 0.038568
0 0.300084 0.300752 0.036934 0.040311
0 0.241478 0.517192 0.034230 0.038657
0 0.407571 0.378710 0.036896 0.038747
0 0.348600 0.555214 0.036820 0.035618
0 0.237968 0.661890 0.034192 0.037093
0 0.353780 0.341686 0.036858 0.037182
0 0.350936 0.486407 0.035640 0.041831
0 0.292612 0.663716 0.034192 0.037093
0 0.238155 0.626671 0.035488 0.035573
0 0.237723 0.699456 0.032860 0.037049
0 0.410059 0.303644 0.035564 0.038702
0 0.131109 0.585519 0.035564 0.038702
0 0.406013 0.415449 0.035526 0.037138
0 0.136347 0.369644 0.035488 0.035573
0 0.289308 0.772414 0.035488 0.035573
0 0.300319 0.373559 0.032898 0.038613
0 0.293748 0.589389 0.035488 0.035573
0 0.352907 0.377665 0.034192 0.037093
0 0.351847 0.448863 0.035488 0.035573
0 0.293917 0.554952 0.036744 0.032489
0 0.242595 0.443646 0.032746 0.032355
0 0.233828 0.805003 0.035488 0.035573
0 0.408463 0.341948 0.034192 0.037093
0 0.343953 0.774241 0.035640 0.041831
0 0.346778 0.630302 0.036820 0.035618
0 0.136160 0.404863 0.034117 0.033964
0 0.133579 0.511236 0.036858 0.037182
0 0.345924 0.665498 0.036858 0.037182
0 0.240605 0.553170 0.031414 0.032311
0 0.246754 0.299752 0.034230 0.038657
0 0.169995 0.659618 0.031528 0.037004
0 0.405806 0.451450 0.034192 0.037093
0 0.187538 0.513823 0.035564 0.038702
0 0.197543 0.623748 0.028824 0.035351
0 0.235368 0.769046 0.034154 0.035529
0 0.191481 0.296339 0.038229 0.038791
0 0.180038 0.767979 0.035450 0.034009
0 0.134658 0.439256 0.032784 0.033920
0 0.342375 0.811761 0.036820 0.035618
0 0.185773 0.586564 0.038191 0.037227
0 0.233622 0.841003 0.034154 0.035529
0 0.132020 0.547975 0.035488 0.035573
0 0.133804 0.474453 0.035488 0.035573
0 0.299408 0.411102 0.035488 0.035573
0 0.340189 0.846914 0.036858 0.037182
0 0.137220 0.333665 0.035564 0.038702
0 0.339316 0.882893 0.036858 0.037182
0 0.231416 0.876938 0.034230 0.038657
0 0.245233 0.334926 0.032784 0.033920
0 0.179146 0.804740 0.038153 0.035662
0 0.344197 0.736674 0.034154 0.035529
0 0.352701 0.413667 0.035526 0.037138
