0 0.137841 0.590516 0.034132 0.039688
0 0.667232 0.873519 0.038030 0.038463
0 0.652068 0.584899 0.033948 0.036595
0 0.482986 0.258931 0.033856 0.035048
0 0.418251 0.822056 0.037846 0.035369
0 0.663710 0.803090 0.039084 0.033930
0 0.709690 0.654861 0.039268 0.037023
0 0.243500 0.726548 0.036609 0.036809
0 0.612001 0.843770 0.037846 0.035369
0 0.704053 0.548859 0.037846 0.035369
0 0.741743 0.216360 0.035738 0.044435
0 0.870351 0.569674 0.036701 0.038356
0 0.309346 0.867337 0.036793 0.039902
0 0.457033 0.564065 0.036517 0.035262
0 0.865905 0.461245 0.037846 0.035369
0 0.408725 0.639439 0.037846 0.035369
0 0.463657 0.675427 0.036701 0.038356
0 0.701891 0.512512 0.038122 0.040009
0 0.095254 0.335185 0.029865 0.034727
0 0.863125 0.425725 0.036701 0.038356
0 0.109649 0.554708 0.030049 0.037821
0 0.172950 0.439276 0.033856 0.035048
0 0.255595 0.907404 0.033948 0.036595
0 0.695312 0.401923 0.037846 0.035369
0 0.744044 0.255028 0.037846 0.035369
0 0.282704 0.397036 0.036793 0.039902
0 0.131171 0.478381 0.031563 0.041021
0 0.238297 0.616626 0.036609 0.036809
0 0.660097 0.731116 0.038030 0.038463
0 0.098036 0.370706 0.031379 0.037928
0 0.422621 0.895524 0.037938 0.036916
0 0.123279 0.334485 0.030049 0.037821
0 0.559628 0.884504 0.037938 0.036916
0 0.421079 0.858350 0.036793 0.039902
0 0.811370 0.465632 0.037846 0.035369
0 0.596247 0.590166 0.036517 0.035262
0 0.476309 0.888097 0.036609 0.036809
0 0.184472 0.621732 0.035002 0.032061
0 0.698093 0.437444 0.036517 0.035262
0 0.605607 0.736275 0.037938 0.036916
0 0.341353 0.428062 0.035462 0.039795
0 0.859419 0.352203 0.037754 0.033823
0 0.554517 0.776129 0.037938 0.036916
0 0.450592 0.455797 0.033856 0.035048
0 0.694434 0.364696 0.035370 0.038249
0 0.860916 0.388603 0.039360 0.038570
0 0.692937 0.328295 0.036609 0.036809
0 0.459195 0.600413 0.036609 0.036809
0 0.649998 0.550099 0.036517 0.035262
0 0.547984 0.666313 0.037938 0.036916
0 0.540214 0.558152 0.038122 0.040009
0 0.302951 0.759842 0.036701 0.038356
0 0.285532 0.433329 0.037846 0.035369
0 0.814363 0.538433 0.038214 0.041556
0 0.801436 0.321122 0.035094 0.033609
0 0.542376 0.594499 0.038030 0.038463
0 0.534179 0.411776 0.035186 0.035155
0 0.666400 0.837063 0.038122 0.040009
0 0.857394 0.318176 0.037938 0.036916
0 0.799939 0.284721 0.036885 0.041449
0 0.416135 0.786482 0.038030 0.038463
0 0.660976 0.768343 0.038030 0.038463
0 0.307183 0.830990 0.039360 0.038570
0 0.555304 0.811810 0.037938 0.036916
0 0.474146 0.851750 0.039544 0.041663
0 0.657981 0.695542 0.038030 0.038463
0 0.400832 0.495544 0.039360 0.038570
0 0.290551 0.540158 0.038030 0.038463
0 0.587524 0.409816 0.037938 0.036916
0 0.855852 0.281002 0.039452 0.040116
0 0.187513 0.695307 0.038122 0.040009
0 0.180194 0.549811 0.040783 0.040223
0 0.226654 0.398435 0.036609 0.036809
0 0.594750 0.553765 0.038122 0.040009
0 0.557512 0.848930 0.040783 0.040223
0 0.390548 0.311434 0.035554 0.041342
0 0.645765 0.478952 0.036701 0.038356
0 0.336058 0.316594 0.035462 0.039795
0 0.298626 0.687147 0.039360 0.038570
0 0.537173 0.484577 0.038030 0.038463
0 0.175112 0.475623 0.039452 0.040116
0 0.225157 0.362035 0.038030 0.038463
0 0.590999 0.479471 0.036793 0.039902
0 0.655681 0.656874 0.038214 0.041556
0 0.600342 0.658995 0.039452 0.040116
0 0.639325 0.370683 0.036517 0.035262
0 0.350880 0.610679 0.038122 0.040009
0 0.637873 0.335056 0.038214 0.041556
0 0.392757 0.348554 0.038030 0.038463
0 0.228862 0.435556 0.039452 0.040116
0 0.706788 0.583607 0.039268 0.037023
0 0.294875 0.612852 0.038030 0.038463
0 0.754097 0.435271 0.039268 0.037023
0 0.232568 0.509078 0.038030 0.038463
0 0.339764 0.390115 0.036701 0.038356
0 0.301408 0.722668 0.038030 0.038463
0 0.289053 0.503757 0.039268 0.037023
0 0.355296 0.684920 0.040967 0.043317
0 0.394299 0.385728 0.039360 0.038570
0 0.636192 0.295562 0.039636 0.043210
0 0.441989 0.311182 0.034132 0.039688
0 0.447552 0.382223 0.039268 0.037023
0 0.168487 0.364261 0.042297 0.043424
0 0.448476 0.420223 0.036701 0.038356
0 0.348626 0.572785 0.038214 0.041556
0 0.761668 0.573753 0.041059 0.044863
0 0.347036 0.534838 0.036793 0.039902
0 0.279481 0.320367 0.042205 0.041877
0 0.397173 0.422796 0.038030 0.038463
0 0.293424 0.577225 0.039360 0.038570
0 0.305067 0.795416 0.039360 0.038570
0 0.754792 0.469404 0.039268 0.037023
0 0.593253 0.517365 0.036701 0.038356
0 0.874629 0.641595 0.039268 0.037023
0 0.467133 0.745081 0.035186 0.035155
0 0.187276 0.916007 0.027113 0.032967
0 0.764891 0.650422 0.037938 0.036916
0 0.767719 0.686715 0.039360 0.038570
0 0.465682 0.709455 0.036517 0.035262
0 0.181714 0.844967 0.027113 0.032967
0 0.771905 0.757090 0.039084 0.033930
0 0.179338 0.771338 0.028352 0.031527
0 0.310750 0.902191 0.037846 0.035369
0 0.776970 0.864692 0.039360 0.038570
0 0.613361 0.877852 0.036517 0.035262
0 0.471984 0.815403 0.036425 0.033716
0 0.461357 0.636760 0.039360 0.038570
0 0.769835 0.722289 0.036701 0.038356
0 0.102360 0.443400 0.028352 0.031527
0 0.454916 0.528491 0.039544 0.041663
0 0.773402 0.793491 0.038030 0.038463
0 0.876745 0.677169 0.039452 0.040116
0 0.490537 0.363380 0.031453 0.039165
0 0.107349 0.516041 0.032710 0.038035
0 0.880978 0.748317 0.038532 0.024649
0 0.484964 0.292184 0.033580 0.030408
0 0.518419 0.775924 0.027113 0.032967
0 0.852978 0.243934 0.037386 0.027636
0 0.599555 0.623314 0.035872 0.024435
0 0.277135 0.280927 0.038716 0.027742
0 0.635222 0.256787 0.038716 0.027742
0 0.759644 0.539726 0.037110 0.022996
0 0.388386 0.275087 0.037202 0.024542
0 0.406516 0.602319 0.037294 0.026089
0 0.884064 0.822665 0.036609 0.036809
0 0.490769 0.434694 0.028628 0.036167
0 0.886754 0.856639 0.040599 0.037130
0 0.490694 0.399733 0.029681 0.031634
0 0.125562 0.406566 0.031103 0.033288
0 0.866692 0.496926 0.038214 0.041556
0 0.882430 0.783943 0.040967 0.043317
0 0.775564 0.829838 0.037938 0.036916
0 0.879046 0.715836 0.039452 0.040116
0 0.609129 0.806704 0.034040 0.038142
0 0.101574 0.407719 0.028720 0.037714
0 0.105279 0.481240 0.027297 0.036060
0 0.481581 0.224076 0.032434 0.033395
0 0.204039 0.770906 0.029681 0.031634
0 0.213879 0.913867 0.029589 0.030087
0 0.444105 0.346756 0.036609 0.036809
0 0.647216 0.514579 0.038030 0.038463
0 0.138248 0.552408 0.028536 0.034620
0 0.128344 0.442087 0.029773 0.033181
0 0.134136 0.516995 0.029865 0.034727
0 0.872467 0.605248 0.036885 0.041449
0 0.469203 0.779882 0.035278 0.036702
0 0.124112 0.370939 0.029957 0.036274
0 0.479741 0.193142 0.032250 0.030301
0 0.545157 0.630020 0.036701 0.038356
0 0.868234 0.534100 0.036517 0.035262
0 0.653519 0.620527 0.037938 0.036916
0 0.252814 0.871884 0.037938 0.036916
0 0.295753 0.650080 0.035554 0.041342
0 0.414684 0.750855 0.039360 0.038570
0 0.809253 0.430058 0.038030 0.038463
0 0.184547 0.656694 0.039452 0.040116
0 0.535677 0.448177 0.036609 0.036809
0 0.539336 0.520925 0.038122 0.040009
0 0.700874 0.472964 0.035554 0.041342
0 0.231024 0.471904 0.039176 0.035476
0 0.239748 0.652254 0.038122 0.040009
0 0.398624 0.458423 0.036701 0.038356
0 0.585934 0.371869 0.033856 0.035048
0 0.188482 0.734081 0.040783 0.040223
0 0.249109 0.798362 0.039544 0.041663
0 0.527738 0.303508 0.035370 0.038249
0 0.246946 0.762015 0.039268 0.037023
0 0.212429 0.878241 0.031287 0.036381
0 0.410933 0.676560 0.038214 0.041556
0 0.287602 0.468130 0.040599 0.037130
0 0.745494 0.290655 0.036701 0.038356
0 0.751317 0.399750 0.040599 0.037130
0 0.581701 0.300721 0.034040 0.038142
0 0.342895 0.465236 0.036609 0.036809
0 0.643603 0.442604 0.036609 0.036809
0 0.338312 0.354487 0.038030 0.038463
0 0.352331 0.646307 0.036609 0.036809
0 0.641441 0.406256 0.036701 0.038356
0 0.748230 0.325402 0.040599 0.037130
0 0.529946 0.340628 0.038030 0.038463
0 0.345585 0.499210 0.035094 0.033609
0 0.209555 0.841173 0.032802 0.039581
0 0.812155 0.501313 0.038030 0.038463
0 0.177986 0.512691 0.037938 0.036916
0 0.749773 0.362576 0.039452 0.040116
0 0.170833 0.403702 0.039360 0.038570
0 0.404630 0.570612 0.037938 0.036916
0 0.802842 0.355976 0.036701 0.038356
0 0.236135 0.580279 0.036885 0.041449
0 0.757711 0.507245 0.038214 0.041556
0 0.583864 0.337068 0.036609 0.036809
0 0.690821 0.292721 0.036793 0.039902
0 0.223568 0.324088 0.036793 0.039902
0 0.166187 0.325595 0.036609 0.036809
0 0.551643 0.739062 0.039452 0.040116
0 0.807137 0.394484 0.035370 0.038249
0 0.281162 0.359862 0.037938 0.036916
0 0.402422 0.533491 0.038122 0.040009
0 0.602688 0.698435 0.039544 0.041663
0 0.413233 0.715227 0.038030 0.038463
0 0.532063 0.376202 0.032526 0.034941
0 0.707574 0.619287 0.039268 0.037023
0 0.181118 0.587813 0.038030 0.038463
0 0.451998 0.490651 0.035278 0.036702
0 0.588882 0.443897 0.036425 0.033716
0 0.250651 0.835537 0.038030 0.038463
0 0.233973 0.543932 0.033764 0.033502
0 0.549481 0.702715 0.039360 0.038570
0 0.764106 0.614740 0.040783 0.040223
0 0.207439 0.805599 0.029773 0.033181
0 0.607059 0.771903 0.036609 0.036809
0 0.184449 0.879713 0.031379 0.037928
0 0.180171 0.807792 0.028628 0.036167
0 0.242002 0.690147 0.038030 0.038463
