0 0.066884 0.334516 0.038686 0.054569
0 0.181950 0.979926 0.040887 0.040148
0 0.854086 0.377769 0.036953 0.047812
0 0.574193 0.732157 0.034754 0.047342
0 0.471995 0.754817 0.036795 0.046182
0 0.288148 0.457032 0.039153 0.048282
0 0.748476 0.359546 0.035695 0.045947
0 0.572579 0.178240 0.039003 0.057831
0 0.691961 0.326677 0.036795 0.046182
0 0.679684 0.200304 0.037270 0.051073
0 0.327207 0.870628 0.036795 0.046182
0 0.114612 0.282711 0.036170 0.050838
0 0.274890 0.880969 0.040253 0.048517
0 0.314698 0.747634 0.040253 0.048517
0 0.494380 0.447938 0.046851 0.049926
0 0.778828 0.689283 0.039312 0.049913
0 0.244931 0.549485 0.035853 0.047577
0 0.798749 0.345480 0.038211 0.049678
0 0.130771 0.449033 0.038369 0.051308
0 0.255950 0.674462 0.035695 0.045947
0 0.743808 0.317267 0.037111 0.049443
0 0.813808 0.512038 0.038211 0.049678
0 0.849497 0.336306 0.038211 0.049678
0 0.845378 0.293910 0.038211 0.049678
0 0.621059 0.683033 0.037428 0.052704
0 0.275717 0.334853 0.040570 0.051778
0 0.334266 0.954840 0.041669 0.052013
0 0.841338 0.252329 0.038053 0.048047
0 0.758788 0.483010 0.039153 0.048282
0 0.773486 0.091222 0.039945 0.056435
0 0.807616 0.430970 0.039153 0.048282
0 0.143440 0.573658 0.037111 0.049443
0 0.476426 0.794650 0.038053 0.048047
0 0.582194 0.814503 0.039312 0.049913
0 0.821887 0.595199 0.038211 0.049678
0 0.459247 0.629377 0.037894 0.046417
0 0.707411 0.491486 0.040728 0.053409
0 0.818477 0.554316 0.039312 0.049913
0 0.480545 0.837045 0.038053 0.048047
0 0.719060 0.617161 0.039629 0.053174
0 0.059191 0.243782 0.038845 0.056200
0 0.578114 0.223661 0.037736 0.044785
0 0.173281 0.355067 0.035853 0.047577
0 0.239162 0.507441 0.036953 0.047812
0 0.259439 0.716160 0.039470 0.051543
0 0.176771 0.396765 0.037428 0.052704
0 0.569604 0.690694 0.038211 0.049678
0 0.083043 0.500838 0.038369 0.051308
0 0.764007 0.525171 0.039470 0.051543
0 0.632624 0.802067 0.034912 0.048973
0 0.783298 0.180670 0.039312 0.049913
0 0.624267 0.167200 0.039003 0.057831
0 0.791849 0.262899 0.040253 0.048517
0 0.600702 0.473499 0.036953 0.047812
0 0.380776 0.353193 0.035695 0.045947
0 0.794789 0.304715 0.040411 0.050148
0 0.369128 0.227519 0.037111 0.049443
0 0.224029 0.345893 0.038053 0.048047
0 0.162460 0.780982 0.037111 0.049443
0 0.139321 0.531262 0.037111 0.049443
0 0.468035 0.714051 0.034912 0.048973
0 0.593960 0.392548 0.037111 0.049443
0 0.786789 0.222369 0.038053 0.048047
0 0.294969 0.538798 0.037270 0.051073
0 0.153830 0.697937 0.038211 0.049678
0 0.330619 0.911510 0.038211 0.049678
0 0.498029 0.491266 0.045276 0.044799
0 0.510412 0.751605 0.023113 0.027291
0 0.508824 0.729474 0.024688 0.032419
0 0.703451 0.450721 0.038827 0.033841
0 0.637214 0.843531 0.035853 0.047577
0 0.482751 0.345562 0.047000 0.040377
0 0.723570 0.657810 0.037577 0.043155
0 0.476176 0.277891 0.046841 0.038747
0 0.469760 0.211851 0.049200 0.040847
0 0.829610 0.125839 0.038995 0.046652
0 0.845734 0.846431 0.039312 0.049913
0 0.885933 0.711347 0.038528 0.052939
0 0.889973 0.752928 0.038053 0.048047
0 0.743140 0.865014 0.039629 0.053174
0 0.892754 0.793113 0.040411 0.050148
0 0.467221 0.179937 0.046059 0.041773
0 0.279598 0.374803 0.037894 0.046417
0 0.901264 0.326081 0.037736 0.044785
0 0.842165 0.803918 0.040728 0.053409
0 0.739962 0.820753 0.036795 0.046182
0 0.893423 0.245366 0.037894 0.046417
0 0.123123 0.913384 0.035536 0.044316
0 0.464523 0.146391 0.049517 0.044108
0 0.474578 0.244111 0.046534 0.046664
0 0.877224 0.627488 0.039153 0.048282
0 0.730863 0.738642 0.034437 0.044081
0 0.178223 0.943227 0.036953 0.047812
0 0.838046 0.761522 0.037894 0.046417
0 0.279400 0.921617 0.039153 0.048282
0 0.881814 0.668952 0.040411 0.050148
0 0.712001 0.532950 0.034437 0.044081
0 0.111242 0.791088 0.035853 0.047577
0 0.118534 0.871921 0.037111 0.049443
0 0.485131 0.375845 0.046376 0.045034
0 0.880749 0.114917 0.038211 0.049678
0 0.310970 0.703490 0.039787 0.054804
0 0.116222 0.830803 0.035695 0.045947
0 0.585134 0.856318 0.036636 0.044550
0 0.826556 0.637478 0.037111 0.049443
0 0.624782 0.721352 0.036319 0.041289
0 0.095633 0.624648 0.039153 0.048282
0 0.170381 0.862512 0.036795 0.046182
0 0.782476 0.732612 0.040887 0.055039
0 0.884868 0.157313 0.040411 0.050148
0 0.267440 0.798506 0.034912 0.048973
0 0.484505 0.877810 0.038053 0.048047
0 0.838006 0.212262 0.036795 0.046182
0 0.118023 0.323594 0.036636 0.044550
0 0.079320 0.462519 0.037577 0.043155
0 0.775417 0.648400 0.035695 0.045947
0 0.091593 0.583067 0.039312 0.049913
0 0.873735 0.585790 0.040411 0.050148
0 0.889224 0.202154 0.040887 0.055039
0 0.107043 0.747876 0.035695 0.045947
0 0.087791 0.543933 0.038995 0.046652
0 0.830046 0.679176 0.040570 0.051778
0 0.284108 0.415451 0.039312 0.049913
0 0.062528 0.289674 0.038211 0.049678
0 0.299480 0.579446 0.038053 0.048047
0 0.734431 0.781156 0.038053 0.048047
0 0.126810 0.408268 0.037736 0.044785
0 0.456153 0.591756 0.038995 0.046652
0 0.875134 0.068679 0.038686 0.054569
0 0.628584 0.760487 0.036953 0.047812
0 0.321910 0.827652 0.039153 0.048282
0 0.150653 0.653676 0.036012 0.049208
0 0.282578 0.965880 0.039787 0.054804
0 0.869145 0.544327 0.039470 0.051543
0 0.307088 0.663539 0.039312 0.049913
0 0.127004 0.953335 0.038211 0.049678
0 0.835265 0.721337 0.040253 0.048517
0 0.589882 0.899412 0.038528 0.052939
0 0.641099 0.889306 0.039787 0.054804
0 0.146613 0.612095 0.037736 0.044785
0 0.100143 0.665295 0.035853 0.047577
0 0.767417 0.566054 0.040253 0.048517
0 0.861145 0.461981 0.038995 0.046652
0 0.130340 0.986378 0.038528 0.027243
0 0.219359 0.303614 0.039470 0.051543
0 0.896833 0.286249 0.039312 0.049913
0 0.715962 0.573715 0.036953 0.047812
0 0.613293 0.597308 0.035853 0.047577
0 0.173712 0.902579 0.038053 0.048047
0 0.271009 0.841020 0.040411 0.050148
0 0.865026 0.501930 0.041669 0.052013
0 0.771536 0.608450 0.040570 0.051778
0 0.578704 0.772805 0.038053 0.048047
0 0.075751 0.420006 0.037428 0.052704
0 0.833808 0.169050 0.039787 0.054804
0 0.675565 0.157908 0.037270 0.051073
0 0.727451 0.697759 0.038369 0.051308
0 0.071632 0.377609 0.036795 0.046182
0 0.134890 0.491430 0.037736 0.044785
0 0.488154 0.921140 0.039629 0.053174
0 0.103712 0.707809 0.037270 0.051073
0 0.857576 0.419467 0.038528 0.052939
0 0.248341 0.590368 0.036953 0.047812
0 0.479424 0.311318 0.045751 0.049691
0 0.290929 0.497217 0.036795 0.046182
0 0.727016 0.144422 0.037428 0.052704
0 0.266374 0.244472 0.039629 0.053174
0 0.605213 0.514146 0.037736 0.044785
0 0.810318 0.470340 0.036953 0.047812
0 0.157870 0.739518 0.038053 0.048047
0 0.562153 0.608230 0.036953 0.047812
0 0.122771 0.366687 0.038211 0.049678
0 0.264109 0.758439 0.035853 0.047577
0 0.166579 0.823377 0.039312 0.049913
0 0.215082 0.259588 0.039470 0.051543
0 0.319207 0.788282 0.039153 0.048282
0 0.304069 0.620909 0.039312 0.049913
0 0.210176 0.214863 0.040728 0.053409
0 0.779100 0.137459 0.039470 0.051543
0 0.271281 0.289195 0.040570 0.051778
0 0.231870 0.426608 0.037894 0.046417
0 0.802868 0.387876 0.038528 0.052939
0 0.251910 0.632881 0.038369 0.051308
0 0.671050 0.111435 0.039629 0.053174
0 0.732001 0.189963 0.040728 0.053409
0 0.318851 0.235760 0.038686 0.054569
0 0.688080 0.286727 0.039153 0.048282
0 0.751179 0.398916 0.038211 0.049678
0 0.735729 0.234106 0.036795 0.046182
0 0.338817 0.447042 0.038995 0.046652
0 0.401525 0.560980 0.039470 0.051543
0 0.364063 0.181164 0.040887 0.055039
0 0.581524 0.264545 0.039470 0.051543
0 0.463757 0.670025 0.037111 0.049443
0 0.397327 0.517768 0.037111 0.049443
0 0.164335 0.268762 0.037270 0.051073
0 0.566506 0.647247 0.038053 0.048047
0 0.335326 0.405344 0.038053 0.048047
0 0.447995 0.507778 0.039153 0.048282
0 0.185559 0.481440 0.038211 0.049678
0 0.330737 0.363880 0.037111 0.049443
0 0.739139 0.274989 0.038211 0.049678
0 0.227831 0.385028 0.040253 0.048517
0 0.181519 0.439859 0.038053 0.048047
0 0.550114 0.484304 0.036953 0.047812
0 0.539015 0.358511 0.034754 0.047342
0 0.683490 0.245264 0.038211 0.049678
0 0.553995 0.524253 0.039312 0.049913
0 0.696471 0.367325 0.038211 0.049678
0 0.451955 0.548544 0.039470 0.051543
0 0.585722 0.307756 0.038995 0.046652
0 0.609253 0.555727 0.036012 0.049208
0 0.597762 0.431683 0.036795 0.046182
0 0.617411 0.639703 0.038053 0.048047
0 0.376736 0.311612 0.038369 0.051308
0 0.521049 0.190910 0.038369 0.051308
0 0.423206 0.258412 0.038053 0.048047
0 0.699570 0.410770 0.040570 0.051778
0 0.372538 0.268401 0.038211 0.049678
0 0.755219 0.440497 0.038369 0.051308
0 0.169162 0.312671 0.038369 0.051308
0 0.235201 0.466676 0.039153 0.048282
0 0.589762 0.349337 0.039470 0.051543
0 0.530465 0.276282 0.036012 0.049208
0 0.414964 0.167796 0.040262 0.059696
0 0.385366 0.394656 0.036953 0.047812
0 0.535054 0.317746 0.034754 0.047342
0 0.322658 0.280720 0.037111 0.049443
0 0.389406 0.436237 0.039312 0.049913
0 0.436425 0.382919 0.038211 0.049678
0 0.443955 0.466198 0.037111 0.049443
0 0.525796 0.234004 0.037111 0.049443
0 0.392895 0.477936 0.038053 0.048047
0 0.326227 0.323233 0.037894 0.046417
0 0.541955 0.400326 0.037428 0.052704
0 0.419166 0.216831 0.038211 0.049678
0 0.546624 0.442605 0.038211 0.049678
0 0.557564 0.566767 0.038211 0.049678
0 0.439915 0.424617 0.036953 0.047812
0 0.431286 0.341574 0.035853 0.047577
0 0.426697 0.300110 0.037111 0.049443
0 0.343327 0.487690 0.040728 0.053409
