0 0.151924 0.173597 0.038384 0.047553
0 0.508450 0.345124 0.043408 0.035070
0 0.507824 0.374561 0.044649 0.038452
0 0.510638 0.276857 0.044444 0.033362
0 0.870668 0.278080 0.036483 0.027753
0 0.516992 0.146429 0.044510 0.035004
0 0.500476 0.529699 0.033485 0.035669
0 0.514564 0.179168 0.046861 0.038483
0 0.513244 0.212005 0.046597 0.031916
0 0.911152 0.572454 0.030422 0.041944
0 0.511924 0.244841 0.044906 0.044855
0 0.609980 0.339154 0.034924 0.043976
0 0.917704 0.367899 0.035901 0.040790
0 0.509872 0.309743 0.043863 0.046399
0 0.562879 0.250976 0.033551 0.037310
0 0.253914 0.225416 0.034924 0.043976
0 0.098079 0.211694 0.035901 0.040790
0 0.306045 0.230007 0.034792 0.040692
0 0.763465 0.355964 0.036033 0.044073
0 0.658731 0.386285 0.036033 0.044073
0 0.660414 0.344418 0.036099 0.045715
0 0.818016 0.272620 0.036231 0.048999
0 0.307305 0.184808 0.036495 0.055567
0 0.361183 0.145889 0.036165 0.047357
0 0.252199 0.268104 0.037275 0.047455
0 0.608297 0.381021 0.034990 0.045618
0 0.606582 0.423708 0.034990 0.045618
0 0.612791 0.255371 0.036297 0.050641
0 0.911072 0.532904 0.038186 0.042628
0 0.503187 0.448380 0.041579 0.044562
0 0.460132 0.287238 0.036099 0.045715
0 0.355871 0.278057 0.033881 0.045520
0 0.407447 0.282599 0.037209 0.045813
0 0.096363 0.254381 0.038516 0.050836
0 0.461458 0.240397 0.035188 0.050543
0 0.412759 0.150431 0.039625 0.050934
0 0.668451 0.172124 0.036099 0.045715
0 0.914926 0.450861 0.037077 0.042530
0 0.409868 0.194663 0.037143 0.044171
0 0.921069 0.284166 0.036033 0.044073
0 0.709785 0.389958 0.038318 0.045911
0 0.154915 0.126902 0.038450 0.049195
0 0.201263 0.219957 0.035967 0.042432
0 0.656460 0.428924 0.037143 0.044171
0 0.912722 0.491858 0.038318 0.045911
0 0.359368 0.191040 0.036099 0.045715
0 0.304363 0.271874 0.037341 0.049097
0 0.714358 0.303859 0.036165 0.047357
0 0.712088 0.346498 0.037275 0.047455
0 0.765853 0.268850 0.038384 0.047553
0 0.205870 0.133036 0.038450 0.049195
0 0.867876 0.319849 0.037473 0.052380
0 0.100448 0.166592 0.037605 0.055665
0 0.148361 0.262256 0.036165 0.047357
0 0.662584 0.304242 0.037143 0.044171
0 0.501439 0.491888 0.039427 0.046008
0 0.664333 0.260734 0.037209 0.045813
0 0.665494 0.217997 0.036099 0.045715
0 0.200036 0.264334 0.037341 0.049097
0 0.923371 0.240705 0.037341 0.049097
0 0.611563 0.299749 0.037143 0.044171
0 0.560576 0.294436 0.037341 0.049097
0 0.816202 0.317770 0.036165 0.047357
0 0.765181 0.313277 0.036165 0.047357
0 0.563519 0.207370 0.036495 0.055567
0 0.761229 0.397783 0.037209 0.045813
0 0.916087 0.408125 0.038318 0.045911
0 0.768091 0.227032 0.037209 0.045813
0 0.871307 0.234474 0.037605 0.055665
0 0.925219 0.194735 0.039559 0.049293
0 0.770492 0.181110 0.038450 0.049195
0 0.203467 0.178959 0.037209 0.045813
0 0.919353 0.326853 0.038384 0.047553
0 0.150698 0.217975 0.039493 0.047650
0 0.358175 0.234598 0.037275 0.047455
0 0.409196 0.239090 0.039493 0.047650
