0 0.860556 0.870279 0.034444 0.042693
0 0.499444 0.493432 0.038889 0.037767
0 0.447222 0.286535 0.034444 0.041051
0 0.447222 0.245484 0.036667 0.041051
0 0.810000 0.662562 0.033333 0.044335
0 0.758333 0.536946 0.036667 0.042693
0 0.446667 0.154351 0.035556 0.045977
0 0.758889 0.704433 0.035556 0.042693
0 0.447222 0.202791 0.036667 0.044335
0 0.758889 0.411330 0.035556 0.044335
0 0.140556 0.455665 0.034444 0.041051
0 0.758889 0.745484 0.035556 0.042693
0 0.757778 0.285714 0.035556 0.045977
0 0.808889 0.495895 0.035556 0.042693
0 0.551667 0.412151 0.036667 0.045977
0 0.447778 0.329228 0.035556 0.044335
0 0.655556 0.578818 0.035556 0.041051
0 0.346667 0.412972 0.035556 0.041051
0 0.396111 0.201970 0.034444 0.049261
0 0.861667 0.661741 0.032222 0.042693
0 0.861667 0.578818 0.034444 0.044335
0 0.860556 0.829228 0.034444 0.042693
0 0.346667 0.371921 0.035556 0.041051
0 0.192222 0.372742 0.035556 0.042693
0 0.345556 0.705255 0.035556 0.044335
0 0.345556 0.660920 0.035556 0.044335
0 0.346111 0.200328 0.036667 0.045977
0 0.655000 0.328407 0.034444 0.042693
0 0.861111 0.745484 0.035556 0.042693
0 0.448333 0.451560 0.036667 0.045977
0 0.810000 0.329228 0.035556 0.041051
0 0.655556 0.413793 0.035556 0.045977
0 0.447222 0.371100 0.032222 0.039409
0 0.810556 0.371921 0.034444 0.044335
0 0.809444 0.746305 0.034444 0.044335
0 0.706111 0.825944 0.034444 0.042693
0 0.758333 0.578818 0.032222 0.041051
0 0.141667 0.413793 0.034444 0.042693
0 0.757778 0.827586 0.035556 0.042693
0 0.861667 0.287356 0.034444 0.049261
0 0.241667 0.156814 0.036667 0.047619
0 0.706111 0.784072 0.034444 0.041051
0 0.810556 0.414614 0.032222 0.041051
0 0.447778 0.495895 0.035556 0.042693
0 0.758889 0.660920 0.033333 0.044335
0 0.346111 0.245484 0.036667 0.047619
0 0.346667 0.330870 0.037778 0.041051
0 0.655556 0.660099 0.035556 0.042693
0 0.551111 0.199507 0.035556 0.044335
0 0.810000 0.788177 0.035556 0.039409
0 0.654444 0.536946 0.035556 0.042693
0 0.759444 0.329228 0.032222 0.041051
0 0.809444 0.454844 0.034444 0.039409
0 0.396667 0.288177 0.033333 0.041051
0 0.191111 0.457307 0.035556 0.044335
0 0.293889 0.577997 0.036667 0.042693
0 0.191111 0.291461 0.035556 0.041051
0 0.190556 0.414614 0.036667 0.041051
0 0.809444 0.536125 0.034444 0.037767
0 0.603333 0.577176 0.033333 0.041051
0 0.243333 0.376026 0.035556 0.045977
0 0.294444 0.371921 0.035556 0.044335
0 0.088333 0.156814 0.034444 0.044335
0 0.551667 0.247126 0.034444 0.047619
0 0.810000 0.576355 0.033333 0.042693
0 0.499444 0.375123 0.045556 0.034647
0 0.498889 0.343514 0.044444 0.026929
0 0.655000 0.495074 0.034444 0.041051
0 0.706111 0.663383 0.032222 0.042693
0 0.243333 0.202791 0.033333 0.044335
0 0.140556 0.203612 0.034444 0.042693
0 0.602222 0.288998 0.035556 0.042693
0 0.396667 0.413793 0.033333 0.042693
0 0.294444 0.494253 0.035556 0.042693
0 0.757778 0.786535 0.033333 0.039409
0 0.810000 0.284893 0.035556 0.047619
0 0.603333 0.455665 0.033333 0.041051
0 0.087778 0.497537 0.035556 0.042693
0 0.141667 0.330049 0.034444 0.042693
0 0.140000 0.619048 0.037778 0.045977
0 0.192222 0.248768 0.035556 0.044335
0 0.346667 0.829228 0.035556 0.045977
0 0.140556 0.156814 0.036667 0.047619
0 0.295000 0.415435 0.036667 0.042693
0 0.861111 0.787356 0.035556 0.041051
0 0.810000 0.618227 0.033333 0.041051
0 0.706111 0.370279 0.036667 0.044335
0 0.295556 0.744663 0.035556 0.044335
0 0.810000 0.703612 0.033333 0.037767
0 0.295000 0.247947 0.034444 0.042693
0 0.603333 0.372742 0.035556 0.042693
0 0.552778 0.368637 0.034444 0.041051
0 0.706111 0.495895 0.034444 0.039409
0 0.861667 0.496716 0.034444 0.041051
0 0.757778 0.454844 0.033333 0.042693
0 0.653889 0.744663 0.034444 0.041051
0 0.242778 0.329228 0.038889 0.044335
0 0.089444 0.290640 0.034444 0.042693
0 0.295000 0.201149 0.038889 0.047619
0 0.913333 0.285714 0.035556 0.042693
0 0.346111 0.536125 0.034444 0.044335
0 0.089444 0.455665 0.034444 0.041051
0 0.295000 0.288998 0.032222 0.039409
0 0.654444 0.786535 0.035556 0.042693
0 0.448333 0.784893 0.034444 0.042693
0 0.346111 0.455665 0.034444 0.044335
0 0.089444 0.244663 0.034444 0.045977
0 0.346111 0.578818 0.034444 0.041051
0 0.602778 0.414614 0.034444 0.041051
0 0.705556 0.619869 0.035556 0.044335
0 0.656111 0.284072 0.034444 0.045977
0 0.293889 0.659278 0.034444 0.044335
0 0.552222 0.328407 0.028889 0.039409
0 0.655556 0.455665 0.033333 0.037767
0 0.602222 0.909688 0.037778 0.045977
0 0.655000 0.701970 0.034444 0.041051
0 0.705556 0.704433 0.033333 0.039409
0 0.447222 0.409688 0.032222 0.037767
0 0.913333 0.539409 0.035556 0.041051
0 0.500000 0.446634 0.042222 0.045977
0 0.861667 0.536946 0.034444 0.039409
0 0.603333 0.660099 0.031111 0.042693
0 0.242778 0.285714 0.036667 0.042693
0 0.140000 0.577176 0.037778 0.041051
0 0.756667 0.911330 0.035556 0.042693
0 0.191667 0.201149 0.034444 0.050903
0 0.602222 0.244663 0.035556 0.042693
0 0.705556 0.743021 0.031111 0.037767
0 0.346667 0.915435 0.035556 0.047619
0 0.602778 0.155172 0.034444 0.047619
0 0.294444 0.155172 0.037778 0.044335
0 0.861667 0.619869 0.032222 0.041051
0 0.448889 0.537767 0.035556 0.044335
0 0.758889 0.370279 0.031111 0.037767
0 0.862222 0.455665 0.033333 0.041051
0 0.140556 0.247947 0.034444 0.045977
0 0.603333 0.536946 0.031111 0.042693
0 0.140556 0.495074 0.034444 0.041051
0 0.653889 0.912151 0.036667 0.044335
0 0.345556 0.289819 0.035556 0.041051
0 0.807778 0.911330 0.037778 0.045977
0 0.448889 0.577997 0.035556 0.039409
0 0.396667 0.247126 0.033333 0.041051
0 0.810000 0.829228 0.033333 0.039409
0 0.861667 0.412972 0.034444 0.044335
0 0.141667 0.372742 0.034444 0.042693
0 0.704444 0.325944 0.037778 0.041051
0 0.293889 0.827586 0.034444 0.042693
0 0.089444 0.412972 0.034444 0.041051
0 0.346111 0.784072 0.034444 0.041051
0 0.603333 0.618227 0.033333 0.041051
0 0.552222 0.289819 0.031111 0.037767
0 0.654444 0.868637 0.035556 0.042693
0 0.448889 0.619869 0.035556 0.044335
0 0.705556 0.912151 0.035556 0.044335
0 0.140000 0.663383 0.035556 0.042693
0 0.705556 0.577176 0.035556 0.041051
0 0.345556 0.617406 0.035556 0.039409
0 0.603889 0.742200 0.034444 0.039409
0 0.294444 0.786535 0.033333 0.039409
0 0.757222 0.870279 0.034444 0.039409
0 0.397222 0.372742 0.032222 0.036125
0 0.706111 0.455665 0.034444 0.041051
0 0.706111 0.412151 0.034444 0.042693
0 0.912222 0.412972 0.035556 0.041051
0 0.655556 0.371100 0.035556 0.042693
0 0.294444 0.536946 0.035556 0.042693
0 0.861667 0.330870 0.034444 0.041051
0 0.449444 0.660099 0.034444 0.039409
0 0.140556 0.536125 0.036667 0.041051
0 0.861667 0.371921 0.032222 0.041051
0 0.141111 0.288998 0.033333 0.039409
0 0.346111 0.496716 0.034444 0.037767
0 0.448889 0.701149 0.035556 0.042693
0 0.088889 0.371100 0.035556 0.042693
0 0.603333 0.494253 0.031111 0.039409
0 0.191667 0.331691 0.036667 0.042693
0 0.758889 0.619048 0.031111 0.039409
0 0.705556 0.536125 0.033333 0.041051
0 0.912778 0.454844 0.034444 0.042693
0 0.448889 0.828407 0.033333 0.041051
0 0.242222 0.245484 0.033333 0.037767
0 0.861667 0.703612 0.034444 0.041051
0 0.757222 0.497537 0.034444 0.036125
0 0.295556 0.330049 0.033333 0.042693
0 0.603333 0.201149 0.035556 0.044335
0 0.140000 0.828407 0.035556 0.044335
0 0.603333 0.866995 0.035556 0.042693
0 0.912222 0.579639 0.035556 0.042693
0 0.088889 0.331691 0.035556 0.039409
0 0.497778 0.311166 0.046667 0.041051
0 0.912778 0.371921 0.036667 0.044335
0 0.346111 0.745484 0.032222 0.036125
0 0.655000 0.619048 0.032222 0.039409
0 0.295556 0.454844 0.033333 0.036125
0 0.346111 0.872742 0.034444 0.037767
0 0.140556 0.704433 0.036667 0.042693
0 0.654444 0.828407 0.033333 0.041051
0 0.293889 0.618227 0.034444 0.037767
0 0.603889 0.783251 0.034444 0.042693
0 0.705556 0.284893 0.033333 0.041051
0 0.603889 0.825123 0.032222 0.041051
0 0.912778 0.497537 0.036667 0.042693
0 0.140556 0.912151 0.036667 0.044335
0 0.448333 0.743842 0.034444 0.039409
0 0.913333 0.328407 0.035556 0.042693
0 0.089444 0.201149 0.034444 0.044335
0 0.140556 0.747126 0.034444 0.039409
0 0.396667 0.333333 0.035556 0.045977
0 0.448889 0.870279 0.033333 0.042693
0 0.499444 0.242200 0.045556 0.041051
0 0.860000 0.912151 0.033333 0.041051
0 0.706111 0.868637 0.034444 0.042693
0 0.140000 0.871100 0.035556 0.041051
0 0.293889 0.912151 0.032222 0.044335
0 0.900000 0.662562 0.022222 0.037767
0 0.140556 0.786535 0.034444 0.039409
0 0.603889 0.703612 0.034444 0.041051
0 0.498889 0.142857 0.046667 0.032841
0 0.925556 0.743842 0.022222 0.036125
0 0.925556 0.701970 0.024444 0.034483
0 0.809444 0.867816 0.032222 0.037767
0 0.899444 0.829228 0.023333 0.032841
0 0.448333 0.912151 0.032222 0.041051
0 0.900000 0.623153 0.022222 0.034483
0 0.498889 0.178161 0.044444 0.037767
0 0.900000 0.787356 0.022222 0.037767
0 0.926111 0.787356 0.023333 0.034483
0 0.926111 0.866995 0.021111 0.036125
0 0.293889 0.868637 0.036667 0.042693
0 0.926667 0.621511 0.022222 0.034483
0 0.900000 0.744663 0.022222 0.031199
0 0.925000 0.913793 0.023333 0.037767
0 0.926111 0.827586 0.021111 0.032841
0 0.898333 0.913793 0.023333 0.037767
0 0.602778 0.330870 0.034444 0.041051
0 0.899444 0.866995 0.023333 0.032841
0 0.900000 0.700328 0.022222 0.031199
0 0.926111 0.660099 0.021111 0.032841
0 0.487778 0.743021 0.022222 0.031199
0 0.498333 0.277504 0.045556 0.032841
0 0.295000 0.703612 0.034444 0.041051
0 0.498333 0.209360 0.047778 0.027915
