0 0.601111 0.413115 0.035556 0.039344
0 0.808333 0.285246 0.034444 0.045902
0 0.703333 0.831967 0.035556 0.044262
0 0.704444 0.494262 0.035556 0.040984
0 0.343333 0.331967 0.035556 0.044262
0 0.393889 0.706557 0.034444 0.042623
0 0.188889 0.328689 0.035556 0.044262
0 0.549444 0.495082 0.034444 0.042623
0 0.652778 0.620492 0.034444 0.044262
0 0.703333 0.706557 0.033333 0.039344
0 0.652778 0.413934 0.034444 0.040984
0 0.600556 0.707377 0.034444 0.044262
0 0.757222 0.707377 0.034444 0.044262
0 0.445000 0.624590 0.034444 0.042623
0 0.652778 0.537705 0.034444 0.045902
0 0.652778 0.371311 0.036667 0.044262
0 0.755556 0.790164 0.035556 0.042623
0 0.703333 0.620492 0.033333 0.044262
0 0.393333 0.371311 0.035556 0.044262
0 0.757222 0.581148 0.034444 0.044262
0 0.600556 0.372131 0.034444 0.042623
0 0.548889 0.663115 0.033333 0.040984
0 0.548889 0.621311 0.033333 0.039344
0 0.756667 0.413115 0.033333 0.042623
0 0.756111 0.663115 0.034444 0.044262
0 0.446111 0.329508 0.034444 0.042623
0 0.809444 0.580328 0.036667 0.045902
0 0.756667 0.536066 0.033333 0.042623
0 0.807778 0.791803 0.035556 0.042623
0 0.446111 0.372131 0.034444 0.042623
0 0.601111 0.662295 0.035556 0.045902
0 0.485556 0.732213 0.024444 0.028361
0 0.495556 0.341230 0.042222 0.030000
0 0.484444 0.755328 0.022222 0.018852
0 0.494444 0.373525 0.044444 0.036557
0 0.496111 0.276066 0.041111 0.030820
0 0.495556 0.142049 0.044444 0.034918
0 0.292222 0.290164 0.033333 0.042623
0 0.756111 0.369672 0.034444 0.044262
0 0.601111 0.497541 0.035556 0.040984
0 0.600000 0.788525 0.035556 0.042623
0 0.858889 0.414754 0.035556 0.042623
0 0.653333 0.664754 0.033333 0.040984
0 0.651667 0.327049 0.034444 0.040984
0 0.548333 0.284426 0.034444 0.047541
0 0.911667 0.413934 0.038889 0.047541
0 0.703889 0.413115 0.034444 0.042623
0 0.240556 0.288525 0.034444 0.042623
0 0.548333 0.832787 0.034444 0.042623
0 0.860000 0.370492 0.033333 0.042623
0 0.240000 0.153279 0.033333 0.050820
0 0.291667 0.332787 0.034444 0.042623
0 0.292778 0.154918 0.034444 0.047541
0 0.704444 0.372951 0.033333 0.040984
0 0.394444 0.289344 0.035556 0.047541
0 0.653333 0.495902 0.031111 0.040984
0 0.446111 0.580328 0.034444 0.042623
0 0.292222 0.413115 0.035556 0.045902
0 0.808333 0.749180 0.034444 0.042623
0 0.756111 0.327869 0.032222 0.039344
0 0.548889 0.367213 0.033333 0.036066
0 0.446111 0.539344 0.034444 0.042623
0 0.446111 0.413934 0.034444 0.040984
0 0.704444 0.327869 0.035556 0.049180
0 0.497222 0.449180 0.043333 0.045902
0 0.393889 0.622951 0.034444 0.042623
0 0.343333 0.541803 0.035556 0.040984
0 0.394444 0.154098 0.035556 0.049180
0 0.860556 0.328689 0.034444 0.040984
0 0.601111 0.622131 0.033333 0.037705
0 0.652778 0.747541 0.034444 0.042623
0 0.703889 0.745902 0.034444 0.039344
0 0.188889 0.372131 0.035556 0.042623
0 0.601111 0.831967 0.033333 0.040984
0 0.756667 0.749180 0.033333 0.039344
0 0.808333 0.454098 0.034444 0.042623
0 0.703889 0.454918 0.032222 0.037705
0 0.601111 0.283607 0.035556 0.045902
0 0.703889 0.664754 0.034444 0.044262
0 0.136667 0.289344 0.035556 0.047541
0 0.445556 0.456557 0.035556 0.040984
0 0.651667 0.283607 0.032222 0.045902
0 0.395000 0.245082 0.036667 0.040984
0 0.860000 0.286066 0.033333 0.044262
0 0.445556 0.705738 0.033333 0.044262
0 0.600556 0.873770 0.034444 0.045902
0 0.703333 0.787705 0.035556 0.044262
0 0.292222 0.245082 0.033333 0.047541
0 0.912222 0.285246 0.035556 0.049180
0 0.342778 0.747541 0.036667 0.042623
0 0.342778 0.791803 0.036667 0.042623
0 0.808889 0.368852 0.035556 0.039344
0 0.548333 0.788525 0.032222 0.045902
0 0.652222 0.788525 0.033333 0.042623
0 0.240000 0.245082 0.037778 0.044262
0 0.445000 0.829508 0.034444 0.042623
0 0.860556 0.664754 0.034444 0.044262
0 0.394444 0.455738 0.033333 0.042623
0 0.704444 0.536885 0.035556 0.044262
0 0.808333 0.413115 0.034444 0.042623
0 0.756667 0.495902 0.033333 0.037705
0 0.808889 0.538525 0.035556 0.037705
0 0.547222 0.704918 0.036667 0.042623
0 0.445556 0.497541 0.035556 0.040984
0 0.859444 0.454918 0.034444 0.037705
0 0.395000 0.788525 0.036667 0.042623
0 0.085000 0.154098 0.036667 0.052459
0 0.911667 0.746721 0.038889 0.047541
0 0.394444 0.541803 0.035556 0.040984
0 0.911111 0.495902 0.037778 0.044262
0 0.343889 0.289344 0.034444 0.044262
0 0.859444 0.790164 0.034444 0.042623
0 0.291667 0.201639 0.034444 0.042623
0 0.394444 0.913934 0.035556 0.050820
0 0.393333 0.581967 0.035556 0.039344
0 0.548889 0.873770 0.035556 0.042623
0 0.911667 0.368852 0.034444 0.042623
0 0.342778 0.372951 0.034444 0.037705
0 0.394444 0.331148 0.035556 0.036066
0 0.808333 0.329508 0.036667 0.039344
0 0.704444 0.578689 0.035556 0.039344
0 0.807778 0.623770 0.035556 0.040984
0 0.394444 0.500820 0.033333 0.044262
0 0.757222 0.284426 0.034444 0.047541
0 0.136667 0.455738 0.033333 0.039344
0 0.911667 0.329508 0.034444 0.039344
0 0.756111 0.831967 0.034444 0.040984
0 0.188889 0.495082 0.033333 0.042623
0 0.807778 0.917213 0.035556 0.047541
0 0.292222 0.455738 0.033333 0.042623
0 0.911111 0.454918 0.035556 0.037705
0 0.652778 0.454098 0.032222 0.039344
0 0.445000 0.915574 0.034444 0.044262
0 0.188889 0.412295 0.033333 0.040984
0 0.188333 0.453279 0.030000 0.037705
0 0.085556 0.332787 0.035556 0.045902
0 0.445556 0.786885 0.031111 0.039344
0 0.343333 0.412295 0.035556 0.037705
0 0.808333 0.664754 0.036667 0.044262
0 0.342778 0.872131 0.034444 0.039344
0 0.807778 0.833607 0.035556 0.040984
0 0.911667 0.701639 0.036667 0.042623
0 0.083889 0.662295 0.036667 0.042623
0 0.652778 0.831148 0.034444 0.039344
0 0.085556 0.579508 0.033333 0.040984
0 0.085556 0.290164 0.033333 0.039344
0 0.291667 0.829508 0.034444 0.042623
0 0.705556 0.873770 0.031111 0.039344
0 0.600556 0.536066 0.034444 0.032787
0 0.291667 0.746721 0.034444 0.037705
0 0.292222 0.912295 0.033333 0.050820
0 0.085000 0.537705 0.034444 0.042623
0 0.188889 0.620492 0.031111 0.044262
0 0.239444 0.333607 0.034444 0.044262
0 0.083333 0.705738 0.035556 0.044262
0 0.137222 0.334426 0.034444 0.042623
0 0.083333 0.746721 0.035556 0.040984
0 0.136667 0.495902 0.033333 0.040984
0 0.136667 0.537705 0.035556 0.045902
0 0.085000 0.374590 0.034444 0.037705
0 0.136667 0.622131 0.033333 0.040984
0 0.136111 0.662295 0.034444 0.042623
0 0.085556 0.454918 0.035556 0.037705
0 0.083889 0.789344 0.036667 0.044262
0 0.085000 0.619672 0.036667 0.042623
0 0.137778 0.200000 0.035556 0.055738
0 0.085000 0.495902 0.036667 0.044262
0 0.291667 0.580328 0.034444 0.039344
0 0.547778 0.744262 0.031111 0.039344
0 0.395000 0.869672 0.034444 0.037705
0 0.135556 0.829508 0.035556 0.045902
0 0.135556 0.745902 0.035556 0.042623
0 0.911111 0.788525 0.035556 0.036066
0 0.082778 0.918852 0.036667 0.050820
0 0.136111 0.913934 0.034444 0.044262
0 0.135000 0.704098 0.034444 0.044262
0 0.600556 0.915574 0.034444 0.034426
0 0.082778 0.871311 0.034444 0.044262
0 0.135556 0.786066 0.033333 0.040984
0 0.496111 0.176230 0.043333 0.037705
0 0.496111 0.209836 0.045556 0.029508
0 0.135556 0.872131 0.035556 0.039344
0 0.652222 0.577049 0.035556 0.026230
0 0.077778 0.830328 0.026667 0.037705
0 0.291111 0.867213 0.035556 0.026230
0 0.497222 0.495082 0.043333 0.032787
0 0.393889 0.663934 0.034444 0.042623
0 0.393889 0.413934 0.034444 0.040984
0 0.549444 0.915574 0.036667 0.040984
0 0.912222 0.622131 0.035556 0.037705
0 0.136667 0.581148 0.035556 0.040984
0 0.343889 0.706557 0.032222 0.039344
0 0.342222 0.832787 0.035556 0.039344
0 0.394444 0.830328 0.035556 0.040984
0 0.496667 0.242623 0.042222 0.039344
0 0.187778 0.579508 0.033333 0.037705
0 0.445556 0.664754 0.035556 0.037705
0 0.910556 0.660656 0.034444 0.039344
0 0.860556 0.621311 0.030000 0.042623
0 0.137778 0.245902 0.033333 0.039344
0 0.859444 0.915574 0.036667 0.044262
0 0.292222 0.540984 0.035556 0.045902
0 0.085556 0.201639 0.035556 0.042623
0 0.292222 0.497541 0.033333 0.040984
0 0.601111 0.748361 0.035556 0.037705
0 0.292222 0.664754 0.035556 0.040984
0 0.291667 0.622131 0.036667 0.040984
0 0.395000 0.749180 0.036667 0.039344
0 0.860000 0.750000 0.033333 0.040984
0 0.343889 0.581148 0.034444 0.037705
0 0.189444 0.245902 0.032222 0.039344
0 0.860000 0.831148 0.035556 0.039344
0 0.808889 0.873770 0.031111 0.039344
0 0.446111 0.872951 0.032222 0.040984
0 0.137778 0.373770 0.033333 0.036066
0 0.703889 0.916393 0.036667 0.045902
0 0.188889 0.200000 0.033333 0.052459
0 0.342778 0.913934 0.034444 0.044262
0 0.292222 0.705738 0.035556 0.044262
0 0.085556 0.247541 0.035556 0.049180
0 0.860000 0.871311 0.035556 0.044262
0 0.807778 0.705738 0.035556 0.040984
0 0.911111 0.830328 0.035556 0.047541
0 0.343889 0.664754 0.032222 0.044262
0 0.395000 0.201639 0.034444 0.045902
0 0.291111 0.786885 0.035556 0.045902
0 0.911111 0.538525 0.035556 0.040984
0 0.757222 0.621311 0.034444 0.036066
0 0.292222 0.372131 0.033333 0.036066
0 0.343333 0.622131 0.033333 0.040984
0 0.446111 0.748361 0.034444 0.037705
0 0.343333 0.499180 0.033333 0.040984
0 0.859444 0.539344 0.034444 0.039344
0 0.911111 0.580328 0.035556 0.045902
0 0.756111 0.872131 0.034444 0.042623
0 0.911111 0.920492 0.037778 0.044262
0 0.137778 0.413934 0.033333 0.040984
0 0.188889 0.286885 0.033333 0.042623
0 0.446111 0.286066 0.034444 0.044262
0 0.755556 0.915574 0.035556 0.044262
0 0.703889 0.284426 0.034444 0.040984
0 0.085556 0.413934 0.035556 0.044262
0 0.651111 0.871311 0.033333 0.040984
0 0.652222 0.706557 0.035556 0.039344
0 0.859444 0.579508 0.034444 0.040984
0 0.652778 0.914754 0.034444 0.045902
0 0.860000 0.708197 0.033333 0.042623
0 0.343889 0.453279 0.032222 0.044262
0 0.910000 0.875410 0.035556 0.042623
0 0.495556 0.309016 0.042222 0.040984
0 0.187778 0.538525 0.035556 0.044262
0 0.240000 0.200820 0.035556 0.044262
0 0.755556 0.454918 0.031111 0.040984
0 0.601111 0.327869 0.035556 0.045902
0 0.548333 0.329508 0.036667 0.042623
0 0.549444 0.581967 0.032222 0.039344
0 0.860000 0.497541 0.035556 0.047541
0 0.601111 0.454918 0.035556 0.044262
0 0.548889 0.409836 0.033333 0.045902
0 0.808889 0.496721 0.035556 0.045902
0 0.549444 0.454918 0.034444 0.040984
0 0.601111 0.578689 0.035556 0.045902
0 0.548889 0.538525 0.035556 0.044262
