0 0.635174 0.703019 0.040246 0.043803
0 0.329097 0.288954 0.025955 0.033033
0 0.532916 0.338937 0.037963 0.031154
0 0.524365 0.375661 0.039209 0.031661
0 0.467182 0.606881 0.021623 0.027014
0 0.475357 0.569400 0.023462 0.021843
0 0.526564 0.357583 0.025748 0.025166
0 0.521097 0.394792 0.030575 0.026124
0 0.517593 0.419358 0.038699 0.040607
0 0.472006 0.587582 0.023836 0.025900
0 0.464053 0.626346 0.019347 0.020800
0 0.462786 0.643671 0.023458 0.023743
0 0.460359 0.658826 0.021683 0.015189
0 0.458375 0.671237 0.021001 0.019085
0 0.456008 0.686912 0.023395 0.027234
0 0.335031 0.810174 0.036417 0.035386
0 0.489987 0.885824 0.041743 0.045698
0 0.716067 0.887095 0.040246 0.043803
0 0.723367 0.530512 0.041464 0.044156
0 0.765240 0.607543 0.037252 0.040014
0 0.186764 0.377766 0.038749 0.041908
0 0.361513 0.656340 0.039689 0.040719
0 0.281206 0.405077 0.026668 0.032567
0 0.556195 0.515440 0.037530 0.041556
0 0.740489 0.435646 0.039305 0.044993
0 0.787512 0.484141 0.037252 0.040014
0 0.337372 0.484618 0.036417 0.035386
0 0.142785 0.301748 0.039862 0.048078
0 0.771139 0.578411 0.036033 0.039661
0 0.749946 0.702937 0.041186 0.042613
0 0.562041 0.483046 0.039967 0.042261
0 0.651922 0.933466 0.038470 0.040366
0 0.367081 0.625489 0.039689 0.040719
0 0.358756 0.362582 0.036312 0.041204
0 0.657351 0.903386 0.038192 0.038823
0 0.701095 0.653914 0.041464 0.044156
0 0.444609 0.515630 0.036973 0.038471
0 0.712562 0.593933 0.039132 0.037633
0 0.604524 0.560254 0.039410 0.039175
0 0.247629 0.655054 0.037530 0.041556
0 0.363993 0.330013 0.039967 0.042261
0 0.158924 0.532018 0.038192 0.038823
0 0.455553 0.451439 0.036033 0.039661
0 0.690429 0.716564 0.039967 0.042261
0 0.234815 0.424122 0.038749 0.041908
0 0.621367 0.466930 0.037252 0.040014
0 0.245812 0.363192 0.038470 0.040366
0 0.696467 0.686660 0.038470 0.040366
0 0.312993 0.609035 0.038749 0.041908
0 0.264803 0.563450 0.038470 0.040366
0 0.738897 0.760607 0.040246 0.043803
0 0.846699 0.468795 0.043797 0.050678
0 0.115693 0.455406 0.040246 0.043803
0 0.732911 0.793771 0.039967 0.042261
0 0.319919 0.577765 0.040908 0.041071
0 0.652157 0.608924 0.037252 0.040014
0 0.760890 0.638746 0.040246 0.043803
0 0.303075 0.671089 0.039305 0.044993
0 0.646867 0.638232 0.037252 0.040014
0 0.229108 0.455744 0.038470 0.040366
0 0.674568 0.484751 0.039967 0.042261
0 0.609343 0.529998 0.040908 0.041071
0 0.276827 0.500382 0.036695 0.036928
0 0.181666 0.409563 0.039689 0.040719
0 0.782414 0.515939 0.038749 0.041908
0 0.221851 0.485294 0.039967 0.042261
0 0.662310 0.872360 0.039967 0.042261
0 0.412461 0.374056 0.043797 0.050678
0 0.776707 0.547560 0.040908 0.041071
0 0.641160 0.669854 0.039967 0.042261
0 0.343270 0.455486 0.038749 0.041908
0 0.754574 0.670193 0.041186 0.042613
0 0.169921 0.471088 0.038470 0.040366
0 0.841227 0.825907 0.043240 0.047593
0 0.733615 0.470177 0.040246 0.043803
0 0.281786 0.469355 0.039027 0.043451
0 0.389354 0.502086 0.043240 0.047593
0 0.372510 0.595410 0.042405 0.042966
0 0.353797 0.393609 0.036973 0.038471
0 0.426877 0.610321 0.039027 0.043451
0 0.423243 0.864899 0.026006 0.035299
0 0.087330 0.605451 0.041081 0.048431
0 0.092951 0.577862 0.038192 0.038823
0 0.383229 0.536022 0.039689 0.040719
0 0.211411 0.543140 0.040803 0.046889
0 0.255390 0.619158 0.038922 0.049268
0 0.118729 0.747621 0.038749 0.041908
0 0.428167 0.841166 0.025833 0.027939
0 0.416298 0.668936 0.036033 0.039661
0 0.141750 0.623623 0.037809 0.043098
0 0.113439 0.776930 0.041743 0.045698
0 0.216614 0.517864 0.038749 0.041908
0 0.129865 0.685919 0.041186 0.042613
0 0.220206 0.806994 0.039689 0.040719
0 0.332021 0.830403 0.047521 0.064914
0 0.450462 0.785126 0.035198 0.035034
0 0.310984 0.314683 0.037635 0.035738
0 0.303896 0.279361 0.027503 0.037194
0 0.064640 0.731167 0.039132 0.037633
0 0.137687 0.333546 0.036695 0.036928
0 0.493649 0.538740 0.039794 0.034900
0 0.123688 0.716594 0.039967 0.042261
0 0.145873 0.597224 0.039027 0.043451
0 0.921118 0.457857 0.025728 0.033757
0 0.399925 0.763207 0.037252 0.040014
0 0.529103 0.669098 0.036033 0.039661
0 0.895667 0.449685 0.027886 0.032919
0 0.205617 0.578794 0.040908 0.041071
0 0.379192 0.558388 0.043518 0.049136
0 0.225827 0.779405 0.038470 0.040366
0 0.897187 0.515857 0.040246 0.043803
0 0.394165 0.791568 0.041186 0.042613
0 0.906242 0.550937 0.026946 0.034109
0 0.902755 0.485006 0.039689 0.040719
0 0.900534 0.582559 0.024231 0.031862
0 0.259374 0.593529 0.035755 0.038118
0 0.869045 0.604291 0.028443 0.036004
0 0.710082 0.920259 0.037530 0.041556
0 0.103147 0.514265 0.041186 0.042613
0 0.275916 0.434385 0.027224 0.035651
0 0.308155 0.412058 0.024509 0.033404
0 0.082093 0.638020 0.041186 0.042613
0 0.070208 0.700317 0.042126 0.041423
0 0.534062 0.638071 0.037252 0.040014
0 0.401656 0.437476 0.035476 0.036576
0 0.566026 0.457418 0.039794 0.034900
0 0.059350 0.760476 0.042683 0.044508
0 0.407694 0.407573 0.036973 0.038471
0 0.500297 0.509013 0.041743 0.045698
0 0.135294 0.655840 0.038470 0.040366
0 0.077743 0.669224 0.041186 0.042613
0 0.340320 0.780866 0.042405 0.042966
0 0.677935 0.778684 0.037809 0.043098
0 0.704322 0.948620 0.039027 0.043451
0 0.507162 0.794219 0.039689 0.040719
0 0.346637 0.749420 0.041464 0.044156
0 0.461313 0.423079 0.036417 0.035386
0 0.109377 0.486852 0.038749 0.041908
0 0.410312 0.702101 0.038749 0.041908
0 0.495416 0.855744 0.037914 0.037281
0 0.501454 0.825842 0.039967 0.042261
0 0.306025 0.345710 0.039967 0.042261
0 0.404744 0.732952 0.038749 0.041908
0 0.685704 0.423049 0.039967 0.042261
0 0.728657 0.501204 0.037914 0.037281
0 0.869955 0.670287 0.040908 0.041071
0 0.231395 0.748554 0.038470 0.040366
0 0.692021 0.391603 0.043902 0.044860
0 0.673446 0.810659 0.039967 0.042261
0 0.126359 0.392757 0.038192 0.038823
0 0.550766 0.545519 0.037252 0.040014
0 0.858349 0.731041 0.039410 0.039175
0 0.539021 0.607044 0.036033 0.039661
0 0.875663 0.638665 0.041743 0.045698
0 0.395339 0.468922 0.037530 0.041556
0 0.544449 0.576965 0.038749 0.041908
0 0.193871 0.640319 0.037809 0.043098
0 0.200188 0.608874 0.038192 0.038823
0 0.873864 0.574035 0.026946 0.034109
0 0.512120 0.763193 0.039027 0.043451
0 0.387709 0.823785 0.039967 0.042261
0 0.598538 0.593418 0.039689 0.040719
0 0.291382 0.735876 0.041743 0.045698
0 0.132815 0.360540 0.037530 0.041556
0 0.848432 0.793095 0.039410 0.039175
0 0.432114 0.577751 0.037809 0.043098
0 0.286165 0.374050 0.029000 0.039089
0 0.152137 0.562517 0.041186 0.042613
0 0.236963 0.717703 0.036033 0.039661
0 0.297838 0.703658 0.039967 0.042261
0 0.240383 0.393272 0.038192 0.038823
0 0.668252 0.516196 0.038470 0.040366
0 0.355475 0.686242 0.038749 0.041908
0 0.437822 0.546129 0.036973 0.038471
0 0.522508 0.702087 0.040524 0.045345
0 0.253016 0.330380 0.036312 0.041204
0 0.192054 0.348457 0.038192 0.038823
0 0.308173 0.639290 0.036695 0.036928
0 0.878492 0.541289 0.032934 0.041689
0 0.727204 0.825393 0.037252 0.040014
0 0.744186 0.731299 0.039132 0.037633
0 0.517549 0.733113 0.038192 0.038823
0 0.098989 0.547958 0.042683 0.044508
0 0.420839 0.640223 0.036973 0.038471
0 0.121540 0.423014 0.036695 0.036928
0 0.794107 0.451152 0.038749 0.041908
0 0.243140 0.687029 0.037252 0.040014
0 0.510180 0.454253 0.039584 0.046536
0 0.371389 0.299691 0.038749 0.041908
0 0.352344 0.717798 0.041186 0.042613
0 0.381253 0.856002 0.038749 0.041908
0 0.722245 0.856420 0.038470 0.040366
0 0.683503 0.747833 0.037252 0.040014
0 0.668348 0.842456 0.038470 0.040366
0 0.706663 0.623064 0.038470 0.040366
0 0.863639 0.701733 0.039967 0.042261
0 0.680275 0.453128 0.039689 0.040719
0 0.313113 0.381032 0.025171 0.030671
0 0.625995 0.434184 0.042683 0.044508
0 0.663293 0.547223 0.039689 0.040719
0 0.853251 0.762840 0.043902 0.044860
0 0.163134 0.501587 0.038470 0.040366
0 0.449706 0.483833 0.038470 0.040366
0 0.197152 0.316659 0.040246 0.043803
0 0.271729 0.532180 0.038749 0.041908
0 0.571402 0.424077 0.044632 0.055306
0 0.176098 0.440414 0.039689 0.040719
0 0.658612 0.576707 0.038470 0.040366
0 0.348838 0.424636 0.038749 0.041908
0 0.325348 0.547686 0.038749 0.041908
0 0.717660 0.562134 0.041186 0.042613
0 0.615521 0.499324 0.040246 0.043803
0 0.330585 0.515117 0.039967 0.042261
0 0.467629 0.391633 0.039584 0.046536
