0 0.835836 0.842211 0.026223 0.040188
0 0.861025 0.887965 0.026895 0.037263
0 0.118466 0.506289 0.025342 0.041496
0 0.653041 0.449628 0.022531 0.036021
0 0.123809 0.465033 0.024713 0.036642
0 0.406794 0.721740 0.026642 0.043424
0 0.879142 0.935901 0.026433 0.041807
0 0.107908 0.592193 0.028615 0.042428
0 0.391939 0.840810 0.027524 0.042117
0 0.113900 0.550283 0.027524 0.042117
0 0.884276 0.896262 0.026223 0.040188
0 0.410834 0.891483 0.026433 0.041807
0 0.375477 0.670886 0.042085 0.057171
0 0.431346 0.728730 0.025132 0.039878
0 0.419410 0.423375 0.026642 0.043424
0 0.549032 0.143222 0.051740 0.050570
0 0.415505 0.846681 0.026642 0.043424
0 0.130138 0.424897 0.024713 0.036642
0 0.870832 0.384140 0.024713 0.036642
0 0.527115 0.308092 0.048466 0.049637
0 0.915681 0.649379 0.027105 0.038882
0 0.671808 0.496910 0.027314 0.040499
0 0.813026 0.834878 0.026014 0.038571
0 0.139438 0.558393 0.028824 0.044046
0 0.402415 0.759916 0.027105 0.038882
0 0.127998 0.642368 0.027733 0.043735
0 0.145957 0.302746 0.024504 0.035024
0 0.807893 0.874516 0.026223 0.040188
0 0.772302 0.524681 0.027524 0.042117
0 0.424035 0.684711 0.042757 0.054245
0 0.140279 0.342229 0.026223 0.040188
0 0.423999 0.383581 0.027105 0.038882
0 0.254784 0.676786 0.025132 0.039878
0 0.165166 0.350992 0.026642 0.043424
0 0.143354 0.515053 0.029707 0.042739
0 0.272429 0.339591 0.024713 0.036642
0 0.266436 0.381501 0.026223 0.040188
0 0.888740 0.433693 0.028615 0.042428
0 0.905208 0.520581 0.024923 0.038260
0 0.242199 0.372084 0.024923 0.038260
0 0.498725 0.527317 0.035162 0.044292
0 0.534510 0.242257 0.049094 0.054492
0 0.135713 0.386222 0.028824 0.044046
0 0.068647 0.585209 0.041666 0.053935
0 0.417884 0.339063 0.040994 0.056860
0 0.163303 0.264907 0.039483 0.053313
0 0.896263 0.602750 0.026223 0.040188
0 0.647362 0.489111 0.023832 0.037950
0 0.220971 0.627737 0.043386 0.059099
0 0.925276 0.566555 0.024923 0.038260
0 0.839742 0.418905 0.023622 0.036331
0 0.169686 0.613137 0.038183 0.051385
0 0.153935 0.433349 0.027314 0.040499
0 0.880021 0.811174 0.041666 0.053935
0 0.227174 0.584210 0.039274 0.051696
0 0.116815 0.208894 0.037764 0.048149
0 0.815190 0.411915 0.024713 0.036642
0 0.777121 0.487470 0.027105 0.038882
0 0.931081 0.530463 0.024713 0.036642
0 0.843889 0.378147 0.026223 0.040188
0 0.213183 0.281624 0.039274 0.051696
0 0.678384 0.756284 0.041623 0.061713
0 0.729879 0.769268 0.040366 0.052007
0 0.225924 0.196341 0.040785 0.055243
0 0.277913 0.598655 0.038183 0.051385
0 0.886013 0.769264 0.040156 0.050388
0 0.429587 0.641837 0.040366 0.052007
0 0.900075 0.560220 0.029916 0.044356
0 0.283884 0.552545 0.040994 0.056860
0 0.635779 0.272766 0.038183 0.051385
0 0.167996 0.224304 0.037973 0.049767
0 0.922680 0.486133 0.037973 0.049767
0 0.921570 0.608278 0.028405 0.040810
0 0.829931 0.796075 0.039693 0.054932
0 0.328548 0.613909 0.039064 0.050077
0 0.176329 0.570573 0.038392 0.053003
0 0.248319 0.333565 0.027524 0.042117
0 0.173988 0.182394 0.041666 0.053935
0 0.627099 0.741684 0.040785 0.055243
0 0.079520 0.496880 0.043386 0.059099
0 0.676941 0.457272 0.027105 0.038882
0 0.379729 0.629319 0.038855 0.048460
0 0.073654 0.542180 0.040366 0.052007
0 0.182196 0.525272 0.038811 0.056239
0 0.734676 0.727856 0.039064 0.050077
0 0.270775 0.251888 0.037554 0.046531
0 0.574250 0.341642 0.039064 0.050077
0 0.435789 0.598309 0.041876 0.055553
0 0.111808 0.251923 0.043848 0.054556
0 0.689698 0.668918 0.040785 0.055243
0 0.669632 0.413252 0.040785 0.055243
0 0.778772 0.784865 0.040785 0.055243
0 0.321201 0.268761 0.038855 0.048460
0 0.422680 0.297652 0.038855 0.048460
0 0.384609 0.582899 0.040321 0.059785
0 0.232936 0.539718 0.042085 0.057171
0 0.265223 0.294762 0.042967 0.055864
0 0.371500 0.282242 0.039064 0.050077
0 0.580579 0.301505 0.036882 0.049456
0 0.322556 0.655820 0.040575 0.053624
0 0.630878 0.314986 0.038855 0.048460
0 0.122263 0.166829 0.043386 0.059099
0 0.633301 0.698156 0.039274 0.051696
0 0.219281 0.238905 0.040156 0.050388
0 0.784766 0.742956 0.039274 0.051696
0 0.639504 0.654628 0.040785 0.055243
0 0.276013 0.211441 0.040575 0.053624
0 0.326207 0.225731 0.038392 0.053003
0 0.834728 0.754663 0.037973 0.049767
0 0.428233 0.254777 0.039902 0.056549
0 0.932925 0.402657 0.041876 0.055553
0 0.891775 0.724772 0.040785 0.055243
0 0.839840 0.710825 0.039483 0.053313
0 0.642297 0.226812 0.037720 0.055928
0 0.365843 0.325925 0.040321 0.059785
0 0.739788 0.684018 0.040994 0.056860
0 0.770774 0.440369 0.042295 0.058788
0 0.781355 0.358666 0.039483 0.053313
0 0.509411 0.444804 0.047331 0.057106
0 0.474071 0.311444 0.039064 0.050077
0 0.335066 0.567955 0.041204 0.058477
0 0.681177 0.328468 0.039483 0.053313
0 0.927372 0.445530 0.039064 0.050077
0 0.376507 0.239212 0.040785 0.055243
0 0.674974 0.371996 0.037973 0.049767
0 0.479624 0.268569 0.039274 0.051696
0 0.791178 0.697809 0.038602 0.054621
0 0.730280 0.342448 0.039483 0.053313
0 0.625325 0.357861 0.039483 0.053313
0 0.724623 0.386131 0.039064 0.050077
0 0.719070 0.429004 0.039693 0.054932
0 0.586886 0.257168 0.038602 0.054621
0 0.503754 0.488487 0.044730 0.053249
0 0.531201 0.276544 0.045236 0.040927
0 0.058480 0.746714 0.033609 0.048524
0 0.483155 0.739286 0.024504 0.035024
0 0.386933 0.883841 0.026223 0.040188
0 0.854696 0.928102 0.027314 0.040499
0 0.397723 0.800519 0.028615 0.042428
0 0.070466 0.662895 0.031008 0.044667
0 0.103215 0.632796 0.024923 0.038260
0 0.799159 0.955068 0.027105 0.038882
0 0.849793 0.970323 0.028405 0.040810
0 0.889199 0.858242 0.026433 0.041807
0 0.074530 0.627145 0.026895 0.037263
0 0.375891 0.750688 0.028196 0.039192
0 0.831144 0.882814 0.025132 0.039878
0 0.894292 0.390819 0.025804 0.036953
0 0.427072 0.766097 0.025804 0.036953
0 0.834063 0.458388 0.027105 0.038882
0 0.569347 0.383862 0.039318 0.043916
0 0.171390 0.311664 0.023832 0.037950
0 0.316614 0.308554 0.040575 0.053624
0 0.803851 0.914466 0.028196 0.039192
0 0.148697 0.473797 0.026895 0.037263
0 0.845227 0.996147 0.028824 0.007706
0 0.249756 0.715615 0.025132 0.039878
0 0.272675 0.639102 0.040366 0.052007
0 0.822850 0.964329 0.025132 0.039878
0 0.518839 0.371999 0.047837 0.044784
0 0.275943 0.723071 0.024713 0.036642
0 0.378528 0.712854 0.030379 0.039814
0 0.523261 0.342223 0.046536 0.042855
0 0.539456 0.208437 0.050692 0.042480
0 0.473870 0.356680 0.027733 0.043735
0 0.792515 0.988691 0.027314 0.022618
0 0.819106 0.368575 0.026014 0.038571
0 0.874240 0.978121 0.027524 0.042117
0 0.281077 0.683433 0.024504 0.035024
0 0.865612 0.848171 0.028196 0.039192
0 0.132795 0.600956 0.026433 0.041807
0 0.544086 0.177043 0.048466 0.049637
