0 0.789828 0.718768 0.037432 0.047391
0 0.482669 0.349747 0.050445 0.044026
0 0.478589 0.314195 0.047129 0.048648
0 0.486503 0.381105 0.046439 0.042816
0 0.500876 0.493094 0.046133 0.040223
0 0.096594 0.603708 0.038335 0.046055
0 0.459352 0.151538 0.044327 0.042896
0 0.077788 0.439936 0.039430 0.046339
0 0.198379 0.577330 0.036529 0.048727
0 0.475871 0.281672 0.043752 0.038036
0 0.757843 0.434015 0.036146 0.045487
0 0.517797 0.745851 0.027527 0.035401
0 0.742541 0.309410 0.037897 0.033378
0 0.463088 0.183129 0.044902 0.047757
0 0.467563 0.216199 0.047227 0.040507
0 0.143975 0.993136 0.037296 0.013728
0 0.785873 0.680553 0.038718 0.049294
0 0.240780 0.945375 0.038335 0.046055
0 0.803679 0.845419 0.040388 0.054439
0 0.799531 0.805585 0.038335 0.046055
0 0.231008 0.862750 0.039101 0.052535
0 0.137804 0.971227 0.038143 0.044434
0 0.341470 0.919282 0.036529 0.048727
0 0.599376 0.434172 0.040772 0.057679
0 0.381407 0.360419 0.041483 0.054723
0 0.226313 0.823058 0.038527 0.047675
0 0.922125 0.478269 0.036913 0.051968
0 0.391370 0.444664 0.035955 0.043867
0 0.392267 0.905283 0.037049 0.044151
0 0.105983 0.683092 0.038335 0.046055
0 0.472490 0.248318 0.046188 0.049660
0 0.179123 0.414510 0.038910 0.050915
0 0.110130 0.722927 0.037815 0.050631
0 0.114920 0.763429 0.035244 0.046824
0 0.868210 0.489737 0.038910 0.050915
0 0.775457 0.597260 0.037432 0.047391
0 0.222070 0.782414 0.037815 0.050631
0 0.793907 0.762794 0.040772 0.057679
0 0.378348 0.782824 0.038335 0.046055
0 0.886925 0.190176 0.038335 0.046055
0 0.092994 0.563732 0.038910 0.050915
0 0.246473 0.979664 0.038718 0.040673
0 0.766329 0.515303 0.038718 0.049294
0 0.878056 0.105646 0.041674 0.056342
0 0.124336 0.847816 0.040333 0.045002
0 0.718918 0.100134 0.038773 0.058732
0 0.819869 0.071467 0.038910 0.050915
0 0.480038 0.755636 0.034149 0.046541
0 0.318422 0.714866 0.036529 0.048727
0 0.300164 0.550953 0.036913 0.051968
0 0.129126 0.888318 0.039293 0.054155
0 0.207412 0.658476 0.037624 0.049011
0 0.883516 0.151819 0.043288 0.052049
0 0.771215 0.556616 0.038910 0.050915
0 0.087369 0.520941 0.037624 0.049011
0 0.212489 0.701409 0.037432 0.047391
0 0.272223 0.767747 0.039622 0.047959
0 0.583335 0.308089 0.035244 0.046824
0 0.101384 0.644210 0.038718 0.049294
0 0.236085 0.905683 0.038910 0.050915
0 0.859819 0.409258 0.038718 0.049294
0 0.291125 0.932329 0.038718 0.049294
0 0.057670 0.269826 0.040197 0.052819
0 0.217636 0.740150 0.038910 0.050915
0 0.779891 0.639525 0.039293 0.054155
0 0.280997 0.851465 0.038007 0.052252
0 0.499965 0.924126 0.041099 0.051482
0 0.353754 0.579643 0.034477 0.040344
0 0.863515 0.450044 0.036529 0.048727
0 0.900844 0.312634 0.040005 0.051199
0 0.346356 0.960594 0.038910 0.050915
0 0.159906 0.242496 0.037104 0.053588
0 0.307364 0.630905 0.034341 0.048160
0 0.337324 0.879447 0.039622 0.047959
0 0.327100 0.797775 0.038718 0.049294
0 0.431109 0.346703 0.037241 0.045771
0 0.786043 0.214649 0.034724 0.051401
0 0.134943 0.932729 0.039813 0.049578
0 0.872048 0.059615 0.042577 0.055007
0 0.345077 0.496735 0.036666 0.040911
0 0.280812 0.387322 0.038718 0.049294
0 0.915790 0.439002 0.037432 0.047391
0 0.373011 0.742462 0.038390 0.055491
0 0.723996 0.143066 0.034860 0.043584
0 0.594299 0.391240 0.035435 0.048444
0 0.826137 0.114926 0.041483 0.054723
0 0.387765 0.867210 0.039813 0.049578
0 0.202717 0.618784 0.037432 0.047391
0 0.118999 0.807455 0.040388 0.054439
0 0.850143 0.327443 0.038910 0.050915
0 0.410251 0.175115 0.039485 0.055775
0 0.286977 0.892495 0.037432 0.047391
0 0.421981 0.264746 0.037104 0.053588
0 0.115281 0.299144 0.040388 0.054439
0 0.476438 0.715659 0.036529 0.048727
0 0.490452 0.838929 0.039430 0.046339
0 0.495790 0.879290 0.039101 0.052535
0 0.262999 0.684981 0.038910 0.050915
0 0.183365 0.455154 0.035244 0.046824
0 0.189701 0.494421 0.038718 0.049294
0 0.613371 0.123312 0.038199 0.053872
0 0.124246 0.384483 0.035435 0.048444
0 0.845257 0.286130 0.036529 0.048727
0 0.588673 0.348449 0.034532 0.049780
0 0.295559 0.973950 0.042385 0.052100
0 0.738941 0.269434 0.037815 0.050631
0 0.073286 0.401864 0.039622 0.047959
0 0.368672 0.701009 0.038527 0.047675
0 0.335947 0.414778 0.038718 0.049294
0 0.234997 0.443444 0.037432 0.047391
0 0.761989 0.473849 0.037815 0.050631
0 0.747236 0.349102 0.040388 0.054439
0 0.253610 0.605595 0.038910 0.050915
0 0.257661 0.644620 0.037432 0.047391
0 0.323404 0.756988 0.038718 0.049294
0 0.395777 0.481926 0.034149 0.046541
0 0.169897 0.331743 0.040005 0.051199
0 0.268529 0.726961 0.040005 0.051199
0 0.906469 0.355425 0.039101 0.052535
0 0.665002 0.111601 0.040388 0.054439
0 0.563217 0.137978 0.040388 0.054439
0 0.911000 0.398499 0.040005 0.051199
0 0.854481 0.368898 0.039813 0.049578
0 0.426702 0.309442 0.037624 0.049011
0 0.629247 0.252778 0.036338 0.047108
0 0.119265 0.342360 0.039813 0.049578
0 0.109465 0.254733 0.039101 0.052535
0 0.495990 0.451781 0.043863 0.056909
0 0.139192 0.510851 0.038390 0.055491
0 0.174783 0.373056 0.039813 0.049578
0 0.303217 0.591070 0.037049 0.044151
0 0.831051 0.161241 0.040197 0.052819
0 0.383234 0.824136 0.041483 0.054723
0 0.313536 0.673553 0.036721 0.050348
0 0.840275 0.244008 0.038718 0.049294
0 0.193589 0.536827 0.036913 0.051968
0 0.625100 0.212944 0.037624 0.049011
0 0.892263 0.230536 0.040197 0.052819
0 0.062584 0.316140 0.041099 0.051482
0 0.326531 0.330391 0.038390 0.055491
0 0.464668 0.635223 0.038718 0.049294
0 0.331986 0.839086 0.038910 0.050915
0 0.069494 0.360267 0.040197 0.052819
0 0.397249 0.947405 0.042960 0.058246
0 0.295374 0.510450 0.036146 0.045487
0 0.082483 0.479628 0.040005 0.051199
0 0.469910 0.674773 0.037815 0.050631
0 0.533825 0.323424 0.036913 0.051968
0 0.244290 0.522018 0.039813 0.049578
0 0.728882 0.184379 0.038007 0.052252
0 0.896793 0.273610 0.038910 0.050915
0 0.277753 0.809727 0.041099 0.051482
0 0.835485 0.203506 0.038718 0.049294
0 0.375686 0.316818 0.038199 0.053872
0 0.164915 0.289621 0.037815 0.050631
0 0.446055 0.473071 0.037624 0.049011
0 0.239596 0.482326 0.039622 0.047959
0 0.485115 0.798568 0.041291 0.053103
0 0.691840 0.324218 0.039101 0.052535
0 0.634680 0.293948 0.038007 0.052252
0 0.128586 0.425937 0.038910 0.050915
0 0.455443 0.552456 0.037624 0.049011
0 0.363977 0.661317 0.039101 0.052535
0 0.568582 0.183342 0.040005 0.051199
0 0.415616 0.220478 0.039101 0.052535
0 0.285506 0.427015 0.036338 0.047108
0 0.248533 0.562663 0.038718 0.049294
0 0.451297 0.512621 0.038527 0.047675
0 0.133922 0.466297 0.037815 0.050631
0 0.753053 0.393513 0.039101 0.052535
0 0.331061 0.373466 0.038910 0.050915
0 0.460877 0.593626 0.038910 0.050915
0 0.670463 0.157774 0.040197 0.052819
0 0.224842 0.357579 0.036010 0.053305
0 0.574659 0.225180 0.040005 0.051199
0 0.230111 0.402131 0.038007 0.052252
0 0.290940 0.468185 0.038007 0.052252
0 0.359447 0.618242 0.040005 0.051199
0 0.528008 0.279014 0.038199 0.053872
0 0.639854 0.337691 0.037624 0.049011
0 0.385486 0.404445 0.041483 0.054723
0 0.275638 0.343580 0.037296 0.055208
0 0.435995 0.388016 0.035627 0.050064
0 0.675445 0.199897 0.039813 0.049578
0 0.686407 0.283048 0.040005 0.051199
0 0.733959 0.227311 0.037815 0.050631
0 0.620022 0.170011 0.040388 0.054439
0 0.349963 0.538047 0.040580 0.056059
0 0.644192 0.379145 0.039293 0.054155
0 0.680427 0.242019 0.042385 0.053386
0 0.577998 0.267728 0.038910 0.050915
0 0.340929 0.456901 0.039101 0.052535
0 0.441716 0.431616 0.036721 0.050348
