0 0.841531 0.693385 0.040798 0.054051
0 0.259947 0.261050 0.040798 0.054051
0 0.958804 0.792675 0.041887 0.054377
0 0.953504 0.745521 0.041887 0.054377
0 0.334571 0.841241 0.040138 0.049207
0 0.244525 0.953971 0.040138 0.049207
0 0.458931 0.211452 0.048397 0.040844
0 0.074029 0.452121 0.040138 0.049207
0 0.146701 0.598405 0.041667 0.052763
0 0.140869 0.559815 0.040578 0.052437
0 0.892398 0.684011 0.040138 0.049207
0 0.345483 0.925370 0.041667 0.052763
0 0.249598 0.985839 0.038827 0.028322
0 0.351211 0.967354 0.041667 0.052763
0 0.673814 0.228519 0.040578 0.052437
0 0.156957 0.681891 0.041447 0.051148
0 0.597708 0.850558 0.038179 0.050168
0 0.450119 0.146862 0.044921 0.045995
0 0.857626 0.819661 0.039917 0.047592
0 0.323770 0.757918 0.039268 0.050494
0 0.056735 0.325364 0.040798 0.054051
0 0.852987 0.777351 0.040798 0.054051
0 0.603436 0.892542 0.040798 0.054051
0 0.948326 0.707575 0.043404 0.050187
0 0.151229 0.639908 0.041887 0.054377
0 0.173377 0.806389 0.040358 0.050821
0 0.575780 0.685691 0.039268 0.050494
0 0.125539 0.434990 0.040786 0.046304
0 0.183193 0.886645 0.040138 0.049207
0 0.586906 0.767236 0.036870 0.048227
0 0.479004 0.375194 0.044921 0.045995
0 0.592524 0.808411 0.039708 0.053724
0 0.329608 0.800709 0.039929 0.055339
0 0.937739 0.621667 0.041667 0.052763
0 0.830618 0.609255 0.039708 0.053724
0 0.212017 0.707397 0.037738 0.046938
0 0.280467 0.432222 0.039048 0.048880
0 0.864597 0.085574 0.042108 0.055993
0 0.580744 0.726224 0.038179 0.050168
0 0.223657 0.402199 0.036221 0.051130
0 0.471281 0.310277 0.045802 0.052454
0 0.559002 0.172192 0.039929 0.055339
0 0.469206 0.673116 0.040578 0.052437
0 0.232854 0.872590 0.039268 0.050494
0 0.162244 0.720645 0.038827 0.047265
0 0.339865 0.884194 0.041887 0.054377
0 0.702233 0.436821 0.041019 0.055666
0 0.943032 0.664621 0.043417 0.057934
0 0.463153 0.632911 0.039048 0.048880
0 0.780933 0.240932 0.033382 0.045632
0 0.068521 0.411753 0.040578 0.052437
0 0.312424 0.674759 0.039048 0.048880
0 0.191069 0.541396 0.039048 0.048880
0 0.768198 0.542257 0.034471 0.045958
0 0.130281 0.473907 0.041019 0.055666
0 0.570383 0.646131 0.039048 0.048880
0 0.157582 0.295956 0.039929 0.055339
0 0.881671 0.210717 0.037090 0.049841
0 0.454745 0.180772 0.045362 0.049225
0 0.925745 0.542064 0.044065 0.055031
0 0.899068 0.334080 0.037959 0.048553
0 0.893450 0.292904 0.040798 0.054051
0 0.931907 0.583077 0.040138 0.049207
0 0.239017 0.913603 0.040578 0.052437
0 0.177796 0.847085 0.042536 0.051474
0 0.421049 0.307695 0.042108 0.055993
0 0.781073 0.628318 0.042108 0.055993
0 0.908346 0.418700 0.040578 0.052437
0 0.668306 0.188151 0.042315 0.049860
0 0.825331 0.570502 0.036649 0.046612
0 0.163965 0.338583 0.036001 0.049514
0 0.308336 0.636486 0.039268 0.050494
0 0.189141 0.930243 0.043197 0.056319
0 0.888377 0.251565 0.039488 0.052110
0 0.441337 0.468852 0.037738 0.046938
0 0.756705 0.067511 0.040369 0.058568
0 0.881046 0.596652 0.041667 0.052763
0 0.264261 0.305138 0.039708 0.053724
0 0.063552 0.367020 0.040798 0.054051
0 0.318042 0.715935 0.041887 0.054377
0 0.846170 0.735694 0.042536 0.051474
0 0.476017 0.344994 0.046879 0.045034
0 0.468294 0.280079 0.044260 0.041151
0 0.217929 0.360216 0.038816 0.039518
0 0.519115 0.752272 0.023776 0.028812
0 0.496604 0.487572 0.042303 0.042112
0 0.516245 0.727081 0.023348 0.033331
0 0.723695 0.216079 0.037090 0.049841
0 0.458845 0.593023 0.039268 0.050494
0 0.291157 0.514737 0.040578 0.052437
0 0.864737 0.472961 0.040358 0.050821
0 0.491641 0.447040 0.045154 0.055357
0 0.297320 0.555750 0.041447 0.051148
0 0.576626 0.301371 0.039929 0.055339
0 0.603039 0.112761 0.040149 0.056954
0 0.802205 0.405154 0.037959 0.048553
0 0.184583 0.502161 0.039268 0.050494
0 0.565935 0.218856 0.040578 0.052437
0 0.853177 0.392387 0.039708 0.053724
0 0.763419 0.112560 0.040578 0.052437
0 0.830596 0.226876 0.039488 0.052110
0 0.553964 0.521633 0.037959 0.048553
0 0.179075 0.461793 0.039268 0.050494
0 0.774471 0.584076 0.038620 0.053397
0 0.813191 0.099312 0.041667 0.052763
0 0.690122 0.352211 0.041887 0.054377
0 0.819684 0.142747 0.041019 0.055666
0 0.805823 0.053619 0.042328 0.057607
0 0.463992 0.244391 0.046671 0.051167
0 0.820478 0.530777 0.037959 0.048553
0 0.662143 0.147138 0.041887 0.054377
0 0.509016 0.188026 0.036649 0.046612
0 0.241496 0.528792 0.039268 0.050494
0 0.653900 0.099187 0.043858 0.061163
0 0.286408 0.471620 0.040798 0.054051
0 0.229605 0.445797 0.041019 0.055666
0 0.679975 0.269532 0.043625 0.051801
0 0.358623 0.236496 0.038620 0.053397
0 0.227567 0.833836 0.037090 0.049841
0 0.835803 0.651402 0.040358 0.050821
0 0.858795 0.433562 0.039488 0.052110
0 0.610517 0.159261 0.037531 0.053071
0 0.453117 0.551040 0.039708 0.053724
0 0.685049 0.310871 0.037959 0.048553
0 0.151083 0.248321 0.040590 0.060183
0 0.476243 0.716387 0.041019 0.055666
0 0.728983 0.254833 0.038827 0.047265
0 0.426667 0.348871 0.036649 0.046612
0 0.327784 0.380211 0.039268 0.050494
0 0.536780 0.395683 0.037959 0.048553
0 0.207274 0.668479 0.039708 0.053724
0 0.706719 0.083344 0.042769 0.060837
0 0.718836 0.172154 0.039708 0.053724
0 0.735035 0.295038 0.040798 0.054051
0 0.809237 0.444225 0.039708 0.053724
0 0.103275 0.263501 0.042108 0.055993
0 0.740763 0.337021 0.040358 0.050821
0 0.746057 0.379975 0.041667 0.052763
0 0.050456 0.279344 0.043637 0.059548
0 0.409153 0.220500 0.039929 0.055339
0 0.836868 0.268696 0.038399 0.051783
0 0.108685 0.311463 0.041887 0.054377
0 0.847449 0.350404 0.041887 0.054377
0 0.564765 0.604955 0.041887 0.054377
0 0.711909 0.129691 0.041667 0.052763
0 0.616031 0.203830 0.038399 0.051783
0 0.114634 0.355061 0.039708 0.053724
0 0.841721 0.308420 0.039268 0.050494
0 0.252910 0.217779 0.041239 0.057280
0 0.751674 0.421151 0.041447 0.051148
0 0.446300 0.509383 0.037090 0.049841
0 0.369534 0.320626 0.039268 0.050494
0 0.550201 0.481581 0.039268 0.050494
0 0.352013 0.188054 0.041680 0.060510
0 0.246679 0.570939 0.040798 0.054051
0 0.762580 0.501081 0.039488 0.052110
0 0.520692 0.273607 0.039268 0.050494
0 0.525765 0.314945 0.040578 0.052437
0 0.402874 0.174480 0.037971 0.056300
0 0.364461 0.279287 0.038399 0.051783
0 0.216656 0.749707 0.041239 0.057280
0 0.814095 0.488150 0.041887 0.054377
0 0.623068 0.247102 0.041019 0.055666
0 0.503501 0.143457 0.041019 0.055666
0 0.531273 0.355315 0.040578 0.052437
0 0.559472 0.562001 0.040578 0.052437
0 0.786986 0.281137 0.039708 0.053724
0 0.774881 0.200726 0.041887 0.054377
0 0.275283 0.390075 0.041019 0.055666
0 0.797897 0.365266 0.038179 0.050168
0 0.320526 0.335325 0.040149 0.056954
0 0.768822 0.156322 0.042108 0.055993
0 0.436593 0.429935 0.039268 0.050494
0 0.414991 0.263290 0.039268 0.050494
0 0.515288 0.229845 0.040798 0.054051
0 0.792279 0.324091 0.038399 0.051783
0 0.430976 0.388759 0.037310 0.051456
0 0.374173 0.362936 0.041887 0.054377
0 0.270865 0.349380 0.035781 0.047900
0 0.543053 0.437502 0.042108 0.055993
0 0.196252 0.583542 0.040578 0.052437
0 0.825632 0.186344 0.038399 0.051783
0 0.174436 0.419484 0.039708 0.053724
0 0.571442 0.259225 0.037959 0.048553
0 0.920451 0.499111 0.042756 0.053090
0 0.869376 0.515270 0.040798 0.054051
0 0.120037 0.398822 0.038179 0.050168
0 0.887105 0.641056 0.044506 0.058260
0 0.201547 0.626497 0.039708 0.053724
0 0.914179 0.457290 0.041226 0.049534
0 0.757617 0.460549 0.037959 0.048553
0 0.875508 0.169704 0.040578 0.052437
0 0.168383 0.379279 0.038179 0.050168
0 0.235443 0.488587 0.042536 0.051474
0 0.302283 0.596282 0.040798 0.054051
0 0.857877 0.036324 0.042328 0.057607
0 0.869670 0.126913 0.040358 0.050821
0 0.136230 0.517505 0.040578 0.052437
0 0.875649 0.557090 0.041447 0.051148
0 0.904252 0.376227 0.041667 0.052763
0 0.695416 0.395164 0.040138 0.049207
0 0.222494 0.792497 0.038399 0.051783
0 0.166773 0.762148 0.042548 0.059221
