0 0.178358 0.792557 0.039010 0.050873
0 0.330217 0.517553 0.026907 0.044670
0 0.126349 0.810269 0.041443 0.053307
0 0.371669 0.459598 0.028210 0.040718
0 0.676708 0.300613 0.040931 0.056080
0 0.352523 0.338254 0.028492 0.042314
0 0.379539 0.500888 0.027135 0.040300
0 0.185691 0.834055 0.042289 0.058096
0 0.269616 0.710925 0.040139 0.057258
0 0.345339 0.469861 0.027135 0.040300
0 0.403720 0.491464 0.030924 0.044749
0 0.662465 0.220009 0.042799 0.055322
0 0.392567 0.581113 0.027699 0.043492
0 0.376026 0.328241 0.028774 0.043911
0 0.418105 0.572865 0.026060 0.039881
0 0.170884 0.750260 0.040421 0.058854
0 0.385375 0.540412 0.026853 0.038704
0 0.415736 0.871493 0.031206 0.046345
0 0.065830 0.448291 0.042571 0.059692
0 0.280639 0.536023 0.028774 0.043911
0 0.222011 0.431774 0.041953 0.050534
0 0.353605 0.510143 0.025268 0.041058
0 0.406987 0.272670 0.038164 0.046084
0 0.135425 0.936391 0.030642 0.043152
0 0.383615 0.367934 0.029284 0.041137
0 0.400552 0.619799 0.027417 0.041896
0 0.397320 0.448747 0.027928 0.039123
0 0.606091 0.196772 0.038164 0.046084
0 0.364477 0.418897 0.027928 0.039123
0 0.151735 0.885677 0.029056 0.045507
0 0.160002 0.925958 0.028774 0.043911
0 0.897514 0.259761 0.027699 0.043492
0 0.619259 0.277794 0.040032 0.045326
0 0.132862 0.850382 0.043081 0.056918
0 0.128233 0.895690 0.028774 0.043911
0 0.410376 0.532373 0.030131 0.045926
0 0.401775 0.792486 0.026625 0.043074
0 0.358103 0.379583 0.026571 0.037108
0 0.323589 0.480044 0.026625 0.043074
0 0.403676 0.965761 0.029338 0.047103
0 0.770002 0.220746 0.040597 0.048519
0 0.275085 0.498096 0.026342 0.041477
0 0.755900 0.140941 0.042182 0.046164
0 0.904284 0.298068 0.029848 0.044330
0 0.377197 0.802918 0.025778 0.038285
0 0.172715 0.451841 0.040649 0.054484
0 0.819042 0.202485 0.040825 0.044149
0 0.421854 0.912613 0.030924 0.044749
0 0.073982 0.491177 0.040367 0.052888
0 0.389943 0.881547 0.030642 0.043152
0 0.293526 0.615450 0.028492 0.042314
0 0.429469 0.955708 0.030924 0.044749
0 0.872258 0.269605 0.027646 0.037527
0 0.569171 0.299876 0.041443 0.053307
0 0.396739 0.923255 0.027981 0.045088
0 0.503774 0.534356 0.034712 0.049198
0 0.911617 0.339567 0.029848 0.044330
0 0.437862 0.154860 0.051626 0.054304
0 0.420296 0.354490 0.038622 0.037346
0 0.668952 0.256720 0.039521 0.048100
0 0.444349 0.191571 0.049475 0.053466
0 0.477234 0.380920 0.050269 0.052289
0 0.383825 0.840427 0.028774 0.043911
0 0.527886 0.739067 0.027928 0.039123
0 0.917311 0.378293 0.029848 0.044330
0 0.722591 0.326234 0.027646 0.037527
0 0.456000 0.251006 0.050886 0.061447
0 0.471593 0.348997 0.050269 0.052289
0 0.449144 0.218705 0.050497 0.047919
0 0.466684 0.324467 0.048911 0.050273
0 0.462144 0.295528 0.048965 0.056239
0 0.491001 0.452326 0.047098 0.056997
0 0.527209 0.361442 0.043874 0.055741
0 0.227795 0.773288 0.041161 0.051711
0 0.081033 0.531079 0.042517 0.053726
0 0.519849 0.316541 0.040085 0.051292
0 0.118733 0.767174 0.044720 0.060530
0 0.333835 0.772050 0.043645 0.060111
0 0.124097 0.472496 0.039010 0.050873
0 0.384769 0.754756 0.043927 0.061707
0 0.413782 0.314378 0.043081 0.056918
0 0.612605 0.236884 0.043081 0.056918
0 0.433696 0.739099 0.043927 0.061707
0 0.368772 0.673983 0.043981 0.067673
0 0.264934 0.372394 0.044720 0.060530
0 0.279433 0.451191 0.043927 0.061707
0 0.562235 0.257369 0.041213 0.057677
0 0.166034 0.407528 0.041495 0.059273
0 0.827028 0.241170 0.043363 0.058515
0 0.220321 0.730991 0.042571 0.059692
0 0.419452 0.658495 0.041495 0.059273
0 0.215215 0.390066 0.042571 0.059692
0 0.512542 0.278444 0.039574 0.054065
0 0.131686 0.512189 0.040649 0.054484
0 0.117020 0.429192 0.041213 0.057677
0 0.776516 0.260858 0.045513 0.059353
0 0.870374 0.184184 0.043592 0.054145
0 0.233771 0.813610 0.041725 0.054903
0 0.229740 0.472266 0.042289 0.058096
0 0.763347 0.179836 0.043081 0.056918
0 0.399089 0.227978 0.043699 0.066076
0 0.283773 0.797534 0.042853 0.061288
0 0.328729 0.431125 0.043645 0.060111
0 0.626056 0.319502 0.043927 0.061707
0 0.655105 0.175108 0.042853 0.061288
0 0.320040 0.697242 0.043135 0.062884
0 0.876747 0.223498 0.044948 0.056160
0 0.427207 0.393595 0.042853 0.061288
0 0.276695 0.754229 0.042799 0.055322
0 0.180867 0.494726 0.042289 0.058096
0 0.598052 0.151282 0.043981 0.067673
0 0.498079 0.495631 0.046023 0.056579
0 0.748143 0.097047 0.043699 0.066076
0 0.811991 0.162582 0.040931 0.056080
0 0.713373 0.199314 0.042571 0.059692
0 0.505464 0.235139 0.041777 0.060869
0 0.726824 0.281932 0.041725 0.054903
0 0.803953 0.117093 0.041777 0.060869
0 0.862081 0.140500 0.046077 0.062545
0 0.575968 0.341585 0.043081 0.056918
0 0.316265 0.354092 0.042059 0.062465
0 0.389873 0.409852 0.030413 0.047522
0 0.408403 0.829994 0.029056 0.045507
0 0.720988 0.242409 0.040879 0.050115
