0 0.404422 0.400093 0.036231 0.047951
0 0.905262 0.644385 0.039937 0.038812
0 0.335785 0.638083 0.037015 0.028615
0 0.308233 0.300917 0.035007 0.046134
0 0.514974 0.347212 0.043132 0.037701
0 0.525137 0.183696 0.044356 0.039518
0 0.907502 0.605740 0.039664 0.050121
0 0.522387 0.213961 0.049524 0.035479
0 0.427080 0.820290 0.036860 0.041565
0 0.502762 0.500441 0.041280 0.042271
0 0.527572 0.150062 0.046684 0.041511
0 0.518621 0.281407 0.043132 0.037701
0 0.909426 0.563726 0.037098 0.044846
0 0.423736 0.858759 0.038560 0.049944
0 0.192882 0.450953 0.038441 0.048304
0 0.716376 0.366928 0.036468 0.051233
0 0.157329 0.232007 0.035874 0.043029
0 0.517350 0.314397 0.043370 0.040982
0 0.113359 0.137022 0.037454 0.049768
0 0.401571 0.439470 0.035280 0.034826
0 0.571850 0.426002 0.028142 0.041794
0 0.583056 0.803708 0.035993 0.044670
0 0.205789 0.280408 0.037098 0.044846
0 0.208640 0.241031 0.037335 0.048127
0 0.915680 0.485060 0.035755 0.041389
0 0.566316 0.162888 0.025932 0.041441
0 0.420469 0.903878 0.038678 0.051586
0 0.410422 0.317237 0.035874 0.043029
0 0.584862 0.763334 0.033903 0.045957
0 0.229462 0.663425 0.037216 0.046487
0 0.212340 0.197641 0.036349 0.049591
0 0.428945 0.779096 0.037335 0.048127
0 0.512105 0.379117 0.046803 0.043153
0 0.729401 0.194742 0.037573 0.051409
0 0.189538 0.489422 0.039427 0.046840
0 0.920634 0.401207 0.035993 0.044670
0 0.160911 0.190257 0.037573 0.051409
0 0.663574 0.401647 0.036231 0.047951
0 0.580580 0.845634 0.037454 0.049768
0 0.713406 0.407945 0.035993 0.044670
0 0.577491 0.888292 0.037216 0.046487
0 0.550082 0.379373 0.022618 0.040912
0 0.187732 0.529795 0.039308 0.045199
0 0.521056 0.247773 0.045936 0.046258
0 0.588385 0.722405 0.037454 0.049768
0 0.563363 0.211377 0.026917 0.039977
0 0.165163 0.146954 0.035007 0.046134
0 0.926811 0.315891 0.035993 0.044670
0 0.233044 0.621675 0.036231 0.047951
0 0.596860 0.597623 0.035874 0.043029
0 0.431422 0.737170 0.036112 0.046310
0 0.322040 0.843348 0.038203 0.045023
0 0.912829 0.524437 0.036231 0.047951
0 0.248505 0.415855 0.034770 0.042853
0 0.184209 0.570725 0.038441 0.048304
0 0.106944 0.225620 0.039664 0.050121
0 0.362514 0.268924 0.036231 0.047951
0 0.577790 0.343965 0.025694 0.038159
0 0.592025 0.679834 0.038322 0.046663
0 0.325503 0.803239 0.037216 0.046487
0 0.245161 0.454323 0.038203 0.045023
0 0.110763 0.180588 0.038441 0.048304
0 0.236132 0.579017 0.038441 0.048304
0 0.310828 0.257350 0.034021 0.047598
0 0.594995 0.638816 0.038560 0.049944
0 0.868771 0.392095 0.036112 0.046310
0 0.666110 0.358900 0.037573 0.051409
0 0.559663 0.254768 0.025694 0.038159
0 0.818208 0.388170 0.035126 0.047774
0 0.242250 0.494521 0.038560 0.049944
0 0.327802 0.763773 0.035874 0.043029
0 0.874948 0.306779 0.036587 0.052873
0 0.924216 0.359458 0.037454 0.049768
0 0.768299 0.375220 0.038441 0.048304
0 0.435003 0.695420 0.035126 0.047774
0 0.219248 0.109951 0.039783 0.051762
0 0.930453 0.273321 0.037573 0.051409
0 0.719346 0.325910 0.038441 0.048304
0 0.168490 0.101015 0.037692 0.053050
0 0.815178 0.430007 0.035007 0.046134
0 0.831531 0.211882 0.039035 0.056508
0 0.151764 0.316591 0.034888 0.044493
0 0.180272 0.617397 0.037692 0.053050
0 0.227044 0.704531 0.040769 0.050297
0 0.366333 0.223893 0.037454 0.049768
0 0.214817 0.155714 0.037335 0.048127
0 0.721941 0.282343 0.037216 0.046487
0 0.147747 0.356612 0.037454 0.049768
0 0.356752 0.348498 0.035874 0.043029
0 0.725523 0.240594 0.038441 0.048304
0 0.580938 0.300487 0.026050 0.043082
0 0.574462 0.930131 0.039545 0.048480
0 0.437854 0.656044 0.034888 0.044493
0 0.659932 0.444217 0.035126 0.047774
0 0.199671 0.364904 0.037216 0.046487
0 0.871741 0.351077 0.036112 0.046310
0 0.711541 0.449140 0.036231 0.047951
0 0.603905 0.515764 0.038322 0.046663
0 0.305263 0.341935 0.034770 0.042853
0 0.933838 0.226561 0.039902 0.053403
0 0.824622 0.299571 0.037335 0.048127
0 0.154912 0.273113 0.039664 0.050121
0 0.239102 0.537999 0.038441 0.048304
0 0.399272 0.478935 0.037573 0.051409
0 0.556022 0.297338 0.024589 0.037983
0 0.765269 0.417058 0.038560 0.049944
0 0.574760 0.385803 0.025575 0.036519
0 0.474818 0.153255 0.036587 0.052873
0 0.318221 0.888379 0.039902 0.053403
0 0.615665 0.353334 0.036112 0.046310
0 0.550236 0.547025 0.036112 0.046310
0 0.270007 0.118887 0.037692 0.053050
0 0.553111 0.337535 0.024708 0.039624
0 0.827652 0.257734 0.037216 0.046487
0 0.770402 0.330745 0.038678 0.051586
0 0.117238 0.091170 0.038797 0.053226
0 0.258846 0.249879 0.036112 0.046310
0 0.628317 0.178599 0.038916 0.054867
0 0.301681 0.383685 0.036468 0.051233
0 0.395275 0.526427 0.036468 0.051233
0 0.918158 0.443134 0.037454 0.049768
0 0.344754 0.514210 0.038084 0.043382
0 0.449912 0.489512 0.036979 0.043206
0 0.600875 0.557602 0.040650 0.048657
0 0.254070 0.331270 0.038441 0.048304
0 0.668527 0.317794 0.035993 0.044670
0 0.446942 0.530529 0.037454 0.049768
0 0.266681 0.164826 0.037454 0.049768
0 0.544671 0.631609 0.037335 0.048127
0 0.255935 0.290076 0.038441 0.048304
0 0.369421 0.181234 0.037216 0.046487
0 0.333486 0.677548 0.035364 0.051057
0 0.250982 0.373928 0.038678 0.051586
0 0.374464 0.134739 0.036468 0.051233
0 0.612755 0.393532 0.035993 0.044670
0 0.262487 0.207309 0.037454 0.049768
0 0.443420 0.571459 0.036112 0.046310
0 0.202700 0.323066 0.037573 0.051409
0 0.408063 0.357522 0.037098 0.044846
0 0.866727 0.435751 0.038678 0.051586
0 0.462956 0.324797 0.034651 0.041212
0 0.821356 0.344690 0.037454 0.049768
0 0.359604 0.309121 0.036112 0.046310
0 0.505714 0.451952 0.045187 0.051003
0 0.547759 0.588951 0.037335 0.048127
0 0.195478 0.407387 0.037216 0.046487
0 0.469448 0.242850 0.033784 0.044317
0 0.440943 0.613385 0.037335 0.048127
0 0.472537 0.200192 0.036231 0.047951
0 0.606875 0.474746 0.036112 0.046310
0 0.342455 0.553675 0.037216 0.046487
0 0.625050 0.223718 0.038322 0.046663
0 0.456345 0.408385 0.033784 0.044317
0 0.330772 0.722756 0.038560 0.049944
0 0.610457 0.432997 0.037098 0.044846
0 0.414555 0.275575 0.036468 0.051233
0 0.338577 0.599526 0.041007 0.053579
0 0.671616 0.275136 0.038678 0.051586
0 0.353230 0.389427 0.037454 0.049768
0 0.350694 0.432175 0.036112 0.046310
0 0.553205 0.506008 0.036112 0.046310
0 0.556788 0.464258 0.037335 0.048127
0 0.621902 0.267197 0.038678 0.051586
0 0.347665 0.474012 0.038441 0.048304
0 0.452211 0.450047 0.036112 0.046310
0 0.460479 0.366723 0.036349 0.049591
0 0.465867 0.284600 0.037454 0.049768
0 0.619188 0.312404 0.035007 0.046134
