0 0.641111 0.459704 0.022222 0.034539
0 0.664444 0.419408 0.022222 0.036184
0 0.706111 0.212993 0.034444 0.050987
0 0.912222 0.299342 0.035556 0.046053
0 0.293333 0.708882 0.035556 0.046053
0 0.861667 0.620888 0.036667 0.050987
0 0.563333 0.502467 0.022222 0.034539
0 0.912222 0.342105 0.035556 0.039474
0 0.098333 0.425164 0.023333 0.037829
0 0.190556 0.422697 0.030000 0.042763
0 0.565000 0.461349 0.021111 0.034539
0 0.537222 0.460526 0.023333 0.032895
0 0.550000 0.382401 0.035556 0.037829
0 0.603333 0.620888 0.033333 0.041118
0 0.537222 0.540296 0.023333 0.034539
0 0.640556 0.342105 0.021111 0.032895
0 0.665000 0.459704 0.021111 0.031250
0 0.395556 0.342928 0.035556 0.037829
0 0.664444 0.340461 0.020000 0.036184
0 0.537222 0.500822 0.023333 0.034539
0 0.641111 0.301809 0.022222 0.037829
0 0.664444 0.299342 0.022222 0.036184
0 0.098889 0.462993 0.022222 0.031250
0 0.498333 0.255757 0.045556 0.041118
0 0.241667 0.345395 0.034444 0.039474
0 0.640556 0.420230 0.021111 0.031250
0 0.538333 0.421053 0.023333 0.036184
0 0.085556 0.304276 0.033333 0.042763
0 0.496667 0.322368 0.042222 0.039474
0 0.641111 0.379112 0.020000 0.031250
0 0.280000 0.787007 0.022222 0.037829
0 0.590000 0.910362 0.022222 0.034539
0 0.087222 0.343750 0.034444 0.039474
0 0.588889 0.746711 0.020000 0.036184
0 0.915000 0.620066 0.038889 0.049342
0 0.613889 0.747533 0.023333 0.034539
0 0.588889 0.828125 0.020000 0.034539
0 0.862778 0.708882 0.036667 0.042763
0 0.294444 0.299342 0.035556 0.046053
0 0.915556 0.709704 0.037778 0.047697
0 0.563889 0.421053 0.021111 0.029605
0 0.394444 0.259046 0.035556 0.034539
0 0.561667 0.746711 0.021111 0.032895
0 0.706667 0.299342 0.035556 0.042763
0 0.613889 0.824836 0.023333 0.031250
0 0.706667 0.259046 0.035556 0.034539
0 0.073333 0.425164 0.022222 0.034539
0 0.538333 0.745066 0.021111 0.036184
0 0.497778 0.157895 0.051111 0.036184
0 0.073333 0.461349 0.020000 0.031250
0 0.915556 0.665296 0.037778 0.044408
0 0.190000 0.342928 0.035556 0.031250
0 0.497222 0.193257 0.047778 0.034539
0 0.088333 0.380757 0.034444 0.037829
0 0.642778 0.501645 0.025556 0.032895
0 0.615000 0.910362 0.023333 0.034539
0 0.280000 0.749178 0.022222 0.031250
0 0.538889 0.788651 0.024444 0.034539
0 0.797778 0.789474 0.024444 0.032895
0 0.588889 0.784539 0.022222 0.029605
0 0.241667 0.382401 0.032222 0.041118
0 0.304444 0.788651 0.022222 0.034539
0 0.139444 0.300987 0.032222 0.042763
0 0.305000 0.747533 0.021111 0.034539
0 0.614444 0.784539 0.024444 0.032895
0 0.798333 0.748355 0.023333 0.036184
0 0.446667 0.339638 0.035556 0.031250
0 0.862778 0.666941 0.034444 0.044408
0 0.497222 0.385691 0.045556 0.031250
0 0.498889 0.537829 0.031111 0.039474
0 0.139444 0.262336 0.034444 0.031250
0 0.497778 0.290296 0.046667 0.031250
0 0.497222 0.356908 0.045556 0.032895
0 0.139444 0.378289 0.034444 0.052632
0 0.589444 0.870888 0.023333 0.031250
0 0.487222 0.731908 0.023333 0.026316
0 0.138889 0.338816 0.033333 0.032895
0 0.497778 0.226151 0.046667 0.027961
0 0.614444 0.869243 0.022222 0.034539
0 0.487222 0.754112 0.021111 0.021382
0 0.809444 0.384046 0.036667 0.047697
0 0.603333 0.302632 0.035556 0.046053
0 0.446111 0.256579 0.036667 0.046053
0 0.913333 0.383224 0.037778 0.046053
0 0.189444 0.259046 0.034444 0.047697
0 0.653889 0.667763 0.034444 0.042763
0 0.810000 0.300164 0.035556 0.047697
0 0.757778 0.301809 0.035556 0.044408
0 0.551667 0.300987 0.036667 0.046053
0 0.860556 0.384868 0.036667 0.046053
0 0.550000 0.620888 0.035556 0.044408
0 0.653889 0.621711 0.034444 0.049342
0 0.602222 0.382401 0.033333 0.041118
0 0.653333 0.708882 0.033333 0.042763
0 0.758333 0.258224 0.034444 0.046053
0 0.240556 0.708059 0.036667 0.044408
0 0.343889 0.341283 0.034444 0.044408
0 0.498333 0.454770 0.038889 0.044408
0 0.293889 0.623355 0.034444 0.046053
0 0.293333 0.666118 0.033333 0.042763
0 0.551667 0.665296 0.034444 0.041118
0 0.294444 0.342928 0.035556 0.041118
0 0.861111 0.343750 0.035556 0.042763
0 0.447222 0.377467 0.036667 0.044408
0 0.295000 0.386513 0.036667 0.046053
0 0.394444 0.213816 0.035556 0.052632
0 0.706111 0.342105 0.034444 0.039474
0 0.241111 0.622533 0.035556 0.047697
0 0.138889 0.216283 0.035556 0.054276
0 0.241111 0.666941 0.035556 0.041118
0 0.860556 0.299342 0.034444 0.046053
0 0.811111 0.342105 0.035556 0.039474
0 0.706667 0.382401 0.035556 0.041118
0 0.447222 0.421875 0.034444 0.041118
0 0.602222 0.707237 0.035556 0.042763
0 0.446111 0.302632 0.034444 0.042763
0 0.395556 0.381579 0.035556 0.042763
0 0.551667 0.706414 0.036667 0.044408
0 0.395556 0.299342 0.035556 0.042763
0 0.241667 0.300987 0.036667 0.046053
0 0.499444 0.497533 0.038889 0.041118
0 0.550556 0.342928 0.034444 0.041118
0 0.190000 0.304276 0.033333 0.042763
0 0.809444 0.620888 0.034444 0.047697
0 0.602222 0.343750 0.033333 0.036184
0 0.811111 0.707237 0.037778 0.042763
0 0.345556 0.383224 0.035556 0.039474
0 0.343889 0.298520 0.036667 0.044408
0 0.604444 0.664474 0.031111 0.042763
0 0.664444 0.379112 0.022222 0.031250
0 0.190556 0.379934 0.034444 0.039474
0 0.810556 0.666118 0.036667 0.042763
