0 0.268295 0.846177 0.036683 0.032446
0 0.505780 0.669379 0.024007 0.019353
0 0.503240 0.861758 0.021240 0.018026
0 0.508027 0.597424 0.021529 0.020879
0 0.506227 0.637105 0.023990 0.018087
0 0.497953 0.394645 0.029302 0.019992
0 0.498468 0.413853 0.031359 0.019722
0 0.496418 0.440053 0.030756 0.032155
0 0.497005 0.463536 0.020979 0.017199
0 0.506154 0.654551 0.021857 0.018436
0 0.503577 0.884815 0.020525 0.026883
0 0.432682 0.854313 0.029634 0.035910
0 0.432860 0.886583 0.034350 0.030005
0 0.099005 0.334525 0.018913 0.025028
0 0.497720 0.337044 0.033452 0.021081
0 0.499902 0.357278 0.028514 0.019975
0 0.498573 0.376935 0.034277 0.022064
0 0.506284 0.685746 0.021519 0.015582
0 0.324799 0.783339 0.035455 0.034000
0 0.710737 0.765002 0.034205 0.033972
0 0.380196 0.755292 0.032933 0.032362
0 0.662452 0.414984 0.032889 0.029198
0 0.896715 0.515926 0.024163 0.030585
0 0.164689 0.428466 0.032955 0.033944
0 0.123457 0.426759 0.025478 0.035359
0 0.658825 0.631710 0.034227 0.035554
0 0.659209 0.604024 0.031662 0.030752
0 0.791302 0.273835 0.021641 0.028948
0 0.883657 0.420686 0.035455 0.034000
0 0.271582 0.653974 0.035455 0.034000
0 0.769795 0.608061 0.035411 0.030835
0 0.705855 0.305171 0.026640 0.029059
0 0.274223 0.463338 0.035521 0.038746
0 0.717609 0.449441 0.034183 0.032390
0 0.544732 0.790594 0.035477 0.035581
0 0.717181 0.480292 0.034205 0.033972
0 0.896518 0.485063 0.022891 0.028976
0 0.869658 0.483676 0.021663 0.030530
0 0.323473 0.879052 0.035433 0.032418
0 0.092738 0.523403 0.024207 0.033750
0 0.711800 0.733375 0.035455 0.034000
0 0.653784 0.860272 0.035411 0.030835
0 0.268108 0.814522 0.035477 0.035581
0 0.718058 0.417010 0.036705 0.034027
0 0.714387 0.636899 0.032911 0.030780
0 0.327012 0.623553 0.035499 0.037163
0 0.547757 0.662477 0.032933 0.032362
0 0.682162 0.165383 0.025434 0.032196
0 0.120454 0.553294 0.022891 0.028976
0 0.275297 0.430921 0.034161 0.030807
0 0.323747 0.814175 0.036683 0.032446
0 0.896945 0.454213 0.025456 0.033778
0 0.770639 0.547152 0.032933 0.032362
0 0.433335 0.754889 0.034183 0.032390
0 0.543658 0.823013 0.034205 0.033972
0 0.765433 0.832683 0.032911 0.030780
0 0.884096 0.389045 0.035411 0.030835
0 0.716140 0.510336 0.035411 0.030835
0 0.709187 0.200007 0.027912 0.030669
0 0.880381 0.612098 0.034161 0.030807
0 0.773049 0.418231 0.034161 0.030807
0 0.607669 0.443837 0.034183 0.032390
0 0.766343 0.767028 0.032933 0.032362
0 0.878265 0.674560 0.034183 0.032390
0 0.709378 0.863088 0.034161 0.030807
0 0.094733 0.424539 0.022891 0.028976
0 0.771383 0.448262 0.034161 0.030807
0 0.166432 0.392897 0.035521 0.038746
0 0.542146 0.887071 0.035433 0.032418
0 0.766792 0.734596 0.035455 0.034000
0 0.881433 0.581262 0.035433 0.032418
0 0.761450 0.307988 0.025391 0.029031
0 0.272908 0.558260 0.032933 0.032362
0 0.268568 0.781299 0.035433 0.032418
0 0.267232 0.877803 0.035433 0.032418
0 0.654068 0.794603 0.034183 0.032390
0 0.768732 0.639688 0.034205 0.033972
0 0.767844 0.703760 0.036683 0.032446
0 0.380382 0.786947 0.034183 0.032390
0 0.121779 0.457581 0.022869 0.027394
0 0.094448 0.490207 0.024163 0.030585
0 0.122908 0.331005 0.024163 0.030585
0 0.899565 0.355364 0.020348 0.025756
0 0.327835 0.654431 0.035258 0.019761
0 0.377883 0.877095 0.034315 0.041882
0 0.495034 0.542618 0.036683 0.032446
0 0.552634 0.400678 0.032955 0.033944
0 0.377609 0.851768 0.033021 0.038690
0 0.507116 0.618056 0.020282 0.021011
0 0.552776 0.435496 0.034205 0.033972
0 0.494168 0.514905 0.039248 0.037246
0 0.715856 0.576005 0.034139 0.029226
0 0.274410 0.494993 0.036683 0.032446
0 0.505911 0.705068 0.020326 0.024174
0 0.330903 0.432946 0.035433 0.032418
0 0.655778 0.761408 0.034227 0.035554
0 0.764124 0.205183 0.025391 0.029031
0 0.330015 0.497018 0.035411 0.030835
0 0.108919 0.393204 0.032933 0.032362
0 0.546869 0.726550 0.035411 0.030835
0 0.507039 0.578491 0.021532 0.021038
0 0.547922 0.695714 0.034227 0.035554
0 0.714814 0.606049 0.032933 0.032362
0 0.439703 0.565919 0.031618 0.027588
0 0.870096 0.452035 0.021575 0.024202
0 0.872650 0.357932 0.021641 0.028948
0 0.488962 0.800434 0.034183 0.032390
0 0.652710 0.892690 0.034183 0.032390
0 0.871138 0.512194 0.022869 0.027394
0 0.769575 0.578780 0.034183 0.032390
0 0.110585 0.363172 0.032889 0.029198
0 0.657456 0.730587 0.034205 0.033972
0 0.329829 0.465364 0.034205 0.033972
0 0.662047 0.444253 0.035455 0.034000
0 0.763756 0.863504 0.035433 0.032418
0 0.763932 0.895950 0.034205 0.033972
0 0.380645 0.722861 0.032999 0.037108
0 0.382190 0.656429 0.031662 0.030752
0 0.768293 0.671328 0.036705 0.034027
0 0.793998 0.169449 0.026684 0.032224
0 0.121539 0.520085 0.021641 0.028948
0 0.710924 0.796656 0.035455 0.034000
0 0.331352 0.400514 0.037998 0.037219
0 0.326158 0.685253 0.035499 0.037163
0 0.735039 0.274168 0.024185 0.032168
0 0.379944 0.818588 0.034183 0.032390
0 0.882518 0.548053 0.036727 0.035609
0 0.093670 0.456166 0.021641 0.028948
0 0.433521 0.786544 0.035433 0.032418
0 0.766507 0.800264 0.034227 0.035554
0 0.879318 0.643725 0.032955 0.033944
0 0.273960 0.527425 0.034205 0.033972
0 0.543198 0.856235 0.034205 0.033972
0 0.328075 0.591927 0.034161 0.030807
0 0.828655 0.420256 0.032933 0.032362
0 0.437620 0.626008 0.034117 0.027644
0 0.272470 0.589901 0.035433 0.032418
0 0.765856 0.170406 0.025434 0.032196
0 0.323297 0.846607 0.036748 0.037191
0 0.271144 0.685615 0.035411 0.030835
0 0.712863 0.701749 0.034205 0.033972
0 0.791795 0.238239 0.024207 0.033750
0 0.121955 0.490027 0.021641 0.028948
0 0.761921 0.273974 0.027912 0.030669
0 0.607209 0.477060 0.034227 0.035554
0 0.436075 0.692440 0.032955 0.033944
0 0.387133 0.434985 0.035455 0.034000
0 0.737768 0.167409 0.024163 0.030585
0 0.663549 0.380984 0.031749 0.037080
0 0.829718 0.388629 0.034183 0.032390
0 0.791445 0.308653 0.025434 0.032196
0 0.763653 0.239197 0.025413 0.030613
0 0.706315 0.271948 0.026640 0.029059
0 0.385456 0.465807 0.035433 0.032418
0 0.271407 0.621528 0.034183 0.032390
0 0.328514 0.560286 0.034161 0.030807
0 0.545192 0.757371 0.037976 0.035637
0 0.434376 0.724844 0.035433 0.032418
0 0.269007 0.749659 0.037933 0.032473
0 0.830178 0.355406 0.036727 0.035609
0 0.654869 0.827063 0.034249 0.037135
0 0.793516 0.204253 0.026684 0.032224
0 0.736168 0.237796 0.022935 0.032140
0 0.434311 0.819794 0.035477 0.035581
0 0.547351 0.601541 0.032911 0.030780
0 0.549466 0.539079 0.032933 0.032362
0 0.164240 0.460897 0.035477 0.035581
0 0.657280 0.698141 0.035433 0.032418
0 0.325248 0.750907 0.035477 0.035581
0 0.878441 0.707006 0.035455 0.034000
0 0.440601 0.501055 0.034205 0.033972
0 0.325686 0.719266 0.035433 0.032418
0 0.441029 0.470206 0.034183 0.032390
0 0.734579 0.307391 0.024141 0.029004
0 0.710453 0.830670 0.035477 0.035581
0 0.547559 0.631614 0.034205 0.033972
0 0.771570 0.479916 0.035455 0.034000
0 0.381993 0.625565 0.032933 0.032362
0 0.103670 0.681898 0.035411 0.030835
0 0.388229 0.400985 0.036727 0.035609
0 0.609193 0.378987 0.035477 0.035581
0 0.383900 0.533030 0.034161 0.030807
0 0.550530 0.507451 0.031683 0.032335
0 0.162476 0.588251 0.032999 0.037108
0 0.270717 0.716464 0.032933 0.032362
0 0.660524 0.509102 0.034161 0.030807
0 0.828228 0.451106 0.032955 0.033944
0 0.607483 0.412182 0.035433 0.032418
0 0.712699 0.668512 0.035455 0.034000
0 0.708951 0.893939 0.036727 0.035609
0 0.658354 0.665724 0.034205 0.033972
0 0.662212 0.477488 0.034205 0.033972
0 0.436524 0.660008 0.032977 0.035526
0 0.162738 0.524165 0.034227 0.035554
0 0.220295 0.430491 0.034183 0.032390
0 0.163791 0.493329 0.035411 0.030835
0 0.706140 0.239503 0.027912 0.030669
0 0.103845 0.714342 0.036727 0.035609
0 0.660261 0.573188 0.032933 0.032362
0 0.549039 0.569928 0.035455 0.034000
0 0.384119 0.562311 0.035433 0.032418
0 0.161686 0.555001 0.032911 0.030780
0 0.774759 0.385036 0.036748 0.037191
0 0.104744 0.649479 0.036727 0.035609
0 0.736025 0.202977 0.024185 0.032168
0 0.221391 0.396491 0.032999 0.037108
0 0.328316 0.529423 0.035477 0.035581
0 0.383056 0.593938 0.034183 0.032390
0 0.661324 0.541561 0.034183 0.032390
0 0.104568 0.617034 0.035455 0.034000
0 0.771735 0.513152 0.034205 0.033972
0 0.679795 0.200938 0.026706 0.033805
0 0.106925 0.582271 0.036748 0.037191
0 0.710897 0.166813 0.025456 0.033778
0 0.716305 0.543573 0.034249 0.037135
0 0.276382 0.397712 0.035499 0.037163
0 0.438672 0.595173 0.035477 0.035581
0 0.827143 0.484315 0.034205 0.033972
0 0.719165 0.382219 0.035499 0.037163
0 0.219835 0.463714 0.036727 0.035609
0 0.440130 0.535069 0.034227 0.035554
0 0.381116 0.688847 0.032977 0.035526
0 0.442103 0.437788 0.035455 0.034000
0 0.385599 0.500626 0.034227 0.035554
0 0.551012 0.472647 0.034227 0.035554
0 0.442596 0.402192 0.035521 0.038746
