0 0.515574 0.606437 0.022657 0.027218
0 0.383071 0.418055 0.033088 0.036035
0 0.382779 0.402217 0.041152 0.068175
0 0.513303 0.578091 0.021045 0.020790
0 0.422676 0.344566 0.022749 0.028796
0 0.521883 0.682797 0.021136 0.022369
0 0.523605 0.701676 0.019890 0.022253
0 0.450102 0.342017 0.022749 0.028796
0 0.366045 0.351416 0.023996 0.028912
0 0.878487 0.121339 0.022749 0.028796
0 0.218468 0.432560 0.035673 0.037845
0 0.108312 0.467389 0.037194 0.042695
0 0.106362 0.444565 0.035673 0.037845
0 0.493845 0.437111 0.036920 0.037961
0 0.451807 0.663133 0.034243 0.034573
0 0.491294 0.371506 0.036462 0.030071
0 0.436533 0.378183 0.036462 0.030071
0 0.517570 0.630050 0.023721 0.024178
0 0.488216 0.340062 0.037011 0.039538
0 0.531849 0.876223 0.023721 0.024178
0 0.402584 0.765280 0.036828 0.036383
0 0.403700 0.795320 0.038075 0.036499
0 0.396955 0.668231 0.034243 0.034573
0 0.531237 0.854861 0.022383 0.022484
0 0.851106 0.124677 0.027827 0.030838
0 0.164154 0.468545 0.034849 0.023643
0 0.823045 0.375577 0.035215 0.029955
0 0.393471 0.348867 0.024179 0.032068
0 0.171036 0.598002 0.036279 0.026914
0 0.450114 0.633939 0.034152 0.032995
0 0.626193 0.838897 0.036737 0.034805
0 0.514577 0.794535 0.033969 0.029839
0 0.624402 0.775601 0.032997 0.034458
0 0.216151 0.403423 0.037011 0.039538
0 0.896787 0.717763 0.035582 0.036267
0 0.881359 0.192466 0.027919 0.032415
0 0.621416 0.745735 0.032997 0.034458
0 0.187998 0.879622 0.032997 0.034458
0 0.885249 0.259532 0.025334 0.030606
0 0.394593 0.638306 0.037983 0.034921
0 0.406291 0.829190 0.036554 0.031649
0 0.178982 0.724186 0.035398 0.033111
0 0.895671 0.687721 0.036828 0.036383
0 0.666486 0.550369 0.035398 0.033111
0 0.627932 0.868879 0.036737 0.034805
0 0.778067 0.572522 0.035490 0.034689
0 0.400222 0.735355 0.037892 0.033342
0 0.458021 0.791859 0.036828 0.036383
0 0.901026 0.780037 0.036737 0.034805
0 0.425903 0.443425 0.019981 0.023830
0 0.768776 0.412352 0.032722 0.029723
0 0.675061 0.709019 0.036554 0.031649
0 0.180675 0.753379 0.035490 0.034689
0 0.612795 0.586296 0.036737 0.034805
0 0.186213 0.848850 0.032905 0.032879
0 0.373557 0.513338 0.022841 0.030374
0 0.823446 0.404098 0.038258 0.039654
0 0.456945 0.503208 0.022932 0.031952
0 0.890718 0.623927 0.036737 0.034805
0 0.347109 0.770435 0.035582 0.036267
0 0.903040 0.814754 0.039596 0.041349
0 0.177105 0.691836 0.032997 0.034458
0 0.897949 0.748592 0.036737 0.034805
0 0.888927 0.560632 0.040294 0.031996
0 0.461189 0.824880 0.036828 0.036383
0 0.893217 0.656219 0.038075 0.036499
0 0.189205 0.911240 0.034426 0.037729
0 0.883189 0.224027 0.025242 0.029028
0 0.683545 0.866090 0.035215 0.029955
0 0.680553 0.803700 0.039230 0.035037
0 0.175183 0.658698 0.033180 0.037613
0 0.491832 0.402394 0.036920 0.037961
0 0.851158 0.157989 0.026764 0.033878
0 0.890134 0.592251 0.039413 0.038192
0 0.220344 0.464909 0.035398 0.033111
0 0.626278 0.807951 0.038075 0.036499
0 0.878584 0.155440 0.026580 0.030722
0 0.173261 0.625559 0.035490 0.034689
0 0.886518 0.529919 0.039321 0.036615
0 0.455028 0.729468 0.035490 0.034689
0 0.618864 0.680131 0.035398 0.033111
0 0.104925 0.409002 0.034518 0.039307
0 0.437117 0.409859 0.036828 0.036383
0 0.880889 0.432869 0.036554 0.031649
0 0.456813 0.760240 0.035582 0.036267
0 0.678722 0.772140 0.036920 0.037961
0 0.853218 0.193495 0.026672 0.032300
0 0.676800 0.739001 0.036737 0.034805
0 0.776814 0.540115 0.034335 0.036151
0 0.374947 0.548112 0.024270 0.033647
0 0.270546 0.390436 0.036828 0.036383
0 0.185051 0.818021 0.034243 0.034573
0 0.877903 0.403003 0.039230 0.035037
0 0.765601 0.346805 0.037103 0.041117
0 0.348939 0.801996 0.035582 0.036267
0 0.671263 0.643530 0.036645 0.033226
0 0.405222 0.573063 0.024362 0.035224
0 0.614002 0.617915 0.037983 0.034921
0 0.620163 0.713327 0.034518 0.039307
0 0.607251 0.458301 0.032814 0.031301
0 0.710978 0.355849 0.036828 0.036383
0 0.681760 0.835319 0.038166 0.038077
0 0.770470 0.441545 0.035490 0.034689
0 0.617079 0.649359 0.037983 0.034921
0 0.602875 0.393660 0.034060 0.031417
0 0.720806 0.546907 0.034335 0.036151
0 0.884642 0.497569 0.036920 0.037961
0 0.448283 0.602378 0.031842 0.035919
0 0.612880 0.555351 0.035582 0.036267
0 0.667556 0.579620 0.034243 0.034573
0 0.159063 0.402383 0.038258 0.039654
0 0.882005 0.462911 0.037983 0.034921
0 0.715755 0.449011 0.035398 0.033111
0 0.714015 0.419028 0.035398 0.033111
0 0.824973 0.441240 0.036920 0.037961
0 0.212891 0.368823 0.039321 0.036615
0 0.408122 0.860751 0.036920 0.037961
0 0.342194 0.674906 0.036554 0.031649
0 0.774314 0.507823 0.032997 0.034458
0 0.350816 0.834345 0.035307 0.031533
0 0.655949 0.390314 0.035490 0.034689
0 0.772969 0.473837 0.036828 0.036383
0 0.609134 0.523175 0.036737 0.034805
0 0.607166 0.489247 0.036828 0.036383
0 0.279350 0.553031 0.035398 0.033111
0 0.276312 0.489852 0.036828 0.036383
0 0.660233 0.453377 0.036737 0.034805
0 0.332326 0.515583 0.038166 0.038077
0 0.281902 0.618635 0.038166 0.038077
0 0.273137 0.424306 0.038166 0.038077
0 0.718930 0.514557 0.036920 0.037961
0 0.662064 0.484938 0.036737 0.034805
0 0.520465 0.666556 0.021608 0.013403
0 0.513879 0.562957 0.019803 0.016484
0 0.502864 0.548623 0.027615 0.010712
0 0.821306 0.345595 0.035582 0.036267
0 0.453730 0.696272 0.036920 0.037961
0 0.875495 0.372290 0.038075 0.036499
0 0.454622 0.441549 0.025608 0.035340
0 0.601044 0.362099 0.036920 0.037961
0 0.496191 0.461563 0.032072 0.018519
0 0.501303 0.533276 0.037443 0.025610
0 0.518760 0.650564 0.023538 0.021022
0 0.169251 0.567229 0.037103 0.041117
0 0.274436 0.457502 0.036737 0.034805
0 0.343447 0.707314 0.038075 0.036499
0 0.277565 0.522259 0.035490 0.034689
0 0.664032 0.518866 0.036828 0.036383
0 0.498579 0.507906 0.035289 0.031218
0 0.111230 0.539305 0.036920 0.037961
0 0.334872 0.548664 0.036737 0.034805
0 0.281181 0.584591 0.035582 0.036267
0 0.338487 0.610996 0.036828 0.036383
0 0.766992 0.381581 0.035673 0.037845
0 0.329380 0.453982 0.036920 0.037961
0 0.109885 0.505320 0.038075 0.036499
0 0.327990 0.419208 0.032997 0.034458
0 0.455160 0.472436 0.022657 0.027218
0 0.402184 0.509884 0.025608 0.035340
0 0.386549 0.478020 0.035582 0.036267
0 0.545523 0.366466 0.035948 0.042579
0 0.447076 0.570760 0.035398 0.033111
0 0.339786 0.644193 0.035582 0.036267
0 0.393871 0.604263 0.040751 0.039886
0 0.654604 0.356328 0.034518 0.039307
0 0.874728 0.337457 0.038258 0.039654
0 0.426973 0.472676 0.024179 0.032068
0 0.167192 0.531724 0.036828 0.036383
0 0.670055 0.611911 0.035582 0.036267
0 0.352555 0.864329 0.035490 0.034689
0 0.336657 0.579435 0.036645 0.033226
0 0.717585 0.480571 0.035582 0.036267
0 0.443907 0.537737 0.033271 0.039191
0 0.404015 0.541445 0.022749 0.028796
0 0.819292 0.310878 0.038258 0.039654
0 0.708295 0.320401 0.038166 0.038077
0 0.331211 0.485543 0.036554 0.031649
0 0.326691 0.386011 0.036920 0.037961
0 0.221506 0.495739 0.036737 0.034805
0 0.605329 0.425163 0.035673 0.037845
0 0.398345 0.703005 0.038166 0.038077
0 0.163038 0.438505 0.037011 0.039538
0 0.658403 0.421817 0.034243 0.034573
0 0.353808 0.896736 0.034335 0.036151
0 0.165939 0.499316 0.032997 0.034458
0 0.345993 0.740395 0.036828 0.036383
0 0.712900 0.388987 0.036828 0.036383
0 0.384856 0.448826 0.035307 0.031533
0 0.673808 0.676611 0.038258 0.039654
0 0.182597 0.786518 0.038166 0.038077
