0 0.295000 0.706414 0.036667 0.047697
0 0.822778 0.541118 0.023333 0.036184
0 0.797222 0.541941 0.023333 0.037829
0 0.822778 0.667763 0.021111 0.036184
0 0.861667 0.667763 0.034444 0.042763
0 0.796667 0.626645 0.022222 0.039474
0 0.811111 0.371711 0.035556 0.046053
0 0.821667 0.623355 0.023333 0.036184
0 0.913889 0.291941 0.036667 0.047697
0 0.602778 0.710526 0.036667 0.042763
0 0.191667 0.706414 0.034444 0.044408
0 0.077778 0.375822 0.024444 0.037829
0 0.796667 0.711349 0.024444 0.037829
0 0.592778 0.419408 0.023333 0.036184
0 0.437778 0.375000 0.024444 0.039474
0 0.708333 0.250822 0.034444 0.037829
0 0.914444 0.377467 0.037778 0.047697
0 0.140000 0.708882 0.037778 0.046053
0 0.823333 0.580592 0.024444 0.036184
0 0.140556 0.666118 0.036667 0.042763
0 0.759444 0.292763 0.034444 0.042763
0 0.437778 0.417763 0.024444 0.036184
0 0.550000 0.708882 0.033333 0.042763
0 0.088889 0.294408 0.033333 0.042763
0 0.141111 0.379934 0.035556 0.046053
0 0.243333 0.665296 0.035556 0.041118
0 0.398333 0.250000 0.034444 0.039474
0 0.590556 0.458059 0.023333 0.034539
0 0.398889 0.203947 0.033333 0.049342
0 0.242778 0.707237 0.036667 0.046053
0 0.810556 0.289474 0.036667 0.052632
0 0.192778 0.337171 0.034444 0.042763
0 0.760000 0.247533 0.035556 0.047697
0 0.864444 0.375822 0.033333 0.044408
0 0.192222 0.620066 0.033333 0.049342
0 0.141667 0.337171 0.034444 0.042763
0 0.296667 0.337171 0.033333 0.039474
0 0.347222 0.332237 0.034444 0.039474
0 0.861667 0.622533 0.034444 0.047697
0 0.707778 0.292763 0.035556 0.046053
0 0.295000 0.620066 0.034444 0.049342
0 0.603333 0.333882 0.035556 0.042763
0 0.088889 0.249178 0.037778 0.047697
0 0.655556 0.333882 0.035556 0.039474
0 0.397778 0.291941 0.035556 0.044408
0 0.501111 0.450658 0.040000 0.046053
0 0.861667 0.710526 0.036667 0.046053
0 0.707778 0.203125 0.035556 0.054276
0 0.244444 0.334704 0.035556 0.041118
0 0.500556 0.494243 0.041111 0.041118
0 0.450000 0.291941 0.033333 0.044408
0 0.140556 0.620066 0.036667 0.049342
0 0.603889 0.624178 0.034444 0.047697
0 0.348333 0.375822 0.036667 0.047697
0 0.192778 0.378289 0.034444 0.039474
0 0.243333 0.620066 0.035556 0.049342
0 0.551111 0.667763 0.035556 0.039474
0 0.192778 0.289474 0.034444 0.049342
0 0.499444 0.346217 0.043333 0.034539
0 0.126111 0.870888 0.025556 0.034539
0 0.500000 0.310855 0.044444 0.039474
0 0.500556 0.280428 0.043333 0.031250
0 0.500556 0.212993 0.045556 0.027961
0 0.499444 0.376645 0.043333 0.036184
0 0.088333 0.333059 0.036667 0.027961
0 0.501111 0.536184 0.035556 0.039474
0 0.228889 0.871711 0.024444 0.032895
0 0.499444 0.148026 0.045556 0.032895
0 0.602778 0.667763 0.034444 0.039474
0 0.797778 0.417763 0.020000 0.036184
0 0.129444 0.750822 0.027778 0.034539
0 0.231111 0.749178 0.024444 0.031250
0 0.499444 0.181743 0.043333 0.034539
0 0.180556 0.749178 0.023333 0.037829
0 0.500556 0.245888 0.043333 0.041118
0 0.863333 0.333882 0.033333 0.039474
0 0.179444 0.788651 0.023333 0.034539
0 0.230000 0.789474 0.026667 0.036184
0 0.488333 0.740132 0.021111 0.026316
0 0.848889 0.832237 0.024444 0.032895
0 0.076667 0.417763 0.024444 0.036184
0 0.914444 0.333882 0.035556 0.039474
0 0.797222 0.502467 0.023333 0.034539
0 0.848889 0.791118 0.024444 0.032895
0 0.823333 0.418586 0.024444 0.037829
0 0.295556 0.663651 0.033333 0.041118
0 0.797778 0.670230 0.022222 0.034539
0 0.759444 0.335526 0.036667 0.039474
0 0.192222 0.664474 0.035556 0.042763
0 0.849444 0.754934 0.025556 0.032895
0 0.450556 0.333882 0.036667 0.036184
0 0.823889 0.500822 0.023333 0.037829
0 0.823889 0.458882 0.023333 0.036184
0 0.128333 0.789474 0.025556 0.036184
0 0.797222 0.458882 0.023333 0.039474
0 0.862778 0.292763 0.034444 0.046053
0 0.603333 0.289474 0.035556 0.046053
0 0.551667 0.333882 0.034444 0.042763
0 0.551667 0.621711 0.036667 0.049342
0 0.551111 0.288651 0.035556 0.044408
0 0.656111 0.290296 0.034444 0.047697
0 0.244444 0.290296 0.035556 0.047697
0 0.551667 0.375000 0.032222 0.042763
0 0.296667 0.291941 0.035556 0.047697
0 0.296111 0.376645 0.034444 0.042763
0 0.243889 0.375000 0.034444 0.039474
0 0.450000 0.245888 0.035556 0.047697
0 0.141111 0.291941 0.035556 0.047697
0 0.348333 0.287829 0.036667 0.049342
0 0.603333 0.375822 0.035556 0.044408
0 0.655556 0.375822 0.037778 0.044408
