0 0.900556 0.826765 0.023333 0.034483
0 0.911667 0.375205 0.038889 0.044335
0 0.395556 0.663383 0.035556 0.039409
0 0.926111 0.456486 0.021111 0.036125
0 0.901111 0.454844 0.022222 0.036125
0 0.086111 0.336617 0.032222 0.039409
0 0.703889 0.291461 0.036667 0.041051
0 0.600556 0.335796 0.036667 0.037767
0 0.345556 0.704433 0.037778 0.045977
0 0.201111 0.458128 0.020000 0.032841
0 0.588333 0.746305 0.021111 0.034483
0 0.901667 0.785714 0.023333 0.034483
0 0.445000 0.620690 0.034444 0.049261
0 0.705000 0.206076 0.034444 0.054187
0 0.927778 0.745484 0.022222 0.032841
0 0.497778 0.185550 0.042222 0.039409
0 0.799444 0.787356 0.027778 0.034483
0 0.612778 0.457307 0.023333 0.034483
0 0.331111 0.457307 0.022222 0.031199
0 0.587222 0.457307 0.023333 0.037767
0 0.355000 0.746305 0.023333 0.034483
0 0.176667 0.458949 0.022222 0.034483
0 0.911111 0.293924 0.037778 0.045977
0 0.799444 0.747947 0.025556 0.037767
0 0.176667 0.420361 0.020000 0.032841
0 0.495556 0.316913 0.042222 0.039409
0 0.330556 0.539409 0.023333 0.031199
0 0.331667 0.499179 0.023333 0.036125
0 0.613333 0.743842 0.022222 0.032841
0 0.601111 0.704433 0.033333 0.042693
0 0.756111 0.415435 0.034444 0.036125
0 0.926111 0.784893 0.023333 0.036125
0 0.356111 0.414614 0.021111 0.034483
0 0.446111 0.665025 0.034444 0.039409
0 0.900556 0.866995 0.021111 0.036125
0 0.927222 0.868637 0.025556 0.036125
0 0.612778 0.828407 0.021111 0.034483
0 0.926667 0.414614 0.022222 0.034483
0 0.241667 0.252053 0.034444 0.031199
0 0.927222 0.825123 0.023333 0.034483
0 0.332222 0.417077 0.022222 0.036125
0 0.901111 0.745484 0.022222 0.036125
0 0.611667 0.415435 0.025556 0.036125
0 0.497778 0.151067 0.046667 0.032841
0 0.586667 0.415435 0.022222 0.032841
0 0.138333 0.335796 0.034444 0.034483
0 0.293333 0.334975 0.035556 0.029557
0 0.355000 0.866174 0.023333 0.034483
0 0.087222 0.254516 0.036667 0.032841
0 0.497222 0.535304 0.030000 0.039409
0 0.356111 0.786535 0.021111 0.036125
0 0.292222 0.417898 0.035556 0.034483
0 0.588333 0.785714 0.021111 0.031199
0 0.355000 0.827586 0.023333 0.032841
0 0.497778 0.249589 0.042222 0.039409
0 0.328889 0.912972 0.022222 0.032841
0 0.612778 0.787356 0.023333 0.037767
0 0.755556 0.332512 0.033333 0.031199
0 0.446667 0.707718 0.037778 0.045977
0 0.495556 0.351396 0.042222 0.032841
0 0.925556 0.911330 0.024444 0.036125
0 0.330000 0.826765 0.022222 0.037767
0 0.901111 0.912151 0.022222 0.034483
0 0.495556 0.379310 0.044444 0.036125
0 0.485556 0.737274 0.022222 0.026273
0 0.137778 0.417898 0.037778 0.027915
0 0.703889 0.333333 0.036667 0.036125
0 0.330556 0.785714 0.023333 0.034483
0 0.911667 0.333333 0.034444 0.036125
0 0.807778 0.334154 0.033333 0.037767
0 0.329444 0.866995 0.023333 0.036125
0 0.331667 0.744663 0.021111 0.034483
0 0.497778 0.219212 0.044444 0.027915
0 0.588889 0.868637 0.024444 0.036125
0 0.496667 0.284893 0.040000 0.031199
0 0.704444 0.251232 0.033333 0.032841
0 0.798333 0.868637 0.025556 0.039409
0 0.900556 0.417077 0.023333 0.032841
0 0.355556 0.910509 0.022222 0.037767
0 0.486061 0.755624 0.031611 0.009212
0 0.446667 0.292282 0.035556 0.045977
0 0.496667 0.494253 0.037778 0.042693
0 0.344444 0.293924 0.033333 0.049261
0 0.138889 0.250411 0.035556 0.047619
0 0.394444 0.293103 0.035556 0.047619
0 0.294444 0.249589 0.035556 0.049261
0 0.652778 0.662562 0.036667 0.044335
0 0.446111 0.376847 0.036667 0.044335
0 0.241667 0.207718 0.036667 0.054187
0 0.190556 0.294745 0.036667 0.050903
0 0.652778 0.375205 0.034444 0.044335
0 0.808889 0.662562 0.035556 0.041051
0 0.497222 0.450739 0.041111 0.044335
0 0.086667 0.208539 0.035556 0.052545
0 0.549444 0.706897 0.036667 0.044335
0 0.548333 0.663383 0.034444 0.042693
0 0.190556 0.376026 0.034444 0.049261
0 0.858333 0.293103 0.036667 0.044335
0 0.241667 0.376847 0.036667 0.044335
0 0.548333 0.293103 0.036667 0.044335
0 0.600556 0.292282 0.036667 0.049261
0 0.138333 0.295567 0.034444 0.042693
0 0.241667 0.294745 0.034444 0.047619
0 0.806667 0.376026 0.037778 0.045977
0 0.860000 0.374384 0.035556 0.042693
0 0.858889 0.334154 0.037778 0.041051
0 0.396111 0.376026 0.036667 0.042693
0 0.652778 0.707718 0.036667 0.045977
0 0.086667 0.376026 0.035556 0.042693
0 0.601111 0.663383 0.033333 0.042693
0 0.548333 0.336617 0.034444 0.039409
0 0.652222 0.619048 0.033333 0.045977
0 0.808333 0.618227 0.034444 0.047619
0 0.395556 0.336617 0.035556 0.039409
0 0.446111 0.336617 0.034444 0.039409
0 0.548889 0.376847 0.035556 0.044335
0 0.393889 0.619869 0.034444 0.047619
0 0.242222 0.335796 0.035556 0.037767
0 0.293333 0.295567 0.033333 0.042693
0 0.756111 0.250411 0.034444 0.047619
0 0.548889 0.617406 0.035556 0.045977
0 0.914444 0.616585 0.035556 0.047619
0 0.394444 0.705255 0.037778 0.047619
0 0.809444 0.705255 0.036667 0.044335
0 0.345000 0.376026 0.036667 0.042693
0 0.651111 0.292282 0.035556 0.045977
0 0.704444 0.374384 0.037778 0.045977
0 0.860556 0.618227 0.034444 0.047619
0 0.343889 0.336617 0.034444 0.039409
0 0.137778 0.376026 0.035556 0.045977
0 0.861667 0.663383 0.034444 0.042693
0 0.293333 0.374384 0.035556 0.045977
0 0.807222 0.293103 0.034444 0.044335
0 0.914444 0.661741 0.037778 0.042693
0 0.086667 0.293103 0.035556 0.044335
0 0.601667 0.618227 0.032222 0.047619
0 0.914444 0.706076 0.037778 0.045977
0 0.755556 0.295567 0.033333 0.042693
0 0.356111 0.455665 0.021111 0.037767
0 0.651667 0.334975 0.034444 0.039409
0 0.343889 0.663383 0.034444 0.039409
0 0.343889 0.619048 0.034444 0.049261
0 0.201667 0.417898 0.021111 0.031199
0 0.756111 0.371921 0.034444 0.044335
0 0.356111 0.497537 0.018889 0.029557
0 0.600556 0.374384 0.036667 0.039409
0 0.588333 0.825944 0.023333 0.036125
0 0.902222 0.496716 0.026667 0.037767
0 0.862222 0.705255 0.037778 0.044335
