0 0.499444 0.492599 0.043333 0.031250
0 0.240556 0.287007 0.034444 0.031250
0 0.811111 0.870066 0.035556 0.046053
0 0.293889 0.291118 0.032222 0.042763
0 0.448333 0.247533 0.032222 0.041118
0 0.346111 0.705592 0.034444 0.039474
0 0.655556 0.703947 0.035556 0.042763
0 0.140556 0.499178 0.034444 0.041118
0 0.811111 0.290296 0.033333 0.041118
0 0.603333 0.245888 0.035556 0.041118
0 0.912222 0.456414 0.035556 0.044408
0 0.863333 0.619243 0.033333 0.041118
0 0.190556 0.746711 0.034444 0.042763
0 0.138889 0.455592 0.035556 0.042763
0 0.912778 0.499178 0.034444 0.041118
0 0.655000 0.745888 0.034444 0.041118
0 0.088333 0.831414 0.034444 0.044408
0 0.190556 0.915296 0.036667 0.044408
0 0.241111 0.497533 0.035556 0.041118
0 0.343333 0.160362 0.035556 0.047697
0 0.190000 0.789474 0.033333 0.039474
0 0.551667 0.247533 0.032222 0.041118
0 0.862222 0.578947 0.031111 0.039474
0 0.551667 0.289474 0.034444 0.039474
0 0.811667 0.828125 0.034444 0.041118
0 0.912222 0.411184 0.035556 0.042763
0 0.603889 0.204770 0.036667 0.041118
0 0.603333 0.537007 0.035556 0.041118
0 0.295000 0.747533 0.036667 0.044408
0 0.810556 0.785362 0.036667 0.041118
0 0.191111 0.662007 0.035556 0.044408
0 0.396111 0.580592 0.034444 0.042763
0 0.447778 0.161184 0.035556 0.049342
0 0.603889 0.453947 0.034444 0.046053
0 0.087778 0.665296 0.035556 0.041118
0 0.190000 0.413651 0.033333 0.041118
0 0.139444 0.333059 0.032222 0.037829
0 0.139444 0.413651 0.034444 0.041118
0 0.759444 0.372533 0.034444 0.041118
0 0.656111 0.286184 0.034444 0.046053
0 0.655556 0.413651 0.031111 0.041118
0 0.552222 0.493421 0.033333 0.042763
0 0.140556 0.539474 0.034444 0.042763
0 0.190556 0.829770 0.034444 0.041118
0 0.087778 0.414474 0.035556 0.042763
0 0.395556 0.162007 0.035556 0.047697
0 0.087778 0.622533 0.035556 0.044408
0 0.345556 0.495888 0.035556 0.037829
0 0.551667 0.203125 0.034444 0.044408
0 0.293333 0.414474 0.033333 0.039474
0 0.604444 0.328125 0.035556 0.044408
0 0.140556 0.581414 0.034444 0.041118
0 0.811111 0.577303 0.033333 0.042763
0 0.087778 0.915296 0.037778 0.047697
0 0.242222 0.662007 0.035556 0.044408
0 0.294444 0.579770 0.035556 0.041118
0 0.655556 0.660362 0.035556 0.044408
0 0.344444 0.250000 0.033333 0.042763
0 0.759444 0.744243 0.034444 0.041118
0 0.656667 0.454770 0.033333 0.041118
0 0.087222 0.706414 0.034444 0.044408
0 0.810556 0.372533 0.034444 0.044408
0 0.343333 0.206414 0.035556 0.044408
0 0.760000 0.828125 0.035556 0.041118
0 0.293889 0.495888 0.032222 0.041118
0 0.603333 0.286184 0.035556 0.039474
0 0.395000 0.331414 0.034444 0.041118
0 0.810556 0.745066 0.034444 0.039474
0 0.189444 0.620066 0.034444 0.039474
0 0.086667 0.372533 0.035556 0.041118
0 0.758889 0.161184 0.035556 0.046053
0 0.190000 0.500822 0.033333 0.037829
0 0.602778 0.578125 0.034444 0.037829
0 0.861667 0.826480 0.034444 0.041118
0 0.395556 0.499178 0.035556 0.037829
0 0.759444 0.413651 0.034444 0.041118
0 0.087222 0.458059 0.034444 0.041118
0 0.759444 0.869243 0.036667 0.044408
0 0.487000 0.735938 0.020444 0.014967
0 0.485556 0.718750 0.023333 0.021053
0 0.759444 0.703125 0.034444 0.037829
0 0.240556 0.329770 0.034444 0.044408
0 0.552222 0.535362 0.033333 0.041118
0 0.913333 0.662829 0.035556 0.042763
0 0.292778 0.332237 0.034444 0.039474
0 0.759444 0.246711 0.034444 0.042763
0 0.758889 0.453947 0.033333 0.039474
0 0.810556 0.918586 0.036667 0.047697
0 0.913889 0.745066 0.036667 0.042763
0 0.656111 0.328947 0.030000 0.039474
0 0.190000 0.537829 0.031111 0.036184
0 0.189444 0.703947 0.034444 0.039474
0 0.603889 0.412007 0.036667 0.041118
0 0.343889 0.456414 0.034444 0.041118
0 0.191111 0.871711 0.035556 0.042763
0 0.861667 0.246711 0.034444 0.042763
0 0.396667 0.662829 0.035556 0.042763
0 0.811667 0.330592 0.034444 0.039474
0 0.707222 0.332237 0.036667 0.042763
0 0.088333 0.748355 0.034444 0.039474
0 0.295000 0.620066 0.034444 0.039474
0 0.811667 0.537007 0.034444 0.037829
0 0.656667 0.495888 0.033333 0.041118
0 0.861667 0.291118 0.034444 0.042763
0 0.759444 0.205592 0.034444 0.039474
0 0.241667 0.620888 0.036667 0.034539
0 0.912778 0.541118 0.034444 0.039474
0 0.760000 0.785362 0.035556 0.041118
0 0.861111 0.537007 0.033333 0.044408
0 0.913889 0.580592 0.034444 0.039474
0 0.190556 0.373355 0.032222 0.039474
0 0.811111 0.247533 0.033333 0.041118
0 0.707778 0.287007 0.035556 0.044408
0 0.811111 0.201480 0.033333 0.047697
0 0.603889 0.744243 0.036667 0.044408
0 0.603889 0.158717 0.036667 0.047697
0 0.758889 0.914474 0.035556 0.046053
0 0.241667 0.415296 0.034444 0.037829
0 0.139444 0.705592 0.034444 0.039474
0 0.604444 0.496711 0.033333 0.039474
0 0.447222 0.290296 0.034444 0.041118
0 0.293889 0.537007 0.034444 0.044408
0 0.500000 0.449836 0.042222 0.044408
0 0.603889 0.372533 0.034444 0.041118
0 0.811667 0.617599 0.034444 0.041118
0 0.861667 0.456414 0.034444 0.044408
0 0.138889 0.372533 0.033333 0.037829
0 0.345556 0.745888 0.037778 0.041118
0 0.293333 0.704770 0.035556 0.044408
0 0.139444 0.748355 0.036667 0.042763
0 0.395000 0.291941 0.034444 0.041118
0 0.551667 0.157072 0.034444 0.047697
0 0.758889 0.495066 0.035556 0.042763
0 0.760556 0.662829 0.034444 0.042763
0 0.086111 0.291118 0.036667 0.046053
0 0.811111 0.453125 0.035556 0.044408
0 0.140000 0.665296 0.035556 0.041118
0 0.345556 0.535362 0.035556 0.041118
0 0.811111 0.496711 0.033333 0.042763
0 0.343333 0.292763 0.035556 0.042763
0 0.394444 0.250000 0.033333 0.039474
0 0.395556 0.458059 0.035556 0.044408
0 0.448333 0.375000 0.034444 0.042763
0 0.551111 0.371711 0.033333 0.039474
0 0.138889 0.291118 0.033333 0.046053
0 0.139444 0.622533 0.034444 0.044408
0 0.395000 0.415296 0.034444 0.041118
0 0.293889 0.454770 0.032222 0.041118
0 0.447778 0.207237 0.033333 0.039474
0 0.190000 0.578947 0.035556 0.042763
0 0.603889 0.912007 0.036667 0.047697
0 0.344444 0.333059 0.033333 0.041118
0 0.656111 0.371711 0.032222 0.042763
0 0.396111 0.538651 0.034444 0.044408
0 0.551667 0.331414 0.032222 0.041118
0 0.759444 0.578125 0.034444 0.044408
0 0.551111 0.413651 0.035556 0.044408
0 0.811111 0.703947 0.035556 0.039474
0 0.241667 0.538651 0.034444 0.041118
0 0.395000 0.208059 0.034444 0.041118
0 0.862222 0.662007 0.035556 0.041118
0 0.395556 0.622533 0.033333 0.041118
0 0.241111 0.455592 0.035556 0.042763
0 0.293333 0.372533 0.033333 0.044408
0 0.447778 0.332237 0.033333 0.042763
0 0.190556 0.457237 0.034444 0.046053
0 0.344444 0.374178 0.033333 0.041118
0 0.240000 0.374178 0.035556 0.041118
0 0.395000 0.373355 0.034444 0.042763
0 0.293889 0.661184 0.034444 0.042763
0 0.811111 0.660362 0.035556 0.044408
0 0.242222 0.581414 0.035556 0.044408
0 0.345556 0.621711 0.035556 0.042763
0 0.343889 0.415296 0.034444 0.041118
0 0.345556 0.664474 0.035556 0.042763
0 0.345000 0.578947 0.034444 0.042763
0 0.086667 0.539474 0.035556 0.036184
0 0.915000 0.828947 0.034444 0.039474
0 0.551667 0.453125 0.030000 0.034539
0 0.151667 0.789474 0.021111 0.032895
0 0.603889 0.702303 0.034444 0.042763
0 0.499444 0.245066 0.043333 0.039474
0 0.912778 0.245888 0.036667 0.041118
0 0.605000 0.868421 0.034444 0.036184
0 0.914444 0.870066 0.035556 0.039474
0 0.293889 0.208882 0.036667 0.046053
0 0.396667 0.746711 0.033333 0.042763
0 0.396667 0.785362 0.033333 0.037829
0 0.913333 0.288651 0.035556 0.041118
0 0.396667 0.826480 0.028889 0.041118
0 0.604444 0.784539 0.035556 0.036184
0 0.153333 0.913651 0.024444 0.034539
0 0.760000 0.287829 0.033333 0.039474
0 0.127222 0.912829 0.023333 0.036184
0 0.397222 0.705592 0.034444 0.042763
0 0.498333 0.180921 0.041111 0.036184
0 0.862222 0.869243 0.035556 0.044408
0 0.498333 0.145559 0.043333 0.034539
0 0.498889 0.277961 0.044444 0.029605
0 0.126667 0.871711 0.022222 0.029605
0 0.498889 0.212171 0.044444 0.029605
0 0.497778 0.344572 0.044444 0.031250
0 0.127222 0.790296 0.021111 0.031250
0 0.497222 0.375822 0.043333 0.037829
0 0.202222 0.330592 0.022222 0.032895
0 0.152778 0.872533 0.023333 0.037829
0 0.758889 0.333059 0.033333 0.034539
0 0.862222 0.703125 0.035556 0.041118
0 0.293333 0.162007 0.035556 0.047697
0 0.863889 0.913651 0.036667 0.044408
0 0.913333 0.329770 0.037778 0.041118
0 0.655000 0.578947 0.032222 0.036184
0 0.151667 0.830592 0.023333 0.036184
0 0.604444 0.661184 0.035556 0.036184
0 0.176667 0.332237 0.022222 0.032895
0 0.861667 0.375000 0.034444 0.039474
0 0.603889 0.618421 0.034444 0.046053
0 0.126111 0.831414 0.021111 0.034539
0 0.242222 0.705592 0.035556 0.042763
0 0.861111 0.203125 0.035556 0.044408
0 0.293333 0.250822 0.033333 0.034539
0 0.088333 0.872533 0.034444 0.037829
0 0.759444 0.535362 0.036667 0.041118
0 0.655556 0.828125 0.035556 0.041118
0 0.913889 0.786184 0.036667 0.042763
0 0.655000 0.786184 0.034444 0.039474
0 0.551667 0.576480 0.030000 0.041118
0 0.655556 0.869243 0.035556 0.041118
0 0.087778 0.498355 0.035556 0.042763
0 0.656667 0.537829 0.033333 0.046053
0 0.086667 0.332237 0.035556 0.039474
0 0.913889 0.703947 0.036667 0.039474
0 0.861667 0.334704 0.034444 0.044408
0 0.861667 0.786184 0.034444 0.039474
0 0.655000 0.616776 0.032222 0.039474
0 0.913333 0.201480 0.035556 0.044408
0 0.759444 0.620066 0.032222 0.036184
0 0.201111 0.288651 0.020000 0.037829
0 0.862222 0.495888 0.033333 0.037829
0 0.913889 0.619243 0.034444 0.041118
0 0.915556 0.914474 0.037778 0.049342
0 0.912778 0.370066 0.034444 0.039474
0 0.486733 0.749984 0.022222 0.012500
0 0.656111 0.912007 0.036667 0.047697
0 0.088889 0.788651 0.033333 0.041118
0 0.177222 0.287829 0.021111 0.036184
0 0.087778 0.578947 0.033333 0.039474
0 0.810556 0.412007 0.034444 0.037829
0 0.861667 0.414474 0.034444 0.039474
0 0.497778 0.311678 0.042222 0.037829
0 0.862778 0.745888 0.034444 0.044408
0 0.603889 0.825658 0.036667 0.046053
