0 0.654164 0.483966 0.036447 0.041250
0 0.703627 0.435383 0.035411 0.044481
0 0.596717 0.235083 0.033115 0.041081
0 0.495015 0.236118 0.045368 0.043343
0 0.082131 0.169799 0.038857 0.049581
0 0.656600 0.565306 0.033077 0.039437
0 0.194026 0.633981 0.036523 0.044537
0 0.189597 0.466344 0.035335 0.041194
0 0.239729 0.422663 0.035259 0.037906
0 0.857606 0.387268 0.034263 0.042781
0 0.449858 0.495133 0.034187 0.039493
0 0.552557 0.489110 0.035411 0.044481
0 0.752595 0.269156 0.034187 0.039493
0 0.548128 0.321474 0.036447 0.041250
0 0.549077 0.362568 0.036447 0.041250
0 0.558885 0.738936 0.036599 0.047825
0 0.906242 0.254795 0.037747 0.049524
0 0.907344 0.302465 0.037671 0.046237
0 0.696121 0.134600 0.034453 0.051000
0 0.697731 0.228323 0.033191 0.044368
0 0.298267 0.670669 0.038857 0.049581
0 0.653195 0.442051 0.036485 0.042893
0 0.451738 0.576500 0.034225 0.041138
0 0.805490 0.393197 0.034263 0.042781
0 0.551137 0.403606 0.034301 0.044425
0 0.551014 0.446400 0.034225 0.041138
0 0.250524 0.841770 0.033267 0.047656
0 0.290999 0.332023 0.033153 0.042724
0 0.290301 0.374024 0.034301 0.044425
0 0.648606 0.315564 0.035373 0.042837
0 0.655094 0.524239 0.036485 0.042893
0 0.288102 0.158548 0.037709 0.047881
0 0.193058 0.592065 0.036485 0.042893
0 0.699273 0.271033 0.034301 0.044425
0 0.289024 0.246547 0.035449 0.046125
0 0.861086 0.513810 0.035449 0.046125
0 0.644005 0.140530 0.038819 0.047938
0 0.802509 0.264161 0.036599 0.047825
0 0.296292 0.585193 0.034263 0.042781
0 0.648173 0.272798 0.034263 0.042781
0 0.188101 0.377552 0.036523 0.044537
0 0.297242 0.626287 0.034187 0.039493
0 0.859111 0.428334 0.035373 0.042837
0 0.133664 0.210801 0.035563 0.051056
0 0.135320 0.258443 0.036523 0.044537
0 0.750535 0.228118 0.036561 0.046181
0 0.243151 0.546740 0.034263 0.042781
0 0.338035 0.154375 0.035563 0.051056
0 0.597111 0.276206 0.034301 0.044425
0 0.754888 0.392468 0.035373 0.042837
0 0.240641 0.462114 0.033191 0.044368
0 0.697797 0.183064 0.033229 0.046012
0 0.450808 0.536227 0.036561 0.046181
0 0.245107 0.631395 0.034301 0.044425
0 0.248606 0.758759 0.033153 0.042724
0 0.856656 0.346173 0.034263 0.042781
0 0.242183 0.504824 0.034225 0.041138
0 0.810323 0.554231 0.036637 0.049468
0 0.803553 0.309365 0.034263 0.042781
0 0.544619 0.145561 0.033343 0.050944
0 0.557954 0.698664 0.036409 0.039606
0 0.294374 0.502182 0.036447 0.041250
0 0.289475 0.290135 0.036523 0.044537
0 0.340699 0.245576 0.036561 0.046181
0 0.186654 0.338952 0.035297 0.039550
0 0.237302 0.293599 0.034263 0.042781
0 0.860060 0.469428 0.035373 0.042837
0 0.746685 0.133686 0.040006 0.051281
0 0.239871 0.380691 0.037671 0.046237
0 0.851021 0.174483 0.037633 0.044593
0 0.850457 0.125963 0.038857 0.049581
0 0.185215 0.252625 0.034377 0.047713
0 0.652246 0.400956 0.036485 0.042893
0 0.646650 0.230910 0.035487 0.047769
0 0.755875 0.435206 0.037671 0.046237
0 0.189184 0.424400 0.036561 0.046181
0 0.238845 0.336309 0.035449 0.046125
0 0.448890 0.453217 0.036523 0.044537
0 0.657530 0.605578 0.037633 0.044593
0 0.342712 0.332697 0.036485 0.042893
0 0.245559 0.674984 0.035373 0.042837
0 0.598117 0.319766 0.036561 0.046181
0 0.393445 0.242905 0.037671 0.046237
0 0.555857 0.655982 0.034339 0.046069
0 0.594552 0.141388 0.037785 0.051168
0 0.446003 0.328290 0.036523 0.044537
0 0.340209 0.200344 0.035411 0.044481
0 0.519597 0.746686 0.021668 0.025725
0 0.519052 0.723097 0.021642 0.024574
0 0.342279 0.289930 0.037671 0.046237
0 0.444921 0.281442 0.036637 0.049468
0 0.753384 0.351401 0.036485 0.042893
0 0.500375 0.444027 0.042150 0.048106
0 0.650148 0.358274 0.036561 0.046181
0 0.546746 0.237613 0.037633 0.044593
0 0.748361 0.182149 0.038857 0.049581
0 0.235251 0.204835 0.036713 0.052756
0 0.247619 0.716021 0.035373 0.042837
0 0.545184 0.194081 0.034339 0.046069
0 0.244120 0.588657 0.036523 0.044537
0 0.447309 0.408863 0.037709 0.047881
0 0.186796 0.296979 0.035411 0.044481
0 0.393916 0.287315 0.036561 0.046181
0 0.391309 0.198580 0.037671 0.046237
0 0.390744 0.150061 0.038895 0.051225
0 0.236890 0.251655 0.035411 0.044481
0 0.452208 0.620910 0.037709 0.047881
0 0.645624 0.186527 0.037633 0.044593
0 0.292276 0.459500 0.036523 0.044537
0 0.752989 0.310279 0.035373 0.042837
0 0.292418 0.417527 0.036485 0.042893
0 0.344273 0.376228 0.037709 0.047881
0 0.855151 0.305107 0.035373 0.042837
0 0.703233 0.394260 0.034149 0.037849
0 0.852584 0.218015 0.036637 0.049468
0 0.083645 0.259413 0.037709 0.047881
0 0.555387 0.611572 0.033077 0.039437
0 0.854145 0.261547 0.035411 0.044481
0 0.248981 0.799060 0.034225 0.041138
0 0.293640 0.542538 0.035373 0.042837
0 0.499092 0.340414 0.044067 0.035068
0 0.499738 0.368357 0.044067 0.035068
0 0.807887 0.472893 0.033115 0.041081
0 0.806975 0.433442 0.030818 0.037681
0 0.501879 0.485093 0.040660 0.031612
0 0.494811 0.203214 0.046175 0.030250
0 0.701747 0.354016 0.035449 0.046125
0 0.298163 0.714285 0.034225 0.041138
0 0.194976 0.675075 0.034225 0.041138
0 0.199856 0.886301 0.034187 0.039493
0 0.870913 0.891000 0.037633 0.044593
0 0.870480 0.848234 0.036523 0.044537
0 0.494070 0.171161 0.044143 0.038355
0 0.302037 0.881951 0.036599 0.047825
0 0.706233 0.524118 0.036599 0.047825
0 0.907756 0.344409 0.036447 0.041250
0 0.559929 0.784141 0.036485 0.042893
0 0.493272 0.136641 0.044143 0.038355
0 0.084867 0.384424 0.034225 0.041138
0 0.560879 0.825235 0.036561 0.046181
0 0.197468 0.758880 0.037557 0.041306
0 0.552875 0.526945 0.036295 0.034675
0 0.496368 0.270609 0.044029 0.033424
0 0.705246 0.481380 0.034301 0.044425
0 0.197900 0.801646 0.036599 0.047825
0 0.087924 0.516748 0.038705 0.043005
0 0.085854 0.427162 0.036599 0.047825
0 0.554399 0.568834 0.037671 0.046237
0 0.300147 0.752035 0.034225 0.041138
0 0.862628 0.556521 0.036561 0.046181
0 0.805076 0.351253 0.035487 0.047769
0 0.195963 0.717814 0.036523 0.044537
0 0.560699 0.865563 0.036447 0.041250
0 0.863004 0.596821 0.035259 0.037906
0 0.867593 0.723307 0.034225 0.041138
0 0.595673 0.189879 0.035525 0.049412
0 0.562280 0.909917 0.037785 0.051168
0 0.870124 0.808756 0.035335 0.041194
0 0.192089 0.550148 0.036523 0.044537
0 0.200824 0.928217 0.036599 0.047825
0 0.447452 0.366890 0.035145 0.032975
0 0.864960 0.681476 0.033153 0.042724
0 0.867988 0.764430 0.037633 0.044593
0 0.864508 0.637887 0.036523 0.044537
0 0.305265 0.925398 0.036485 0.042893
0 0.088911 0.559486 0.038781 0.046294
0 0.301671 0.793924 0.035373 0.042837
0 0.083484 0.300563 0.035259 0.037906
0 0.547734 0.280351 0.035335 0.041194
0 0.086917 0.473189 0.038743 0.044650
0 0.085008 0.342452 0.036561 0.046181
0 0.198371 0.846056 0.037633 0.044593
0 0.288018 0.202986 0.033115 0.041081
0 0.184792 0.162134 0.035411 0.044481
0 0.303788 0.837428 0.035411 0.044481
0 0.908706 0.385503 0.036599 0.047825
0 0.190566 0.508261 0.035373 0.042837
0 0.185262 0.206543 0.034301 0.044425
0 0.498257 0.304250 0.044219 0.041644
0 0.808817 0.513165 0.035297 0.039550
0 0.082046 0.214238 0.036485 0.042893
0 0.701334 0.312071 0.034225 0.041138
