0 0.679346 0.661361 0.041403 0.053411
0 0.325481 0.462059 0.026902 0.038558
0 0.495383 0.452688 0.046870 0.054871
0 0.834962 0.241505 0.041009 0.050168
0 0.734653 0.270796 0.041206 0.051790
0 0.633502 0.297801 0.037925 0.050914
0 0.567858 0.603244 0.038712 0.057399
0 0.275623 0.390836 0.042890 0.056946
0 0.668463 0.576385 0.040507 0.054741
0 0.583199 0.311231 0.037531 0.047672
0 0.331945 0.501344 0.026005 0.039887
0 0.467019 0.219129 0.049256 0.039663
0 0.211118 0.700997 0.039609 0.056070
0 0.414568 0.642495 0.040900 0.057983
0 0.880342 0.187541 0.039609 0.056070
0 0.465614 0.630541 0.039412 0.054449
0 0.374899 0.743479 0.038319 0.054157
0 0.369330 0.702280 0.036635 0.049001
0 0.328660 0.376676 0.036635 0.049001
0 0.839239 0.281374 0.039719 0.048256
0 0.637582 0.336049 0.038821 0.049584
0 0.922160 0.508653 0.040507 0.054741
0 0.124269 0.432081 0.038625 0.047963
0 0.870666 0.521564 0.038122 0.052535
0 0.470580 0.676085 0.037531 0.047672
0 0.617165 0.590918 0.038516 0.055778
0 0.429811 0.349671 0.037334 0.046050
0 0.221455 0.786119 0.041206 0.051790
0 0.890285 0.269420 0.041206 0.051790
0 0.875982 0.565341 0.037728 0.049292
0 0.784758 0.255745 0.039018 0.051206
0 0.931010 0.590825 0.040310 0.053119
0 0.056323 0.318817 0.042191 0.059897
0 0.270854 0.346913 0.038821 0.049584
0 0.220246 0.367120 0.038821 0.049584
0 0.215887 0.744920 0.037728 0.049292
0 0.266129 0.307999 0.038428 0.046342
0 0.628847 0.673169 0.039609 0.056070
0 0.420180 0.688705 0.037728 0.049292
0 0.825036 0.578105 0.038625 0.047963
0 0.885560 0.230507 0.038625 0.047963
0 0.740024 0.310374 0.039916 0.049877
0 0.670733 0.199979 0.039215 0.052827
0 0.067503 0.406224 0.042496 0.053703
0 0.910967 0.346758 0.029680 0.044006
0 0.351725 0.455052 0.024321 0.034732
0 0.926186 0.551100 0.037531 0.047672
0 0.838302 0.361974 0.024715 0.037974
0 0.832581 0.324164 0.026705 0.036936
0 0.357195 0.495440 0.023622 0.037683
0 0.789134 0.296425 0.037925 0.050914
0 0.379903 0.366343 0.037334 0.046050
0 0.880457 0.606832 0.036832 0.050622
0 0.474857 0.715955 0.037028 0.052243
0 0.480681 0.317676 0.047176 0.048677
0 0.830898 0.621737 0.040507 0.054741
0 0.424456 0.728574 0.039018 0.051206
0 0.862655 0.357983 0.026705 0.036936
0 0.677788 0.244129 0.040507 0.054741
0 0.061738 0.363405 0.038231 0.044721
0 0.383633 0.406359 0.040507 0.054741
0 0.459153 0.154356 0.050063 0.046310
0 0.916337 0.386336 0.027601 0.035607
0 0.463737 0.187448 0.049167 0.047640
0 0.476196 0.285395 0.047482 0.042483
0 0.505470 0.540388 0.034842 0.051660
0 0.906045 0.306224 0.029286 0.040763
0 0.488163 0.379289 0.046782 0.045434
0 0.545436 0.743982 0.024824 0.030160
0 0.071835 0.441895 0.040134 0.034247
0 0.859023 0.318778 0.026705 0.036936
0 0.541738 0.718186 0.024124 0.033111
0 0.485264 0.350769 0.045098 0.040279
0 0.470761 0.249936 0.048289 0.049131
0 0.500700 0.496465 0.044683 0.054287
0 0.374039 0.322713 0.042191 0.059897
0 0.528226 0.281548 0.039215 0.052827
0 0.576691 0.266934 0.041097 0.059605
0 0.536082 0.364822 0.039215 0.052827
0 0.323092 0.335477 0.038319 0.054157
0 0.169451 0.376496 0.039412 0.054449
0 0.434285 0.391162 0.039412 0.054449
0 0.119149 0.389925 0.039412 0.054449
0 0.628831 0.254689 0.039215 0.052827
0 0.333036 0.417356 0.038122 0.052535
0 0.730430 0.226727 0.041600 0.055033
0 0.425435 0.308991 0.039215 0.052827
0 0.260265 0.264369 0.041097 0.059605
0 0.587674 0.352721 0.041403 0.053411
0 0.532799 0.323849 0.037728 0.049292
0 0.364364 0.656735 0.041097 0.059605
0 0.179690 0.460807 0.039412 0.054449
0 0.829941 0.200160 0.039412 0.054449
0 0.573273 0.647832 0.037728 0.049292
0 0.128940 0.475193 0.043284 0.060189
0 0.175118 0.418506 0.040113 0.051498
0 0.076702 0.486629 0.044181 0.058859
0 0.779638 0.213589 0.039412 0.054449
0 0.215181 0.320764 0.041294 0.061226
0 0.673878 0.620973 0.037728 0.049292
0 0.577747 0.689323 0.041600 0.055033
0 0.819818 0.535139 0.039609 0.056070
