0 0.115660 0.552886 0.034746 0.036370
0 0.173101 0.613523 0.033405 0.033150
0 0.124627 0.837471 0.033405 0.033150
0 0.172593 0.638881 0.036181 0.042753
0 0.490452 0.600993 0.023180 0.024774
0 0.225906 0.516041 0.034561 0.030046
0 0.117468 0.614553 0.034746 0.036370
0 0.492678 0.698265 0.019386 0.023017
0 0.497383 0.880131 0.020728 0.026237
0 0.176809 0.740019 0.033405 0.033150
0 0.119923 0.676980 0.036042 0.038010
0 0.177018 0.768509 0.032156 0.033091
0 0.609807 0.469509 0.034561 0.030046
0 0.885841 0.391625 0.033405 0.033150
0 0.168768 0.487057 0.034654 0.033208
0 0.125880 0.901539 0.034700 0.034789
0 0.493348 0.678441 0.021838 0.021553
0 0.117724 0.644624 0.035903 0.033267
0 0.491746 0.581139 0.024290 0.020089
0 0.123631 0.803475 0.035949 0.034848
0 0.126780 0.868246 0.036042 0.038010
0 0.121478 0.772701 0.035810 0.030104
0 0.276512 0.364827 0.037523 0.045975
0 0.224006 0.451212 0.034654 0.033208
0 0.224448 0.487609 0.036088 0.039592
0 0.120873 0.709395 0.035903 0.033267
0 0.886166 0.424069 0.029518 0.028230
0 0.176743 0.801772 0.034746 0.036370
0 0.891659 0.611441 0.034561 0.030046
0 0.113736 0.487267 0.032109 0.031509
0 0.611173 0.494778 0.033497 0.036312
0 0.722722 0.587707 0.033405 0.033150
0 0.782339 0.679910 0.029379 0.023486
0 0.497290 0.855594 0.021931 0.024715
0 0.178965 0.834919 0.034654 0.033208
0 0.121823 0.741809 0.036042 0.038010
0 0.891290 0.641542 0.034654 0.033208
0 0.728975 0.715667 0.033405 0.033150
0 0.112856 0.457224 0.032109 0.031509
0 0.897523 0.832837 0.033405 0.033150
0 0.779907 0.618272 0.033219 0.026824
0 0.897267 0.802765 0.032156 0.033091
0 0.169024 0.517129 0.033405 0.033150
0 0.345101 0.827115 0.034468 0.026883
0 0.111882 0.424019 0.037291 0.038068
0 0.828403 0.395115 0.030767 0.028289
0 0.181444 0.898137 0.035903 0.033267
0 0.175257 0.708424 0.037245 0.036488
0 0.174931 0.675980 0.035949 0.034848
0 0.228016 0.609360 0.033312 0.029987
0 0.565574 0.816760 0.030721 0.026707
0 0.180517 0.866514 0.035903 0.033267
0 0.331498 0.384411 0.030999 0.036194
0 0.279619 0.513518 0.032063 0.029928
0 0.727447 0.684863 0.034793 0.037951
0 0.554776 0.469718 0.034700 0.034789
0 0.720011 0.495208 0.030860 0.031450
0 0.896317 0.770350 0.032202 0.034672
0 0.729836 0.809045 0.032156 0.033091
0 0.728308 0.778241 0.030953 0.034613
0 0.278739 0.483475 0.032156 0.033091
0 0.334535 0.509355 0.034561 0.030046
0 0.894789 0.739546 0.033405 0.033150
0 0.839458 0.772229 0.033405 0.033150
0 0.722466 0.557636 0.032156 0.033091
0 0.621463 0.845803 0.033405 0.033150
0 0.670216 0.652717 0.034700 0.034789
0 0.676774 0.876456 0.037152 0.033326
0 0.334326 0.480864 0.033405 0.033150
0 0.725826 0.650896 0.035996 0.036429
0 0.608903 0.438675 0.037291 0.038068
0 0.674203 0.810075 0.035903 0.033267
0 0.344151 0.794702 0.034607 0.031626
0 0.393252 0.634850 0.034654 0.033208
0 0.671422 0.715203 0.033405 0.033150
0 0.732361 0.873845 0.035996 0.036429
0 0.782017 0.711593 0.034839 0.039533
0 0.386161 0.414303 0.033358 0.031568
0 0.398814 0.824593 0.034654 0.033208
0 0.448839 0.632239 0.030906 0.033032
0 0.888924 0.518150 0.034654 0.033208
0 0.831855 0.491538 0.034607 0.031626
0 0.621789 0.878247 0.034700 0.034789
0 0.785446 0.807224 0.033451 0.034731
0 0.778631 0.553415 0.034561 0.030046
0 0.343200 0.762287 0.034654 0.033208
0 0.665301 0.463735 0.033312 0.029987
0 0.392926 0.602406 0.033451 0.034731
0 0.665557 0.493807 0.034654 0.033208
0 0.282052 0.575154 0.036088 0.039592
0 0.345357 0.857188 0.035996 0.036429
0 0.618659 0.750141 0.033451 0.034731
0 0.560640 0.691114 0.033358 0.031568
0 0.776824 0.491748 0.034654 0.033208
0 0.562145 0.721127 0.034607 0.031626
0 0.839179 0.741366 0.034700 0.034789
0 0.671166 0.685131 0.034654 0.033208
0 0.675801 0.843251 0.034746 0.036370
0 0.888645 0.487288 0.033451 0.034731
0 0.227136 0.579318 0.035996 0.036429
0 0.668129 0.560188 0.035903 0.033267
0 0.615253 0.655298 0.032109 0.031509
0 0.718782 0.431931 0.034607 0.031626
0 0.662869 0.402098 0.034654 0.033208
0 0.338891 0.636612 0.033358 0.031568
0 0.606309 0.371504 0.033405 0.033150
0 0.456045 0.856738 0.034746 0.036370
0 0.336040 0.539369 0.035996 0.036429
0 0.717878 0.401098 0.032156 0.033091
0 0.661896 0.368893 0.037245 0.036488
0 0.614350 0.624465 0.032248 0.036253
0 0.775920 0.460914 0.034607 0.031626
0 0.893838 0.707132 0.036042 0.038010
0 0.339818 0.668235 0.033451 0.034731
0 0.454098 0.790329 0.034839 0.039533
0 0.388570 0.475150 0.034654 0.033208
0 0.455118 0.825115 0.034654 0.033208
0 0.838205 0.708161 0.034700 0.034789
0 0.831622 0.462257 0.033405 0.033150
0 0.393508 0.664922 0.035903 0.033267
0 0.781435 0.649077 0.034793 0.037951
0 0.552297 0.406500 0.030860 0.031450
0 0.665045 0.433664 0.034654 0.033208
0 0.395707 0.697278 0.033451 0.034731
0 0.445988 0.534996 0.030860 0.031450
0 0.608508 0.403860 0.035949 0.034848
0 0.448490 0.599005 0.032156 0.033091
0 0.616828 0.687684 0.033497 0.036312
0 0.389544 0.508355 0.034746 0.036370
0 0.556886 0.563038 0.033451 0.034731
0 0.666554 0.527803 0.034700 0.034789
0 0.830025 0.429081 0.034839 0.039533
0 0.446915 0.566619 0.033451 0.034731
0 0.385188 0.381098 0.036042 0.038010
0 0.779605 0.586620 0.037337 0.039650
0 0.442070 0.380010 0.037291 0.038068
0 0.613353 0.590470 0.034700 0.034789
0 0.492160 0.659260 0.023027 0.019556
0 0.500845 0.507481 0.039534 0.029490
0 0.491681 0.621597 0.021843 0.021711
0 0.497016 0.376875 0.034204 0.017870
0 0.509137 0.790356 0.031938 0.025659
0 0.496182 0.348414 0.037351 0.040124
0 0.499345 0.456330 0.032211 0.034988
0 0.491636 0.641392 0.023036 0.019872
0 0.498377 0.423282 0.034700 0.034789
0 0.114055 0.519473 0.035889 0.032792
0 0.116511 0.584030 0.030996 0.030147
0 0.496945 0.395563 0.030464 0.022653
0 0.500155 0.531541 0.031377 0.022301
0 0.500628 0.547867 0.028535 0.009993
0 0.510074 0.806099 0.031994 0.008861
0 0.563421 0.785986 0.033451 0.034731
0 0.898543 0.867623 0.035996 0.036429
0 0.556304 0.500523 0.033405 0.033150
0 0.391351 0.570021 0.034654 0.033208
0 0.729879 0.746500 0.033358 0.031568
0 0.773418 0.396906 0.033219 0.026824
0 0.279876 0.543590 0.033312 0.029987
0 0.841033 0.804614 0.034607 0.031626
0 0.619842 0.811836 0.034700 0.034789
0 0.228920 0.640193 0.036135 0.041173
0 0.167841 0.455433 0.032156 0.033091
0 0.893443 0.672317 0.032109 0.031509
0 0.564321 0.752693 0.032202 0.034672
0 0.559387 0.627047 0.032156 0.033091
0 0.731388 0.840640 0.030906 0.033032
0 0.166290 0.423839 0.033497 0.036312
0 0.221876 0.421228 0.034746 0.036370
0 0.225538 0.546142 0.034654 0.033208
0 0.783014 0.745588 0.034607 0.031626
0 0.786745 0.872874 0.037245 0.036488
0 0.887695 0.454873 0.033405 0.033150
0 0.618938 0.781003 0.034654 0.033208
0 0.567474 0.881589 0.035903 0.033267
0 0.669335 0.622674 0.032109 0.031509
0 0.452198 0.725500 0.034654 0.033208
0 0.456949 0.887572 0.034515 0.028465
0 0.279084 0.452583 0.034607 0.031626
0 0.673900 0.778421 0.032156 0.033091
0 0.834520 0.582456 0.032156 0.033091
0 0.453749 0.757095 0.028315 0.029752
0 0.332843 0.451642 0.032109 0.031509
0 0.444460 0.504192 0.032156 0.033091
0 0.390471 0.539978 0.032156 0.033091
0 0.721470 0.523640 0.034700 0.034789
0 0.889157 0.547432 0.033358 0.031568
0 0.786419 0.840430 0.033451 0.034731
0 0.613051 0.558816 0.033266 0.028406
0 0.443579 0.474149 0.034654 0.033208
0 0.342898 0.730633 0.033405 0.033150
0 0.672372 0.747618 0.033451 0.034731
0 0.784519 0.775601 0.033451 0.034731
0 0.556606 0.532175 0.032156 0.033091
0 0.842006 0.837819 0.034793 0.037951
0 0.833617 0.551624 0.029611 0.031392
0 0.836049 0.613261 0.033451 0.034731
0 0.170576 0.548724 0.034654 0.033208
0 0.401339 0.889393 0.033405 0.033150
0 0.442396 0.412454 0.035810 0.030104
0 0.890755 0.580607 0.034700 0.034789
0 0.724899 0.619273 0.033405 0.033150
0 0.451387 0.697829 0.034607 0.031626
0 0.550722 0.374115 0.037245 0.036488
0 0.387042 0.444346 0.030860 0.031450
0 0.567126 0.848355 0.034746 0.036370
0 0.449765 0.663863 0.033497 0.036312
0 0.171549 0.581929 0.034746 0.036370
0 0.341370 0.699830 0.032202 0.034672
0 0.836700 0.678148 0.030860 0.031450
0 0.617778 0.720098 0.033358 0.031568
0 0.347001 0.891945 0.034654 0.033208
0 0.397259 0.728872 0.032109 0.031509
0 0.399182 0.794492 0.034654 0.033208
0 0.400412 0.857768 0.033497 0.036312
0 0.828795 0.365804 0.033405 0.033150
0 0.553825 0.437304 0.032156 0.033091
0 0.836398 0.646495 0.032202 0.034672
0 0.336389 0.572602 0.034654 0.033208
0 0.278134 0.420169 0.034839 0.039533
0 0.777727 0.522581 0.034700 0.034789
0 0.559736 0.660281 0.033497 0.036312
0 0.332448 0.416826 0.033544 0.037892
0 0.719708 0.463555 0.034700 0.034789
0 0.337941 0.604197 0.033405 0.033150
0 0.443300 0.443287 0.035949 0.034848
0 0.771867 0.365312 0.034839 0.039533
0 0.612170 0.528774 0.033451 0.034731
0 0.669033 0.591021 0.035949 0.034848
0 0.398209 0.761286 0.032248 0.036253
0 0.716233 0.366341 0.035996 0.036429
0 0.774345 0.428530 0.033497 0.036312
0 0.558460 0.595423 0.034654 0.033208
0 0.833337 0.520761 0.033405 0.033150
