0 0.740981 0.329521 0.042504 0.053342
0 0.543587 0.250954 0.048728 0.054562
0 0.209786 0.028400 0.041084 0.056635
0 0.561143 0.151044 0.050260 0.051904
0 0.555556 0.186693 0.050056 0.056405
0 0.201459 0.072124 0.039841 0.055268
0 0.522603 0.379009 0.048931 0.050061
0 0.469039 0.754207 0.022284 0.021986
0 0.471561 0.738820 0.022680 0.023543
0 0.473714 0.725511 0.021491 0.018874
0 0.528046 0.350321 0.048534 0.047485
0 0.663428 0.776593 0.037410 0.052853
0 0.777599 0.735089 0.039278 0.052097
0 0.407509 0.416005 0.039791 0.049340
0 0.434764 0.557003 0.041429 0.052927
0 0.300724 0.114676 0.041148 0.051341
0 0.514269 0.720712 0.042785 0.054928
0 0.798856 0.611969 0.041197 0.057270
0 0.699722 0.879565 0.043629 0.059686
0 0.348997 0.438323 0.037410 0.052853
0 0.698094 0.571381 0.040072 0.050925
0 0.733528 0.371550 0.040634 0.054098
0 0.832819 0.410723 0.041429 0.052927
0 0.249847 0.398357 0.038485 0.053268
0 0.841272 0.670705 0.040634 0.054098
0 0.362686 0.354646 0.039841 0.055268
0 0.377682 0.276555 0.038435 0.047339
0 0.586122 0.315497 0.036054 0.050852
0 0.213668 0.297971 0.038485 0.053268
0 0.508180 0.450627 0.047647 0.059760
0 0.450703 0.169180 0.040684 0.060026
0 0.905582 0.301553 0.043629 0.059686
0 0.605453 0.799119 0.039278 0.052097
0 0.612980 0.455495 0.037922 0.050096
0 0.705918 0.533733 0.037922 0.050096
0 0.356053 0.395295 0.038485 0.053268
0 0.819692 0.491229 0.041710 0.054513
0 0.299831 0.417651 0.040684 0.060026
0 0.506841 0.759361 0.041429 0.052927
0 0.718085 0.455398 0.039560 0.053683
0 0.313356 0.338146 0.040072 0.050925
0 0.655322 0.815827 0.038997 0.050511
0 0.890512 0.389782 0.041710 0.054513
0 0.234570 0.478033 0.040916 0.055683
0 0.572061 0.394795 0.040353 0.052512
0 0.529314 0.635863 0.040916 0.055683
0 0.764074 0.814595 0.038204 0.051682
0 0.720699 0.758031 0.040122 0.056855
0 0.749872 0.894687 0.040634 0.054098
0 0.806210 0.874917 0.040353 0.052512
0 0.827865 0.752798 0.040353 0.052512
0 0.848584 0.629470 0.042785 0.054928
0 0.235744 0.173473 0.039328 0.058026
0 0.898361 0.348754 0.042785 0.054928
0 0.784091 0.695233 0.040353 0.052512
0 0.557784 0.776483 0.038997 0.050511
0 0.448569 0.475912 0.033904 0.050023
0 0.691997 0.612238 0.040353 0.052512
0 0.748293 0.288286 0.043066 0.056513
0 0.351693 0.128420 0.042041 0.062028
0 0.285588 0.193560 0.042273 0.057685
0 0.500091 0.797424 0.039278 0.052097
0 0.676910 0.392905 0.037641 0.048510
0 0.676952 0.697087 0.038485 0.053268
0 0.628704 0.370061 0.042835 0.060856
0 0.684363 0.350877 0.041197 0.057270
0 0.712411 0.493876 0.038997 0.050511
0 0.306747 0.375415 0.037641 0.048510
0 0.184660 0.157144 0.040916 0.055683
0 0.882778 0.433396 0.041991 0.056099
0 0.706241 0.836329 0.038204 0.051682
0 0.094755 0.725689 0.027404 0.041603
0 0.501944 0.492278 0.046984 0.044729
0 0.109098 0.644805 0.027404 0.041603
0 0.536552 0.896223 0.039841 0.055268
0 0.062579 0.758174 0.027685 0.043190
0 0.600109 0.537795 0.039841 0.055268
0 0.196423 0.680207 0.036054 0.050852
0 0.376575 0.881919 0.040353 0.052512
0 0.039274 0.666147 0.040072 0.050925
0 0.600738 0.835426 0.039510 0.047754
0 0.211419 0.602116 0.040634 0.054098
0 0.378427 0.576773 0.039560 0.053683
0 0.477593 0.924300 0.044141 0.056928
0 0.176811 0.198172 0.040866 0.049755
0 0.543045 0.856367 0.036054 0.050852
0 0.068662 0.500413 0.039791 0.049340
0 0.270964 0.276030 0.042273 0.057685
0 0.119936 0.217733 0.040634 0.054098
0 0.384706 0.839304 0.041991 0.056099
0 0.483574 0.880857 0.043066 0.056513
0 0.799857 0.913981 0.039560 0.053683
0 0.635702 0.936189 0.043066 0.056513
0 0.784447 0.392051 0.038716 0.048925
0 0.262437 0.317643 0.039841 0.055268
0 0.533020 0.317029 0.048953 0.055831
0 0.728499 0.993085 0.043348 0.013830
0 0.370718 0.617007 0.040916 0.055683
0 0.862364 0.551758 0.042785 0.054928
0 0.256481 0.357708 0.036566 0.048095
0 0.205397 0.341378 0.040403 0.058441
0 0.643162 0.291763 0.039228 0.046168
0 0.577843 0.961303 0.044703 0.060101
0 0.082889 0.416943 0.039560 0.053683
0 0.412150 0.681294 0.040072 0.050925
0 0.405260 0.720150 0.040353 0.052512
0 0.641658 0.896126 0.040353 0.052512
0 0.592823 0.575651 0.037079 0.045338
0 0.841065 0.370696 0.041148 0.051341
0 0.124577 0.483022 0.042504 0.053342
0 0.492383 0.837658 0.038485 0.053268
0 0.053219 0.584262 0.041429 0.052927
0 0.127785 0.176706 0.041710 0.054513
0 0.792826 0.953630 0.041710 0.054513
0 0.149482 0.358768 0.041429 0.052927
0 0.075974 0.459178 0.040916 0.055683
0 0.134064 0.439238 0.044703 0.060101
0 0.112905 0.257382 0.040634 0.054098
0 0.226042 0.519646 0.040634 0.054098
0 0.749947 0.593090 0.038997 0.050511
0 0.648829 0.855684 0.040634 0.054098
0 0.327483 0.559650 0.038153 0.045753
0 0.601192 0.227269 0.039560 0.053683
0 0.419321 0.640851 0.040916 0.055683
0 0.549728 0.517501 0.039560 0.053683
0 0.046586 0.624912 0.041197 0.057270
0 0.354879 0.699855 0.042785 0.054928
0 0.826326 0.450579 0.040353 0.052512
0 0.770568 0.774739 0.034979 0.050438
0 0.312463 0.641119 0.041197 0.057270
0 0.278135 0.235588 0.039278 0.052097
0 0.570630 0.697562 0.039841 0.055268
0 0.820974 0.791654 0.037922 0.050096
0 0.585577 0.917688 0.041710 0.054513
0 0.805357 0.261172 0.041991 0.056099
0 0.813125 0.832681 0.040122 0.056855
0 0.105056 0.298410 0.041710 0.054513
0 0.308458 0.071062 0.042554 0.059271
0 0.293578 0.151740 0.039791 0.049340
0 0.336085 0.216441 0.039510 0.047754
0 0.061350 0.541648 0.043629 0.059686
0 0.791478 0.352402 0.039841 0.055268
0 0.385458 0.537124 0.038997 0.050511
0 0.456674 0.436677 0.031192 0.046021
0 0.493350 0.233088 0.038435 0.047339
0 0.362050 0.659414 0.043066 0.056513
0 0.319915 0.599092 0.040916 0.055683
0 0.190327 0.721064 0.040634 0.054098
0 0.727151 0.413992 0.040916 0.055683
0 0.123977 0.564128 0.029041 0.045191
0 0.183412 0.763300 0.041991 0.056099
0 0.283662 0.800301 0.039278 0.052097
0 0.146103 0.141413 0.028760 0.043605
0 0.548702 0.218869 0.050210 0.045974
0 0.089452 0.768547 0.030397 0.047191
0 0.070031 0.716146 0.027404 0.041603
0 0.106144 0.515729 0.025486 0.036431
0 0.948090 0.366256 0.041197 0.057270
0 0.538106 0.285102 0.048340 0.046731
0 0.141236 0.398796 0.043860 0.055343
0 0.102463 0.685454 0.028198 0.040433
0 0.276606 0.843331 0.043629 0.059686
0 0.175959 0.805327 0.041148 0.051341
0 0.078277 0.676119 0.028248 0.046361
0 0.304894 0.680561 0.038435 0.047339
0 0.098973 0.556170 0.027454 0.047533
0 0.093158 0.595442 0.026048 0.039603
0 0.130727 0.526065 0.028479 0.042018
0 0.290692 0.760653 0.036566 0.048095
0 0.636297 0.327239 0.038997 0.050511
0 0.735696 0.971399 0.044141 0.056928
0 0.325772 0.864003 0.044653 0.054172
0 0.032525 0.704210 0.040634 0.054098
0 0.090317 0.378294 0.038204 0.051682
0 0.203710 0.642352 0.039278 0.052097
0 0.084374 0.635262 0.027967 0.044776
0 0.869395 0.512108 0.040072 0.050925
0 0.798278 0.307580 0.042554 0.059271
0 0.097884 0.338852 0.038716 0.048925
0 0.785655 0.984011 0.039278 0.031977
0 0.024932 0.747030 0.043348 0.058100
0 0.391480 0.797863 0.040353 0.052512
0 0.690715 0.311813 0.039278 0.052097
0 0.163146 0.278469 0.039510 0.047754
0 0.332827 0.820974 0.044141 0.056928
0 0.940612 0.411663 0.042554 0.059271
0 0.550894 0.815339 0.039278 0.052097
0 0.117344 0.604777 0.029835 0.044020
0 0.805631 0.570527 0.038997 0.050511
0 0.218731 0.560881 0.040634 0.054098
0 0.528703 0.937251 0.043066 0.056513
0 0.398510 0.758213 0.042504 0.053342
0 0.742305 0.934128 0.041148 0.051341
0 0.241063 0.438177 0.034417 0.047265
0 0.543798 0.554186 0.037360 0.046924
0 0.956782 0.320470 0.042835 0.060856
0 0.669383 0.736529 0.036847 0.049681
0 0.298401 0.720419 0.041197 0.057270
0 0.812521 0.531671 0.039278 0.052097
0 0.627853 0.975377 0.041429 0.049246
0 0.155719 0.317118 0.041429 0.052927
0 0.856152 0.590028 0.038997 0.050511
0 0.874673 0.472631 0.043579 0.053757
0 0.348526 0.738919 0.041429 0.052927
0 0.170458 0.237234 0.040634 0.054098
0 0.713528 0.798473 0.034417 0.047265
0 0.193866 0.114945 0.039841 0.055268
0 0.341892 0.779568 0.042785 0.054928
0 0.441397 0.516353 0.040634 0.054098
0 0.606205 0.496938 0.037410 0.052853
0 0.226935 0.216672 0.040634 0.054098
0 0.341966 0.477973 0.040122 0.056855
0 0.762396 0.513170 0.040072 0.050925
0 0.535833 0.592627 0.040916 0.055683
0 0.757267 0.240915 0.042554 0.059271
0 0.756837 0.554234 0.041429 0.052927
0 0.564534 0.738419 0.036847 0.049681
0 0.756647 0.853244 0.039560 0.053683
0 0.328797 0.254297 0.039560 0.053683
0 0.557437 0.477266 0.040916 0.055683
0 0.219086 0.257700 0.041710 0.054513
0 0.684148 0.653265 0.041991 0.056099
0 0.579232 0.354354 0.040634 0.054098
0 0.443225 0.214587 0.043066 0.056513
0 0.427312 0.599031 0.042273 0.057685
0 0.343934 0.175413 0.044422 0.058515
0 0.642384 0.597324 0.038997 0.050511
0 0.634817 0.636765 0.040072 0.050925
0 0.662427 0.474582 0.040072 0.050925
0 0.833819 0.712734 0.043066 0.056513
0 0.791263 0.654791 0.040634 0.054098
0 0.728152 0.716003 0.037129 0.051267
0 0.334513 0.520001 0.039841 0.055268
0 0.656612 0.513853 0.040353 0.052512
0 0.370932 0.314618 0.039560 0.053683
0 0.849733 0.328290 0.042835 0.060856
0 0.593029 0.875661 0.041991 0.056099
0 0.620615 0.716857 0.042504 0.053342
0 0.392207 0.499060 0.038997 0.050511
0 0.769286 0.474314 0.040353 0.052512
0 0.612765 0.757884 0.041991 0.056099
0 0.735464 0.674768 0.041991 0.056099
0 0.401536 0.148506 0.042835 0.060856
0 0.742776 0.633533 0.041991 0.056099
0 0.777276 0.432494 0.041710 0.054513
0 0.320527 0.297703 0.040916 0.055683
0 0.620152 0.415054 0.040916 0.055683
0 0.521862 0.677890 0.043348 0.058100
0 0.578480 0.656535 0.040916 0.055683
0 0.648762 0.554881 0.039841 0.055268
0 0.470339 0.356378 0.041148 0.051341
0 0.414399 0.377149 0.038485 0.053268
0 0.392984 0.193500 0.040916 0.055683
0 0.421570 0.336706 0.036054 0.050852
0 0.669739 0.433347 0.041197 0.057270
0 0.586469 0.614715 0.039560 0.053683
0 0.501224 0.188681 0.043398 0.064029
0 0.650896 0.248149 0.044472 0.064444
0 0.698589 0.267406 0.040966 0.061613
0 0.626852 0.675207 0.043066 0.056513
0 0.428741 0.296264 0.040634 0.054098
0 0.593318 0.271676 0.044422 0.058515
0 0.399263 0.456032 0.041759 0.060441
0 0.565286 0.436238 0.041429 0.052927
0 0.478445 0.317145 0.041710 0.054513
0 0.435772 0.256615 0.040072 0.050925
0 0.463705 0.397027 0.040916 0.055683
0 0.486715 0.273738 0.041478 0.058856
0 0.385250 0.237114 0.041197 0.057270
