0 0.400000 0.523994 0.034667 0.035604
0 0.772000 0.580495 0.026667 0.027864
0 0.454000 0.622291 0.036000 0.024768
0 0.772000 0.722136 0.026667 0.029412
0 0.757333 0.398607 0.037333 0.032508
0 0.173333 0.660217 0.032000 0.032508
0 0.401333 0.888545 0.040000 0.037152
0 0.452000 0.593653 0.037333 0.032508
0 0.869333 0.433437 0.040000 0.034056
0 0.174667 0.485294 0.032000 0.035604
0 0.868667 0.396285 0.038667 0.037152
0 0.402000 0.818111 0.038667 0.035604
0 0.647333 0.612229 0.038667 0.038700
0 0.452667 0.418731 0.036000 0.032508
0 0.452000 0.448916 0.037333 0.030960
0 0.344667 0.523994 0.030667 0.038700
0 0.592000 0.886223 0.040000 0.041796
0 0.174000 0.441950 0.033333 0.032508
0 0.593333 0.746904 0.040000 0.038700
0 0.401333 0.757740 0.037333 0.032508
0 0.177333 0.818111 0.037333 0.038700
0 0.702000 0.365325 0.038667 0.037152
0 0.344667 0.683437 0.036000 0.035604
0 0.452667 0.479102 0.036000 0.032508
0 0.647333 0.535604 0.038667 0.049536
0 0.232000 0.886997 0.037333 0.046440
0 0.344667 0.719040 0.038667 0.035604
0 0.174000 0.537152 0.036000 0.037152
0 0.343333 0.602941 0.036000 0.038700
0 0.494667 0.277090 0.034667 0.034056
0 0.400667 0.723684 0.038667 0.032508
0 0.400000 0.690402 0.034667 0.034056
0 0.174667 0.581269 0.037333 0.038700
0 0.452667 0.361455 0.036000 0.035604
0 0.342000 0.563467 0.036000 0.037152
0 0.231333 0.818885 0.041333 0.040248
0 0.593333 0.607585 0.037333 0.044892
0 0.399333 0.591331 0.036000 0.034056
0 0.398667 0.323529 0.037333 0.037152
0 0.344000 0.643963 0.037333 0.040248
0 0.399333 0.558050 0.036000 0.035604
0 0.286000 0.321207 0.036000 0.041796
0 0.868667 0.360681 0.038667 0.037152
0 0.173333 0.325851 0.034667 0.041796
0 0.398667 0.454334 0.037333 0.032508
0 0.398667 0.386223 0.037333 0.032508
0 0.399333 0.625387 0.036000 0.034056
0 0.537333 0.362229 0.037333 0.037152
0 0.812667 0.364551 0.041333 0.038700
0 0.231333 0.540248 0.038667 0.046440
0 0.232000 0.746130 0.040000 0.043344
0 0.177333 0.886223 0.042667 0.044892
0 0.702000 0.324303 0.038667 0.044892
0 0.175333 0.623839 0.036000 0.034056
0 0.343333 0.484520 0.038667 0.037152
0 0.646000 0.431889 0.036000 0.043344
0 0.400000 0.489164 0.037333 0.037152
0 0.114667 0.362229 0.042667 0.037152
0 0.757333 0.364551 0.037333 0.035604
0 0.592667 0.323529 0.038667 0.043344
0 0.343333 0.326625 0.036000 0.040248
0 0.173333 0.397059 0.037333 0.038700
0 0.175333 0.745356 0.038667 0.038700
0 0.592000 0.466718 0.040000 0.044892
0 0.343333 0.445820 0.036000 0.037152
0 0.116000 0.322755 0.040000 0.041796
0 0.648000 0.323529 0.040000 0.043344
0 0.455333 0.698297 0.038667 0.021981
0 0.455333 0.723375 0.036000 0.026935
0 0.452667 0.507740 0.036000 0.024768
0 0.452000 0.324149 0.034667 0.038390
0 0.355333 0.785604 0.025333 0.026316
0 0.772000 0.753870 0.026667 0.027864
0 0.745333 0.754644 0.024000 0.029412
0 0.500667 0.554180 0.022667 0.027864
0 0.646667 0.817337 0.034667 0.037152
0 0.745333 0.641641 0.024000 0.026316
0 0.768667 0.785604 0.030667 0.029412
0 0.660667 0.784830 0.025333 0.030960
0 0.774000 0.609133 0.028000 0.029412
0 0.772667 0.694272 0.025333 0.023220
0 0.771333 0.551858 0.025333 0.029412
0 0.746000 0.615325 0.025333 0.029412
0 0.772000 0.664861 0.026667 0.029412
0 0.415333 0.787152 0.022667 0.026316
0 0.772000 0.635449 0.026667 0.026316
0 0.745333 0.724458 0.026667 0.030960
0 0.453333 0.645511 0.037333 0.027864
0 0.190000 0.783282 0.022667 0.027864
0 0.745333 0.667183 0.024000 0.027864
0 0.744667 0.695046 0.025333 0.027864
0 0.468000 0.783282 0.021333 0.027864
0 0.772000 0.522446 0.024000 0.026316
0 0.456000 0.817337 0.034667 0.034056
0 0.758000 0.818885 0.036000 0.040248
0 0.746667 0.553406 0.026667 0.029412
0 0.757333 0.855263 0.042667 0.032508
0 0.607333 0.783282 0.025333 0.030960
0 0.772000 0.493034 0.024000 0.029412
0 0.494667 0.309598 0.034667 0.030960
0 0.647333 0.890093 0.038667 0.034056
0 0.746667 0.583591 0.026667 0.030960
0 0.771333 0.462848 0.025333 0.030960
0 0.756000 0.890867 0.037333 0.038700
0 0.246000 0.784830 0.022667 0.027864
0 0.746000 0.524768 0.028000 0.027864
0 0.646667 0.853715 0.037333 0.035604
0 0.346000 0.816563 0.036000 0.038700
0 0.503333 0.520124 0.025333 0.030960
0 0.868000 0.539474 0.037333 0.038700
0 0.344667 0.852941 0.036000 0.034056
0 0.344667 0.888545 0.038667 0.037152
0 0.869333 0.467492 0.037333 0.034056
0 0.452667 0.390867 0.038667 0.026316
0 0.400667 0.659443 0.033333 0.030960
0 0.645333 0.683437 0.037333 0.038700
0 0.594000 0.818111 0.038667 0.041796
0 0.454667 0.753870 0.034667 0.030960
0 0.454000 0.674149 0.038667 0.029412
0 0.744667 0.496130 0.025333 0.029412
0 0.452000 0.534056 0.034667 0.030960
0 0.868667 0.502322 0.038667 0.035604
0 0.496000 0.239938 0.032000 0.030960
0 0.174667 0.698142 0.032000 0.034056
0 0.399333 0.420279 0.036000 0.035604
0 0.399333 0.355263 0.036000 0.029412
0 0.496000 0.211300 0.029333 0.026316
0 0.648667 0.746904 0.038667 0.041796
0 0.758000 0.431115 0.036000 0.032508
0 0.455333 0.852167 0.036000 0.035604
0 0.402000 0.853715 0.038667 0.035604
0 0.746000 0.465170 0.028000 0.029412
0 0.452000 0.562693 0.034667 0.029412
0 0.454000 0.890867 0.041333 0.035604
0 0.346000 0.753870 0.038667 0.034056
0 0.231333 0.646285 0.038667 0.047988
0 0.869333 0.322755 0.040000 0.038700
0 0.538000 0.321981 0.036000 0.040248
0 0.758000 0.322755 0.038667 0.041796
0 0.343333 0.404799 0.041333 0.038700
0 0.230000 0.431115 0.041333 0.041796
0 0.813333 0.322755 0.040000 0.041796
0 0.344667 0.365325 0.038667 0.037152
0 0.285333 0.362229 0.040000 0.040248
0 0.230000 0.321207 0.041333 0.044892
