0 0.245982 0.843637 0.038545 0.028453
0 0.532113 0.265132 0.036991 0.035669
0 0.517442 0.365389 0.039170 0.042100
0 0.126568 0.818293 0.031728 0.034657
0 0.097729 0.811954 0.032375 0.039290
0 0.130104 0.783292 0.028880 0.032606
0 0.527143 0.295892 0.035675 0.035416
0 0.089638 0.773131 0.040485 0.042353
0 0.294804 0.489082 0.041800 0.042606
0 0.071521 0.806121 0.032159 0.037746
0 0.280251 0.593326 0.038954 0.040555
0 0.117241 0.672190 0.032159 0.037746
0 0.536845 0.226397 0.035244 0.032327
0 0.155211 0.787328 0.032159 0.037746
0 0.091691 0.666483 0.031059 0.039037
0 0.512375 0.401681 0.033259 0.036454
0 0.099782 0.705306 0.041369 0.039517
0 0.110131 0.631177 0.039170 0.042100
0 0.509390 0.437581 0.035007 0.039796
0 0.149831 0.641984 0.031728 0.034657
0 0.320137 0.307621 0.033259 0.036454
0 0.348309 0.497786 0.039623 0.036175
0 0.179799 0.427319 0.031728 0.034657
0 0.095146 0.738510 0.038954 0.040555
0 0.159090 0.570817 0.030412 0.034404
0 0.542042 0.198852 0.035675 0.035416
0 0.163361 0.240204 0.039170 0.042100
0 0.120491 0.561808 0.037422 0.038758
0 0.265159 0.701430 0.038954 0.040555
0 0.271326 0.666935 0.036538 0.041594
0 0.115748 0.595783 0.037853 0.041846
0 0.207941 0.322517 0.040269 0.040808
0 0.188951 0.356924 0.030628 0.035948
0 0.210092 0.399050 0.033690 0.039543
0 0.212900 0.286997 0.040269 0.040808
0 0.211870 0.691182 0.035007 0.039796
0 0.216690 0.361466 0.030844 0.037493
0 0.407872 0.472767 0.036106 0.038505
0 0.181763 0.611651 0.030844 0.037493
0 0.255457 0.770926 0.036322 0.040049
0 0.322857 0.675260 0.036106 0.038505
0 0.251275 0.810560 0.039601 0.045188
0 0.183805 0.500244 0.036322 0.040049
0 0.184650 0.392571 0.032375 0.039290
0 0.304387 0.415598 0.034575 0.036707
0 0.157265 0.680680 0.039385 0.043644
0 0.300086 0.451245 0.039385 0.043644
0 0.402041 0.509705 0.041347 0.048530
0 0.231262 0.547430 0.039385 0.043644
0 0.379808 0.281830 0.040916 0.045441
0 0.246904 0.440224 0.037853 0.041846
0 0.262547 0.333019 0.036753 0.043138
0 0.338499 0.568054 0.041132 0.046986
0 0.256714 0.369956 0.035438 0.042885
0 0.324545 0.271202 0.040916 0.045441
0 0.241838 0.476517 0.038069 0.043391
0 0.422199 0.365309 0.040701 0.043897
0 0.343674 0.530989 0.040269 0.040808
0 0.221895 0.619369 0.037853 0.041846
0 0.373103 0.320185 0.040485 0.042353
0 0.353818 0.463165 0.039816 0.046733
0 0.275843 0.629744 0.037853 0.041846
0 0.226088 0.584495 0.038954 0.040555
0 0.217379 0.656561 0.036538 0.041594
0 0.433205 0.291306 0.039385 0.043644
0 0.124683 0.526933 0.039385 0.043644
0 0.416474 0.401474 0.039170 0.042100
0 0.154436 0.313813 0.038954 0.040555
0 0.260200 0.736950 0.038954 0.040555
0 0.316493 0.343394 0.036753 0.043138
0 0.285425 0.556261 0.038954 0.040555
0 0.368144 0.355706 0.037853 0.041846
0 0.358992 0.426100 0.038954 0.040555
0 0.289510 0.522158 0.039838 0.037719
0 0.251313 0.403806 0.035891 0.036960
0 0.201510 0.760551 0.038954 0.040555
0 0.427266 0.329016 0.037853 0.041846
0 0.314148 0.747325 0.039816 0.046733
0 0.333325 0.605119 0.040269 0.040808
0 0.150243 0.348688 0.037422 0.038758
0 0.135583 0.453703 0.040485 0.042353
0 0.328474 0.639866 0.040485 0.042353
0 0.236879 0.512037 0.034575 0.036707
0 0.271806 0.261852 0.038069 0.043391
0 0.154790 0.606464 0.035222 0.041341
0 0.412174 0.437121 0.037853 0.041846
0 0.188764 0.464724 0.039385 0.043644
0 0.186173 0.575233 0.032375 0.039290
0 0.207127 0.725158 0.037638 0.040302
0 0.217417 0.249806 0.042016 0.044150
0 0.152414 0.715428 0.038738 0.039011
0 0.144842 0.382537 0.036106 0.038505
0 0.308315 0.784263 0.040269 0.040808
0 0.178739 0.536537 0.041800 0.042606
0 0.197209 0.796197 0.037638 0.040302
0 0.129858 0.489869 0.038954 0.040555
0 0.139991 0.417284 0.038954 0.040555
0 0.311319 0.380458 0.038954 0.040555
0 0.302149 0.818758 0.040485 0.042353
0 0.159395 0.278293 0.039385 0.043644
0 0.297190 0.854278 0.040485 0.042353
0 0.190935 0.831465 0.038069 0.043391
0 0.266297 0.296473 0.036106 0.038505
0 0.147347 0.751720 0.041585 0.041061
0 0.318664 0.710134 0.037638 0.040302
0 0.363843 0.391352 0.039170 0.042100
