0 0.833091 0.214502 0.038372 0.055378
0 0.272733 0.114035 0.038092 0.052115
0 0.668871 0.320384 0.036570 0.047012
0 0.260421 0.244357 0.037812 0.048851
0 0.267707 0.159513 0.037812 0.048851
0 0.404778 0.395868 0.036430 0.045381
0 0.363620 0.262118 0.036710 0.048644
0 0.367955 0.218168 0.038092 0.052115
0 0.178323 0.606926 0.038915 0.049059
0 0.625594 0.224369 0.034646 0.049861
0 0.323024 0.121841 0.039476 0.055585
0 0.098961 0.298532 0.037812 0.048851
0 0.359977 0.304540 0.038915 0.049059
0 0.168226 0.731032 0.038092 0.052115
0 0.617618 0.310740 0.035187 0.043542
0 0.205454 0.277950 0.036290 0.043749
0 0.428901 0.734488 0.037952 0.050483
0 0.264064 0.201935 0.037812 0.048851
0 0.174680 0.649349 0.036710 0.048644
0 0.408351 0.354262 0.036570 0.047012
0 0.828547 0.260899 0.036850 0.050276
0 0.181896 0.565321 0.038775 0.047427
0 0.752086 0.583909 0.037812 0.048851
0 0.134766 0.514174 0.036430 0.045381
0 0.240917 0.491041 0.036149 0.042117
0 0.765135 0.418910 0.035328 0.045174
0 0.710308 0.450872 0.034365 0.046597
0 0.085842 0.464348 0.038232 0.053746
0 0.814666 0.429058 0.035468 0.046804
0 0.754627 0.541280 0.035328 0.045174
0 0.078766 0.546744 0.037812 0.048851
0 0.598595 0.558344 0.035608 0.048436
0 0.504063 0.452684 0.043604 0.053152
0 0.311465 0.256449 0.036570 0.047012
0 0.704195 0.535107 0.036430 0.045381
0 0.188832 0.484556 0.036430 0.045381
0 0.095870 0.341058 0.036430 0.045381
0 0.591860 0.643291 0.039195 0.052322
0 0.872795 0.352124 0.038232 0.053746
0 0.712709 0.409874 0.032161 0.046182
0 0.225935 0.658993 0.037812 0.048851
0 0.595022 0.599949 0.037672 0.047219
0 0.818379 0.385821 0.037812 0.048851
0 0.185399 0.524530 0.036570 0.047012
0 0.229648 0.615755 0.037952 0.050483
0 0.915125 0.485266 0.038092 0.052115
0 0.130712 0.554860 0.037812 0.048851
0 0.208615 0.234609 0.038372 0.055378
0 0.370431 0.808872 0.036430 0.045381
0 0.473485 0.195747 0.039335 0.053953
0 0.391177 0.560764 0.038092 0.052115
0 0.908530 0.568581 0.036710 0.048644
0 0.212544 0.821441 0.038775 0.047427
0 0.890679 0.815577 0.038915 0.049059
0 0.147334 0.348255 0.035468 0.046804
0 0.812957 0.468529 0.034085 0.043334
0 0.123015 0.637969 0.034506 0.048229
0 0.809454 0.509318 0.036570 0.047012
0 0.700693 0.575897 0.036710 0.048644
0 0.478169 0.147718 0.038372 0.055378
0 0.374625 0.766554 0.037812 0.048851
0 0.935739 0.232160 0.040297 0.052530
0 0.821472 0.343295 0.034225 0.044966
0 0.215155 0.777996 0.039195 0.052322
0 0.424156 0.776702 0.035468 0.046804
0 0.381490 0.686605 0.037812 0.048851
0 0.170626 0.690035 0.035328 0.045174
0 0.887176 0.856367 0.038635 0.045796
0 0.127069 0.597282 0.035608 0.048436
0 0.112917 0.762075 0.040297 0.052530
0 0.295674 0.459895 0.037532 0.045588
0 0.315178 0.213211 0.039195 0.052322
0 0.601896 0.513370 0.034646 0.049861
0 0.694097 0.659213 0.037812 0.048851
0 0.089345 0.423557 0.037392 0.043956
0 0.384171 0.642344 0.035608 0.048436
0 0.258021 0.285355 0.037252 0.042325
0 0.687022 0.741609 0.040438 0.054161
0 0.475443 0.322950 0.026229 0.040251
0 0.117246 0.085608 0.040157 0.050898
0 0.387534 0.603185 0.035328 0.045174
0 0.421064 0.819228 0.036570 0.047012
0 0.082891 0.505242 0.036290 0.043749
0 0.697740 0.616790 0.037812 0.048851
0 0.742540 0.708119 0.037532 0.045588
0 0.691286 0.698475 0.036430 0.045381
0 0.723448 0.956538 0.040297 0.052530
0 0.394890 0.517527 0.035187 0.043542
0 0.161080 0.814245 0.037812 0.048851
0 0.440956 0.444125 0.027331 0.040458
0 0.202782 0.315581 0.037111 0.040693
0 0.910930 0.527584 0.036430 0.045381
0 0.824834 0.304137 0.036710 0.048644
0 0.924670 0.361056 0.037532 0.045588
0 0.366788 0.851293 0.039195 0.052322
0 0.614595 0.352450 0.036710 0.048644
0 0.921098 0.402663 0.037672 0.047219
0 0.208901 0.863863 0.038775 0.047427
0 0.749065 0.625619 0.038775 0.047427
0 0.730182 0.871591 0.036430 0.045381
0 0.746043 0.667329 0.037532 0.045588
0 0.900085 0.692998 0.039195 0.052322
0 0.221950 0.698864 0.038495 0.044164
0 0.736566 0.790722 0.035468 0.046804
0 0.883674 0.897156 0.038915 0.049059
0 0.113875 0.131396 0.039055 0.050691
0 0.733063 0.831513 0.037672 0.047219
0 0.611574 0.394160 0.032983 0.043127
0 0.164653 0.772638 0.037392 0.043956
0 0.378058 0.726579 0.035187 0.043542
0 0.414819 0.898465 0.037532 0.045588
0 0.928865 0.318739 0.039195 0.052322
0 0.418252 0.858490 0.037672 0.047219
0 0.157508 0.855851 0.037672 0.047219
0 0.139133 0.300288 0.026369 0.041882
0 0.110232 0.173819 0.039055 0.050691
0 0.903728 0.650576 0.036710 0.048644
0 0.479216 0.285526 0.022362 0.033102
0 0.171280 0.225926 0.024025 0.039836
0 0.906129 0.609579 0.036430 0.045381
0 0.437663 0.482467 0.025267 0.041675
0 0.895822 0.736133 0.037672 0.047219
0 0.893631 0.774682 0.037532 0.045588
0 0.444047 0.401599 0.026229 0.040251
0 0.398183 0.479183 0.035328 0.045174
0 0.726058 0.913093 0.037672 0.047219
0 0.738486 0.748806 0.034506 0.048229
0 0.117322 0.717310 0.036570 0.047012
0 0.141220 0.432490 0.037532 0.045588
0 0.608832 0.432606 0.036430 0.045381
0 0.218728 0.736391 0.038775 0.047427
0 0.469880 0.407289 0.025267 0.041675
0 0.455728 0.278620 0.021120 0.031264
0 0.465826 0.447976 0.024165 0.041468
0 0.167777 0.266716 0.023745 0.036573
0 0.879550 0.938659 0.037952 0.050483
0 0.164825 0.307610 0.022643 0.036366
0 0.119993 0.679679 0.035187 0.043542
0 0.520545 0.247709 0.045388 0.048671
0 0.101782 0.252640 0.040297 0.052530
0 0.448102 0.654374 0.026229 0.040251
0 0.919389 0.442132 0.036570 0.047012
0 0.462734 0.490501 0.022502 0.034734
0 0.141463 0.260106 0.026229 0.040251
0 0.876318 0.979551 0.038775 0.040897
0 0.145447 0.220235 0.022783 0.037997
0 0.411713 0.315103 0.036570 0.047012
0 0.444599 0.695164 0.028434 0.040666
0 0.472490 0.363844 0.026771 0.033931
0 0.716623 0.370818 0.035187 0.043542
0 0.605881 0.473500 0.036411 0.032535
0 0.932648 0.274685 0.036430 0.045381
0 0.493312 0.747438 0.024847 0.036780
0 0.500560 0.493474 0.046611 0.037665
0 0.237484 0.531015 0.039055 0.050691
0 0.298696 0.418185 0.036570 0.047012
0 0.513801 0.378415 0.042735 0.043035
0 0.517760 0.312758 0.044160 0.046996
0 0.528464 0.148975 0.045523 0.037621
0 0.514847 0.346671 0.045695 0.039628
0 0.526388 0.179672 0.044911 0.043124
0 0.105479 0.216114 0.038789 0.047590
0 0.523705 0.210916 0.046457 0.035870
0 0.519418 0.280408 0.043123 0.034922
0 0.621121 0.269950 0.037952 0.050483
0 0.569936 0.259490 0.038915 0.049059
0 0.246540 0.412516 0.036710 0.048644
0 0.301096 0.377188 0.036570 0.047012
0 0.253966 0.326041 0.039195 0.052322
0 0.191713 0.444478 0.039877 0.047634
0 0.768638 0.378119 0.037812 0.048851
0 0.137647 0.474096 0.037952 0.050483
0 0.308102 0.295607 0.036570 0.047012
0 0.628897 0.179396 0.038372 0.055378
0 0.762324 0.458172 0.036430 0.045381
0 0.318961 0.169158 0.038915 0.049059
0 0.092297 0.382664 0.036850 0.050276
0 0.195216 0.403688 0.037672 0.047219
0 0.719854 0.326662 0.037130 0.053538
0 0.304119 0.335478 0.035328 0.045174
0 0.244140 0.453514 0.036430 0.045381
0 0.566914 0.301199 0.037672 0.047219
0 0.199550 0.359738 0.037130 0.053538
0 0.578674 0.170775 0.039335 0.053953
0 0.671482 0.276940 0.034786 0.051493
0 0.233771 0.574252 0.036710 0.048644
0 0.759302 0.499881 0.035748 0.050068
0 0.144172 0.391597 0.036710 0.048644
0 0.573649 0.216253 0.036570 0.047012
0 0.679048 0.188833 0.039195 0.052322
0 0.250253 0.369279 0.036850 0.050276
0 0.780664 0.205467 0.039335 0.053953
0 0.401755 0.437577 0.035748 0.050068
0 0.770969 0.337937 0.035468 0.046804
0 0.415426 0.271866 0.039195 0.052322
0 0.469562 0.241432 0.036850 0.050276
0 0.675195 0.233702 0.036570 0.047012
0 0.774130 0.294597 0.036990 0.051907
0 0.707147 0.494213 0.035608 0.048436
0 0.778465 0.250647 0.037812 0.048851
