0 0.551481 0.282742 0.035105 0.042478
0 0.556464 0.657261 0.035159 0.045777
0 0.394827 0.149712 0.037435 0.049157
0 0.602151 0.323016 0.037354 0.044207
0 0.600612 0.194321 0.036244 0.044167
0 0.856378 0.270973 0.036244 0.044167
0 0.854888 0.179416 0.036324 0.049117
0 0.555690 0.575582 0.036244 0.044167
0 0.810318 0.479783 0.032884 0.042398
0 0.396526 0.288304 0.036270 0.045817
0 0.600741 0.236407 0.035105 0.042478
0 0.244927 0.500077 0.037327 0.042558
0 0.703761 0.317718 0.033968 0.040789
0 0.601439 0.279299 0.035105 0.042478
0 0.599807 0.144830 0.036405 0.054065
0 0.814452 0.733835 0.037381 0.045857
0 0.552667 0.321490 0.033968 0.040789
0 0.706459 0.483511 0.034048 0.045737
0 0.292613 0.288733 0.037381 0.045857
0 0.808975 0.397299 0.032884 0.042398
0 0.705103 0.400202 0.034021 0.044088
0 0.753291 0.185538 0.035186 0.047427
0 0.448021 0.242714 0.036244 0.044167
0 0.448719 0.285606 0.036244 0.044167
0 0.241957 0.249285 0.032937 0.045697
0 0.908971 0.224519 0.038519 0.047547
0 0.911154 0.392806 0.035132 0.044127
0 0.088615 0.251488 0.035105 0.042478
0 0.805980 0.315700 0.034021 0.044088
0 0.196543 0.839371 0.036190 0.040868
0 0.188402 0.202513 0.036351 0.050766
0 0.908179 0.175853 0.036324 0.049117
0 0.855640 0.225608 0.034048 0.045737
0 0.344239 0.285229 0.036270 0.045817
0 0.549462 0.192855 0.036297 0.047467
0 0.548670 0.144190 0.034102 0.049037
0 0.909114 0.267430 0.035078 0.040828
0 0.241633 0.331829 0.031773 0.042358
0 0.139853 0.292566 0.036324 0.049117
0 0.395063 0.198396 0.036297 0.047467
0 0.650517 0.187577 0.033968 0.040789
0 0.243002 0.415963 0.034048 0.045737
0 0.395801 0.243763 0.034048 0.045737
0 0.804699 0.271178 0.035186 0.047427
0 0.245586 0.711336 0.036270 0.045817
0 0.859489 0.393836 0.034048 0.045737
0 0.812255 0.564722 0.034021 0.044088
0 0.192965 0.585299 0.035132 0.044127
0 0.343202 0.153215 0.036378 0.052416
0 0.812940 0.606789 0.033994 0.042438
0 0.700306 0.139572 0.039629 0.047587
0 0.243700 0.458855 0.036217 0.042518
0 0.241774 0.203898 0.036244 0.044167
0 0.754741 0.274621 0.035078 0.040828
0 0.704974 0.358116 0.032884 0.042398
0 0.346732 0.370148 0.036244 0.044167
0 0.753055 0.136854 0.034155 0.052336
0 0.910456 0.349914 0.032911 0.044048
0 0.912380 0.434028 0.033968 0.040789
0 0.701823 0.232779 0.032884 0.042398
0 0.501864 0.443811 0.041851 0.047667
0 0.190408 0.291576 0.035132 0.044127
0 0.448849 0.327693 0.037327 0.042558
0 0.449182 0.450654 0.036244 0.044167
0 0.242304 0.373071 0.031719 0.039059
0 0.293582 0.245782 0.033994 0.042438
0 0.709637 0.610497 0.033994 0.042438
0 0.191906 0.417797 0.033994 0.042438
0 0.344638 0.241473 0.036244 0.044167
0 0.860845 0.477144 0.031746 0.040709
0 0.241517 0.290567 0.030609 0.039019
0 0.346887 0.413885 0.035105 0.042478
0 0.861542 0.520036 0.034021 0.044088
0 0.192151 0.501146 0.031746 0.040709
0 0.605173 0.406265 0.031773 0.042358
0 0.089172 0.422310 0.037301 0.040908
0 0.862254 0.563753 0.033994 0.042438
0 0.190537 0.333663 0.033994 0.042438
0 0.198536 0.927609 0.037381 0.045857
0 0.864734 0.647846 0.036163 0.039219
0 0.555419 0.490583 0.033941 0.039139
0 0.920906 0.855462 0.039549 0.042637
0 0.089857 0.464377 0.035159 0.045777
0 0.554564 0.403955 0.035186 0.047427
0 0.090128 0.549375 0.032857 0.040749
0 0.713574 0.818337 0.037005 0.022761
0 0.518929 0.741140 0.023783 0.028882
0 0.518051 0.721364 0.022511 0.018944
0 0.191764 0.374885 0.035159 0.045777
0 0.867602 0.858201 0.035186 0.047427
0 0.503064 0.483383 0.042693 0.031209
0 0.195587 0.712305 0.036244 0.044167
0 0.296707 0.540309 0.035132 0.044127
0 0.816207 0.773386 0.034837 0.025981
0 0.502310 0.368773 0.044992 0.036073
0 0.501812 0.338172 0.044861 0.027990
0 0.240996 0.156058 0.034182 0.053986
0 0.298775 0.667335 0.035132 0.044127
0 0.447615 0.149467 0.031880 0.048957
0 0.349715 0.621765 0.033994 0.042438
0 0.919097 0.812611 0.035159 0.045777
0 0.245972 0.666755 0.036270 0.045817
0 0.247511 0.795450 0.035105 0.042478
0 0.707855 0.569295 0.031773 0.042358
0 0.555548 0.532669 0.035132 0.044127
0 0.297365 0.580727 0.035051 0.039179
0 0.292871 0.202064 0.031800 0.044008
0 0.350542 0.706743 0.035078 0.040828
0 0.817419 0.813785 0.033968 0.040789
0 0.555793 0.616019 0.035051 0.039179
0 0.192022 0.459059 0.032884 0.042398
0 0.868908 0.904373 0.036244 0.044167
0 0.710464 0.695475 0.035132 0.044127
0 0.347790 0.537651 0.035105 0.042478
0 0.919523 0.770504 0.035078 0.040828
0 0.246411 0.625473 0.036163 0.039219
0 0.711677 0.735872 0.036217 0.042518
0 0.499610 0.202897 0.044914 0.031289
0 0.754029 0.230905 0.035159 0.045777
0 0.650896 0.279174 0.036270 0.045817
0 0.651242 0.232119 0.036297 0.047467
0 0.755954 0.315019 0.033994 0.042438
0 0.551325 0.239006 0.036244 0.044167
0 0.703103 0.277300 0.036324 0.049117
0 0.093356 0.884341 0.039576 0.044287
0 0.499074 0.169904 0.040633 0.041028
0 0.447839 0.197328 0.035212 0.049077
0 0.807166 0.354448 0.032830 0.039099
0 0.091972 0.628540 0.038465 0.044247
0 0.094121 0.931357 0.039656 0.049236
0 0.092453 0.760575 0.037354 0.044207
0 0.293827 0.329130 0.036083 0.034269
0 0.086806 0.208636 0.035105 0.042478
0 0.449507 0.368110 0.032857 0.040749
0 0.092154 0.673926 0.037381 0.045857
0 0.552756 0.361102 0.032857 0.040749
0 0.864823 0.687459 0.032884 0.042398
0 0.451018 0.495155 0.036297 0.047467
0 0.859605 0.435097 0.032830 0.039099
0 0.293387 0.370412 0.036244 0.044167
0 0.921617 0.899179 0.035132 0.044127
0 0.093769 0.841409 0.035078 0.040828
0 0.498523 0.136086 0.042773 0.036158
0 0.196710 0.542248 0.028414 0.040589
0 0.714496 0.909090 0.036270 0.045817
0 0.087336 0.377808 0.035186 0.047427
0 0.093097 0.800167 0.035078 0.040828
0 0.197228 0.881438 0.036270 0.045817
0 0.091123 0.508073 0.036244 0.044167
0 0.090758 0.588142 0.035051 0.039179
0 0.298389 0.711916 0.037408 0.047507
0 0.500170 0.271379 0.043830 0.032899
0 0.811002 0.521850 0.035132 0.044127
0 0.091742 0.716858 0.037327 0.042558
0 0.857578 0.310546 0.032857 0.040749
0 0.555303 0.449321 0.035105 0.042478
0 0.247626 0.836712 0.036217 0.042518
0 0.918892 0.731737 0.035105 0.042478
0 0.087749 0.334877 0.037301 0.040908
0 0.194929 0.671888 0.036217 0.042518
0 0.857680 0.350983 0.033994 0.042438
0 0.818660 0.855831 0.032937 0.045697
0 0.862952 0.606644 0.034048 0.045737
0 0.347545 0.454302 0.035078 0.040828
0 0.499619 0.237561 0.043965 0.041147
0 0.351186 0.746336 0.035132 0.044127
0 0.501817 0.304333 0.043991 0.042797
0 0.706316 0.440599 0.032830 0.039099
0 0.250160 0.924106 0.038492 0.045897
0 0.712957 0.780394 0.037435 0.049157
0 0.347675 0.496389 0.033994 0.042438
0 0.709766 0.652584 0.035132 0.044127
0 0.296579 0.498223 0.031827 0.045657
0 0.652123 0.320397 0.032830 0.039099
0 0.196258 0.753547 0.036190 0.040868
0 0.346602 0.328061 0.032884 0.042398
0 0.088189 0.293595 0.035078 0.040828
0 0.348475 0.579717 0.037354 0.044207
0 0.803250 0.182095 0.032911 0.044048
0 0.298036 0.621969 0.035159 0.045777
0 0.248853 0.877934 0.037381 0.045857
0 0.866206 0.772418 0.035078 0.040828
0 0.352649 0.836244 0.037381 0.045857
0 0.295325 0.455351 0.035051 0.039179
0 0.813611 0.648031 0.033994 0.042438
0 0.343980 0.201056 0.036217 0.042518
0 0.351924 0.791703 0.035159 0.045777
0 0.603946 0.365043 0.032884 0.042398
0 0.349302 0.664697 0.036270 0.045817
0 0.557162 0.700152 0.035159 0.045777
0 0.918221 0.690495 0.035159 0.045777
0 0.916954 0.646797 0.036244 0.044167
0 0.195277 0.795674 0.032937 0.045697
0 0.714245 0.859579 0.037489 0.052456
0 0.653350 0.361619 0.034048 0.045737
0 0.701640 0.187392 0.036351 0.050766
0 0.194231 0.628997 0.036270 0.045817
0 0.245611 0.542143 0.035078 0.040828
0 0.757337 0.399978 0.031746 0.040709
0 0.189710 0.248685 0.032911 0.044048
0 0.086028 0.160795 0.035266 0.052376
0 0.810188 0.437696 0.031746 0.040709
0 0.818301 0.902062 0.035212 0.049077
0 0.866904 0.815310 0.035132 0.044127
0 0.866076 0.730330 0.033994 0.042438
0 0.911941 0.475310 0.031746 0.040709
0 0.450164 0.408528 0.032884 0.042398
0 0.913879 0.560249 0.035159 0.045777
0 0.246284 0.754228 0.036217 0.042518
0 0.708281 0.527187 0.034021 0.044088
0 0.804530 0.226617 0.034021 0.044088
0 0.909202 0.307042 0.034021 0.044088
0 0.913181 0.517357 0.035105 0.042478
0 0.246296 0.584211 0.035159 0.045777
0 0.814295 0.690098 0.031800 0.044008
0 0.915701 0.603926 0.035132 0.044127
0 0.757180 0.356242 0.032884 0.042398
0 0.292065 0.152575 0.036405 0.054065
0 0.294654 0.414109 0.037381 0.045857
