0 0.657800 0.503635 0.038148 0.052933
0 0.151693 0.024293 0.038675 0.048585
0 0.920690 0.514995 0.040677 0.049782
0 0.502237 0.486396 0.046284 0.046841
0 0.475327 0.736959 0.027670 0.038606
0 0.536338 0.282520 0.051419 0.047192
0 0.546721 0.215902 0.052235 0.045982
0 0.526888 0.346932 0.049260 0.046411
0 0.130611 0.486001 0.038701 0.050122
0 0.551050 0.186096 0.051945 0.050393
0 0.947170 0.350504 0.042993 0.057695
0 0.153170 0.672207 0.042993 0.057695
0 0.174805 0.210316 0.040861 0.050902
0 0.097221 0.355230 0.039228 0.053323
0 0.297848 0.766058 0.039517 0.048911
0 0.913347 0.556174 0.040044 0.052112
0 0.052093 0.633121 0.034674 0.044149
0 0.135323 0.450398 0.038701 0.050122
0 0.540785 0.248518 0.050840 0.056015
0 0.155459 0.327956 0.036806 0.050941
0 0.356373 0.399746 0.037122 0.040518
0 0.116120 0.570635 0.040307 0.053713
0 0.521347 0.377148 0.051393 0.053204
0 0.084587 0.432056 0.040861 0.050902
0 0.146853 0.710620 0.039781 0.050512
0 0.204983 0.346709 0.040335 0.047701
0 0.090904 0.393642 0.040861 0.050902
0 0.104736 0.313009 0.040570 0.055313
0 0.040420 0.714534 0.041388 0.054104
0 0.340542 0.520354 0.033041 0.046569
0 0.160013 0.630592 0.040834 0.056914
0 0.161367 0.288547 0.037622 0.049731
0 0.078677 0.471465 0.040570 0.055313
0 0.508277 0.446187 0.046784 0.056055
0 0.395553 0.151076 0.040307 0.053713
0 0.481731 0.273801 0.040307 0.053713
0 0.531468 0.312130 0.050576 0.054415
0 0.046855 0.671923 0.040570 0.055313
0 0.820338 0.478460 0.038438 0.048520
0 0.267117 0.626073 0.042730 0.056094
0 0.072242 0.514074 0.041388 0.054104
0 0.746254 0.278713 0.040570 0.055313
0 0.140811 0.750829 0.041388 0.054104
0 0.867968 0.839063 0.040834 0.056914
0 0.663697 0.805061 0.041651 0.055704
0 0.168488 0.248729 0.038175 0.046920
0 0.650537 0.885088 0.038438 0.048520
0 0.719813 0.442966 0.039228 0.053323
0 0.585587 0.953175 0.042177 0.058905
0 0.142705 0.408980 0.040834 0.056914
0 0.939391 0.394323 0.041651 0.055704
0 0.065662 0.554088 0.040861 0.050902
0 0.784870 0.996771 0.043546 0.006458
0 0.670278 0.765047 0.040598 0.049301
0 0.149141 0.366369 0.038965 0.051722
0 0.362822 0.360532 0.041651 0.055704
0 0.325379 0.261362 0.040861 0.050902
0 0.122425 0.528826 0.041914 0.057305
0 0.656985 0.845875 0.041388 0.054104
0 0.291255 0.802676 0.041651 0.055704
0 0.925967 0.475952 0.041124 0.052502
0 0.932007 0.435743 0.040044 0.052112
0 0.857635 0.575035 0.037359 0.048130
0 0.735082 0.988790 0.041124 0.022420
0 0.605987 0.829133 0.038175 0.046920
0 0.209944 0.306110 0.042467 0.054494
0 0.133573 0.794844 0.042177 0.058905
0 0.166185 0.589583 0.038965 0.051722
0 0.592970 0.911757 0.040044 0.052112
0 0.907700 0.593982 0.038701 0.050122
0 0.033984 0.757143 0.040044 0.052112
0 0.180136 0.504754 0.041124 0.052502
0 0.894685 0.676607 0.040044 0.052112
0 0.819655 0.819900 0.044626 0.055274
0 0.635244 0.971128 0.041651 0.055704
0 0.557513 0.150279 0.054341 0.058787
0 0.311667 0.682029 0.039781 0.050512
0 0.888368 0.715020 0.040044 0.052112
0 0.304823 0.723643 0.040834 0.056914
0 0.186321 0.467141 0.038701 0.050122
0 0.896697 0.330560 0.040834 0.056914
0 0.181517 0.169501 0.038965 0.051722
0 0.195731 0.083072 0.039491 0.054923
0 0.794964 0.639706 0.040861 0.050902
0 0.385882 0.880975 0.039491 0.054923
0 0.600077 0.868542 0.040570 0.055313
0 0.059082 0.594102 0.039228 0.053323
0 0.681819 0.684434 0.040044 0.052112
0 0.870125 0.495612 0.040335 0.047701
0 0.798834 0.939551 0.040307 0.053713
0 0.881115 0.755639 0.041388 0.054104
0 0.101894 0.653669 0.041914 0.057305
0 0.642614 0.926313 0.041651 0.055704
0 0.381484 0.240101 0.038965 0.051722
0 0.109540 0.610649 0.040307 0.053713
0 0.191703 0.430933 0.039517 0.048911
0 0.144323 0.065334 0.040307 0.053713
0 0.812139 0.862120 0.041124 0.052502
0 0.792122 0.976960 0.042204 0.046081
0 0.844620 0.657658 0.040861 0.050902
0 0.188624 0.126286 0.039491 0.054923
0 0.274907 0.241419 0.038701 0.050122
0 0.889721 0.372974 0.040570 0.055313
0 0.369534 0.319718 0.039228 0.053323
0 0.613106 0.789314 0.040307 0.053713
0 0.874944 0.796648 0.040044 0.052112
0 0.405334 0.755742 0.038438 0.048520
0 0.124187 0.187777 0.040044 0.052112
0 0.632835 0.665877 0.038175 0.046920
0 0.260813 0.667883 0.041124 0.052502
0 0.280013 0.203416 0.036279 0.047740
0 0.388183 0.195891 0.040834 0.056914
0 0.331684 0.219553 0.040834 0.056914
0 0.375576 0.279510 0.039781 0.050512
0 0.805415 0.899538 0.039781 0.050512
0 0.344569 0.481960 0.038148 0.052933
0 0.131308 0.147958 0.038965 0.051722
0 0.748928 0.926595 0.038701 0.050122
0 0.332738 0.557382 0.040861 0.050902
0 0.117884 0.229586 0.041124 0.052502
0 0.775223 0.759748 0.038701 0.050122
0 0.111172 0.270400 0.041388 0.054104
0 0.284424 0.847686 0.043257 0.059295
0 0.694572 0.603411 0.039228 0.053323
0 0.391778 0.838171 0.039228 0.053323
0 0.286305 0.502441 0.037359 0.048130
0 0.504671 0.144741 0.039754 0.056524
0 0.475954 0.312408 0.038701 0.050122
0 0.224447 0.224871 0.039781 0.050512
0 0.262023 0.323243 0.039781 0.050512
0 0.294634 0.117981 0.040834 0.056914
0 0.218539 0.264281 0.041651 0.055704
0 0.286857 0.161801 0.039491 0.054923
0 0.247927 0.405475 0.039491 0.054923
0 0.317445 0.643421 0.038701 0.050122
0 0.583203 0.310486 0.041941 0.051293
0 0.863545 0.535626 0.039228 0.053323
0 0.953315 0.302702 0.042704 0.062106
0 0.411243 0.716333 0.039254 0.047311
0 0.851464 0.616045 0.041914 0.057305
0 0.901397 0.635792 0.040307 0.053713
0 0.761943 0.843972 0.040044 0.052112
0 0.626925 0.705285 0.040570 0.055313
0 0.197731 0.387328 0.043257 0.059295
0 0.676595 0.726634 0.041124 0.052502
0 0.903935 0.286545 0.043257 0.059295
0 0.618871 0.747309 0.040307 0.053713
0 0.302399 0.070765 0.041097 0.058514
0 0.831459 0.737687 0.041388 0.054104
0 0.255706 0.361655 0.040307 0.053713
0 0.489378 0.230781 0.039754 0.056524
0 0.781408 0.722135 0.038965 0.051722
0 0.741939 0.965614 0.040044 0.052112
0 0.138691 0.106539 0.040044 0.052112
0 0.639283 0.626663 0.038965 0.051722
0 0.432338 0.254247 0.041886 0.063316
0 0.754692 0.884591 0.041914 0.057305
0 0.273552 0.583463 0.041914 0.057305
0 0.882878 0.414589 0.040044 0.052112
0 0.173160 0.547168 0.041914 0.057305
0 0.450317 0.475255 0.038965 0.051722
0 0.813889 0.517674 0.039228 0.053323
0 0.590179 0.268071 0.040044 0.052112
0 0.237740 0.144044 0.042204 0.052893
0 0.769050 0.800757 0.040570 0.055313
0 0.597825 0.225051 0.041124 0.052502
0 0.626818 0.368647 0.041388 0.054104
0 0.496222 0.189166 0.039228 0.053323
0 0.739279 0.321129 0.040307 0.053713
0 0.838040 0.697672 0.041388 0.054104
0 0.230620 0.183862 0.041124 0.052502
0 0.320141 0.300166 0.043546 0.054884
0 0.758600 0.540926 0.038438 0.048520
0 0.726118 0.401156 0.038148 0.052933
0 0.688940 0.644615 0.038965 0.051722
0 0.713102 0.483779 0.038965 0.051722
0 0.312758 0.341585 0.042467 0.054494
0 0.402923 0.106260 0.041360 0.060114
0 0.305915 0.383199 0.040307 0.053713
0 0.664656 0.465417 0.036543 0.049341
0 0.281067 0.541244 0.040044 0.052112
0 0.753756 0.233098 0.040834 0.056914
0 0.732698 0.361142 0.039781 0.050512
0 0.268735 0.282429 0.040570 0.055313
0 0.825156 0.779496 0.040307 0.053713
0 0.299203 0.424013 0.040044 0.052112
0 0.243899 0.099638 0.042993 0.057695
0 0.350597 0.438354 0.040834 0.056914
0 0.801018 0.602893 0.038701 0.050122
0 0.707061 0.523989 0.040044 0.052112
0 0.398490 0.797356 0.039491 0.054923
0 0.437433 0.557078 0.037359 0.048130
0 0.644915 0.585458 0.039228 0.053323
0 0.651364 0.546245 0.036806 0.050941
0 0.807993 0.560479 0.039491 0.054923
0 0.251941 0.054218 0.042177 0.058905
0 0.701692 0.563592 0.037622 0.049731
0 0.444013 0.517065 0.038412 0.054533
0 0.788252 0.680520 0.039491 0.054923
0 0.670566 0.426008 0.037885 0.051331
0 0.457437 0.435436 0.037885 0.051331
0 0.604655 0.180041 0.041097 0.058514
0 0.826115 0.439852 0.037885 0.051331
0 0.323880 0.600811 0.041097 0.058514
0 0.833353 0.395836 0.040834 0.056914
0 0.424535 0.635505 0.037885 0.051331
0 0.738069 0.665769 0.039491 0.054923
0 0.292082 0.463832 0.041124 0.052502
0 0.469782 0.353418 0.038412 0.054533
0 0.683845 0.341784 0.037596 0.055743
0 0.751757 0.582540 0.038965 0.051722
0 0.430576 0.595297 0.038965 0.051722
0 0.633518 0.324437 0.041097 0.058514
0 0.676606 0.385799 0.038965 0.051722
0 0.876574 0.456399 0.041651 0.055704
0 0.744504 0.623159 0.038148 0.052933
0 0.770550 0.461309 0.040861 0.050902
0 0.783565 0.378684 0.040570 0.055313
0 0.764917 0.502512 0.039491 0.054923
0 0.418495 0.675714 0.039491 0.054923
0 0.463346 0.396028 0.039228 0.053323
0 0.777130 0.421294 0.041388 0.054104
