0 0.117523 0.864259 0.033422 0.049232
0 0.580380 0.878531 0.035552 0.047852
0 0.533801 0.789493 0.035380 0.044589
0 0.336408 0.643836 0.037768 0.048105
0 0.401157 0.366417 0.037682 0.046473
0 0.454730 0.333137 0.036574 0.046347
0 0.604377 0.433122 0.036488 0.044716
0 0.393550 0.532168 0.035380 0.044589
0 0.450480 0.413909 0.034444 0.047726
0 0.246604 0.391452 0.036745 0.049611
0 0.608202 0.349839 0.035380 0.044589
0 0.341299 0.561496 0.038962 0.049864
0 0.388448 0.607919 0.033251 0.045967
0 0.654296 0.479861 0.034444 0.047726
0 0.648981 0.559691 0.034272 0.044463
0 0.606524 0.392328 0.034272 0.044463
0 0.350667 0.362294 0.036574 0.046347
0 0.602741 0.474795 0.035466 0.046220
0 0.291761 0.518084 0.035466 0.046220
0 0.700449 0.566389 0.035294 0.042957
0 0.556076 0.387389 0.035294 0.042957
0 0.644090 0.642033 0.033079 0.042704
0 0.395228 0.489679 0.034444 0.047726
0 0.448844 0.455582 0.033251 0.045967
0 0.660822 0.355847 0.034272 0.044463
0 0.551357 0.466466 0.034272 0.044463
0 0.332158 0.724609 0.033251 0.045967
0 0.609923 0.306534 0.036745 0.049611
0 0.460260 0.249227 0.036659 0.047979
0 0.444082 0.535476 0.036574 0.046347
0 0.747028 0.655427 0.035638 0.049484
0 0.553504 0.425672 0.034272 0.044463
0 0.642541 0.682074 0.034272 0.044463
0 0.696242 0.646345 0.035466 0.046220
0 0.183976 0.586214 0.036574 0.046347
0 0.404327 0.327382 0.035294 0.042957
0 0.193074 0.423916 0.035380 0.044589
0 0.298670 0.397396 0.038790 0.046600
0 0.131935 0.622132 0.034272 0.044463
0 0.280517 0.721175 0.036659 0.047979
0 0.355514 0.280769 0.037682 0.046473
0 0.327311 0.806134 0.034358 0.046094
0 0.810936 0.457528 0.035294 0.042957
0 0.540113 0.669557 0.037682 0.046473
0 0.598619 0.553120 0.030863 0.042451
0 0.344356 0.482229 0.034444 0.047726
0 0.299752 0.355660 0.036659 0.047979
0 0.742310 0.734504 0.034444 0.047726
0 0.253641 0.268316 0.035724 0.051116
0 0.384069 0.691138 0.035466 0.046220
0 0.759467 0.450830 0.034444 0.047726
0 0.704657 0.486432 0.035466 0.046220
0 0.851628 0.669012 0.038790 0.046600
0 0.640437 0.722052 0.031971 0.042578
0 0.556561 0.346405 0.034358 0.046094
0 0.662500 0.313357 0.035552 0.047852
0 0.646748 0.602117 0.034101 0.041198
0 0.377629 0.813521 0.037854 0.049738
0 0.711694 0.363297 0.034272 0.044463
0 0.558879 0.302347 0.034530 0.049358
0 0.338002 0.602980 0.036316 0.041451
0 0.306789 0.232524 0.035638 0.049484
0 0.740545 0.778625 0.035380 0.044589
0 0.764842 0.327505 0.036745 0.049611
0 0.733637 0.899313 0.036659 0.047979
0 0.357108 0.239912 0.036574 0.046347
0 0.790422 0.826180 0.035466 0.046220
0 0.454289 0.373304 0.032993 0.041072
0 0.136272 0.539728 0.036402 0.043084
0 0.287468 0.599672 0.033079 0.042704
0 0.635589 0.803577 0.037682 0.046473
0 0.386770 0.650408 0.034358 0.046094
0 0.283303 0.678813 0.035380 0.044589
0 0.638333 0.762030 0.034272 0.044463
0 0.686887 0.813538 0.036488 0.044716
0 0.397461 0.447252 0.034272 0.044463
0 0.144773 0.378183 0.034358 0.046094
0 0.752387 0.574782 0.037596 0.044842
0 0.127174 0.702026 0.037596 0.044842
0 0.709548 0.404091 0.036488 0.044716
0 0.302452 0.314929 0.035380 0.044589
0 0.132974 0.581212 0.034272 0.044463
0 0.862319 0.465857 0.036488 0.044716
0 0.250812 0.311495 0.036402 0.043084
0 0.737888 0.818540 0.031971 0.042578
0 0.593643 0.637093 0.036488 0.044716
0 0.296566 0.437374 0.036488 0.044716
0 0.463107 0.163369 0.035981 0.056011
0 0.197110 0.347223 0.035380 0.044589
0 0.182937 0.627135 0.034187 0.042831
0 0.855879 0.588239 0.036659 0.047979
0 0.707315 0.446517 0.034272 0.044463
0 0.548614 0.508013 0.033251 0.045967
0 0.289061 0.558814 0.034187 0.042831
0 0.406559 0.284956 0.035638 0.049484
0 0.353922 0.321626 0.034187 0.042831
0 0.749772 0.613880 0.036316 0.041451
0 0.142626 0.418977 0.034187 0.042831
0 0.362384 0.150227 0.035638 0.049484
0 0.655974 0.437372 0.035208 0.041325
0 0.544492 0.586338 0.035294 0.042957
0 0.542303 0.627948 0.035380 0.044589
0 0.689716 0.770359 0.035638 0.049484
0 0.199385 0.303982 0.035466 0.046220
0 0.148298 0.300611 0.035552 0.047852
0 0.600041 0.515527 0.034015 0.039567
0 0.173199 0.791000 0.036659 0.047979
0 0.185741 0.542093 0.033251 0.045967
0 0.398967 0.408028 0.035208 0.041325
0 0.151170 0.256616 0.036659 0.047979
0 0.858068 0.546629 0.036574 0.046347
0 0.633954 0.845250 0.034272 0.044463
0 0.498910 0.457195 0.040155 0.051622
0 0.348521 0.403088 0.031971 0.042578
0 0.129832 0.662110 0.036402 0.043084
0 0.190287 0.466279 0.036659 0.047979
0 0.736337 0.858582 0.035380 0.044589
0 0.284854 0.638771 0.034187 0.042831
0 0.757234 0.493256 0.036488 0.044716
0 0.628510 0.927528 0.038962 0.049864
0 0.379861 0.771096 0.037682 0.046473
0 0.730807 0.942492 0.037682 0.046473
0 0.595919 0.593851 0.034358 0.046094
0 0.651638 0.519776 0.032907 0.039441
0 0.691948 0.727933 0.030863 0.042451
0 0.704172 0.527416 0.034187 0.042831
0 0.123010 0.781167 0.035466 0.046220
0 0.839105 0.875241 0.037768 0.048105
0 0.334218 0.685447 0.035122 0.039694
0 0.154399 0.174086 0.036574 0.046347
0 0.631295 0.885165 0.037682 0.046473
0 0.248751 0.350657 0.034187 0.042831
0 0.391532 0.570514 0.032907 0.039441
0 0.808747 0.499137 0.037596 0.044842
0 0.833149 0.956639 0.038876 0.048232
0 0.325674 0.847808 0.035380 0.044589
0 0.382477 0.731996 0.036402 0.043084
0 0.864041 0.422552 0.035466 0.046220
0 0.762297 0.407652 0.035466 0.046220
0 0.658121 0.396578 0.032993 0.041072
0 0.800203 0.661498 0.035294 0.042957
0 0.846738 0.751352 0.037596 0.044842
0 0.545403 0.547865 0.035208 0.041325
0 0.101251 0.209877 0.036659 0.047979
0 0.795355 0.743023 0.034358 0.046094
0 0.803985 0.579031 0.034272 0.044463
0 0.138376 0.499750 0.031885 0.040946
0 0.782320 0.948373 0.036745 0.049611
0 0.785064 0.906827 0.035208 0.041325
0 0.684229 0.853453 0.035294 0.042957
0 0.915042 0.427554 0.035380 0.044589
0 0.713970 0.320056 0.036745 0.049611
0 0.168395 0.871710 0.037854 0.049738
0 0.346546 0.440619 0.031799 0.039314
0 0.698346 0.606367 0.035208 0.041325
0 0.509643 0.253224 0.044242 0.045601
0 0.446186 0.495498 0.034101 0.041198
0 0.433989 0.737878 0.035466 0.046220
0 0.103441 0.168268 0.036402 0.043084
0 0.440386 0.616312 0.035552 0.047852
0 0.330608 0.764650 0.034101 0.041198
0 0.091201 0.411464 0.035294 0.042957
0 0.682636 0.894310 0.034358 0.046094
0 0.456877 0.292342 0.036402 0.043084
0 0.177621 0.706964 0.029928 0.045588
0 0.088457 0.453011 0.036488 0.044716
0 0.679849 0.936673 0.035466 0.046220
0 0.860172 0.506651 0.034272 0.044463
0 0.441425 0.575391 0.032993 0.041072
0 0.310829 0.145162 0.034788 0.054252
0 0.423525 0.904944 0.036659 0.047979
0 0.853775 0.628217 0.036402 0.043084
0 0.086353 0.492989 0.036402 0.043084
0 0.816951 0.332634 0.036831 0.051242
0 0.763250 0.368363 0.033079 0.042704
0 0.537498 0.708657 0.031971 0.042578
0 0.849396 0.711437 0.038790 0.046600
0 0.179854 0.664539 0.034187 0.042831
0 0.916635 0.386697 0.036488 0.044716
0 0.202129 0.262435 0.034272 0.044463
0 0.913364 0.470043 0.036488 0.044716
0 0.920019 0.343582 0.038962 0.049864
0 0.152764 0.215759 0.035208 0.041325
0 0.802435 0.619072 0.035466 0.046220
0 0.535394 0.748636 0.034272 0.044463
0 0.093218 0.373118 0.035380 0.044589
0 0.321867 0.888413 0.034272 0.044463
0 0.084206 0.533783 0.036745 0.049611
0 0.359469 0.195038 0.036659 0.047979
0 0.754577 0.533171 0.037682 0.046473
0 0.431245 0.779425 0.034272 0.044463
0 0.125071 0.742004 0.035294 0.042957
0 0.156846 0.127581 0.036831 0.051242
0 0.844592 0.792147 0.035380 0.044589
0 0.588924 0.716170 0.032907 0.039441
0 0.531057 0.831040 0.036574 0.046347
0 0.504972 0.320816 0.044157 0.043969
0 0.097383 0.293977 0.035294 0.042957
0 0.437728 0.656226 0.034015 0.039567
0 0.139969 0.458892 0.033165 0.044336
0 0.195092 0.385570 0.035122 0.039694
0 0.585867 0.795437 0.035380 0.044589
0 0.175432 0.748575 0.031885 0.040946
0 0.814165 0.374997 0.032993 0.041072
0 0.473191 0.734146 0.023701 0.031902
0 0.460149 0.208996 0.037931 0.030283
0 0.146237 0.339774 0.034521 0.028271
0 0.511318 0.221404 0.045685 0.031168
0 0.503722 0.355145 0.044921 0.037568
0 0.798056 0.702293 0.035466 0.046220
0 0.342252 0.522207 0.037759 0.027019
0 0.502817 0.382950 0.046028 0.037694
0 0.734401 0.694203 0.022679 0.033407
0 0.507754 0.289123 0.043727 0.035810
0 0.176595 0.504114 0.021572 0.033281
0 0.170585 0.830100 0.037081 0.035052
0 0.513688 0.155191 0.044071 0.042337
0 0.530018 0.871960 0.036402 0.043084
0 0.512992 0.189585 0.044071 0.042337
0 0.526764 0.912628 0.036574 0.046347
0 0.105120 0.125778 0.037854 0.049738
0 0.788232 0.867790 0.037596 0.044842
0 0.866231 0.380942 0.028562 0.040566
0 0.792612 0.784570 0.032993 0.041072
0 0.294463 0.477353 0.034015 0.039567
0 0.577550 0.921709 0.036402 0.043084
0 0.694563 0.688834 0.034358 0.046094
0 0.095919 0.332386 0.034272 0.044463
0 0.582613 0.836106 0.035037 0.038062
0 0.429184 0.818587 0.029670 0.040693
0 0.304556 0.274950 0.033079 0.042704
0 0.587971 0.755459 0.030863 0.042451
0 0.426398 0.860950 0.035552 0.047852
0 0.590985 0.677008 0.035294 0.042957
0 0.120309 0.821897 0.034187 0.042831
0 0.841337 0.832814 0.035380 0.044589
0 0.309064 0.189283 0.035380 0.044589
0 0.837001 0.915219 0.037339 0.039947
0 0.813255 0.413470 0.035466 0.046220
0 0.435710 0.694572 0.034272 0.044463
0 0.806131 0.538236 0.036316 0.041451
0 0.868421 0.339331 0.035466 0.046220
0 0.098976 0.253119 0.036402 0.043084
