0 0.537195 0.622485 0.023048 0.024954
0 0.511634 0.558382 0.035699 0.025142
0 0.478440 0.382070 0.039609 0.033725
0 0.543264 0.660181 0.022736 0.025732
0 0.539081 0.642736 0.024148 0.024706
0 0.188880 0.959919 0.037382 0.046264
0 0.503767 0.516594 0.034977 0.033489
0 0.472832 0.348871 0.038132 0.031973
0 0.299178 0.634591 0.034109 0.034970
0 0.550411 0.699503 0.025944 0.028151
0 0.661897 0.465801 0.036831 0.037242
0 0.883089 0.429166 0.035904 0.038414
0 0.247756 0.968915 0.037120 0.038781
0 0.219386 0.814814 0.039495 0.045304
0 0.152904 0.772247 0.037990 0.043399
0 0.294977 0.612273 0.040308 0.055712
0 0.124679 0.618915 0.034052 0.040759
0 0.916095 0.607894 0.034689 0.038047
0 0.148006 0.742818 0.036774 0.043032
0 0.709921 0.417155 0.037467 0.034530
0 0.493125 0.767208 0.038626 0.040688
0 0.867781 0.655001 0.038916 0.042227
0 0.666880 0.485443 0.042160 0.053368
0 0.119607 0.591979 0.036194 0.039954
0 0.823328 0.415475 0.037410 0.040321
0 0.532907 0.603121 0.022006 0.025512
0 0.574783 0.842610 0.023222 0.025879
0 0.142645 0.714344 0.037757 0.036070
0 0.945073 0.761811 0.040132 0.042593
0 0.828516 0.446442 0.038626 0.040688
0 0.552945 0.791454 0.033183 0.036142
0 0.862594 0.624033 0.040132 0.042593
0 0.487474 0.737195 0.035904 0.038414
0 0.494233 0.465955 0.039206 0.043766
0 0.920675 0.639044 0.040132 0.042593
0 0.499065 0.798761 0.039495 0.045304
0 0.698938 0.355405 0.037410 0.040321
0 0.528532 0.583295 0.023802 0.028956
0 0.445592 0.811640 0.037700 0.041860
0 0.225471 0.847137 0.038916 0.042227
0 0.296360 0.923348 0.036484 0.041493
0 0.213389 0.789785 0.036194 0.039954
0 0.840425 0.506287 0.036831 0.037242
0 0.135923 0.685466 0.038916 0.042227
0 0.933482 0.700244 0.039552 0.039515
0 0.938988 0.729488 0.040132 0.042593
0 0.482866 0.709306 0.034689 0.038047
0 0.885921 0.747936 0.036831 0.037242
0 0.911487 0.580005 0.038336 0.039148
0 0.581707 0.865734 0.024092 0.030495
0 0.504571 0.828005 0.035904 0.038414
0 0.814135 0.670370 0.038626 0.040688
0 0.431603 0.433610 0.035904 0.038414
0 0.383752 0.479765 0.038626 0.040688
0 0.401139 0.572114 0.035615 0.036875
0 0.777267 0.778274 0.037700 0.041860
0 0.622413 0.856707 0.037410 0.040321
0 0.641575 0.658175 0.037120 0.038781
0 0.174933 0.575290 0.037410 0.040321
0 0.284016 0.861195 0.039842 0.041055
0 0.577525 0.614874 0.035615 0.036875
0 0.256225 0.710172 0.035615 0.036875
0 0.162444 0.512367 0.039785 0.046844
0 0.900186 0.519977 0.041348 0.042960
0 0.769971 0.432384 0.037120 0.038781
0 0.754374 0.656680 0.037120 0.038781
0 0.825726 0.731938 0.038626 0.040688
0 0.604708 0.766079 0.038626 0.040688
0 0.831058 0.763673 0.040132 0.042593
0 0.670727 0.809601 0.038626 0.040688
0 0.659280 0.748803 0.038336 0.039148
0 0.644857 0.368466 0.037410 0.040321
0 0.859878 0.309294 0.040132 0.042593
0 0.454322 0.557698 0.037410 0.040321
0 0.749476 0.627252 0.036484 0.041493
0 0.555965 0.496943 0.037120 0.038781
0 0.425054 0.402240 0.037990 0.043399
0 0.331867 0.815041 0.040132 0.042593
0 0.238665 0.620314 0.037120 0.038781
0 0.276459 0.510504 0.036194 0.039954
0 0.728345 0.825565 0.037120 0.038781
0 0.282399 0.542057 0.037064 0.044571
0 0.314915 0.725000 0.037410 0.040321
0 0.196899 0.698790 0.037410 0.040321
0 0.617225 0.825740 0.036194 0.039954
0 0.185308 0.637223 0.037410 0.040321
0 0.303931 0.663249 0.036194 0.039954
0 0.321173 0.754830 0.038916 0.042227
0 0.389229 0.512270 0.037410 0.040321
0 0.781128 0.491643 0.039263 0.037976
0 0.732524 0.537210 0.038047 0.037609
0 0.758090 0.369279 0.037120 0.038781
0 0.262484 0.740003 0.037700 0.041860
0 0.771471 0.747490 0.037120 0.038781
0 0.244316 0.650328 0.037410 0.040321
0 0.689716 0.613561 0.037410 0.040321
0 0.394417 0.543237 0.036194 0.039954
0 0.267672 0.770969 0.038916 0.042227
0 0.817678 0.385462 0.039552 0.039515
0 0.250719 0.680928 0.038626 0.040688
0 0.477070 0.678522 0.035268 0.041126
0 0.775014 0.462582 0.038626 0.040688
0 0.675914 0.840567 0.037410 0.040321
0 0.222494 0.527597 0.037120 0.038781
0 0.753048 0.339082 0.038626 0.040688
0 0.412585 0.632912 0.038336 0.039148
0 0.341668 0.559963 0.037120 0.038781
0 0.721831 0.476999 0.037410 0.040321
0 0.673980 0.523153 0.037120 0.038781
0 0.707594 0.701696 0.037120 0.038781
0 0.550024 0.465391 0.037990 0.043399
0 0.428466 0.724090 0.038916 0.042227
0 0.377204 0.448395 0.040132 0.042593
0 0.584952 0.354005 0.036774 0.043032
0 0.531305 0.369375 0.038916 0.042227
0 0.653775 0.719559 0.035904 0.038414
0 0.346711 0.590161 0.038626 0.040688
0 0.490041 0.440039 0.033840 0.025190
0 0.485295 0.423635 0.035259 0.027491
0 0.483773 0.403810 0.037848 0.030770
0 0.475663 0.369537 0.035135 0.026830
0 0.507834 0.539701 0.030861 0.027950
0 0.547357 0.680278 0.023272 0.023585
0 0.422989 0.691584 0.037120 0.038781
0 0.834456 0.477996 0.038916 0.042227
0 0.175189 0.894025 0.038626 0.040688
0 0.857233 0.595559 0.039263 0.037976
0 0.873722 0.686553 0.036194 0.039954
0 0.803123 0.611882 0.038626 0.040688
0 0.440086 0.782395 0.040132 0.042593
0 0.877148 0.397613 0.036194 0.039954
0 0.808629 0.641126 0.038626 0.040688
0 0.905836 0.549992 0.038626 0.040688
0 0.181274 0.926347 0.039206 0.043766
0 0.302764 0.953948 0.037120 0.038781
0 0.230051 0.878288 0.041348 0.042960
0 0.715601 0.443907 0.040711 0.045671
0 0.163887 0.833997 0.035615 0.036875
0 0.207766 0.756510 0.034689 0.038047
0 0.892180 0.777767 0.038336 0.039148
0 0.837462 0.794274 0.040768 0.039882
0 0.510367 0.858789 0.038336 0.039148
0 0.326679 0.784075 0.038336 0.039148
0 0.273641 0.799261 0.036831 0.037242
0 0.451532 0.843192 0.039842 0.041055
0 0.463731 0.904576 0.041058 0.041421
0 0.290999 0.894873 0.039206 0.043766
0 0.169393 0.863241 0.038626 0.040688
0 0.845786 0.534761 0.037120 0.038781
0 0.516625 0.888619 0.037410 0.040321
0 0.158236 0.803982 0.036484 0.041493
0 0.356583 0.936085 0.043200 0.040615
0 0.242395 0.940440 0.040422 0.044132
0 0.927976 0.670999 0.040132 0.042593
0 0.800782 0.288896 0.037990 0.043399
0 0.610966 0.795909 0.034689 0.038047
0 0.893927 0.490147 0.039263 0.037976
0 0.169282 0.545276 0.037120 0.038781
0 0.798225 0.582454 0.037410 0.040321
0 0.819785 0.700384 0.038916 0.042227
0 0.694324 0.641449 0.035615 0.036875
0 0.350614 0.907794 0.039842 0.041055
0 0.880125 0.717153 0.037410 0.040321
0 0.201942 0.728988 0.036484 0.041493
0 0.113667 0.560426 0.038916 0.042227
0 0.783207 0.809828 0.037410 0.040321
0 0.537854 0.400745 0.037410 0.040321
0 0.287269 0.574747 0.035904 0.038414
0 0.191249 0.668777 0.037700 0.041860
0 0.418381 0.663695 0.038916 0.042227
0 0.865528 0.339307 0.039263 0.037976
0 0.888884 0.459949 0.038916 0.042227
0 0.871497 0.367600 0.038916 0.042227
0 0.744289 0.596285 0.037120 0.038781
0 0.805334 0.323309 0.038626 0.040688
0 0.457473 0.874745 0.040132 0.042593
0 0.338125 0.844872 0.038626 0.040688
0 0.269649 0.474334 0.039495 0.045304
0 0.561326 0.525418 0.036831 0.037242
0 0.786489 0.520117 0.037120 0.038781
0 0.766429 0.717293 0.038626 0.040688
0 0.344674 0.876241 0.037700 0.041860
0 0.792429 0.551671 0.037410 0.040321
0 0.852895 0.275616 0.041927 0.046038
0 0.693750 0.324437 0.042797 0.050656
0 0.235702 0.908301 0.041058 0.041421
0 0.433972 0.753334 0.038336 0.039148
0 0.353115 0.620760 0.040422 0.044132
0 0.371726 0.415888 0.038916 0.042227
0 0.459510 0.588664 0.036194 0.039954
0 0.717970 0.763630 0.037120 0.038781
0 0.760778 0.687280 0.038916 0.042227
0 0.727163 0.508735 0.038336 0.039148
0 0.812345 0.353725 0.038626 0.040688
0 0.684818 0.584133 0.038047 0.037609
0 0.406790 0.602129 0.038916 0.042227
0 0.665076 0.779586 0.038916 0.042227
0 0.629811 0.599101 0.035615 0.036875
0 0.233014 0.590301 0.037410 0.040321
0 0.215656 0.494688 0.039206 0.043766
0 0.471275 0.647739 0.037120 0.038781
0 0.129693 0.652374 0.039206 0.043766
0 0.852335 0.566131 0.039206 0.043766
0 0.465769 0.618495 0.034689 0.038047
0 0.620188 0.537753 0.037120 0.038781
0 0.309727 0.694032 0.036194 0.039954
0 0.712174 0.732847 0.037700 0.041860
0 0.701191 0.671097 0.036484 0.041493
0 0.723157 0.794597 0.036484 0.041493
0 0.335873 0.529180 0.037700 0.041860
0 0.180439 0.604534 0.037410 0.040321
0 0.571846 0.588122 0.037120 0.038781
0 0.608279 0.477909 0.038336 0.039148
0 0.279436 0.830044 0.040422 0.044132
0 0.738030 0.566455 0.038626 0.040688
0 0.764031 0.400832 0.037990 0.043399
0 0.323992 0.466073 0.040132 0.042593
0 0.638916 0.336912 0.037700 0.041860
0 0.593869 0.705099 0.037120 0.038781
0 0.650334 0.400972 0.039206 0.043766
0 0.443194 0.495177 0.035904 0.038414
0 0.106829 0.527517 0.040422 0.044132
0 0.599057 0.736066 0.038916 0.042227
0 0.647979 0.688775 0.038916 0.042227
0 0.603236 0.447711 0.037410 0.040321
0 0.636677 0.628748 0.036484 0.041493
0 0.592398 0.386730 0.036484 0.041493
0 0.597441 0.416928 0.034978 0.039587
0 0.330540 0.497443 0.038626 0.040688
0 0.705313 0.389266 0.040422 0.044132
0 0.583321 0.645657 0.036194 0.039954
0 0.612251 0.509242 0.042564 0.043327
0 0.566369 0.555615 0.038916 0.042227
0 0.679776 0.553936 0.037700 0.041860
0 0.587756 0.676038 0.035904 0.038414
0 0.317009 0.432395 0.041927 0.046038
0 0.544084 0.433837 0.037700 0.041860
0 0.227682 0.558564 0.036484 0.041493
0 0.656275 0.432525 0.038916 0.042227
0 0.437544 0.465164 0.036194 0.039954
0 0.625984 0.568536 0.037120 0.038781
0 0.448527 0.526914 0.037410 0.040321
0 0.746818 0.305989 0.041927 0.046038
