0 0.560855 0.722704 0.042591 0.045901
0 0.627805 0.736586 0.031623 0.040662
0 0.886080 0.530296 0.032702 0.039403
0 0.613260 0.365525 0.041278 0.045629
0 0.851673 0.671644 0.044517 0.041853
0 0.534558 0.899695 0.043671 0.044643
0 0.267032 0.660201 0.042124 0.042839
0 0.275798 0.589357 0.043904 0.046174
0 0.869714 0.451082 0.032702 0.039403
0 0.779661 0.766494 0.040345 0.039504
0 0.896509 0.457427 0.031623 0.040662
0 0.908017 0.386363 0.035794 0.043009
0 0.752486 0.576047 0.039032 0.039232
0 0.143062 0.376232 0.043671 0.044643
0 0.127689 0.485985 0.043438 0.043112
0 0.604611 0.435603 0.039266 0.040764
0 0.530281 0.567883 0.039032 0.039232
0 0.676304 0.707153 0.040345 0.039504
0 0.266576 0.294431 0.040578 0.041036
0 0.635608 0.592092 0.040578 0.041036
0 0.289085 0.515501 0.039733 0.043826
0 0.208116 0.322588 0.046062 0.043656
0 0.667623 0.377587 0.039733 0.043826
0 0.213717 0.285839 0.043904 0.046174
0 0.556812 0.389361 0.038419 0.043554
0 0.857273 0.634895 0.044983 0.044915
0 0.479476 0.336995 0.040112 0.037973
0 0.670820 0.743136 0.041045 0.044098
0 0.310205 0.376928 0.039966 0.045357
0 0.658201 0.448294 0.039266 0.040764
0 0.245880 0.434671 0.039032 0.039232
0 0.186996 0.461162 0.043671 0.044643
0 0.138774 0.413253 0.043204 0.041581
0 0.230857 0.542128 0.042124 0.042839
0 0.517461 0.638675 0.043204 0.041581
0 0.432450 0.290124 0.037719 0.038960
0 0.587503 0.543417 0.040812 0.042567
0 0.271510 0.626378 0.040345 0.039504
0 0.293563 0.481679 0.037486 0.037429
0 0.380057 0.278470 0.041512 0.047160
0 0.374678 0.682521 0.042124 0.042839
0 0.724949 0.756729 0.045217 0.046446
0 0.801788 0.625759 0.044750 0.043384
0 0.474458 0.369916 0.037719 0.038960
0 0.429273 0.693051 0.040578 0.041036
0 0.858629 0.523814 0.032935 0.040934
0 0.196652 0.388923 0.040578 0.041036
0 0.384873 0.611183 0.035328 0.039947
0 0.453412 0.512454 0.039032 0.039232
0 0.251904 0.399590 0.040812 0.042567
0 0.347269 0.493605 0.037719 0.038960
0 0.691750 0.601363 0.041657 0.039776
0 0.164415 0.236127 0.043904 0.046174
0 0.458779 0.477237 0.036407 0.038688
0 0.284140 0.552386 0.040578 0.041036
0 0.648428 0.521299 0.042591 0.045901
0 0.791053 0.696194 0.045217 0.046446
0 0.812873 0.553027 0.039733 0.043826
0 0.469631 0.406036 0.042357 0.044370
0 0.768822 0.468862 0.045217 0.046446
0 0.728403 0.347541 0.044138 0.047705
0 0.597072 0.764965 0.029376 0.034265
0 0.569210 0.316902 0.041278 0.045629
0 0.764713 0.948996 0.034014 0.039675
0 0.764523 0.874716 0.043671 0.044643
0 0.554948 0.757020 0.037486 0.037429
0 0.080463 0.804748 0.042971 0.040049
0 0.453094 0.772231 0.027830 0.032461
0 0.085290 0.768629 0.041891 0.041308
0 0.647804 0.885266 0.040578 0.041036
0 0.902649 0.421581 0.032235 0.036340
0 0.653361 0.853246 0.041891 0.041308
0 0.592245 0.801084 0.031389 0.039131
0 0.618384 0.807294 0.031156 0.037599
0 0.544004 0.197945 0.036786 0.032836
0 0.642288 0.557146 0.041045 0.044098
0 0.758265 0.911329 0.044983 0.044915
0 0.245139 0.799404 0.040812 0.042567
0 0.644523 0.920126 0.044750 0.043384
0 0.835921 0.774999 0.039032 0.039232
0 0.510151 0.433392 0.034014 0.039675
0 0.855653 0.561107 0.032002 0.034809
0 0.825142 0.850165 0.043904 0.046174
0 0.090657 0.733411 0.044983 0.044915
0 0.134487 0.450274 0.038419 0.043554
0 0.539385 0.863574 0.042124 0.042839
0 0.260892 0.696048 0.041045 0.044098
0 0.498267 0.782388 0.040345 0.039504
0 0.796537 0.660212 0.041891 0.041308
0 0.105681 0.625954 0.044983 0.044915
0 0.881221 0.380018 0.031156 0.037599
0 0.443406 0.586990 0.039266 0.040764
0 0.565917 0.685053 0.043671 0.044643
0 0.822528 0.480788 0.042357 0.044370
0 0.733887 0.311558 0.038945 0.030317
0 0.739654 0.944590 0.030689 0.034537
0 0.489365 0.263225 0.036086 0.028242
0 0.844275 0.333656 0.039178 0.031848
0 0.159048 0.271345 0.041571 0.030862
0 0.278434 0.221069 0.040491 0.032120
0 0.830553 0.810217 0.042591 0.045901
0 0.545409 0.828493 0.040345 0.039504
0 0.539686 0.226272 0.037486 0.037429
0 0.193592 0.791085 0.043671 0.044643
0 0.807155 0.590542 0.044750 0.043384
0 0.513973 0.399434 0.033081 0.033550
0 0.095485 0.697291 0.042971 0.040049
0 0.493250 0.815309 0.040112 0.037973
0 0.293901 0.848214 0.038799 0.037701
0 0.663906 0.779612 0.040112 0.037973
0 0.517794 0.365475 0.037107 0.043282
0 0.438389 0.619911 0.039032 0.039232
0 0.769467 0.837831 0.041891 0.041308
0 0.148853 0.342682 0.038799 0.037701
0 0.406915 0.835318 0.038799 0.037701
0 0.623751 0.772076 0.031156 0.037599
0 0.225490 0.577346 0.039499 0.042295
0 0.252899 0.766262 0.040345 0.039504
0 0.626303 0.662034 0.043904 0.046174
0 0.401781 0.869004 0.041424 0.038245
0 0.239539 0.836153 0.043438 0.043112
0 0.680665 0.674096 0.041891 0.041308
0 0.487999 0.849761 0.041278 0.045629
0 0.208498 0.684395 0.040812 0.042567
0 0.864886 0.487201 0.030689 0.034537
0 0.845649 0.706725 0.043204 0.041581
0 0.774294 0.801712 0.043904 0.046174
0 0.213983 0.648411 0.040578 0.041036
0 0.202325 0.356139 0.041191 0.036714
0 0.660625 0.814472 0.042591 0.045901
0 0.368420 0.719134 0.038653 0.045085
0 0.735917 0.684762 0.042124 0.042839
0 0.620162 0.697880 0.041424 0.038245
0 0.890908 0.494176 0.030689 0.034537
0 0.601668 0.730376 0.031389 0.039131
0 0.571051 0.651367 0.040578 0.041036
0 0.111820 0.590108 0.043438 0.043112
0 0.421937 0.727861 0.042357 0.044370
0 0.513639 0.672634 0.043204 0.041581
0 0.256720 0.732304 0.040345 0.039504
0 0.309231 0.743192 0.040812 0.042567
0 0.299035 0.814528 0.039733 0.043826
0 0.117188 0.554890 0.040345 0.039504
0 0.697234 0.565380 0.036173 0.037157
0 0.862991 0.597380 0.042124 0.042839
0 0.198303 0.755731 0.041891 0.041308
0 0.202898 0.721144 0.040812 0.042567
0 0.481391 0.888671 0.039266 0.040764
0 0.304752 0.777013 0.042124 0.042839
0 0.123635 0.521475 0.040812 0.042567
0 0.219667 0.246794 0.041512 0.047160
0 0.413055 0.799470 0.041278 0.045629
0 0.529302 0.294410 0.035094 0.038416
0 0.503634 0.747170 0.043904 0.046174
0 0.550354 0.791608 0.042124 0.042839
0 0.841055 0.741314 0.042124 0.042839
0 0.785569 0.732177 0.041891 0.041308
0 0.187451 0.826932 0.041657 0.039776
0 0.219350 0.613193 0.041045 0.044098
0 0.548353 0.462638 0.035561 0.041478
0 0.875737 0.416001 0.030923 0.036068
0 0.342018 0.528057 0.037486 0.037429
0 0.416569 0.763079 0.039266 0.040764
0 0.314525 0.704010 0.042824 0.047432
0 0.100969 0.661308 0.046296 0.045187
0 0.780023 0.395364 0.042124 0.042839
0 0.675965 0.340617 0.039966 0.045357
0 0.298813 0.447227 0.040345 0.039504
0 0.154220 0.307464 0.044983 0.044915
0 0.761792 0.506105 0.041891 0.041308
0 0.510124 0.709026 0.042124 0.042839
0 0.730550 0.719980 0.042124 0.042839
0 0.817700 0.516907 0.040812 0.042567
0 0.422255 0.361461 0.039266 0.040764
0 0.374456 0.315219 0.043204 0.041581
0 0.741285 0.649544 0.039032 0.039232
0 0.593409 0.509101 0.039266 0.040764
0 0.631014 0.626680 0.041657 0.039776
0 0.272294 0.256916 0.041278 0.045629
0 0.652833 0.483512 0.041891 0.041308
0 0.357464 0.422268 0.039266 0.040764
0 0.535532 0.533431 0.039266 0.040764
0 0.326000 0.268842 0.038886 0.046616
0 0.702251 0.532459 0.042124 0.042839
0 0.320283 0.306356 0.040812 0.042567
0 0.337073 0.564942 0.042824 0.047432
0 0.262522 0.329920 0.041045 0.044098
0 0.542212 0.498485 0.039266 0.040764
0 0.608972 0.402546 0.040812 0.042567
0 0.193254 0.424550 0.044983 0.044915
0 0.599010 0.472352 0.039733 0.043826
0 0.785274 0.360912 0.041891 0.041308
0 0.257811 0.365274 0.041891 0.041308
0 0.369744 0.350573 0.041891 0.041308
0 0.774539 0.431348 0.039733 0.043826
0 0.534319 0.261490 0.037953 0.040492
0 0.562836 0.354280 0.041891 0.041308
0 0.463680 0.445082 0.039499 0.042295
0 0.389467 0.576595 0.039499 0.042295
0 0.304604 0.413677 0.042124 0.042839
0 0.620640 0.325987 0.041278 0.045629
0 0.315572 0.341710 0.039032 0.039232
0 0.553180 0.426518 0.039266 0.040764
0 0.576418 0.616149 0.038419 0.043554
0 0.432905 0.655894 0.042357 0.044370
0 0.236575 0.504613 0.044983 0.044915
0 0.833730 0.407290 0.041891 0.041308
0 0.427082 0.325342 0.040812 0.042567
0 0.757737 0.541595 0.042357 0.044370
0 0.240629 0.469124 0.041891 0.041308
0 0.707006 0.492375 0.042124 0.042839
0 0.407115 0.469684 0.042124 0.042839
0 0.582674 0.579537 0.041891 0.041308
0 0.662795 0.413706 0.040812 0.042567
0 0.718047 0.424373 0.043204 0.041581
0 0.484960 0.301012 0.041278 0.045629
0 0.686806 0.638248 0.040812 0.042567
0 0.417121 0.395148 0.041891 0.041308
0 0.712140 0.458689 0.041657 0.039776
0 0.525031 0.602335 0.042357 0.044370
0 0.412716 0.432934 0.045217 0.046446
0 0.447461 0.551500 0.042357 0.044370
0 0.401091 0.504764 0.040345 0.039504
0 0.748315 0.612303 0.042824 0.047432
0 0.352753 0.457622 0.043671 0.044643
0 0.395607 0.540748 0.041045 0.044098
0 0.380162 0.646537 0.042357 0.044370
0 0.839869 0.371443 0.038653 0.045085
0 0.364260 0.386557 0.042124 0.042839
0 0.722875 0.388254 0.042591 0.045901
0 0.827589 0.443137 0.040812 0.042567
