0 0.483750 0.589399 0.022500 0.036392
0 0.483125 0.625791 0.023750 0.030063
0 0.883125 0.752373 0.033750 0.036392
0 0.883750 0.728639 0.032500 0.030063
0 0.495625 0.388449 0.036250 0.036392
0 0.481250 0.667722 0.020000 0.018987
0 0.883125 0.784810 0.036250 0.041139
0 0.661250 0.443038 0.032500 0.031646
0 0.330625 0.659810 0.033750 0.028481
0 0.220000 0.595728 0.032500 0.033228
0 0.827500 0.628956 0.035000 0.033228
0 0.828125 0.565665 0.033750 0.033228
0 0.660625 0.598101 0.033750 0.028481
0 0.884375 0.626582 0.033750 0.031646
0 0.165000 0.662184 0.030000 0.030063
0 0.826875 0.884494 0.031250 0.031646
0 0.716250 0.726266 0.030000 0.031646
0 0.165000 0.630538 0.032500 0.033228
0 0.331250 0.851266 0.035000 0.031646
0 0.771875 0.788766 0.033750 0.033228
0 0.716875 0.693829 0.033750 0.033228
0 0.331875 0.472310 0.033750 0.030063
0 0.606250 0.629747 0.032500 0.031646
0 0.110625 0.381329 0.031250 0.031646
0 0.661250 0.411392 0.032500 0.031646
0 0.385625 0.819620 0.033750 0.034810
0 0.165000 0.723892 0.032500 0.030063
0 0.495625 0.459652 0.033750 0.036392
0 0.386250 0.851266 0.032500 0.031646
0 0.605625 0.660601 0.033750 0.033228
0 0.163750 0.440665 0.030000 0.030063
0 0.661250 0.507911 0.032500 0.031646
0 0.661250 0.344937 0.032500 0.031646
0 0.883750 0.565665 0.035000 0.033228
0 0.771250 0.662975 0.032500 0.034810
0 0.275625 0.629747 0.031250 0.031646
0 0.441250 0.441456 0.032500 0.031646
0 0.386250 0.883703 0.035000 0.030063
0 0.165625 0.566456 0.031250 0.028481
0 0.661250 0.695411 0.032500 0.036392
0 0.605625 0.884494 0.031250 0.028481
0 0.771875 0.377373 0.033750 0.036392
0 0.883125 0.375791 0.033750 0.033228
0 0.605625 0.724684 0.031250 0.031646
0 0.828125 0.473101 0.031250 0.031646
0 0.550000 0.346519 0.032500 0.034810
0 0.109375 0.411392 0.031250 0.031646
0 0.442500 0.598101 0.032500 0.031646
0 0.548750 0.443038 0.032500 0.028481
0 0.606250 0.757120 0.032500 0.033228
0 0.605625 0.692247 0.031250 0.033228
0 0.826875 0.694620 0.033750 0.034810
0 0.661250 0.568038 0.035000 0.031646
0 0.827500 0.596519 0.035000 0.031646
0 0.275625 0.692247 0.031250 0.030063
0 0.385625 0.693829 0.031250 0.033228
0 0.771875 0.724684 0.033750 0.031646
0 0.220000 0.442247 0.030000 0.030063
0 0.165000 0.598101 0.032500 0.031646
0 0.165000 0.756329 0.032500 0.031646
0 0.386250 0.661392 0.032500 0.031646
0 0.883750 0.503956 0.032500 0.033228
0 0.661250 0.661392 0.032500 0.031646
0 0.109375 0.473101 0.033750 0.031646
0 0.716250 0.536392 0.032500 0.034810
0 0.717500 0.505538 0.032500 0.030063
0 0.331875 0.821203 0.033750 0.031646
0 0.441875 0.660601 0.033750 0.030063
0 0.827500 0.409810 0.035000 0.034810
0 0.549375 0.473101 0.031250 0.031646
0 0.717500 0.821203 0.032500 0.031646
0 0.441875 0.693038 0.033750 0.034810
0 0.331250 0.443038 0.032500 0.031646
0 0.276250 0.855222 0.032500 0.033228
0 0.219375 0.787184 0.033750 0.033228
0 0.883125 0.693038 0.033750 0.031646
0 0.220625 0.628165 0.031250 0.031646
0 0.605000 0.443038 0.032500 0.031646
0 0.331875 0.788766 0.033750 0.033228
0 0.606250 0.535601 0.030000 0.033228
0 0.549375 0.505538 0.031250 0.033228
0 0.718125 0.473101 0.031250 0.031646
0 0.884375 0.410601 0.033750 0.033228
0 0.164375 0.473101 0.031250 0.034810
0 0.441875 0.535601 0.033750 0.030063
0 0.827500 0.505538 0.030000 0.030063
0 0.385625 0.568038 0.031250 0.031646
0 0.496250 0.348892 0.035000 0.039557
0 0.385625 0.441456 0.031250 0.031646
0 0.220000 0.820411 0.032500 0.033228
0 0.883750 0.441456 0.035000 0.031646
0 0.771875 0.536392 0.033750 0.034810
0 0.716875 0.852848 0.033750 0.031646
0 0.165000 0.693038 0.032500 0.031646
0 0.772500 0.822785 0.032500 0.034810
0 0.330625 0.598892 0.031250 0.030063
0 0.331250 0.882120 0.035000 0.030063
0 0.606250 0.819620 0.032500 0.031646
0 0.826250 0.375000 0.035000 0.037975
0 0.605625 0.504747 0.033750 0.028481
0 0.275625 0.473101 0.031250 0.028481
0 0.441250 0.474684 0.030000 0.034810
0 0.110625 0.346519 0.033750 0.037975
0 0.275000 0.598892 0.032500 0.030063
0 0.330625 0.723892 0.033750 0.033228
0 0.165625 0.536392 0.033750 0.031646
0 0.549375 0.536392 0.031250 0.031646
0 0.883125 0.659810 0.033750 0.034810
0 0.275625 0.821203 0.033750 0.037975
0 0.661875 0.475475 0.033750 0.033228
0 0.717500 0.411392 0.032500 0.031646
0 0.661250 0.378165 0.035000 0.034810
0 0.275625 0.756329 0.033750 0.034810
0 0.330625 0.691456 0.031250 0.031646
0 0.606250 0.378165 0.035000 0.034810
0 0.220625 0.472310 0.031250 0.033228
0 0.219375 0.755538 0.033750 0.033228
0 0.331875 0.756329 0.033750 0.031646
0 0.605000 0.473892 0.032500 0.033228
0 0.440625 0.408228 0.031250 0.034810
0 0.606250 0.598892 0.032500 0.030063
0 0.771875 0.474684 0.031250 0.031646
0 0.220000 0.724684 0.032500 0.031646
0 0.441875 0.567247 0.033750 0.033228
0 0.771875 0.441456 0.033750 0.034810
0 0.331875 0.409810 0.033750 0.034810
0 0.220000 0.692247 0.032500 0.033228
0 0.386250 0.473892 0.030000 0.033228
0 0.385000 0.536392 0.030000 0.031646
0 0.716875 0.378165 0.033750 0.034810
0 0.551250 0.567247 0.035000 0.033228
0 0.275625 0.409019 0.031250 0.033228
0 0.385000 0.409019 0.032500 0.033228
0 0.275625 0.661392 0.031250 0.031646
0 0.606250 0.411392 0.035000 0.031646
0 0.385625 0.503956 0.031250 0.030063
0 0.275625 0.442247 0.033750 0.033228
0 0.716250 0.566456 0.030000 0.028481
0 0.771875 0.629747 0.033750 0.031646
0 0.481250 0.647943 0.020000 0.017405
0 0.483750 0.859177 0.022500 0.022152
0 0.481875 0.689082 0.021250 0.023734
0 0.166250 0.821203 0.035000 0.031646
0 0.385625 0.598892 0.031250 0.030063
0 0.606875 0.344937 0.031250 0.031646
0 0.606250 0.787184 0.030000 0.030063
0 0.385625 0.756329 0.031250 0.034810
0 0.827500 0.661392 0.035000 0.031646
0 0.109375 0.441456 0.031250 0.028481
0 0.164375 0.506329 0.031250 0.031646
0 0.275000 0.568829 0.032500 0.033228
0 0.220000 0.660601 0.032500 0.033228
0 0.550625 0.411392 0.033750 0.034810
0 0.606875 0.568038 0.033750 0.031646
0 0.276875 0.723101 0.033750 0.031646
0 0.275625 0.536392 0.031250 0.031646
0 0.331250 0.503165 0.032500 0.031646
0 0.331250 0.534810 0.032500 0.031646
0 0.219375 0.409019 0.031250 0.036392
0 0.275625 0.503165 0.033750 0.031646
0 0.331250 0.568038 0.032500 0.031646
0 0.220000 0.534810 0.035000 0.034810
0 0.494156 0.532927 0.033588 0.025506
0 0.495625 0.508703 0.036250 0.023734
0 0.496250 0.422231 0.035000 0.033703
0 0.495000 0.555142 0.035000 0.016297
0 0.716875 0.884494 0.033750 0.031646
0 0.220000 0.567247 0.032500 0.033228
0 0.827500 0.727057 0.035000 0.030063
0 0.717500 0.788766 0.032500 0.033228
0 0.717500 0.442247 0.032500 0.030063
0 0.220000 0.852057 0.032500 0.030063
0 0.441875 0.507120 0.031250 0.030063
0 0.550000 0.378956 0.032500 0.030063
0 0.661875 0.537184 0.033750 0.030063
0 0.219375 0.502373 0.028750 0.030063
0 0.827500 0.821203 0.032500 0.034810
0 0.385000 0.723892 0.032500 0.030063
0 0.828125 0.441456 0.033750 0.031646
0 0.771875 0.755538 0.033750 0.030063
0 0.772500 0.853639 0.032500 0.030063
0 0.883750 0.471519 0.032500 0.028481
0 0.606250 0.852057 0.027500 0.030063
0 0.883750 0.596519 0.032500 0.028481
0 0.827500 0.756329 0.035000 0.031646
0 0.827500 0.787975 0.035000 0.031646
0 0.165625 0.884494 0.033750 0.031646
0 0.716875 0.757120 0.033750 0.033228
0 0.276250 0.885285 0.035000 0.023734
0 0.441250 0.629747 0.032500 0.031646
0 0.771875 0.694620 0.033750 0.028481
0 0.882500 0.821994 0.032500 0.033228
0 0.828125 0.853639 0.031250 0.030063
0 0.275625 0.787184 0.031250 0.030063
0 0.884375 0.534019 0.033750 0.030063
0 0.717500 0.596519 0.032500 0.034810
0 0.483125 0.882120 0.021250 0.023734
0 0.772500 0.568038 0.030000 0.028481
0 0.164375 0.405854 0.031250 0.033228
0 0.661250 0.628956 0.032500 0.033228
0 0.716875 0.662184 0.031250 0.033228
0 0.881875 0.885285 0.033750 0.033228
0 0.166250 0.851266 0.035000 0.034810
0 0.772500 0.409019 0.032500 0.030063
0 0.772500 0.885285 0.035000 0.030063
0 0.827500 0.535601 0.032500 0.030063
0 0.221875 0.882911 0.036250 0.031646
0 0.772500 0.503956 0.032500 0.026899
0 0.331250 0.629747 0.030000 0.031646
0 0.166250 0.788766 0.035000 0.033228
0 0.385625 0.786392 0.033750 0.028481
0 0.717500 0.630538 0.032500 0.033228
0 0.883125 0.852848 0.031250 0.031646
0 0.771250 0.598892 0.032500 0.033228
0 0.495000 0.797468 0.030000 0.031646
0 0.386875 0.629747 0.031250 0.031646
