0 0.402505 0.281326 0.034897 0.051572
0 0.657475 0.287131 0.035964 0.046668
0 0.555990 0.327844 0.033683 0.040057
0 0.454166 0.282336 0.033756 0.048266
0 0.450584 0.620556 0.037061 0.045048
0 0.606541 0.328832 0.034823 0.043362
0 0.811357 0.289318 0.034838 0.045004
0 0.760964 0.332672 0.034808 0.041721
0 0.450187 0.664887 0.034808 0.041721
0 0.347620 0.702294 0.037090 0.048332
0 0.555831 0.283502 0.032631 0.046603
0 0.350460 0.323006 0.033697 0.041699
0 0.399102 0.661425 0.034823 0.043362
0 0.246384 0.280738 0.033712 0.043341
0 0.192035 0.704179 0.034867 0.048288
0 0.350835 0.281137 0.033742 0.046624
0 0.656677 0.624584 0.031476 0.041655
0 0.605611 0.370690 0.033727 0.044983
0 0.399499 0.617094 0.034852 0.046646
0 0.810596 0.622667 0.034838 0.045004
0 0.193383 0.615528 0.035979 0.048310
0 0.810405 0.333639 0.033697 0.041699
0 0.708207 0.329999 0.033697 0.041699
0 0.348948 0.616106 0.033771 0.049908
0 0.298228 0.323627 0.038171 0.045070
0 0.656872 0.664822 0.032572 0.040035
0 0.401755 0.365063 0.034897 0.051572
0 0.347995 0.660426 0.034794 0.040079
0 0.721866 0.666092 0.022543 0.036556
0 0.298595 0.282579 0.035891 0.038459
0 0.862450 0.291959 0.032587 0.041677
0 0.465069 0.491928 0.025877 0.036621
0 0.143631 0.277087 0.037075 0.046690
0 0.760604 0.372899 0.032572 0.040035
0 0.657648 0.329831 0.034823 0.043362
0 0.091427 0.274424 0.037105 0.049973
0 0.505100 0.240635 0.043667 0.038611
0 0.719277 0.707095 0.022514 0.033272
0 0.195520 0.563020 0.025833 0.031696
0 0.809600 0.671912 0.033639 0.035132
0 0.506716 0.370399 0.046972 0.035392
0 0.505285 0.344097 0.043667 0.038611
0 0.503443 0.487751 0.038157 0.043428
0 0.553934 0.371322 0.034838 0.045004
0 0.350085 0.364874 0.035964 0.046668
0 0.142325 0.360813 0.038186 0.046711
0 0.244906 0.321763 0.035906 0.040101
0 0.453784 0.325025 0.033668 0.038415
0 0.194752 0.276444 0.034852 0.046646
0 0.593398 0.493615 0.022499 0.031631
0 0.552595 0.707122 0.033771 0.049908
0 0.441557 0.449592 0.022529 0.034914
0 0.194910 0.320786 0.035935 0.043384
0 0.810578 0.376339 0.032616 0.044961
0 0.861526 0.332996 0.033697 0.041699
0 0.440830 0.530866 0.024765 0.036600
0 0.441369 0.408534 0.023640 0.034936
0 0.720026 0.623359 0.022543 0.036556
0 0.440627 0.491450 0.021403 0.033251
0 0.809262 0.709675 0.033697 0.041699
0 0.720618 0.495281 0.023654 0.036578
0 0.695592 0.622061 0.024780 0.038241
0 0.142138 0.319755 0.034794 0.040079
0 0.088725 0.700518 0.037061 0.045048
0 0.245649 0.362833 0.035935 0.043384
0 0.554104 0.662813 0.031432 0.036730
0 0.453431 0.364431 0.035950 0.045026
0 0.695772 0.663940 0.023625 0.033294
0 0.505695 0.174139 0.043682 0.040253
0 0.128764 0.572389 0.023713 0.043145
0 0.554493 0.619303 0.029313 0.048179
0 0.193966 0.364285 0.032616 0.044961
0 0.402122 0.324016 0.032528 0.035110
0 0.130459 0.445153 0.022529 0.034914
0 0.297874 0.239047 0.035935 0.043384
0 0.192424 0.660669 0.037046 0.043406
0 0.669495 0.495924 0.023654 0.036578
0 0.695784 0.414328 0.021403 0.033251
0 0.088941 0.614308 0.035935 0.043384
0 0.154109 0.658278 0.022514 0.033272
0 0.450375 0.705945 0.035920 0.041742
0 0.438904 0.745953 0.022514 0.033272
0 0.398735 0.702471 0.034823 0.043362
0 0.656169 0.370857 0.034823 0.043362
0 0.593723 0.581478 0.022514 0.033272
0 0.593593 0.409867 0.021388 0.031609
0 0.720416 0.579849 0.022529 0.034914
0 0.914704 0.288875 0.034764 0.036795
0 0.860610 0.373211 0.032572 0.040035
0 0.128737 0.699658 0.023669 0.038220
0 0.091572 0.320408 0.038127 0.040144
0 0.707847 0.370225 0.033712 0.043341
0 0.503646 0.527168 0.028099 0.036665
0 0.440411 0.577660 0.022529 0.034914
0 0.593912 0.622536 0.023625 0.033294
0 0.668579 0.412154 0.020292 0.033229
0 0.155260 0.405405 0.024765 0.036600
0 0.656497 0.706689 0.037061 0.045048
0 0.298855 0.191443 0.037163 0.056541
0 0.619855 0.579526 0.023610 0.031652
0 0.642824 0.496223 0.019167 0.031565
0 0.127446 0.781741 0.024780 0.038241
0 0.090108 0.359792 0.038186 0.046711
0 0.154729 0.526916 0.021432 0.036534
0 0.619507 0.494125 0.021388 0.031609
0 0.129543 0.485369 0.021403 0.033251
0 0.464333 0.450037 0.023640 0.034936
0 0.154506 0.613947 0.022543 0.036556
0 0.619465 0.623036 0.023625 0.033294
0 0.465248 0.409822 0.022514 0.033272
0 0.128369 0.740704 0.023640 0.034936
0 0.914890 0.205949 0.036008 0.051594
0 0.128382 0.615079 0.021432 0.036534
0 0.088559 0.656997 0.035935 0.043384
0 0.592491 0.533010 0.021418 0.034893
0 0.914862 0.333217 0.035964 0.046668
0 0.154526 0.487499 0.022514 0.033272
0 0.130270 0.404095 0.023640 0.034936
0 0.129175 0.526416 0.023654 0.036578
0 0.694848 0.580992 0.024721 0.031674
0 0.618778 0.451414 0.021388 0.031609
0 0.155464 0.444821 0.021403 0.033251
0 0.153179 0.700136 0.021388 0.031609
0 0.644714 0.409225 0.019137 0.028282
0 0.720782 0.414817 0.020292 0.033229
0 0.721339 0.538813 0.023669 0.038220
0 0.696349 0.537503 0.022573 0.039840
0 0.668212 0.453202 0.020322 0.036513
0 0.695446 0.452092 0.021374 0.029967
0 0.618583 0.411177 0.020263 0.029945
0 0.078060 0.402253 0.023625 0.033294
0 0.465280 0.530523 0.024721 0.031674
0 0.438019 0.782885 0.023640 0.034936
0 0.077108 0.446574 0.022543 0.036556
0 0.720451 0.451760 0.020277 0.031587
0 0.619659 0.539288 0.022543 0.036556
0 0.464868 0.576496 0.022587 0.041482
0 0.103043 0.404384 0.024765 0.036600
0 0.128563 0.656958 0.022499 0.031631
0 0.152819 0.740361 0.019181 0.033207
0 0.463924 0.743979 0.021388 0.031609
0 0.153195 0.822478 0.021403 0.033251
0 0.153555 0.782251 0.021418 0.034893
0 0.695605 0.496434 0.020263 0.029945
0 0.103794 0.444632 0.022499 0.031631
0 0.506551 0.140491 0.046942 0.032108
0 0.593218 0.451736 0.021432 0.036534
0 0.643221 0.451892 0.019167 0.031565
0 0.154332 0.571247 0.021462 0.039818
0 0.127649 0.821157 0.021388 0.031609
0 0.514483 0.744146 0.022455 0.026705
0 0.505941 0.208630 0.046927 0.030467
0 0.505623 0.306333 0.045919 0.041938
0 0.669669 0.538624 0.022543 0.036556
0 0.463024 0.782553 0.022485 0.029989
0 0.914493 0.250280 0.035891 0.038459
0 0.505346 0.275126 0.044719 0.032065
0 0.758704 0.709508 0.034852 0.046646
0 0.246233 0.235575 0.034867 0.048288
0 0.606938 0.284501 0.034852 0.046646
0 0.862839 0.248449 0.034852 0.046646
0 0.757816 0.622456 0.033742 0.046624
0 0.759695 0.288308 0.033727 0.044983
0 0.708033 0.287299 0.034838 0.045004
0 0.758522 0.667630 0.033697 0.041699
0 0.503818 0.445883 0.040393 0.045113
