0 0.503366 0.271788 0.043182 0.032791
0 0.350447 0.270172 0.035301 0.028915
0 0.500971 0.341714 0.045570 0.037893
0 0.499458 0.369644 0.046681 0.037977
0 0.477958 0.737528 0.022154 0.032848
0 0.178960 0.388401 0.023377 0.036222
0 0.506287 0.202726 0.046512 0.033041
0 0.865651 0.348552 0.034642 0.041995
0 0.168715 0.720019 0.023320 0.034578
0 0.697918 0.714499 0.035808 0.043723
0 0.142995 0.301566 0.034699 0.043639
0 0.233404 0.682825 0.034812 0.046930
0 0.505574 0.239787 0.045908 0.047766
0 0.166779 0.760287 0.026819 0.039764
0 0.607949 0.287910 0.035639 0.038787
0 0.840739 0.767316 0.024543 0.037952
0 0.707664 0.381195 0.037201 0.052033
0 0.915287 0.393528 0.037088 0.048743
0 0.837667 0.808324 0.025652 0.038035
0 0.506803 0.171423 0.045739 0.042830
0 0.501712 0.303830 0.044686 0.044391
0 0.496268 0.527762 0.033477 0.040265
0 0.916780 0.349927 0.034586 0.040349
0 0.508015 0.136048 0.047903 0.041351
0 0.399942 0.319262 0.033477 0.040265
0 0.449052 0.363374 0.034755 0.045285
0 0.863076 0.391247 0.034755 0.045285
0 0.608191 0.248338 0.035865 0.045369
0 0.351300 0.228997 0.034755 0.045285
0 0.439278 0.697500 0.035865 0.045369
0 0.907916 0.641233 0.037032 0.047097
0 0.658084 0.334574 0.032536 0.045118
0 0.352878 0.182928 0.034981 0.051866
0 0.234784 0.642514 0.034642 0.041995
0 0.182358 0.678982 0.034699 0.043639
0 0.450460 0.322240 0.034642 0.041995
0 0.094268 0.213769 0.033589 0.043556
0 0.451954 0.278639 0.032705 0.050054
0 0.236362 0.596445 0.034981 0.051866
0 0.092220 0.257328 0.034755 0.045285
0 0.917136 0.307065 0.037032 0.047097
0 0.699910 0.672585 0.034755 0.045285
0 0.243648 0.351208 0.034868 0.048576
0 0.709157 0.337594 0.034586 0.040349
0 0.855321 0.682637 0.034755 0.045285
0 0.439605 0.655461 0.035921 0.047014
0 0.144986 0.259652 0.033646 0.045202
0 0.750955 0.676428 0.036975 0.045452
0 0.802228 0.722353 0.035808 0.043723
0 0.201721 0.470944 0.023377 0.036222
0 0.176497 0.427806 0.023377 0.036222
0 0.202020 0.429727 0.023377 0.036222
0 0.183824 0.636203 0.034812 0.046930
0 0.658994 0.291753 0.033646 0.045202
0 0.400852 0.276442 0.034812 0.046930
0 0.174506 0.469720 0.024543 0.037952
0 0.749462 0.720029 0.037032 0.047097
0 0.441766 0.608611 0.034868 0.048576
0 0.699268 0.626349 0.034981 0.051866
0 0.095291 0.167658 0.035037 0.053512
0 0.906395 0.685657 0.037032 0.047097
0 0.245696 0.307648 0.035808 0.043723
0 0.856289 0.638171 0.035977 0.048660
0 0.904873 0.730081 0.039251 0.047264
0 0.760758 0.341479 0.033589 0.043556
0 0.853800 0.727061 0.037088 0.048743
0 0.812003 0.388226 0.034812 0.046930
0 0.554328 0.326762 0.035752 0.042078
0 0.300511 0.266412 0.033758 0.048493
0 0.555239 0.283942 0.034981 0.051866
0 0.552863 0.369540 0.036090 0.051949
0 0.145953 0.215187 0.032649 0.048409
0 0.297994 0.356124 0.034924 0.050221
0 0.196671 0.261069 0.034812 0.046930
0 0.759876 0.383477 0.034755 0.045285
0 0.659350 0.248891 0.033758 0.048493
0 0.184790 0.591737 0.033702 0.046847
0 0.298989 0.310836 0.033646 0.045202
0 0.814434 0.300982 0.035921 0.047014
0 0.711262 0.292389 0.036090 0.051949
0 0.347900 0.312044 0.036034 0.050304
0 0.192547 0.349010 0.032536 0.045118
0 0.805214 0.635150 0.035921 0.047014
0 0.609825 0.200624 0.036203 0.055240
0 0.247189 0.264048 0.035977 0.048660
0 0.803693 0.679574 0.035921 0.047014
0 0.606512 0.329866 0.038254 0.050472
0 0.752505 0.631182 0.037032 0.047097
0 0.497066 0.488232 0.041357 0.044141
0 0.813496 0.344625 0.034755 0.045285
0 0.499113 0.444673 0.042636 0.049161
0 0.866062 0.304044 0.037088 0.048743
0 0.762251 0.297877 0.035977 0.048660
0 0.401875 0.230331 0.036034 0.050304
0 0.195178 0.304670 0.034755 0.045285
