0 0.086667 0.332787 0.033333 0.039344
0 0.497778 0.144262 0.044444 0.036066
0 0.295000 0.330328 0.034444 0.040984
0 0.241667 0.622131 0.036667 0.044262
0 0.652778 0.205738 0.036667 0.047541
0 0.652778 0.158197 0.036667 0.047541
0 0.601111 0.157377 0.037778 0.045902
0 0.241667 0.665574 0.036667 0.042623
0 0.190000 0.663934 0.033333 0.042623
0 0.242222 0.747541 0.035556 0.042623
0 0.600556 0.205738 0.038889 0.050820
0 0.241111 0.538525 0.037778 0.044262
0 0.241667 0.287705 0.036667 0.047541
0 0.241667 0.495902 0.038889 0.040984
0 0.190556 0.539344 0.036667 0.042623
0 0.859444 0.155738 0.038889 0.052459
0 0.241111 0.581148 0.035556 0.040984
0 0.653889 0.330328 0.036667 0.044262
0 0.344444 0.581967 0.035556 0.045902
0 0.190000 0.203279 0.037778 0.052459
0 0.757222 0.202459 0.036667 0.044262
0 0.757778 0.373770 0.037778 0.045902
0 0.705000 0.204098 0.038889 0.044262
0 0.808889 0.157377 0.037778 0.049180
0 0.140000 0.415574 0.037778 0.044262
0 0.810000 0.289344 0.040000 0.047541
0 0.345556 0.664754 0.035556 0.047541
0 0.191111 0.334426 0.035556 0.042623
0 0.293889 0.581148 0.034444 0.044262
0 0.345000 0.496721 0.036667 0.045902
0 0.549444 0.201639 0.038889 0.045902
0 0.757222 0.156557 0.038889 0.047541
0 0.191111 0.375410 0.035556 0.039344
0 0.241667 0.790164 0.036667 0.042623
0 0.190556 0.622131 0.034444 0.040984
0 0.190556 0.415574 0.034444 0.040984
0 0.548889 0.157377 0.037778 0.045902
0 0.347222 0.331148 0.036667 0.042623
0 0.293333 0.625410 0.035556 0.044262
0 0.293333 0.707377 0.035556 0.047541
0 0.345000 0.789344 0.036667 0.044262
0 0.140556 0.498361 0.036667 0.045902
0 0.241667 0.706557 0.032222 0.039344
0 0.757778 0.329508 0.035556 0.042623
0 0.191111 0.290984 0.035556 0.044262
0 0.293333 0.538525 0.033333 0.040984
0 0.190000 0.704918 0.035556 0.042623
0 0.758333 0.456557 0.036667 0.044262
0 0.293889 0.495902 0.032222 0.040984
0 0.139444 0.245082 0.038889 0.050820
0 0.242222 0.331967 0.033333 0.040984
0 0.705556 0.457377 0.037778 0.042623
0 0.705556 0.372951 0.037778 0.040984
0 0.448333 0.287705 0.032222 0.044262
0 0.653889 0.372951 0.036667 0.044262
0 0.293889 0.456557 0.034444 0.040984
0 0.706111 0.291803 0.036667 0.042623
0 0.808889 0.241803 0.037778 0.044262
0 0.293333 0.830328 0.037778 0.040984
0 0.346111 0.372131 0.034444 0.042623
0 0.706111 0.248361 0.036667 0.044262
0 0.757222 0.246721 0.036667 0.044262
0 0.295000 0.413115 0.034444 0.039344
0 0.190556 0.456557 0.034444 0.040984
0 0.344444 0.913115 0.033333 0.045902
0 0.241111 0.913115 0.037778 0.045902
0 0.706111 0.413115 0.034444 0.042623
0 0.448333 0.241803 0.032222 0.044262
0 0.294444 0.913934 0.037778 0.044262
0 0.138889 0.831148 0.035556 0.045902
0 0.346667 0.288525 0.035556 0.042623
0 0.758333 0.537705 0.038889 0.042623
0 0.295000 0.290164 0.034444 0.042623
0 0.190000 0.828689 0.035556 0.040984
0 0.191111 0.496721 0.035556 0.042623
0 0.241667 0.830328 0.036667 0.040984
0 0.140000 0.332787 0.037778 0.042623
0 0.139444 0.665574 0.036667 0.042623
0 0.140000 0.374590 0.035556 0.037705
0 0.086667 0.415574 0.037778 0.044262
0 0.241667 0.373770 0.036667 0.042623
0 0.190000 0.872131 0.035556 0.045902
0 0.345556 0.745902 0.035556 0.042623
0 0.758333 0.416393 0.036667 0.039344
0 0.549444 0.245902 0.038889 0.042623
0 0.140000 0.789344 0.033333 0.040984
0 0.139444 0.582787 0.034444 0.040984
0 0.293333 0.789344 0.037778 0.044262
0 0.808889 0.200000 0.037778 0.039344
0 0.449444 0.333607 0.034444 0.047541
0 0.345556 0.415574 0.035556 0.044262
0 0.138889 0.624590 0.035556 0.042623
0 0.140556 0.747541 0.034444 0.042623
0 0.191111 0.581967 0.035556 0.042623
0 0.548333 0.289344 0.036667 0.040984
0 0.189444 0.746721 0.036667 0.044262
0 0.345000 0.622951 0.032222 0.036066
0 0.085000 0.667213 0.038889 0.045902
0 0.140000 0.542623 0.033333 0.039344
0 0.140000 0.707377 0.035556 0.040984
0 0.345000 0.540164 0.034444 0.037705
0 0.241667 0.415574 0.036667 0.044262
0 0.397222 0.287705 0.034444 0.044262
0 0.140000 0.290984 0.035556 0.040984
0 0.242222 0.455738 0.035556 0.039344
0 0.140556 0.458197 0.034444 0.037705
0 0.190000 0.248361 0.035556 0.040984
0 0.705000 0.539344 0.036667 0.045902
0 0.396667 0.333607 0.035556 0.044262
0 0.086667 0.459016 0.037778 0.042623
0 0.086667 0.288525 0.033333 0.045902
0 0.189444 0.914754 0.036667 0.039344
0 0.757778 0.623770 0.040000 0.044262
0 0.293889 0.665574 0.034444 0.039344
0 0.241667 0.869672 0.036667 0.040984
0 0.346111 0.706557 0.034444 0.039344
0 0.294444 0.370492 0.035556 0.042623
0 0.705556 0.497541 0.037778 0.040984
0 0.497778 0.310738 0.042222 0.037541
0 0.550000 0.371311 0.035556 0.044262
0 0.549444 0.329508 0.038889 0.039344
0 0.498889 0.453279 0.035556 0.047541
0 0.496422 0.346377 0.041111 0.032787
0 0.550167 0.416393 0.035889 0.045902
0 0.705000 0.157541 0.038889 0.049508
0 0.497922 0.277639 0.042667 0.028525
0 0.073333 0.581148 0.020000 0.031148
0 0.497222 0.373770 0.041111 0.036066
0 0.497778 0.209016 0.044444 0.031148
0 0.497778 0.178689 0.042222 0.036066
0 0.086111 0.500820 0.038889 0.044262
0 0.087222 0.542623 0.038889 0.042623
0 0.913333 0.154098 0.033333 0.049180
0 0.758333 0.498361 0.038889 0.042623
0 0.757778 0.288525 0.035556 0.042623
0 0.705556 0.331967 0.037778 0.040984
0 0.654444 0.288525 0.035556 0.039344
0 0.345000 0.830328 0.034444 0.037705
0 0.085556 0.621311 0.037778 0.045902
0 0.086667 0.372131 0.037778 0.042623
0 0.345556 0.457377 0.033333 0.036066
0 0.292778 0.749180 0.034444 0.036066
0 0.293889 0.871311 0.036667 0.040984
0 0.758889 0.581148 0.037778 0.044262
0 0.345556 0.868852 0.033333 0.039344
0 0.758889 0.666393 0.040000 0.040984
0 0.189444 0.787705 0.034444 0.040984
0 0.497778 0.244262 0.042222 0.042623
0 0.654444 0.250000 0.035556 0.037705
