0 0.481113 0.384173 0.046760 0.049587
0 0.414678 0.318463 0.039480 0.053976
0 0.625718 0.324729 0.039480 0.053976
0 0.744687 0.614565 0.026228 0.035450
0 0.499738 0.501807 0.040771 0.044006
0 0.880940 0.181812 0.026782 0.038652
0 0.693959 0.337863 0.029242 0.047067
0 0.349429 0.252982 0.041570 0.042817
0 0.662508 0.822666 0.041633 0.054800
0 0.476696 0.355315 0.045075 0.045654
0 0.299669 0.273735 0.042217 0.063992
0 0.683853 0.425362 0.024875 0.033437
0 0.720352 0.626439 0.026505 0.037051
0 0.357271 0.901951 0.043231 0.052422
0 0.708325 0.414288 0.024875 0.033437
0 0.733781 0.704076 0.027335 0.041853
0 0.726859 0.664056 0.025183 0.041030
0 0.554443 0.735171 0.026782 0.038652
0 0.364578 0.937555 0.038650 0.049174
0 0.758530 0.694603 0.026782 0.038652
0 0.716062 0.455701 0.027058 0.040253
0 0.450902 0.226089 0.048549 0.042499
0 0.750671 0.655796 0.027058 0.040253
0 0.464251 0.900257 0.037850 0.050362
0 0.730982 0.535327 0.024907 0.039429
0 0.849407 0.152066 0.027058 0.040253
0 0.874156 0.142593 0.024907 0.039429
0 0.462115 0.290919 0.047227 0.046477
0 0.633745 0.663002 0.042187 0.058001
0 0.897190 0.345411 0.039449 0.047985
0 0.469667 0.321309 0.048611 0.054481
0 0.648388 0.741028 0.041633 0.054800
0 0.705156 0.545213 0.025460 0.042631
0 0.441703 0.159633 0.047504 0.048078
0 0.811127 0.763220 0.039726 0.049586
0 0.156724 0.976380 0.042432 0.047240
0 0.691451 0.465975 0.027889 0.045055
0 0.737088 0.573951 0.026536 0.043043
0 0.803807 0.724207 0.038926 0.050774
0 0.135944 0.856101 0.038650 0.049174
0 0.903435 0.384836 0.037051 0.051551
0 0.672794 0.218814 0.025183 0.041030
0 0.679854 0.259632 0.025460 0.042631
0 0.214221 0.985910 0.042986 0.028180
0 0.713015 0.584019 0.027889 0.045055
0 0.142450 0.893719 0.044339 0.058825
0 0.655586 0.782647 0.041633 0.054800
0 0.723798 0.497115 0.025983 0.039841
0 0.641205 0.702815 0.040002 0.051186
0 0.817789 0.805045 0.041910 0.056400
0 0.184904 0.837361 0.038127 0.051963
0 0.648582 0.228081 0.026813 0.044643
0 0.206623 0.959613 0.043785 0.055623
0 0.350028 0.558256 0.032993 0.045514
0 0.783041 0.604151 0.041633 0.054800
0 0.178798 0.798737 0.041356 0.053199
0 0.670245 0.864079 0.043263 0.058413
0 0.300667 0.578004 0.040279 0.052786
0 0.626685 0.622183 0.038650 0.049174
0 0.328493 0.738880 0.040002 0.051186
0 0.427629 0.701787 0.040279 0.052786
0 0.471573 0.939270 0.039203 0.052375
0 0.876685 0.223548 0.038926 0.050774
0 0.272857 0.420535 0.037328 0.053152
0 0.099444 0.655024 0.037574 0.048762
0 0.910634 0.426455 0.041356 0.053199
0 0.512936 0.879916 0.039480 0.053976
0 0.670962 0.347519 0.027889 0.045055
0 0.199563 0.918794 0.041910 0.056400
0 0.393050 0.800360 0.037574 0.048762
0 0.789963 0.644169 0.039480 0.053976
0 0.093106 0.303304 0.042741 0.061203
0 0.701957 0.377470 0.028134 0.040664
0 0.414354 0.920210 0.039203 0.052375
0 0.520411 0.923136 0.040034 0.057177
0 0.157233 0.680693 0.040803 0.049998
0 0.732974 0.324637 0.037850 0.050362
0 0.170123 0.758535 0.038404 0.053564
0 0.818113 0.203299 0.038926 0.050774
0 0.149526 0.937946 0.040833 0.055988
0 0.370823 0.973887 0.043263 0.052226
0 0.811330 0.164081 0.039203 0.052375
0 0.456701 0.256297 0.047535 0.054069
0 0.697297 0.506406 0.027335 0.041853
0 0.686899 0.297044 0.028411 0.042265
0 0.129299 0.817683 0.041356 0.053199
0 0.505614 0.840903 0.040279 0.052786
0 0.446441 0.193662 0.046459 0.053657
0 0.883070 0.263772 0.040002 0.051186
0 0.400233 0.838571 0.036498 0.048350
0 0.192364 0.877174 0.041356 0.053199
0 0.753710 0.146027 0.037850 0.050362
0 0.449332 0.820632 0.040556 0.054387
0 0.677607 0.385937 0.024630 0.037828
0 0.663226 0.306105 0.026259 0.041442
0 0.179290 0.496457 0.038650 0.049174
0 0.744743 0.100817 0.039789 0.061568
0 0.186750 0.536270 0.040833 0.055988
0 0.456224 0.561984 0.037850 0.050362
0 0.351026 0.862526 0.042986 0.056812
0 0.144096 0.286347 0.042464 0.059602
0 0.753863 0.442086 0.041356 0.053199
0 0.136452 0.557229 0.040279 0.052786
0 0.797561 0.684783 0.042432 0.053611
0 0.085877 0.576587 0.035975 0.051139
0 0.164354 0.413425 0.040279 0.052786
0 0.775442 0.563537 0.040279 0.052786
0 0.477112 0.679433 0.038650 0.049174
0 0.286685 0.497166 0.037297 0.047161
0 0.049900 0.371896 0.039757 0.055576
0 0.795579 0.079652 0.042464 0.059602
0 0.688029 0.074736 0.041910 0.056400
0 0.342736 0.817911 0.041910 0.056400
0 0.420737 0.960435 0.040833 0.055988
0 0.611720 0.240484 0.038127 0.051963
0 0.823437 0.247343 0.037882 0.056354
0 0.392528 0.190404 0.039480 0.053976
0 0.164139 0.717304 0.040279 0.052786
0 0.612841 0.542146 0.039203 0.052375
0 0.803193 0.123673 0.039480 0.053976
0 0.422676 0.358070 0.036774 0.049950
0 0.541148 0.130957 0.043540 0.060014
0 0.193811 0.577089 0.042709 0.055211
0 0.760355 0.184445 0.040556 0.054387
0 0.121839 0.777871 0.040279 0.052786
0 0.739219 0.364061 0.037051 0.051551
0 0.279502 0.458953 0.038926 0.050774
0 0.107441 0.694631 0.040279 0.052786
0 0.456392 0.861450 0.042432 0.053611
0 0.108749 0.393746 0.039203 0.052375
0 0.483757 0.717852 0.039757 0.055576
0 0.774614 0.266884 0.040279 0.052786
0 0.889868 0.306399 0.041910 0.056400
0 0.434812 0.739999 0.038650 0.049174
0 0.787689 0.034031 0.042187 0.058001
0 0.385190 0.761553 0.041110 0.057589
0 0.064297 0.455135 0.039203 0.052375
0 0.675523 0.606050 0.040034 0.057177
0 0.656320 0.269494 0.027889 0.045055
0 0.150372 0.332586 0.038404 0.053564
0 0.747218 0.403668 0.037051 0.051551
0 0.365086 0.638684 0.035975 0.051139
0 0.548362 0.175984 0.041910 0.056400
0 0.769336 0.524913 0.039203 0.052375
0 0.093476 0.617200 0.038926 0.050774
0 0.406755 0.879597 0.041110 0.057589
0 0.725514 0.284824 0.039480 0.053976
0 0.157034 0.374412 0.039480 0.053976
0 0.470606 0.641815 0.039480 0.053976
0 0.342307 0.520251 0.040556 0.054387
0 0.200209 0.620722 0.041110 0.057589
0 0.171553 0.455044 0.040833 0.055988
0 0.555576 0.221011 0.038681 0.055165
0 0.101135 0.349726 0.042187 0.058001
0 0.605659 0.503933 0.037574 0.048762
0 0.760523 0.483912 0.040833 0.055988
0 0.315187 0.658636 0.041079 0.051598
0 0.372546 0.678496 0.034899 0.050727
0 0.078678 0.534968 0.040279 0.052786
0 0.335814 0.777892 0.039203 0.052375
0 0.114501 0.735450 0.042709 0.055211
0 0.576219 0.343676 0.034069 0.045926
0 0.372239 0.378229 0.039203 0.052375
0 0.696597 0.120952 0.042986 0.056812
0 0.499092 0.799879 0.041633 0.054800
0 0.449579 0.523566 0.040556 0.054387
0 0.717916 0.244211 0.040833 0.055988
0 0.129391 0.516410 0.040556 0.054387
0 0.143373 0.597248 0.040833 0.055988
0 0.407801 0.580519 0.042155 0.052010
0 0.598337 0.464920 0.039480 0.053976
0 0.057636 0.413310 0.042432 0.053611
0 0.115271 0.434772 0.042709 0.055211
0 0.570664 0.600103 0.040556 0.054387
0 0.668186 0.563630 0.037605 0.054753
0 0.071080 0.494354 0.041633 0.054800
0 0.151387 0.640263 0.044062 0.057224
0 0.766616 0.227277 0.038681 0.055165
0 0.633577 0.363535 0.036498 0.048350
0 0.562237 0.262837 0.037051 0.051551
0 0.639423 0.403967 0.032748 0.049904
0 0.463407 0.600196 0.038926 0.050774
0 0.264844 0.377521 0.038404 0.053564
0 0.711532 0.203986 0.041356 0.053199
0 0.492032 0.759059 0.041356 0.053199
0 0.308804 0.618411 0.042709 0.055211
0 0.442133 0.779012 0.042709 0.055211
0 0.294006 0.536178 0.039757 0.055576
0 0.703934 0.163373 0.042709 0.055211
0 0.491449 0.457192 0.046768 0.061249
0 0.400680 0.234218 0.040833 0.055988
0 0.414047 0.619943 0.041356 0.053199
0 0.549238 0.482860 0.038127 0.051963
0 0.562128 0.560703 0.038926 0.050774
0 0.421384 0.662362 0.038926 0.050774
0 0.556022 0.522079 0.037850 0.050362
0 0.513137 0.280777 0.038404 0.053564
0 0.321970 0.697854 0.041356 0.053199
0 0.619901 0.582964 0.038926 0.050774
0 0.660188 0.524023 0.034899 0.050727
0 0.653666 0.482998 0.033547 0.048715
0 0.122731 0.474584 0.041633 0.054800
0 0.199994 0.311033 0.040311 0.058778
0 0.505678 0.240964 0.039480 0.053976
0 0.321802 0.398387 0.040526 0.048397
0 0.377992 0.719933 0.040556 0.054387
0 0.442919 0.481740 0.039480 0.053976
0 0.335108 0.478631 0.040556 0.054387
0 0.223358 0.439482 0.042187 0.058001
0 0.570112 0.305051 0.038404 0.053564
0 0.534856 0.403028 0.037051 0.051551
0 0.435459 0.441928 0.038404 0.053564
0 0.357488 0.598070 0.039480 0.053976
0 0.207608 0.355054 0.041633 0.054800
0 0.385683 0.459273 0.038404 0.053564
0 0.364779 0.338416 0.040279 0.052786
0 0.583540 0.382687 0.038681 0.055165
0 0.617981 0.283315 0.038404 0.053564
0 0.329262 0.438201 0.040556 0.054387
0 0.215345 0.396467 0.042709 0.055211
0 0.498064 0.196943 0.042464 0.059602
0 0.356505 0.297208 0.040833 0.055988
0 0.250846 0.293275 0.042464 0.059602
0 0.308359 0.317343 0.037574 0.048762
0 0.647282 0.442773 0.037328 0.053152
0 0.314742 0.357568 0.037605 0.054753
0 0.391944 0.502104 0.040279 0.052786
0 0.408155 0.277438 0.035975 0.051139
0 0.400480 0.541506 0.041356 0.053199
0 0.379161 0.418248 0.039203 0.052375
0 0.591277 0.424102 0.037051 0.051551
0 0.541778 0.443048 0.039203 0.052375
0 0.428260 0.400308 0.040556 0.054387
0 0.519937 0.323403 0.040311 0.058778
0 0.257784 0.336701 0.040279 0.052786
0 0.528211 0.364611 0.039203 0.052375
