0 0.101475 0.715581 0.039573 0.051039
0 0.095012 0.755579 0.038961 0.053903
0 0.500291 0.883911 0.039198 0.055510
0 0.926738 0.471129 0.039809 0.052647
0 0.365949 0.715121 0.038014 0.047475
0 0.916221 0.550220 0.037165 0.048732
0 0.901240 0.285296 0.041606 0.057818
0 0.102881 0.335584 0.037402 0.050338
0 0.302851 0.780601 0.038487 0.050689
0 0.284818 0.181377 0.039336 0.049433
0 0.835549 0.738807 0.043304 0.055305
0 0.659293 0.511031 0.034994 0.048031
0 0.196820 0.790135 0.040659 0.051390
0 0.147560 0.391253 0.038250 0.049083
0 0.742628 0.281219 0.034145 0.049287
0 0.481666 0.288704 0.037638 0.051946
0 0.888098 0.374482 0.040896 0.052997
0 0.843350 0.315424 0.039434 0.057117
0 0.793769 0.296890 0.038724 0.052296
0 0.718850 0.450299 0.041606 0.057818
0 0.222498 0.245426 0.036079 0.048382
0 0.428081 0.648486 0.038250 0.049083
0 0.725007 0.408518 0.036316 0.049988
0 0.509176 0.460878 0.045711 0.057614
0 0.600295 0.189810 0.039434 0.057117
0 0.288788 0.521024 0.038250 0.049083
0 0.080524 0.495023 0.040046 0.054254
0 0.137467 0.471324 0.039099 0.047826
0 0.493368 0.201578 0.038112 0.055160
0 0.837430 0.355597 0.038014 0.047475
0 0.765630 0.503280 0.040896 0.052997
0 0.130462 0.511147 0.037402 0.050338
0 0.238002 0.502942 0.037777 0.045868
0 0.171358 0.229754 0.036316 0.049988
0 0.439447 0.571353 0.038250 0.049083
0 0.797570 0.641533 0.038724 0.052296
0 0.859042 0.575526 0.039336 0.049433
0 0.091466 0.416910 0.040422 0.049784
0 0.456901 0.449049 0.039809 0.052647
0 0.190239 0.830937 0.039336 0.049433
0 0.876683 0.455808 0.040046 0.054254
0 0.452185 0.488770 0.039573 0.051039
0 0.309431 0.739799 0.037165 0.048732
0 0.246994 0.804651 0.038487 0.050689
0 0.191268 0.102353 0.041369 0.056212
0 0.687383 0.308833 0.036316 0.049988
0 0.434071 0.611702 0.039336 0.049433
0 0.333703 0.575086 0.037402 0.050338
0 0.694200 0.266424 0.037638 0.051946
0 0.097928 0.376912 0.039809 0.052647
0 0.153243 0.352687 0.040422 0.049784
0 0.371751 0.675750 0.038724 0.052296
0 0.594208 0.234980 0.040046 0.054254
0 0.469402 0.368074 0.038487 0.050689
0 0.576399 0.359694 0.036079 0.048382
0 0.298135 0.820322 0.040896 0.052997
0 0.203095 0.747550 0.041369 0.056212
0 0.324001 0.278199 0.036691 0.045518
0 0.422586 0.689639 0.039573 0.051039
0 0.535503 0.641086 0.040283 0.055861
0 0.265651 0.681895 0.039336 0.049433
0 0.443666 0.183848 0.037638 0.051946
0 0.335840 0.197851 0.037638 0.051946
0 0.169950 0.609751 0.038487 0.050689
0 0.248519 0.423851 0.038724 0.052296
0 0.445485 0.530375 0.043304 0.055305
0 0.759048 0.544083 0.041744 0.051741
0 0.681769 0.350789 0.035704 0.052852
0 0.339504 0.535716 0.037165 0.048732
0 0.664671 0.470682 0.036553 0.051595
0 0.181129 0.530031 0.039336 0.049433
0 0.781219 0.382058 0.040896 0.052997
0 0.311382 0.359978 0.038724 0.052296
0 0.234763 0.166056 0.039573 0.051039
0 0.675730 0.391766 0.032823 0.047330
0 0.186082 0.488703 0.039573 0.051039
0 0.193087 0.448880 0.039573 0.051039
0 0.122388 0.214785 0.038724 0.052296
0 0.242054 0.120433 0.042317 0.062640
0 0.815330 0.521011 0.038724 0.052296
0 0.316131 0.698194 0.038724 0.052296
0 0.487398 0.245945 0.036316 0.049988
0 0.413782 0.390516 0.038014 0.047475
0 0.350565 0.456800 0.041369 0.056212
0 0.259070 0.722697 0.038487 0.050689
0 0.156906 0.690551 0.038724 0.052296
0 0.345187 0.497149 0.039336 0.049433
0 0.243024 0.465004 0.039573 0.051039
0 0.208709 0.705594 0.039809 0.052647
0 0.271996 0.642700 0.038487 0.050689
0 0.166099 0.269300 0.037165 0.048732
0 0.587933 0.277564 0.037638 0.051946
0 0.736471 0.322999 0.038961 0.053903
0 0.826746 0.439684 0.037402 0.050338
0 0.220973 0.626225 0.038487 0.050689
0 0.214747 0.664616 0.039573 0.051039
0 0.322051 0.658019 0.038250 0.049083
0 0.462396 0.407896 0.038487 0.050689
0 0.581658 0.320149 0.039573 0.051039
0 0.225570 0.587308 0.040659 0.051390
0 0.278473 0.220572 0.040659 0.051390
0 0.385896 0.213172 0.039573 0.051039
0 0.820826 0.479859 0.037402 0.050338
0 0.395242 0.512469 0.039573 0.051039
0 0.272554 0.260745 0.038487 0.050689
0 0.393069 0.168352 0.041606 0.057818
0 0.341928 0.152681 0.041369 0.056212
0 0.282987 0.560394 0.038487 0.050689
0 0.356721 0.415019 0.038724 0.052296
0 0.185487 0.149304 0.040896 0.052997
0 0.669929 0.431137 0.037402 0.050338
0 0.570479 0.399867 0.038724 0.052296
0 0.831934 0.396750 0.039809 0.052647
0 0.109344 0.295586 0.036316 0.049988
0 0.254320 0.384481 0.038487 0.050689
0 0.776266 0.423385 0.038487 0.050689
0 0.375141 0.293869 0.037402 0.050338
0 0.380519 0.253521 0.038487 0.050689
0 0.564323 0.441648 0.038724 0.052296
0 0.160367 0.312060 0.038961 0.053903
0 0.787494 0.339474 0.041133 0.054605
0 0.383946 0.592992 0.038487 0.050689
0 0.266634 0.300920 0.038487 0.050689
0 0.260902 0.343679 0.039809 0.052647
0 0.437036 0.228842 0.040283 0.055861
0 0.318742 0.317745 0.038961 0.053903
0 0.291991 0.136557 0.041843 0.059425
0 0.363183 0.375021 0.037638 0.051946
0 0.216578 0.285599 0.038724 0.052296
0 0.419583 0.351146 0.038724 0.052296
0 0.424418 0.310622 0.038724 0.052296
0 0.232082 0.543117 0.039198 0.055510
0 0.142844 0.430974 0.040659 0.051390
0 0.209880 0.327204 0.037638 0.051946
0 0.368679 0.333868 0.038487 0.050689
0 0.327427 0.617671 0.039809 0.052647
0 0.305886 0.401130 0.036928 0.047125
0 0.945563 0.343376 0.043165 0.061383
0 0.618042 0.794833 0.038014 0.047475
0 0.118504 0.592298 0.037638 0.051946
0 0.853782 0.615072 0.038487 0.050689
0 0.505124 0.843387 0.037777 0.045868
0 0.205164 0.366925 0.036928 0.047125
0 0.939120 0.390956 0.040896 0.052997
0 0.293504 0.481303 0.038487 0.050689
0 0.140551 0.087660 0.039809 0.052647
0 0.050994 0.699281 0.040659 0.051390
0 0.481712 0.739873 0.025974 0.035935
0 0.547752 0.195234 0.047642 0.049666
0 0.533921 0.292951 0.045751 0.043852
0 0.552995 0.163511 0.045491 0.042084
0 0.525263 0.359427 0.043178 0.040419
0 0.543634 0.225721 0.049668 0.042361
0 0.503377 0.496377 0.040932 0.032195
0 0.541542 0.600109 0.038152 0.041398
0 0.477065 0.760299 0.027634 0.015764
0 0.228300 0.206055 0.036316 0.049988
0 0.529228 0.683670 0.039099 0.047826
0 0.277609 0.600744 0.032586 0.045723
0 0.045500 0.740433 0.037638 0.051946
0 0.039767 0.783193 0.038961 0.053903
0 0.517507 0.763215 0.037165 0.048732
0 0.150208 0.732157 0.039336 0.049433
0 0.063851 0.615895 0.037402 0.050338
0 0.330227 0.239807 0.038724 0.052296
0 0.359486 0.755120 0.037402 0.050338
0 0.629220 0.715114 0.037165 0.048732
0 0.749800 0.236399 0.038349 0.056766
0 0.521461 0.389090 0.044902 0.045108
0 0.594126 0.957136 0.036316 0.049988
0 0.932658 0.430955 0.039336 0.049433
0 0.069416 0.578131 0.039336 0.049433
0 0.074792 0.537783 0.038724 0.052296
0 0.127459 0.172653 0.040422 0.049784
0 0.430761 0.271427 0.036928 0.047125
0 0.057033 0.658304 0.043067 0.053698
0 0.088500 0.799769 0.038724 0.052296
0 0.848830 0.656400 0.038724 0.052296
0 0.653255 0.552008 0.039573 0.051039
0 0.389866 0.552819 0.038487 0.050689
0 0.407674 0.428105 0.038862 0.046219
0 0.640448 0.631203 0.039809 0.052647
0 0.116705 0.253351 0.036079 0.048382
0 0.139759 0.814637 0.043067 0.053698
0 0.377789 0.634773 0.038961 0.053903
0 0.530696 0.326420 0.045850 0.051536
0 0.809598 0.563770 0.037402 0.050338
0 0.842486 0.695595 0.039573 0.051039
0 0.409966 0.771419 0.038487 0.050689
0 0.731163 0.366738 0.038961 0.053903
0 0.647335 0.592183 0.037402 0.050338
0 0.124966 0.552299 0.038724 0.052296
0 0.623301 0.755288 0.039809 0.052647
0 0.611579 0.834832 0.039573 0.051039
0 0.475983 0.327271 0.034520 0.044817
0 0.634480 0.675569 0.041133 0.054605
0 0.865504 0.535528 0.038724 0.052296
0 0.240837 0.846432 0.041133 0.054605
0 0.392632 0.892918 0.044626 0.057263
0 0.558403 0.481822 0.038724 0.052296
0 0.347953 0.837249 0.038961 0.053903
0 0.546870 0.563952 0.039336 0.049433
0 0.909757 0.590219 0.038724 0.052296
0 0.903601 0.631999 0.041369 0.056212
0 0.198158 0.406749 0.040046 0.054254
0 0.163488 0.649749 0.037402 0.050338
0 0.700407 0.220450 0.036790 0.053202
0 0.401636 0.469081 0.040520 0.057467
0 0.416005 0.730441 0.038724 0.052296
0 0.800517 0.251092 0.036790 0.053202
0 0.175209 0.570206 0.037165 0.048732
0 0.538776 0.260008 0.046935 0.051887
0 0.343000 0.878577 0.040422 0.049784
0 0.605659 0.875006 0.039573 0.051039
0 0.631595 0.336272 0.038349 0.056766
0 0.106970 0.674428 0.038724 0.052296
0 0.179330 0.191085 0.037777 0.045868
0 0.894491 0.331094 0.040896 0.052997
0 0.552246 0.523603 0.038724 0.052296
0 0.291435 0.861927 0.039809 0.052647
0 0.770346 0.463560 0.038014 0.047475
0 0.085902 0.454674 0.038014 0.047475
0 0.511469 0.804192 0.039573 0.051039
0 0.881517 0.415284 0.039099 0.047826
0 0.113551 0.633626 0.039573 0.051039
0 0.599621 0.915983 0.039336 0.049433
0 0.253032 0.763674 0.038724 0.052296
0 0.299848 0.442108 0.037638 0.051946
0 0.851303 0.269172 0.039434 0.057117
0 0.134701 0.131223 0.040896 0.052997
0 0.500540 0.156759 0.038724 0.052296
0 0.354347 0.793861 0.041133 0.054605
0 0.921360 0.511477 0.038250 0.049083
0 0.145255 0.773485 0.040046 0.054254
0 0.804152 0.600730 0.037402 0.050338
0 0.398907 0.850335 0.039573 0.051039
0 0.523427 0.723040 0.035467 0.051245
0 0.870220 0.495807 0.035843 0.046774
0 0.404283 0.809985 0.038487 0.050689
