0 0.753601 0.182524 0.039267 0.048453
0 0.908061 0.183115 0.037019 0.045120
0 0.292181 0.147765 0.037045 0.048414
0 0.449350 0.279289 0.033645 0.040120
0 0.761481 0.823288 0.035881 0.041805
0 0.761127 0.778810 0.035908 0.045100
0 0.650496 0.142316 0.035947 0.050042
0 0.190171 0.245108 0.035908 0.045100
0 0.812884 0.859457 0.035895 0.043453
0 0.399279 0.410324 0.035895 0.043453
0 0.755086 0.229453 0.034809 0.046729
0 0.704440 0.358026 0.035908 0.045100
0 0.709010 0.652859 0.035881 0.041805
0 0.399359 0.490229 0.032574 0.045042
0 0.604351 0.487465 0.033672 0.043414
0 0.701402 0.185909 0.032613 0.049984
0 0.651980 0.189246 0.033659 0.041767
0 0.704667 0.316833 0.034770 0.041786
0 0.396596 0.282685 0.034770 0.041786
0 0.706226 0.442844 0.033645 0.040120
0 0.604030 0.447104 0.033659 0.041767
0 0.706554 0.484027 0.035921 0.046748
0 0.395894 0.194552 0.037032 0.046768
0 0.859214 0.398153 0.035908 0.045100
0 0.807785 0.358689 0.033672 0.043414
0 0.856317 0.313355 0.033672 0.043414
0 0.805999 0.273870 0.033659 0.041767
0 0.708675 0.610853 0.035895 0.043453
0 0.707457 0.527672 0.034796 0.045081
0 0.450595 0.365764 0.034770 0.041786
0 0.757321 0.440303 0.033672 0.043414
0 0.811893 0.735084 0.035881 0.041805
0 0.293666 0.194694 0.034783 0.043434
0 0.760124 0.652788 0.035895 0.043453
0 0.759789 0.610781 0.035881 0.041805
0 0.294576 0.239163 0.033698 0.046709
0 0.550467 0.279167 0.033698 0.046709
0 0.396056 0.145123 0.038195 0.053376
0 0.601429 0.190131 0.034770 0.041786
0 0.190327 0.194855 0.037084 0.053356
0 0.602131 0.278263 0.034783 0.043434
0 0.758766 0.482289 0.033659 0.041767
0 0.811685 0.778749 0.037005 0.043473
0 0.241441 0.194785 0.032574 0.045042
0 0.241802 0.240086 0.034783 0.043434
0 0.550496 0.143243 0.035934 0.048395
0 0.705342 0.401671 0.032561 0.043395
0 0.501756 0.441481 0.042586 0.046865
0 0.603020 0.320260 0.035881 0.041805
0 0.760799 0.737627 0.035881 0.041805
0 0.652662 0.274907 0.033632 0.038472
0 0.346392 0.327224 0.033724 0.050003
0 0.450241 0.321287 0.034796 0.045081
0 0.345323 0.192966 0.033685 0.045061
0 0.709351 0.695690 0.035908 0.045100
0 0.858993 0.440170 0.037005 0.043473
0 0.242143 0.282916 0.034783 0.043434
0 0.755761 0.314291 0.034796 0.045081
0 0.807564 0.400706 0.034770 0.041786
0 0.807451 0.316682 0.033659 0.041767
0 0.856222 0.231802 0.034770 0.041786
0 0.805651 0.230216 0.033672 0.043414
0 0.448100 0.191991 0.034835 0.050022
0 0.759094 0.523474 0.033659 0.041767
0 0.448467 0.238116 0.034756 0.040139
0 0.857762 0.355342 0.033659 0.041767
0 0.759902 0.694805 0.036992 0.041825
0 0.756671 0.358759 0.035908 0.045100
0 0.811218 0.650247 0.035921 0.046748
0 0.855849 0.184853 0.034861 0.053317
0 0.345482 0.282756 0.032535 0.040100
0 0.396810 0.239844 0.035908 0.045100
0 0.600493 0.142368 0.035960 0.051690
0 0.345696 0.239915 0.031450 0.043376
0 0.654235 0.402566 0.034783 0.043434
0 0.550100 0.233041 0.035921 0.046748
0 0.603134 0.404284 0.034796 0.045081
0 0.805846 0.184905 0.034822 0.048376
0 0.602786 0.360629 0.034783 0.043434
0 0.652328 0.232900 0.033698 0.046709
0 0.601770 0.232961 0.037045 0.048414
0 0.549759 0.190211 0.033672 0.043414
0 0.502081 0.366428 0.044708 0.034384
0 0.502039 0.337432 0.042451 0.029897
0 0.516437 0.750142 0.026862 0.025177
0 0.516803 0.726246 0.027986 0.026843
0 0.912229 0.566924 0.034796 0.045081
0 0.502091 0.483488 0.040246 0.031999
0 0.401519 0.831236 0.033659 0.041767
0 0.654115 0.317718 0.033711 0.048356
0 0.401834 0.870772 0.033685 0.045061
0 0.087708 0.285620 0.034730 0.036844
0 0.401064 0.704382 0.034717 0.035196
0 0.913098 0.606451 0.035881 0.041805
0 0.402309 0.790857 0.035895 0.043453
0 0.087286 0.372124 0.039240 0.045159
0 0.086912 0.325175 0.037005 0.043473
0 0.500952 0.200950 0.044651 0.027135
0 0.913453 0.650929 0.035908 0.045100
0 0.192171 0.496327 0.035868 0.040159
0 0.861890 0.734209 0.035881 0.041805
0 0.811572 0.694725 0.035895 0.043453
0 0.909666 0.314892 0.035908 0.045100
0 0.859314 0.480529 0.034770 0.041786
0 0.449262 0.407801 0.033645 0.040120
0 0.709457 0.778890 0.034809 0.046729
0 0.909312 0.270414 0.035881 0.041805
0 0.245640 0.791952 0.035895 0.043453
0 0.242597 0.409771 0.033672 0.043414
0 0.754316 0.272304 0.034756 0.040139
0 0.139954 0.288000 0.034783 0.043434
0 0.759442 0.567127 0.035921 0.046748
0 0.703228 0.275669 0.034770 0.041786
0 0.502870 0.302242 0.042547 0.041922
0 0.808795 0.485533 0.033672 0.043414
0 0.243481 0.450945 0.034783 0.043434
0 0.860211 0.523351 0.035908 0.045100
0 0.862224 0.776216 0.035895 0.043453
0 0.908971 0.227583 0.033685 0.045061
0 0.241908 0.323286 0.033659 0.041767
0 0.293250 0.282022 0.032535 0.040100
0 0.500659 0.233907 0.043645 0.040295
0 0.447164 0.144228 0.033698 0.046709
0 0.400610 0.577528 0.038130 0.045139
0 0.604679 0.528648 0.035868 0.040159
0 0.241635 0.149473 0.035921 0.046748
0 0.401392 0.745565 0.037019 0.045120
0 0.807898 0.442712 0.034783 0.043434
0 0.245848 0.748288 0.039240 0.045159
0 0.245173 0.663451 0.037005 0.043473
0 0.190272 0.327485 0.034770 0.041786
0 0.242236 0.364469 0.033685 0.045061
0 0.244163 0.536606 0.034783 0.043434
0 0.399700 0.533059 0.036992 0.041825
0 0.245046 0.577779 0.035895 0.043453
0 0.702351 0.235320 0.033672 0.043414
0 0.653900 0.360558 0.034743 0.038491
0 0.707798 0.570503 0.034770 0.041786
0 0.757554 0.399933 0.032521 0.038452
0 0.912456 0.525731 0.035881 0.041805
0 0.087195 0.151353 0.035908 0.045100
0 0.089053 0.454472 0.034743 0.038491
0 0.086825 0.244446 0.038116 0.043492
0 0.087013 0.198312 0.037058 0.050061
0 0.914121 0.734943 0.038130 0.045139
0 0.089850 0.414916 0.039214 0.041864
0 0.909974 0.353605 0.035842 0.036864
0 0.762371 0.865285 0.037005 0.043473
0 0.914323 0.690455 0.037019 0.045120
0 0.402195 0.916074 0.035921 0.046748
0 0.247206 0.918787 0.037005 0.043473
0 0.915567 0.776930 0.038090 0.040198
0 0.910101 0.439275 0.034730 0.036844
0 0.862559 0.818223 0.033632 0.038472
0 0.499853 0.132596 0.045855 0.038686
0 0.500135 0.168015 0.043619 0.037000
0 0.400376 0.617897 0.036979 0.040178
0 0.861663 0.566162 0.035881 0.041805
0 0.398938 0.367493 0.035895 0.043453
0 0.138303 0.150459 0.038156 0.048434
0 0.916242 0.861767 0.038103 0.041844
0 0.605689 0.655492 0.033672 0.043414
0 0.089407 0.498950 0.037019 0.045120
0 0.710487 0.908206 0.037019 0.045120
0 0.500941 0.269324 0.043579 0.032057
0 0.916457 0.818927 0.037019 0.045120
0 0.916035 0.905431 0.039254 0.046806
0 0.604994 0.568183 0.035868 0.040159
0 0.606024 0.697499 0.035908 0.045100
0 0.246296 0.874319 0.038116 0.043492
0 0.606352 0.738682 0.035908 0.045100
0 0.910322 0.397259 0.035960 0.051690
0 0.246524 0.833126 0.034756 0.040139
0 0.191850 0.455968 0.035881 0.041805
0 0.762163 0.908949 0.035908 0.045100
0 0.191957 0.539168 0.034783 0.043434
0 0.812153 0.907250 0.035947 0.050042
0 0.399031 0.449046 0.034743 0.038491
0 0.863810 0.905522 0.037045 0.048414
0 0.911540 0.480439 0.037032 0.046768
0 0.396937 0.325515 0.032548 0.041747
0 0.710139 0.864551 0.034783 0.043434
0 0.139050 0.244356 0.035908 0.045100
0 0.400182 0.663209 0.035934 0.048395
0 0.708568 0.736893 0.033659 0.041767
0 0.862118 0.693016 0.034743 0.038491
0 0.860893 0.609012 0.035908 0.045100
0 0.138683 0.198231 0.038130 0.045139
0 0.191142 0.367011 0.035881 0.041805
0 0.809986 0.565419 0.037019 0.045120
0 0.192058 0.412303 0.037032 0.046768
0 0.244951 0.705467 0.035881 0.041805
0 0.710916 0.822525 0.034770 0.041786
0 0.812562 0.819098 0.033632 0.038472
0 0.861228 0.651019 0.033672 0.043414
0 0.907132 0.136176 0.035947 0.050042
0 0.863436 0.858572 0.037005 0.043473
0 0.809672 0.525882 0.034770 0.041786
0 0.244825 0.619796 0.034770 0.041786
0 0.243822 0.493776 0.034783 0.043434
0 0.605891 0.611004 0.037032 0.046768
0 0.189950 0.287125 0.034756 0.040139
0 0.810328 0.608250 0.034770 0.041786
0 0.856550 0.272985 0.032521 0.038452
