0 0.852641 0.397490 0.029752 0.029406
0 0.617217 0.409178 0.037020 0.053739
0 0.110348 0.465962 0.032233 0.029795
0 0.474160 0.853886 0.024636 0.027058
0 0.303611 0.756173 0.034406 0.027045
0 0.837417 0.552946 0.025405 0.034909
0 0.503235 0.569863 0.021847 0.023528
0 0.422776 0.677615 0.034088 0.036272
0 0.528404 0.730861 0.034396 0.039412
0 0.265878 0.588422 0.036733 0.025864
0 0.389385 0.317623 0.027732 0.033728
0 0.526020 0.755200 0.037030 0.041371
0 0.420008 0.705879 0.037184 0.042942
0 0.515866 0.852458 0.037656 0.035285
0 0.675917 0.909461 0.039512 0.041761
0 0.291410 0.334137 0.035800 0.028809
0 0.619293 0.387979 0.033155 0.039217
0 0.112035 0.442311 0.040280 0.049612
0 0.595750 0.609093 0.035339 0.024098
0 0.838089 0.423906 0.036569 0.036661
0 0.621334 0.900896 0.036723 0.038231
0 0.818061 0.486931 0.023395 0.026863
0 0.415825 0.324164 0.029126 0.035493
0 0.278257 0.462016 0.034098 0.023904
0 0.316764 0.628294 0.035493 0.025669
0 0.613065 0.451574 0.035482 0.038037
0 0.679151 0.882864 0.037963 0.038426
0 0.398663 0.383651 0.036262 0.033520
0 0.624800 0.871944 0.037810 0.036856
0 0.323613 0.564796 0.035329 0.036467
0 0.845973 0.491311 0.025558 0.036479
0 0.628572 0.839850 0.039204 0.038621
0 0.631571 0.809230 0.039050 0.037051
0 0.375432 0.608004 0.034088 0.036272
0 0.372044 0.636171 0.035021 0.033326
0 0.696774 0.722204 0.036262 0.033520
0 0.519797 0.825173 0.035021 0.033326
0 0.754432 0.699364 0.036569 0.036661
0 0.693078 0.753512 0.038117 0.039996
0 0.104274 0.527987 0.033001 0.037647
0 0.260034 0.648091 0.037348 0.032145
0 0.379799 0.544117 0.034560 0.028615
0 0.841036 0.522424 0.023703 0.030004
0 0.415928 0.741112 0.035482 0.038037
0 0.307153 0.726436 0.037492 0.046082
0 0.133401 0.790052 0.035954 0.030379
0 0.410243 0.805591 0.036723 0.038231
0 0.784127 0.415438 0.038425 0.043137
0 0.682847 0.851555 0.036723 0.038231
0 0.834239 0.456784 0.038117 0.039996
0 0.310536 0.691890 0.036262 0.033520
0 0.740812 0.825575 0.036723 0.038231
0 0.380624 0.413506 0.023395 0.026863
0 0.106729 0.496484 0.034242 0.037842
0 0.246728 0.777540 0.036569 0.036661
0 0.425698 0.647780 0.036877 0.039801
0 0.175864 0.382173 0.036569 0.036661
0 0.402282 0.353129 0.037656 0.035285
0 0.550938 0.507196 0.035175 0.034896
0 0.700316 0.692466 0.037810 0.036856
0 0.686076 0.818581 0.036723 0.038231
0 0.734507 0.889956 0.036723 0.038231
0 0.414170 0.771928 0.035636 0.039607
0 0.326611 0.534177 0.035482 0.038037
0 0.702771 0.660964 0.036877 0.039801
0 0.366954 0.668855 0.036877 0.039801
0 0.168396 0.445574 0.036723 0.038231
0 0.172789 0.413579 0.036569 0.036661
0 0.407634 0.838664 0.038271 0.041566
0 0.400836 0.483643 0.025558 0.036479
0 0.730812 0.921263 0.037963 0.038426
0 0.155473 0.571098 0.035175 0.034896
0 0.737583 0.858550 0.036723 0.038231
0 0.532330 0.697198 0.035482 0.038037
0 0.364191 0.703498 0.038425 0.043137
0 0.256031 0.682541 0.036723 0.038231
0 0.313222 0.658032 0.038271 0.041566
0 0.239105 0.842512 0.036415 0.035090
0 0.467132 0.790602 0.037030 0.041371
0 0.377421 0.574834 0.034396 0.039412
0 0.152628 0.600147 0.035329 0.036467
0 0.242181 0.811106 0.036723 0.038231
0 0.117950 0.375477 0.035175 0.034896
0 0.567839 0.894096 0.033934 0.034701
0 0.252956 0.713945 0.036723 0.038231
0 0.744508 0.794267 0.035482 0.038037
0 0.813899 0.516571 0.024010 0.033144
0 0.548093 0.536246 0.035329 0.036467
0 0.116422 0.403937 0.037963 0.038426
0 0.096498 0.594529 0.035329 0.036467
0 0.573293 0.831973 0.037810 0.036856
0 0.767431 0.573055 0.037963 0.038426
0 0.145472 0.666786 0.038896 0.035480
0 0.633873 0.779298 0.038117 0.039996
0 0.747040 0.761979 0.036569 0.036661
0 0.669949 0.430207 0.036415 0.035090
0 0.165397 0.476194 0.036569 0.036661
0 0.583217 0.737070 0.036415 0.035090
0 0.689849 0.786487 0.038117 0.039996
0 0.750659 0.731457 0.035482 0.038037
0 0.328446 0.502576 0.035482 0.038037
0 0.443711 0.489573 0.036569 0.036661
0 0.439318 0.521568 0.036415 0.035090
0 0.889288 0.467017 0.036569 0.036661
0 0.534939 0.664125 0.034242 0.037842
0 0.512944 0.882293 0.038271 0.041566
0 0.714684 0.532891 0.040445 0.038815
0 0.892594 0.433257 0.037030 0.041371
0 0.447484 0.457480 0.035482 0.038037
0 0.339765 0.406298 0.031300 0.032742
0 0.433244 0.583593 0.036569 0.036661
0 0.407992 0.417004 0.029434 0.038633
0 0.762962 0.605836 0.037963 0.038426
0 0.269574 0.557114 0.039512 0.041761
0 0.404066 0.450667 0.025251 0.033338
0 0.274792 0.490969 0.036723 0.038231
0 0.449396 0.425095 0.035329 0.036467
0 0.384115 0.512906 0.038271 0.041566
0 0.590065 0.673572 0.038117 0.039996
0 0.342686 0.376463 0.031607 0.035883
0 0.281179 0.432181 0.038425 0.043137
0 0.236751 0.326358 0.039358 0.040191
0 0.818707 0.615380 0.037810 0.036856
0 0.565331 0.379511 0.039665 0.043332
0 0.120790 0.340048 0.037184 0.042942
0 0.336612 0.438488 0.031761 0.037453
0 0.542177 0.603079 0.036723 0.038231
0 0.545407 0.570103 0.036723 0.038231
0 0.599758 0.581023 0.036877 0.039801
0 0.288181 0.367113 0.037030 0.041371
0 0.162475 0.506029 0.036569 0.036661
0 0.772885 0.510932 0.036262 0.033520
0 0.271716 0.522374 0.038896 0.035480
0 0.657800 0.554258 0.036415 0.035090
0 0.580295 0.766904 0.039204 0.038621
0 0.453091 0.393787 0.034088 0.036272
0 0.100968 0.561748 0.035636 0.039607
0 0.262336 0.618159 0.039512 0.041761
0 0.428851 0.615589 0.034242 0.037842
0 0.644647 0.682137 0.037810 0.036856
0 0.376231 0.445502 0.024164 0.034715
0 0.249106 0.746823 0.038271 0.041566
0 0.512250 0.353428 0.032721 0.022065
0 0.510357 0.371611 0.033588 0.024179
0 0.508488 0.391845 0.033003 0.024939
0 0.505508 0.418036 0.037825 0.037013
0 0.514905 0.333653 0.033475 0.027517
0 0.501358 0.451664 0.037015 0.041214
0 0.345993 0.342702 0.034549 0.040982
0 0.602367 0.547951 0.032848 0.036077
0 0.233368 0.360903 0.039358 0.040191
0 0.814935 0.647473 0.036723 0.038231
0 0.332916 0.469795 0.032694 0.034506
0 0.562025 0.413272 0.036415 0.035090
0 0.780277 0.448317 0.036569 0.036661
0 0.609216 0.484453 0.036723 0.038231
0 0.711455 0.565866 0.040137 0.035674
0 0.775807 0.481097 0.036569 0.036661
0 0.605443 0.516546 0.035329 0.036467
0 0.724998 0.440439 0.040445 0.038815
0 0.637799 0.745635 0.036723 0.038231
0 0.521166 0.791905 0.039665 0.043332
0 0.142551 0.696621 0.039204 0.038621
0 0.728381 0.405894 0.040445 0.038815
0 0.436319 0.552189 0.036569 0.036661
0 0.663875 0.492232 0.036569 0.036661
0 0.706544 0.628871 0.037963 0.038426
0 0.661419 0.523735 0.037810 0.036856
0 0.586215 0.706450 0.036569 0.036661
0 0.159246 0.539004 0.036569 0.036661
0 0.673799 0.397329 0.041060 0.045096
0 0.756810 0.668646 0.037963 0.038426
0 0.319763 0.597675 0.039358 0.040191
0 0.148081 0.633713 0.038271 0.041566
0 0.456398 0.360027 0.037030 0.041371
0 0.821316 0.582308 0.036877 0.039801
0 0.592828 0.638929 0.039358 0.040191
0 0.500349 0.610012 0.021479 0.023764
0 0.495120 0.529959 0.033431 0.027943
0 0.502158 0.589226 0.021337 0.022057
0 0.499377 0.627908 0.023140 0.019015
0 0.494419 0.672164 0.018695 0.017158
0 0.492332 0.691869 0.019266 0.026106
0 0.827603 0.392581 0.022059 0.027936
0 0.298002 0.820775 0.032698 0.030054
0 0.497554 0.643303 0.023332 0.020978
0 0.495486 0.658053 0.021568 0.015305
0 0.493029 0.545463 0.038076 0.014633
0 0.300551 0.787421 0.038702 0.045963
0 0.472282 0.879500 0.028588 0.029997
0 0.496337 0.505244 0.038635 0.032810
0 0.709076 0.596583 0.039050 0.037051
0 0.647646 0.651516 0.037963 0.038426
0 0.641572 0.713541 0.037810 0.036856
0 0.666950 0.460828 0.036569 0.036661
0 0.178627 0.347530 0.041213 0.046666
0 0.092028 0.627309 0.038425 0.043137
0 0.140639 0.729006 0.036569 0.036661
0 0.538635 0.632816 0.034867 0.031756
0 0.769887 0.541553 0.039204 0.038621
0 0.718380 0.501582 0.038896 0.035480
0 0.886289 0.497637 0.036415 0.035090
0 0.558406 0.443795 0.035329 0.036467
0 0.759886 0.637241 0.037656 0.035285
0 0.294385 0.850389 0.040598 0.040385
0 0.136246 0.761002 0.039204 0.038621
0 0.570217 0.863379 0.037810 0.036856
0 0.721302 0.471748 0.038896 0.035480
0 0.653951 0.587136 0.035790 0.041177
0 0.881973 0.528848 0.036723 0.038231
0 0.130945 0.821554 0.038117 0.039996
0 0.650875 0.618542 0.035175 0.034896
0 0.553936 0.476575 0.035329 0.036467
0 0.576445 0.799783 0.037963 0.038426
0 0.284485 0.398420 0.034867 0.031756
