0 0.652044 0.288717 0.035827 0.044958
0 0.451583 0.667875 0.034725 0.046591
0 0.651742 0.329908 0.034675 0.038354
0 0.499723 0.182858 0.043553 0.036826
0 0.499506 0.147438 0.047988 0.035238
0 0.651232 0.246716 0.034665 0.036707
0 0.806215 0.242980 0.033554 0.036692
0 0.807275 0.325342 0.036867 0.033442
0 0.501091 0.315464 0.042452 0.038458
0 0.499026 0.250415 0.043553 0.036826
0 0.502606 0.381344 0.044634 0.031899
0 0.499940 0.218276 0.045746 0.031914
0 0.756187 0.329325 0.034645 0.033412
0 0.502985 0.533734 0.032443 0.036677
0 0.502424 0.351691 0.042412 0.031869
0 0.517105 0.752663 0.022362 0.023362
0 0.601203 0.333061 0.033574 0.039986
0 0.500344 0.284171 0.041301 0.031854
0 0.502748 0.495021 0.039140 0.041708
0 0.554341 0.664020 0.033604 0.044928
0 0.652559 0.372733 0.035827 0.044958
0 0.806973 0.366533 0.035837 0.046606
0 0.502485 0.452189 0.041382 0.045033
0 0.703143 0.286381 0.033624 0.048223
0 0.755384 0.288972 0.031362 0.041603
0 0.649848 0.202252 0.034766 0.053180
0 0.516423 0.732078 0.023483 0.025025
0 0.910049 0.323957 0.035716 0.026837
0 0.451860 0.622565 0.033624 0.048223
0 0.552947 0.617907 0.033624 0.048223
0 0.600946 0.291053 0.031362 0.041603
0 0.449002 0.337583 0.035827 0.044958
0 0.755106 0.243669 0.035837 0.046606
0 0.908423 0.239956 0.038059 0.046636
0 0.706819 0.614187 0.034735 0.048238
0 0.703436 0.334155 0.035847 0.048253
0 0.909262 0.286075 0.032483 0.043266
0 0.449831 0.291441 0.031382 0.044898
0 0.600673 0.246574 0.033604 0.044928
0 0.548155 0.289293 0.034725 0.046591
0 0.708764 0.659467 0.038039 0.043341
0 0.857849 0.327955 0.035817 0.043311
0 0.709824 0.741829 0.036948 0.046621
0 0.857577 0.283476 0.033635 0.049870
0 0.708465 0.701482 0.034695 0.041648
0 0.548983 0.333765 0.031372 0.043251
0 0.805917 0.284996 0.036938 0.044973
0 0.805382 0.197685 0.034776 0.054828
