0 0.563314 0.909853 0.038722 0.052352
0 0.500785 0.453229 0.041992 0.049211
0 0.921752 0.849206 0.037426 0.042474
0 0.869845 0.896438 0.034124 0.043976
0 0.922557 0.891812 0.039771 0.049120
0 0.495156 0.184503 0.042855 0.036147
0 0.498217 0.317215 0.041806 0.039379
0 0.612521 0.866832 0.036316 0.042429
0 0.922630 0.807350 0.036346 0.044067
0 0.665481 0.904835 0.038691 0.050713
0 0.613279 0.906980 0.036346 0.044067
0 0.819880 0.899311 0.036377 0.045705
0 0.560578 0.823867 0.038691 0.050713
0 0.611686 0.822587 0.038660 0.049074
0 0.714657 0.860175 0.036346 0.044067
0 0.819061 0.855885 0.036346 0.044067
0 0.769360 0.902207 0.037519 0.047390
0 0.869317 0.809541 0.036408 0.047345
0 0.768801 0.813671 0.035297 0.047299
0 0.818781 0.811617 0.037519 0.047390
0 0.663857 0.818803 0.036439 0.048983
0 0.716618 0.905194 0.038599 0.045797
0 0.714408 0.817547 0.035359 0.050576
0 0.664105 0.861433 0.035142 0.039105
0 0.725281 0.775280 0.022863 0.035325
0 0.673619 0.776583 0.021721 0.033641
0 0.495283 0.250097 0.045138 0.039516
0 0.500534 0.381080 0.041683 0.032824
0 0.829669 0.770171 0.020611 0.033596
0 0.497614 0.285261 0.041714 0.034463
0 0.932948 0.765107 0.022863 0.035325
0 0.495078 0.150887 0.043935 0.034554
0 0.881301 0.767229 0.021752 0.035280
0 0.622543 0.779501 0.023974 0.035371
0 0.500009 0.353222 0.041683 0.032824
0 0.518431 0.740320 0.021721 0.033641
0 0.869612 0.854628 0.035266 0.045660
0 0.570326 0.780827 0.023943 0.033733
0 0.495759 0.216457 0.042762 0.031231
0 0.769095 0.858758 0.036377 0.045705
0 0.776913 0.772339 0.023943 0.033733
