0 0.672975 0.160874 0.026818 0.037359
0 0.361385 0.646539 0.038922 0.041308
0 0.441867 0.487107 0.038024 0.042445
0 0.739501 0.550935 0.034704 0.042792
0 0.787281 0.503482 0.040445 0.043235
0 0.607572 0.464081 0.037400 0.039381
0 0.435782 0.457228 0.037712 0.040913
0 0.355144 0.615896 0.038922 0.041308
0 0.375990 0.445693 0.038922 0.041308
0 0.950432 0.746816 0.043177 0.045557
0 0.240570 0.620602 0.040133 0.041703
0 0.732942 0.176437 0.028927 0.036616
0 0.341902 0.554039 0.037400 0.039381
0 0.288799 0.572185 0.037712 0.040913
0 0.540485 0.423063 0.036501 0.040519
0 0.417706 0.923100 0.042279 0.046694
0 0.805710 0.597143 0.039234 0.042840
0 0.685943 0.227722 0.030137 0.037011
0 0.235540 0.589564 0.037712 0.040913
0 0.448869 0.518318 0.038922 0.041308
0 0.424805 0.393817 0.039546 0.044372
0 0.432155 0.721487 0.041967 0.045162
0 0.614730 0.496060 0.036813 0.042050
0 0.480072 0.671537 0.039546 0.044372
0 0.393193 0.799561 0.040133 0.041703
0 0.382074 0.475571 0.041031 0.040566
0 0.666871 0.127735 0.030137 0.037011
0 0.740119 0.211677 0.029551 0.039681
0 0.695973 0.337195 0.042279 0.046694
0 0.295040 0.602828 0.037712 0.040913
0 0.157456 0.481871 0.039858 0.045904
0 0.475042 0.640499 0.038922 0.041308
0 0.338723 0.817335 0.040757 0.044767
0 0.387710 0.506412 0.040445 0.043235
0 0.462111 0.580175 0.038024 0.042445
0 0.317545 0.431267 0.039858 0.045904
0 0.263818 0.446348 0.039546 0.044372
0 0.336267 0.523199 0.039234 0.042840
0 0.300831 0.634436 0.039234 0.042840
0 0.649267 0.386750 0.042279 0.046694
0 0.216213 0.497830 0.039546 0.044372
0 0.547330 0.453510 0.037712 0.040913
0 0.455265 0.549728 0.036813 0.042050
0 0.748920 0.318284 0.042279 0.046694
0 0.468352 0.610818 0.039820 0.040171
0 0.325637 0.756245 0.041967 0.045162
0 0.578982 0.605765 0.037986 0.036712
0 0.938244 0.683799 0.038298 0.038244
0 0.190583 0.863223 0.024047 0.029302
0 0.175279 0.575730 0.039234 0.042840
0 0.906124 0.529246 0.040133 0.041703
0 0.632011 0.102345 0.024359 0.030834
0 0.192189 0.931327 0.039234 0.042840
0 0.739583 0.066426 0.027716 0.036221
0 0.518744 0.858267 0.037712 0.040913
0 0.792979 0.046551 0.026194 0.034294
0 0.411153 0.890924 0.038610 0.039776
0 0.395317 0.537427 0.035291 0.040124
0 0.726259 0.489079 0.040445 0.043235
0 0.752863 0.134806 0.028615 0.035084
0 0.426519 0.690645 0.039509 0.038639
0 0.523462 0.887773 0.040757 0.044767
0 0.604862 0.729675 0.037400 0.039381
0 0.850252 0.251721 0.036501 0.040519
0 0.819296 0.036330 0.029239 0.038149
0 0.198586 0.962737 0.041967 0.045162
0 0.813729 0.148442 0.028303 0.033552
0 0.172257 0.839791 0.041655 0.043630
0 0.290183 0.864220 0.040133 0.041703
0 0.925158 0.622709 0.040133 0.041703
0 0.699485 0.630170 0.037400 0.039381
0 0.766280 0.200690 0.025570 0.031229
0 0.746054 0.583111 0.036501 0.040519
0 0.652605 0.203469 0.024359 0.030834
0 0.932003 0.653155 0.041967 0.045162
0 0.504585 0.795076 0.038024 0.042445
0 0.259897 0.712336 0.041343 0.042098
0 0.881161 0.406670 0.037712 0.040913
0 0.153223 0.746328 0.041655 0.043630
0 0.876131 0.375632 0.040133 0.041703
0 0.585828 0.636211 0.040445 0.043235
0 0.256270 0.976595 0.040133 0.041703
0 0.745842 0.100332 0.025882 0.032762
0 0.237529 0.881401 0.038922 0.041308
0 0.167984 0.546247 0.036501 0.040519
0 0.446433 0.778921 0.042591 0.048227
0 0.619315 0.791136 0.039546 0.044372
0 0.646501 0.170330 0.027130 0.038891
0 0.592032 0.188103 0.028927 0.036616
0 0.225048 0.820114 0.038922 0.041308
0 0.625221 0.553912 0.037674 0.035179
0 0.848589 0.173832 0.029239 0.038149
0 0.794120 0.191606 0.028615 0.035084
0 0.140605 0.687536 0.040133 0.041703
0 0.752138 0.612989 0.041655 0.043630
0 0.800605 0.080828 0.027716 0.036221
0 0.599832 0.698636 0.038024 0.042445
0 0.783965 0.769272 0.041655 0.043630
0 0.599346 0.220848 0.030449 0.038544
0 0.707849 0.398680 0.040445 0.043235
0 0.228538 0.558351 0.039234 0.042840
0 0.680470 0.539969 0.039234 0.042840
0 0.103299 0.501177 0.039858 0.045904
0 0.585011 0.153629 0.031660 0.038939
0 0.862889 0.313775 0.041655 0.043630
0 0.379345 0.737902 0.040445 0.043235
0 0.803252 0.303006 0.040757 0.044767
0 0.720130 0.110356 0.027716 0.036221
0 0.398672 0.829637 0.039234 0.042840
0 0.385742 0.769313 0.040133 0.041703
0 0.330026 0.492554 0.038610 0.039776
0 0.408403 0.598517 0.039546 0.044372
0 0.692739 0.118477 0.029239 0.038149
0 0.790459 0.240186 0.043177 0.045557
0 0.725784 0.144459 0.028340 0.039286
0 0.347537 0.584881 0.039234 0.042840
0 0.468981 0.344515 0.038704 0.040236
0 0.508783 0.603344 0.024946 0.028165
0 0.511613 0.623582 0.024353 0.025254
0 0.505963 0.532450 0.037081 0.032268
0 0.482294 0.415271 0.036881 0.025737
0 0.489516 0.448518 0.034841 0.026817
0 0.473590 0.373486 0.038485 0.039163
0 0.479637 0.396840 0.039284 0.031986
0 0.563938 0.874435 0.023684 0.029184
0 0.509298 0.548478 0.029776 0.017540
0 0.492147 0.464735 0.035270 0.026813
0 0.486701 0.431243 0.034948 0.028955
0 0.667365 0.475617 0.039234 0.042840
0 0.172166 0.902729 0.029239 0.038149
0 0.611552 0.759355 0.036501 0.040519
0 0.504414 0.581894 0.024946 0.028165
0 0.732656 0.520489 0.031622 0.033204
0 0.204514 0.984634 0.041967 0.030733
0 0.196062 0.893298 0.025570 0.031229
0 0.766056 0.056970 0.027404 0.034689
0 0.672124 0.774720 0.037400 0.039381
0 0.464568 0.874311 0.041343 0.042098
0 0.912814 0.558925 0.038610 0.039776
0 0.720468 0.457472 0.040719 0.039034
0 0.711294 0.076474 0.025570 0.031229
0 0.439762 0.752502 0.037986 0.036712
0 0.501872 0.509193 0.036464 0.034784
0 0.556671 0.784616 0.033731 0.032462
0 0.164559 0.871715 0.025882 0.032762
0 0.401401 0.567305 0.034979 0.038591
0 0.560074 0.848866 0.025258 0.029697
0 0.520191 0.662531 0.024047 0.029302
0 0.672357 0.500132 0.047196 0.059742
0 0.207400 0.730283 0.037400 0.039381
0 0.666333 0.743114 0.038922 0.041308
0 0.515978 0.641847 0.023111 0.024705
0 0.713797 0.431053 0.041655 0.043630
0 0.199948 0.700034 0.040445 0.043235
0 0.693244 0.599527 0.038024 0.042445
0 0.827078 0.071373 0.027404 0.034689
0 0.837517 0.750163 0.037400 0.039381
0 0.754712 0.349892 0.037088 0.037849
0 0.458484 0.844433 0.041655 0.043630
0 0.219569 0.790039 0.037400 0.039381
0 0.833493 0.106044 0.028927 0.036616
0 0.898829 0.499762 0.040445 0.043235
0 0.122021 0.593109 0.038610 0.039776
0 0.116697 0.563800 0.040445 0.043235
0 0.285309 0.833947 0.040445 0.043235
0 0.309822 0.957486 0.038922 0.041308
0 0.713333 0.219601 0.026194 0.034294
0 0.737103 0.818060 0.038922 0.041308
0 0.594486 0.402992 0.036189 0.038986
0 0.685055 0.835044 0.036501 0.040519
0 0.821960 0.182521 0.029239 0.038149
0 0.841725 0.140124 0.029863 0.041213
0 0.420591 0.661534 0.043177 0.045557
0 0.146534 0.716647 0.040133 0.041703
0 0.759296 0.644967 0.040445 0.043235
0 0.702370 0.368605 0.038922 0.041308
0 0.687316 0.570414 0.037400 0.039381
0 0.345120 0.848745 0.039820 0.040171
0 0.659331 0.711901 0.040445 0.043235
0 0.888163 0.437883 0.039234 0.042840
0 0.619110 0.178450 0.028028 0.037754
0 0.587777 0.370050 0.037125 0.043582
0 0.685426 0.085732 0.030137 0.037011
0 0.678053 0.803833 0.039820 0.040171
0 0.807020 0.115500 0.029239 0.038149
0 0.313449 0.693228 0.037712 0.040913
0 0.825192 0.689642 0.040133 0.041703
0 0.766610 0.677712 0.038922 0.041308
0 0.843602 0.780042 0.040133 0.041703
0 0.640004 0.620167 0.041655 0.043630
0 0.351205 0.878622 0.040133 0.041703
0 0.512055 0.828587 0.039234 0.042840
0 0.769008 0.410587 0.038922 0.041308
0 0.553415 0.483387 0.037400 0.039381
0 0.892432 0.468352 0.040133 0.041703
0 0.213328 0.759395 0.038024 0.042445
0 0.796251 0.271794 0.038610 0.039776
0 0.945090 0.714245 0.040133 0.041703
0 0.306915 0.664313 0.038298 0.038244
0 0.711673 0.693188 0.039234 0.042840
0 0.772765 0.089912 0.027716 0.036221
0 0.662197 0.447074 0.040133 0.041703
0 0.620365 0.526901 0.037400 0.039381
0 0.781040 0.472838 0.037400 0.039381
0 0.632840 0.245867 0.027404 0.034689
0 0.358206 0.909835 0.038610 0.039776
0 0.222610 0.529240 0.038610 0.039776
0 0.718675 0.724399 0.037712 0.040913
0 0.777413 0.737096 0.038610 0.039776
0 0.230839 0.851721 0.040445 0.043235
0 0.656269 0.417962 0.039509 0.038639
0 0.250322 0.944221 0.038922 0.041308
0 0.470203 0.905152 0.040757 0.044767
0 0.244843 0.914146 0.040445 0.043235
0 0.779786 0.124387 0.028028 0.037754
0 0.133603 0.656323 0.041655 0.043630
0 0.798708 0.565930 0.037712 0.040913
0 0.593591 0.667992 0.038024 0.042445
0 0.700970 0.152556 0.028927 0.036616
0 0.787255 0.157898 0.029239 0.038149
0 0.868836 0.346148 0.042865 0.044025
0 0.632672 0.584161 0.042591 0.048227
0 0.601488 0.434203 0.035291 0.040124
0 0.451931 0.812258 0.041655 0.043630
0 0.605537 0.111800 0.030137 0.037011
0 0.297184 0.895432 0.041655 0.043630
0 0.658503 0.096151 0.028927 0.036616
0 0.414038 0.629358 0.040133 0.041703
0 0.363686 0.939909 0.043177 0.045557
0 0.165705 0.807615 0.039234 0.042840
0 0.566501 0.544477 0.038610 0.039776
0 0.679683 0.193816 0.026506 0.035826
0 0.405225 0.861812 0.039858 0.045904
0 0.320295 0.723674 0.038922 0.041308
0 0.162349 0.515406 0.037712 0.040913
0 0.498793 0.763469 0.038922 0.041308
0 0.188678 0.638352 0.039820 0.040171
0 0.282246 0.540009 0.038336 0.043977
0 0.730707 0.786651 0.039234 0.042840
0 0.707074 0.185695 0.027404 0.034689
0 0.919210 0.590336 0.041967 0.045162
0 0.855887 0.282563 0.040133 0.041703
0 0.209505 0.464888 0.036813 0.042050
0 0.759572 0.167748 0.028303 0.033552
0 0.818503 0.659962 0.039234 0.042840
0 0.492553 0.732825 0.038922 0.041308
0 0.640880 0.351905 0.042279 0.046694
0 0.659918 0.236214 0.028927 0.036616
0 0.771933 0.707021 0.040133 0.041703
0 0.304186 0.926645 0.040133 0.041703
0 0.110613 0.533922 0.037712 0.040913
0 0.572293 0.576085 0.039509 0.038639
0 0.761401 0.379572 0.039234 0.042840
0 0.790811 0.799718 0.040445 0.043235
0 0.275557 0.510328 0.037986 0.036712
0 0.324253 0.464209 0.038922 0.041308
0 0.811950 0.627786 0.039234 0.042840
0 0.792623 0.536052 0.038024 0.042445
0 0.265376 0.742411 0.039820 0.040171
0 0.578147 0.119921 0.031660 0.038939
0 0.831277 0.719520 0.040445 0.043235
0 0.724915 0.755044 0.040133 0.041703
0 0.279068 0.803303 0.040445 0.043235
0 0.705432 0.662544 0.041655 0.043630
0 0.638875 0.136053 0.028028 0.037754
0 0.486468 0.702947 0.038610 0.039776
0 0.775249 0.441230 0.036501 0.040519
0 0.612090 0.143976 0.027716 0.036221
0 0.253813 0.682458 0.041655 0.043630
0 0.646089 0.650045 0.038922 0.041308
0 0.332639 0.787457 0.039820 0.040171
0 0.272983 0.773426 0.040133 0.041703
0 0.247728 0.652581 0.041343 0.042098
0 0.128417 0.624519 0.039546 0.044372
0 0.652779 0.679725 0.040445 0.043235
0 0.625819 0.211393 0.027716 0.036221
0 0.159620 0.777737 0.038922 0.041308
0 0.366708 0.675849 0.035291 0.040124
0 0.373105 0.707258 0.040445 0.043235
0 0.606366 0.255322 0.030137 0.037011
0 0.193708 0.669391 0.040445 0.043235
0 0.182437 0.607709 0.040445 0.043235
0 0.430303 0.427154 0.039234 0.042840
0 0.527379 0.358711 0.041967 0.045162
0 0.559811 0.514797 0.040757 0.044767
0 0.370042 0.413320 0.041381 0.047832
0 0.534849 0.392223 0.040133 0.041703
0 0.270077 0.480253 0.040757 0.044767
