0 0.555556 0.912295 0.037778 0.050820
0 0.501667 0.453279 0.041111 0.047541
0 0.915000 0.866393 0.036667 0.040984
0 0.862222 0.911475 0.033333 0.042623
0 0.915000 0.909016 0.038889 0.047541
0 0.501111 0.184426 0.042222 0.034426
0 0.501667 0.317213 0.041111 0.037705
0 0.605556 0.871311 0.035556 0.040984
0 0.916667 0.824590 0.035556 0.042623
0 0.657778 0.911475 0.037778 0.049180
0 0.605556 0.911475 0.035556 0.042623
0 0.812222 0.912295 0.035556 0.044262
0 0.554444 0.826230 0.037778 0.049180
0 0.605556 0.827049 0.037778 0.047541
0 0.707778 0.868852 0.035556 0.042623
0 0.812222 0.868852 0.035556 0.042623
0 0.761667 0.913115 0.036667 0.045902
0 0.863333 0.824590 0.035556 0.045902
0 0.762778 0.824590 0.034444 0.045902
0 0.812778 0.824590 0.036667 0.045902
0 0.657778 0.825410 0.035556 0.047541
0 0.708889 0.913934 0.037778 0.044262
0 0.708333 0.826230 0.034444 0.049180
0 0.657222 0.868033 0.034444 0.037705
0 0.720000 0.784426 0.022222 0.034426
0 0.668333 0.783607 0.021111 0.032787
0 0.500000 0.250000 0.044444 0.037705
0 0.502778 0.381148 0.041111 0.031148
0 0.824444 0.783607 0.020000 0.032787
0 0.501667 0.285246 0.041111 0.032787
0 0.927778 0.782787 0.022222 0.034426
0 0.501667 0.150820 0.043333 0.032787
0 0.876111 0.782787 0.021111 0.034426
0 0.617222 0.784426 0.023333 0.034426
0 0.502778 0.353279 0.041111 0.031148
0 0.513889 0.740984 0.021111 0.032787
0 0.862778 0.869672 0.034444 0.044262
0 0.565000 0.783607 0.023333 0.032787
0 0.501111 0.216393 0.042222 0.029508
0 0.762222 0.869672 0.035556 0.044262
0 0.771667 0.783607 0.023333 0.032787
