0 0.234322 0.804571 0.039569 0.038128
0 0.488121 0.668869 0.025701 0.023097
0 0.465604 0.859151 0.022832 0.021327
0 0.497829 0.597914 0.023415 0.024190
0 0.491920 0.636950 0.025552 0.021845
0 0.508923 0.395221 0.030991 0.024610
0 0.507437 0.414347 0.032993 0.024686
0 0.502681 0.439978 0.033692 0.036853
0 0.500821 0.463354 0.022488 0.020467
0 0.490034 0.654232 0.023484 0.021834
0 0.463541 0.882064 0.023048 0.029947
0 0.396434 0.840018 0.032975 0.040372
0 0.393256 0.872038 0.037014 0.035331
0 0.119695 0.269169 0.021265 0.027848
0 0.514680 0.338082 0.035199 0.026376
0 0.514740 0.358503 0.030212 0.024462
0 0.511379 0.377768 0.036116 0.027483
0 0.486920 0.685178 0.022853 0.018961
0 0.296867 0.751692 0.038520 0.039456
0 0.681355 0.797801 0.037283 0.039221
0 0.354698 0.733115 0.035861 0.037421
0 0.669878 0.442784 0.035489 0.034291
0 0.891610 0.581870 0.027023 0.034206
0 0.175042 0.373234 0.036047 0.038985
0 0.134345 0.364675 0.028817 0.039135
0 0.643752 0.657020 0.037470 0.040785
0 0.647010 0.629639 0.034439 0.035620
0 0.812281 0.324325 0.024364 0.032170
0 0.888566 0.485283 0.038520 0.039456
0 0.257562 0.614587 0.038520 0.039456
0 0.756215 0.652062 0.038147 0.036327
0 0.724319 0.341155 0.029309 0.033113
0 0.279998 0.426048 0.039078 0.044150
0 0.720972 0.486129 0.037097 0.037656
0 0.514134 0.795518 0.038706 0.041021
0 0.717342 0.516640 0.037283 0.039221
0 0.894622 0.551242 0.025600 0.032406
0 0.868140 0.545393 0.024551 0.033734
0 0.285603 0.846351 0.038333 0.037892
0 0.093847 0.455360 0.027395 0.037335
0 0.685697 0.766626 0.038520 0.039456
0 0.614993 0.882755 0.038147 0.036327
0 0.237428 0.773160 0.038706 0.041021
0 0.724789 0.454055 0.039756 0.039692
0 0.698291 0.671419 0.035675 0.035855
0 0.315672 0.593664 0.038892 0.042585
0 0.530451 0.669019 0.035861 0.037421
0 0.715364 0.198636 0.028445 0.036007
0 0.118214 0.489609 0.025600 0.032406
0 0.284433 0.394092 0.036911 0.036091
0 0.292618 0.782084 0.039569 0.038128
0 0.898253 0.520731 0.028631 0.037571
0 0.763383 0.591823 0.035861 0.037421
0 0.407417 0.741568 0.037097 0.037656
0 0.509699 0.827476 0.037283 0.039221
0 0.728540 0.874003 0.035675 0.035855
0 0.892290 0.453990 0.038147 0.036327
0 0.713186 0.546249 0.038147 0.036327
0 0.738555 0.237461 0.030731 0.034913
0 0.865420 0.674484 0.036911 0.036091
0 0.779176 0.464425 0.036911 0.036091
0 0.612572 0.462260 0.037097 0.037656
0 0.736267 0.809071 0.035861 0.037421
0 0.856829 0.736051 0.037097 0.037656
0 0.669812 0.894808 0.036911 0.036091
0 0.106102 0.357688 0.025600 0.032406
0 0.774402 0.493917 0.036911 0.036091
0 0.180467 0.338265 0.039078 0.044150
0 0.501540 0.890725 0.038333 0.037892
0 0.740084 0.776996 0.038520 0.039456
0 0.869668 0.644092 0.038333 0.037892
0 0.779137 0.353208 0.028073 0.032877
0 0.268826 0.519926 0.035861 0.037421
0 0.241338 0.740303 0.038333 0.037892
0 0.229980 0.835745 0.038333 0.037892
0 0.622102 0.817705 0.037097 0.037656
0 0.751873 0.683237 0.037283 0.039221
0 0.744332 0.746604 0.039569 0.038128
0 0.351592 0.764526 0.037097 0.037656
0 0.129478 0.394949 0.025414 0.030841
0 0.098993 0.422739 0.027023 0.034206
0 0.143755 0.269661 0.027023 0.034206
0 0.911126 0.423178 0.022756 0.028805
0 0.313277 0.624410 0.036844 0.025374
0 0.339743 0.853474 0.038214 0.047044
0 0.490647 0.541421 0.039569 0.038128
0 0.562501 0.410309 0.036047 0.038985
0 0.342104 0.828322 0.036606 0.043679
0 0.494781 0.618215 0.022197 0.024111
0 0.559023 0.444848 0.037283 0.039221
0 0.492669 0.513804 0.042600 0.043292
0 0.706077 0.611300 0.036725 0.034527
0 0.276892 0.457459 0.039569 0.038128
0 0.484541 0.704269 0.022570 0.027240
0 0.339344 0.405362 0.038333 0.037892
0 0.627248 0.785083 0.037470 0.040785
0 0.792476 0.251743 0.028073 0.032877
0 0.331803 0.468729 0.038147 0.036327
0 0.123422 0.328989 0.035861 0.037421
0 0.522910 0.732387 0.038147 0.036327
0 0.498818 0.578981 0.023433 0.024347
0 0.527159 0.701994 0.037470 0.040785
0 0.701921 0.640909 0.035861 0.037421
0 0.433374 0.555302 0.034067 0.032491
0 0.871864 0.514100 0.023806 0.027476
0 0.884178 0.421241 0.024364 0.032170
0 0.457826 0.795983 0.037097 0.037656
0 0.610558 0.914713 0.037097 0.037656
0 0.866643 0.573910 0.025414 0.030841
0 0.759041 0.622998 0.037097 0.037656
0 0.128196 0.299496 0.035489 0.034291
0 0.632115 0.754809 0.037283 0.039221
0 0.334909 0.437320 0.037283 0.039221
0 0.666433 0.471730 0.038520 0.039456
0 0.723673 0.904278 0.038333 0.037892
0 0.720474 0.936471 0.037283 0.039221
0 0.358515 0.701041 0.036420 0.042114
0 0.366953 0.635444 0.034439 0.035620
0 0.748149 0.714529 0.039756 0.039692
0 0.825805 0.221295 0.029681 0.036242
0 0.122742 0.456869 0.024364 0.032170
0 0.678250 0.829211 0.038520 0.039456
0 0.343161 0.373287 0.041364 0.043057
0 0.308411 0.654684 0.038892 0.042585
0 0.756472 0.315283 0.027209 0.035771
0 0.347868 0.795819 0.037097 0.037656
0 0.874196 0.611352 0.039942 0.041256
0 0.101760 0.388864 0.024364 0.032170
0 0.404311 0.772978 0.038333 0.037892
0 0.732975 0.842046 0.037470 0.040785
0 0.861078 0.705659 0.036047 0.038985
0 0.273075 0.489534 0.037283 0.039221
0 0.505789 0.860333 0.037283 0.039221
0 0.320014 0.562489 0.036911 0.036091
0 0.834087 0.475695 0.035861 0.037421
0 0.425063 0.614521 0.036539 0.032962
0 0.265103 0.551219 0.038333 0.037892
0 0.797808 0.217557 0.028445 0.036007
0 0.288801 0.814159 0.040128 0.042821
0 0.253838 0.645879 0.038147 0.036327
0 0.690039 0.735452 0.037283 0.039221
0 0.816470 0.289121 0.027395 0.037335
0 0.126279 0.427142 0.024364 0.032170
0 0.783140 0.319568 0.030731 0.034913
0 0.608662 0.495117 0.037470 0.040785
0 0.416625 0.680118 0.036047 0.038985
0 0.394873 0.416750 0.038520 0.039456
0 0.770276 0.209907 0.027023 0.034206
0 0.674499 0.409262 0.035184 0.041878
0 0.838429 0.444520 0.037097 0.037656
0 0.808803 0.358864 0.028445 0.036007
0 0.788472 0.285382 0.028259 0.034441
0 0.728229 0.308298 0.029309 0.033113
0 0.390007 0.447024 0.038333 0.037892
0 0.260761 0.582394 0.037097 0.037656
0 0.323738 0.531196 0.036911 0.036091
0 0.518044 0.762661 0.041178 0.041492
0 0.411572 0.711958 0.038333 0.037892
0 0.245061 0.709011 0.040806 0.038363
0 0.842339 0.411662 0.039942 0.041256
0 0.619521 0.850016 0.037656 0.042349
0 0.821709 0.255717 0.029681 0.036242
0 0.761372 0.279415 0.025973 0.035535
0 0.401637 0.806071 0.038706 0.041021
0 0.536383 0.608546 0.035675 0.035855
0 0.544974 0.546979 0.035861 0.037421
0 0.171225 0.405308 0.038706 0.041021
0 0.635314 0.722616 0.038333 0.037892
0 0.300684 0.719617 0.038706 0.041021
0 0.853630 0.768244 0.038520 0.039456
0 0.441008 0.491152 0.037283 0.039221
0 0.304408 0.688324 0.038333 0.037892
0 0.444639 0.460642 0.037097 0.037656
0 0.752562 0.348141 0.026836 0.032641
0 0.674247 0.862850 0.038706 0.041021
0 0.533464 0.638391 0.037283 0.039221
0 0.771296 0.525326 0.038520 0.039456
0 0.369965 0.604817 0.035861 0.037421
0 0.088207 0.614298 0.038147 0.036327
0 0.399495 0.383228 0.039942 0.041256
0 0.620824 0.398227 0.038706 0.041021
0 0.381476 0.513403 0.036911 0.036091
0 0.549316 0.515804 0.034625 0.037185
0 0.156237 0.531261 0.036420 0.042114
0 0.250207 0.676389 0.035861 0.037421
0 0.658181 0.535761 0.036911 0.036091
0 0.830456 0.506204 0.036047 0.038985
0 0.615678 0.430849 0.038333 0.037892
0 0.693331 0.702477 0.038520 0.039456
0 0.666181 0.925318 0.039942 0.041256
0 0.639749 0.690660 0.037283 0.039221
0 0.663141 0.504704 0.037283 0.039221
0 0.420442 0.648043 0.036234 0.040549
0 0.163159 0.467777 0.037470 0.040785
0 0.229953 0.384504 0.037097 0.037656
0 0.167408 0.437384 0.038147 0.036327
0 0.731428 0.276105 0.030731 0.034913
0 0.085008 0.646490 0.039942 0.041256
0 0.651259 0.599246 0.035861 0.037421
0 0.541343 0.577488 0.038520 0.039456
0 0.378649 0.542467 0.038333 0.037892
0 0.158910 0.498168 0.035675 0.035855
0 0.784322 0.431803 0.040128 0.042821
0 0.092642 0.582341 0.039942 0.041256
0 0.764850 0.244875 0.027209 0.035771
0 0.234574 0.350983 0.036420 0.042114
0 0.326750 0.500569 0.038706 0.041021
0 0.374307 0.573642 0.037097 0.037656
0 0.655601 0.568072 0.037097 0.037656
0 0.095840 0.550148 0.038520 0.039456
0 0.768004 0.558302 0.037283 0.039221
0 0.709321 0.233488 0.029867 0.037807
0 0.101791 0.516080 0.040128 0.042821
0 0.743701 0.204840 0.028631 0.037571
0 0.709894 0.579224 0.037656 0.042349
0 0.288961 0.361353 0.038892 0.042585
0 0.429312 0.584130 0.038706 0.041021
0 0.825928 0.538944 0.037283 0.039221
0 0.729503 0.419750 0.038892 0.042585
0 0.226043 0.417362 0.039942 0.041256
0 0.437005 0.524791 0.037470 0.040785
0 0.362518 0.667402 0.036234 0.040549
0 0.449074 0.428684 0.038520 0.039456
0 0.386528 0.481565 0.037470 0.040785
0 0.553412 0.481382 0.037470 0.040785
0 0.453263 0.393481 0.039078 0.044150
