0 0.686998 0.304849 0.027039 0.035570
0 0.351809 0.680960 0.040648 0.048768
0 0.530089 0.677574 0.025625 0.033780
0 0.486771 0.399298 0.039238 0.036235
0 0.795455 0.286885 0.025096 0.029080
0 0.813567 0.313186 0.037648 0.032880
0 0.644038 0.315793 0.034111 0.033776
0 0.298152 0.697829 0.036939 0.037356
0 0.532468 0.704316 0.023682 0.027291
0 0.183730 0.556244 0.024388 0.033557
0 0.679303 0.629085 0.039767 0.040935
0 0.697135 0.400514 0.025449 0.032214
0 0.149100 0.495362 0.024035 0.030424
0 0.733171 0.490710 0.026510 0.030871
0 0.152096 0.527587 0.022621 0.028634
0 0.205117 0.875234 0.040828 0.039592
0 0.129950 0.695402 0.037115 0.038922
0 0.672250 0.566427 0.039767 0.040935
0 0.238850 0.675761 0.037115 0.038922
0 0.369086 0.845661 0.037115 0.038922
0 0.273291 0.476959 0.036939 0.037356
0 0.194891 0.778786 0.039767 0.040935
0 0.155710 0.559699 0.025625 0.033780
0 0.833348 0.376746 0.028453 0.037360
0 0.177120 0.491907 0.028805 0.040492
0 0.591207 0.839163 0.035525 0.035566
0 0.344312 0.625574 0.036939 0.037356
0 0.122190 0.632072 0.035702 0.037133
0 0.202739 0.842899 0.038177 0.037579
0 0.198594 0.811682 0.036939 0.037356
0 0.327476 0.464788 0.034288 0.035342
0 0.304939 0.763733 0.038529 0.040711
0 0.180734 0.524019 0.025096 0.029080
0 0.118664 0.600744 0.035702 0.037133
0 0.727444 0.428611 0.026686 0.032437
0 0.762554 0.359148 0.036763 0.035789
0 0.209438 0.908019 0.039590 0.039368
0 0.550305 0.458961 0.034464 0.036909
0 0.576395 0.713175 0.036586 0.034223
0 0.724448 0.396387 0.028453 0.037360
0 0.758144 0.325581 0.039234 0.046977
0 0.433557 0.414490 0.039234 0.046977
0 0.724323 0.524270 0.039943 0.042501
0 0.583978 0.774938 0.035173 0.032433
0 0.283870 0.570947 0.036939 0.037356
0 0.730263 0.459269 0.025625 0.033780
0 0.276641 0.506722 0.036939 0.037356
0 0.126335 0.663290 0.036939 0.037356
0 0.286778 0.602387 0.038177 0.037579
0 0.595971 0.870269 0.033403 0.038252
0 0.891287 0.526921 0.037292 0.040488
0 0.665727 0.502874 0.035525 0.035566
0 0.865631 0.304595 0.038882 0.043845
0 0.871454 0.339506 0.039590 0.039368
0 0.235766 0.642754 0.035878 0.038699
0 0.597702 0.386483 0.034464 0.036909
0 0.883616 0.464374 0.035702 0.037133
0 0.831985 0.504852 0.037468 0.042054
0 0.556739 0.521732 0.033227 0.036686
0 0.111346 0.535735 0.035525 0.035566
0 0.232240 0.611425 0.035525 0.035566
0 0.651533 0.376774 0.035702 0.037133
0 0.315519 0.857720 0.038529 0.040711
0 0.771984 0.454142 0.037292 0.040488
0 0.258073 0.835317 0.037115 0.038922
0 0.887761 0.495591 0.036939 0.037356
0 0.382809 0.457206 0.036407 0.043398
0 0.324480 0.432565 0.036054 0.040265
0 0.542811 0.392388 0.040648 0.048768
0 0.768812 0.420351 0.035525 0.035566
0 0.563968 0.585956 0.035702 0.037133
0 0.569872 0.649621 0.038353 0.039145
0 0.843624 0.602645 0.038529 0.040711
0 0.230127 0.581439 0.035525 0.035566
0 0.242995 0.706979 0.038353 0.039145
0 0.114254 0.567176 0.034640 0.038476
0 0.107908 0.505190 0.035702 0.037133
0 0.737544 0.652943 0.040296 0.045634
0 0.765374 0.389805 0.038177 0.037579
0 0.662820 0.471433 0.034640 0.038476
0 0.290481 0.635283 0.038529 0.040711
0 0.180785 0.653470 0.036939 0.037356
0 0.580452 0.743609 0.038353 0.039145
0 0.103763 0.473972 0.036939 0.037356
0 0.183781 0.685693 0.038353 0.039145
0 0.601228 0.417812 0.037292 0.040488
0 0.247405 0.740546 0.039767 0.040935
0 0.214254 0.451646 0.036230 0.041831
0 0.335412 0.529685 0.038529 0.040711
0 0.566876 0.617398 0.037292 0.040488
0 0.573487 0.681734 0.038529 0.040711
0 0.553124 0.489619 0.035525 0.035566
0 0.659205 0.439320 0.036939 0.037356
0 0.340609 0.592678 0.037292 0.040488
0 0.331709 0.496789 0.036054 0.040265
0 0.279637 0.538946 0.038353 0.039145
0 0.222809 0.516431 0.033227 0.036686
0 0.218664 0.485214 0.034464 0.036909
0 0.099972 0.440293 0.039943 0.042501
0 0.268881 0.443392 0.039058 0.045411
0 0.559823 0.554738 0.034464 0.036909
0 0.226512 0.549326 0.036054 0.040265
0 0.586974 0.807161 0.040119 0.044068
0 0.654972 0.407320 0.038353 0.039145
0 0.177083 0.620574 0.039767 0.040935
0 0.139227 0.402047 0.025449 0.032214
0 0.166718 0.393892 0.024211 0.031991
0 0.530232 0.796619 0.031636 0.033330
0 0.144144 0.821502 0.034464 0.036909
0 0.349429 0.659813 0.037997 0.046754
0 0.646416 0.342535 0.036407 0.043398
0 0.590473 0.322258 0.036586 0.034223
0 0.492854 0.453341 0.039767 0.040935
0 0.701270 0.465297 0.027039 0.035570
0 0.147052 0.852942 0.038177 0.037579
0 0.730315 0.588719 0.037115 0.038922
0 0.703252 0.337079 0.034817 0.040042
0 0.699336 0.431283 0.024920 0.027514
0 0.683006 0.661981 0.037292 0.040488
0 0.159186 0.461579 0.036763 0.035789
0 0.132858 0.726843 0.035878 0.038699
0 0.359125 0.751562 0.038353 0.039145
0 0.338144 0.559559 0.034111 0.033776
0 0.362033 0.783003 0.037115 0.038922
0 0.323217 0.920501 0.036533 0.033752
0 0.319222 0.890615 0.035702 0.037133
0 0.250758 0.771674 0.035118 0.031947
0 0.253698 0.802062 0.038459 0.040085
0 0.376801 0.908600 0.037912 0.035229
0 0.140609 0.790094 0.036957 0.037512
0 0.137047 0.758452 0.036851 0.036572
0 0.836395 0.538419 0.038177 0.037579
0 0.811496 0.446215 0.024740 0.036690
0 0.156278 0.430137 0.035878 0.038699
0 0.311816 0.824824 0.038177 0.037579
0 0.153574 0.916496 0.039590 0.039368
0 0.816475 0.344628 0.039943 0.042501
0 0.726876 0.558172 0.036939 0.037356
0 0.374026 0.878334 0.037115 0.038922
0 0.877712 0.400710 0.035525 0.035566
0 0.308378 0.794278 0.038000 0.036012
0 0.690147 0.725422 0.037115 0.038922
0 0.676395 0.597645 0.038177 0.037579
0 0.733753 0.619264 0.036939 0.037356
0 0.668635 0.534314 0.036763 0.035789
0 0.301148 0.730054 0.040828 0.039592
0 0.366090 0.813437 0.035702 0.037133
0 0.187927 0.716911 0.037115 0.038922
0 0.378223 0.422073 0.032165 0.038029
0 0.187257 0.587572 0.026510 0.030871
0 0.875157 0.372402 0.036763 0.035789
0 0.191365 0.747456 0.039414 0.037802
0 0.529978 0.657512 0.022142 0.015764
0 0.526376 0.643242 0.022165 0.017687
0 0.527106 0.627343 0.022104 0.019840
0 0.523695 0.612192 0.019581 0.018971
0 0.520994 0.595370 0.020084 0.020197
0 0.504359 0.548321 0.030055 0.014643
0 0.482221 0.344347 0.040060 0.042353
0 0.713720 0.302930 0.027790 0.033511
0 0.823071 0.281234 0.026256 0.033250
0 0.520006 0.577903 0.022163 0.022413
0 0.490387 0.425817 0.037295 0.029746
0 0.500386 0.509040 0.033653 0.029703
0 0.502943 0.531754 0.038427 0.029030
0 0.485011 0.372445 0.038180 0.026837
0 0.546778 0.427633 0.036939 0.037356
0 0.881239 0.432039 0.035525 0.035566
0 0.356129 0.719338 0.039767 0.040935
0 0.805416 0.380985 0.024211 0.031991
0 0.593823 0.352021 0.034817 0.040042
0 0.836875 0.408076 0.025273 0.030648
0 0.842778 0.471740 0.027924 0.032660
0 0.808236 0.411642 0.022798 0.030201
0 0.294714 0.667284 0.034288 0.035342
0 0.550192 0.850556 0.023506 0.025725
0 0.685295 0.693533 0.037292 0.040488
0 0.156040 0.949615 0.042065 0.039815
0 0.839870 0.440299 0.026686 0.032437
0 0.151197 0.884160 0.036939 0.037356
0 0.553720 0.876290 0.025273 0.030648
0 0.706071 0.367736 0.035525 0.035566
0 0.372672 0.361541 0.037644 0.043622
0 0.375404 0.391415 0.037471 0.031312
0 0.839215 0.569078 0.036763 0.035789
