0 0.642572 0.399656 0.037740 0.052211
0 0.044506 0.298767 0.038224 0.055427
0 0.881677 0.237243 0.040341 0.048946
0 0.497943 0.486333 0.046048 0.045793
0 0.548645 0.728660 0.027371 0.038084
0 0.467631 0.281146 0.051229 0.045978
0 0.457046 0.214598 0.052071 0.044730
0 0.478395 0.345103 0.049060 0.045261
0 0.164618 0.729969 0.038341 0.049354
0 0.452026 0.185031 0.051713 0.049194
0 0.856294 0.072372 0.042563 0.056862
0 0.240455 0.882114 0.042563 0.056862
0 0.121911 0.453769 0.040510 0.050072
0 0.095626 0.634639 0.038825 0.052570
0 0.398204 0.871274 0.039183 0.048104
0 0.887391 0.278986 0.039667 0.051320
0 0.138154 0.913430 0.034362 0.043453
0 0.158210 0.694954 0.038341 0.049354
0 0.461464 0.247740 0.050512 0.054909
0 0.139697 0.571949 0.036414 0.050244
0 0.341281 0.504408 0.036889 0.039706
0 0.176901 0.815368 0.039909 0.052929
0 0.482451 0.375833 0.051113 0.052051
0 0.107242 0.711818 0.040510 0.050072
0 0.246262 0.920704 0.039425 0.049713
0 0.189703 0.556248 0.040026 0.046856
0 0.101434 0.673228 0.040510 0.050072
0 0.089755 0.591850 0.040151 0.054536
0 0.152002 0.983723 0.040994 0.032553
0 0.363106 0.622941 0.032677 0.045952
0 0.234163 0.840308 0.040393 0.056145
0 0.133226 0.532736 0.037256 0.048995
0 0.113712 0.751033 0.040151 0.054536
0 0.491351 0.446315 0.046416 0.055082
0 0.302146 0.255722 0.039909 0.052929
0 0.416066 0.309180 0.039909 0.052929
0 0.472108 0.310892 0.050270 0.053301
0 0.145046 0.951660 0.040151 0.054536
0 0.780788 0.270371 0.038099 0.047745
0 0.328844 0.765938 0.042321 0.055254
0 0.120668 0.793462 0.040994 0.053288
0 0.654709 0.139913 0.040151 0.054536
0 0.252854 0.960722 0.040994 0.053288
0 0.931187 0.562422 0.040393 0.056145
0 0.737880 0.666049 0.041236 0.054895
0 0.127719 0.492359 0.037857 0.046138
0 0.749979 0.746443 0.038099 0.047745
0 0.680056 0.304544 0.038825 0.052570
0 0.712079 0.850133 0.041720 0.058111
0 0.152460 0.652970 0.040393 0.056145
0 0.862406 0.116768 0.041236 0.054895
0 0.126718 0.833659 0.040510 0.050072
0 0.911010 0.780094 0.043163 0.054005
0 0.731830 0.625851 0.040268 0.048463
0 0.145505 0.610539 0.038583 0.050961
0 0.335352 0.465014 0.041236 0.054895
0 0.272163 0.400679 0.040510 0.050072
0 0.170068 0.773741 0.041478 0.056504
0 0.744050 0.707050 0.040994 0.053288
0 0.403229 0.908436 0.041236 0.054895
0 0.874748 0.198771 0.040752 0.051679
0 0.868156 0.158753 0.039667 0.051320
0 0.843072 0.332474 0.037014 0.047387
0 0.861247 0.797402 0.040752 0.051679
0 0.693324 0.725521 0.037857 0.046138
0 0.182026 0.516589 0.042079 0.053646
0 0.259509 0.987942 0.041720 0.024116
0 0.227449 0.799486 0.038583 0.050961
0 0.706328 0.808149 0.039667 0.051320
0 0.893619 0.316592 0.038341 0.049354
0 0.214623 0.714268 0.040752 0.051679
0 0.906625 0.399220 0.039667 0.051320
0 0.882145 0.576960 0.044247 0.054364
0 0.761963 0.833628 0.041236 0.054895
0 0.447124 0.148674 0.054007 0.057593
0 0.385499 0.786859 0.039425 0.049713
0 0.912433 0.437810 0.039667 0.051320
0 0.391791 0.828665 0.040393 0.056145
0 0.208937 0.676483 0.038341 0.049354
0 0.805083 0.087628 0.040393 0.056145
0 0.115740 0.412768 0.038583 0.050961
0 0.102672 0.325941 0.039067 0.054177
0 0.806193 0.431606 0.040510 0.050072
0 0.511457 0.916513 0.039067 0.054177
0 0.699795 0.764736 0.040151 0.054536
0 0.132768 0.873857 0.038825 0.052570
0 0.718103 0.545994 0.039667 0.051320
0 0.830551 0.253062 0.040026 0.046856
0 0.899211 0.697911 0.039909 0.052929
0 0.918061 0.478991 0.040994 0.053288
0 0.188944 0.899157 0.041478 0.056504
0 0.755187 0.788608 0.041236 0.054895
0 0.316119 0.344781 0.038583 0.050961
0 0.182951 0.855565 0.039909 0.052929
0 0.202949 0.640484 0.039183 0.048104
0 0.051282 0.343789 0.039909 0.052929
0 0.888016 0.619749 0.040752 0.051679
0 0.905382 0.738913 0.041837 0.052038
0 0.856077 0.415100 0.040510 0.050072
0 0.109206 0.369354 0.039067 0.054177
0 0.220953 0.415936 0.038341 0.049354
0 0.811496 0.130237 0.040151 0.054536
0 0.329182 0.424013 0.038825 0.052570
0 0.687816 0.685145 0.039909 0.052929
0 0.924774 0.519812 0.039667 0.051320
0 0.491497 0.791455 0.038099 0.047745
0 0.069795 0.466793 0.039667 0.051320
0 0.668641 0.561516 0.037857 0.046138
0 0.335678 0.807564 0.040752 0.051679
0 0.214182 0.378509 0.035930 0.047028
0 0.308922 0.300743 0.040393 0.056145
0 0.265330 0.359054 0.040393 0.056145
0 0.322590 0.383995 0.039425 0.049713
0 0.893161 0.657714 0.039425 0.049713
0 0.355250 0.585873 0.037740 0.052211
0 0.064288 0.426415 0.038583 0.050961
0 0.850594 0.719061 0.038341 0.049354
0 0.367167 0.661265 0.040510 0.050072
0 0.076629 0.508419 0.040752 0.051679
0 0.824343 0.552198 0.038341 0.049354
0 0.082800 0.549420 0.040994 0.053288
0 0.410546 0.953277 0.042805 0.058470
0 0.705340 0.464974 0.038825 0.052570
0 0.503960 0.874263 0.038825 0.052570
0 0.309126 0.642489 0.037014 0.047387
0 0.398092 0.178402 0.039309 0.055786
0 0.422417 0.347589 0.038341 0.049354
0 0.170768 0.434228 0.039425 0.049713
0 0.233837 0.497759 0.039425 0.049713
0 0.201777 0.292306 0.040393 0.056145
0 0.177240 0.473442 0.041236 0.054895
0 0.207890 0.336703 0.039067 0.054177
0 0.245757 0.580745 0.039067 0.054177
0 0.379150 0.748450 0.038341 0.049354
0 0.518004 0.275452 0.041595 0.050431
0 0.836601 0.293259 0.038825 0.052570
0 0.847528 0.028070 0.042204 0.056140
0 0.485026 0.752242 0.038941 0.046497
0 0.849785 0.373296 0.041478 0.056504
0 0.900454 0.358219 0.039909 0.052929
0 0.837589 0.636434 0.039667 0.051320
0 0.675111 0.600730 0.040151 0.054536
0 0.195331 0.597429 0.042805 0.058470
0 0.726022 0.587261 0.040752 0.051679
0 0.798428 0.043410 0.042805 0.058470
0 0.680440 0.643698 0.039909 0.052929
0 0.194638 0.244874 0.040635 0.057752
0 0.868177 0.495496 0.040994 0.053288
0 0.239645 0.536348 0.039909 0.052929
0 0.410075 0.265587 0.039309 0.055786
0 0.818656 0.514413 0.038583 0.050961
0 0.855981 0.758634 0.039667 0.051320
0 0.058537 0.384431 0.039667 0.051320
0 0.662712 0.522122 0.038583 0.050961
0 0.365940 0.324076 0.041361 0.062575
0 0.843218 0.677615 0.041478 0.056504
0 0.321889 0.723508 0.041478 0.056504
0 0.817788 0.172042 0.039667 0.051320
0 0.221036 0.756877 0.041478 0.056504
0 0.448064 0.510432 0.038583 0.050961
0 0.786717 0.309764 0.038825 0.052570
0 0.511591 0.232842 0.039667 0.051320
0 0.158547 0.353029 0.041837 0.052038
0 0.831055 0.593021 0.040151 0.054536
0 0.505599 0.189249 0.040752 0.051679
0 0.574480 0.298965 0.040994 0.053288
0 0.403783 0.223781 0.038825 0.052570
0 0.661122 0.182523 0.039909 0.052929
0 0.862127 0.455298 0.040994 0.053288
0 0.164056 0.393405 0.040752 0.051679
0 0.279056 0.438910 0.043163 0.054005
0 0.744088 0.366912 0.038099 0.047745
0 0.673222 0.262918 0.037740 0.052211
0 0.712596 0.505617 0.038583 0.050961
0 0.686226 0.345545 0.038583 0.050961
0 0.284806 0.480895 0.042079 0.053646
0 0.295370 0.210700 0.040877 0.059359
0 0.291098 0.522700 0.039909 0.052929
0 0.637306 0.360888 0.036172 0.048636
0 0.316019 0.680720 0.039667 0.051320
0 0.647813 0.094088 0.040393 0.056145
0 0.667172 0.222720 0.039425 0.049713
0 0.227667 0.456758 0.040151 0.054536
0 0.875011 0.537121 0.039909 0.052929
0 0.297268 0.563701 0.039667 0.051320
0 0.150808 0.309170 0.042563 0.056862
0 0.347632 0.542818 0.040393 0.056145
0 0.800627 0.394624 0.038341 0.049354
0 0.692819 0.385564 0.039667 0.051320
0 0.497789 0.833261 0.039067 0.054177
0 0.460947 0.592256 0.037014 0.047387
0 0.655455 0.481480 0.038825 0.052570
0 0.649527 0.442087 0.036414 0.050244
0 0.794214 0.352015 0.039067 0.054177
0 0.144454 0.263166 0.041720 0.058111
0 0.699832 0.424598 0.037256 0.048995
0 0.454897 0.552059 0.037982 0.053819
0 0.812364 0.472607 0.039067 0.054177
0 0.630835 0.321673 0.037498 0.050603
0 0.442555 0.470056 0.037498 0.050603
0 0.498281 0.144408 0.040635 0.057752
0 0.774437 0.231961 0.037498 0.050603
0 0.372194 0.706019 0.040635 0.057752
0 0.767783 0.187743 0.040393 0.056145
0 0.472805 0.671043 0.037498 0.050603
0 0.762964 0.492328 0.039067 0.054177
0 0.302776 0.604078 0.040752 0.051679
0 0.429129 0.388411 0.037982 0.053819
0 0.617588 0.237438 0.037140 0.055068
0 0.750380 0.408718 0.038583 0.050961
0 0.466213 0.631025 0.038583 0.050961
0 0.567283 0.254926 0.040635 0.057752
0 0.624243 0.281655 0.038583 0.050961
0 0.824622 0.213668 0.041236 0.054895
0 0.756008 0.449899 0.037740 0.052211
0 0.731025 0.287680 0.040510 0.050072
0 0.718020 0.205052 0.040151 0.054536
0 0.738280 0.328322 0.039067 0.054177
0 0.479397 0.711061 0.039067 0.054177
0 0.436085 0.430842 0.038825 0.052570
0 0.724975 0.247482 0.040994 0.053288
