0 0.369714 0.322501 0.041395 0.061175
0 0.618114 0.237314 0.041717 0.056754
0 0.526261 0.312976 0.038538 0.049609
0 0.420017 0.305079 0.039806 0.057603
0 0.471703 0.634604 0.042545 0.055530
0 0.575483 0.295929 0.040127 0.053181
0 0.767816 0.184624 0.040381 0.054780
0 0.725980 0.244650 0.039874 0.051583
0 0.478548 0.677769 0.039874 0.051583
0 0.385106 0.750608 0.043052 0.058727
0 0.518875 0.269998 0.038471 0.055629
0 0.326002 0.381490 0.038792 0.051208
0 0.428405 0.692606 0.040127 0.053181
0 0.218100 0.377540 0.039045 0.052807
0 0.234415 0.807857 0.040888 0.057977
0 0.319537 0.340723 0.039552 0.056004
0 0.672377 0.565103 0.036628 0.050459
0 0.581407 0.336884 0.039299 0.054405
0 0.421560 0.649440 0.040634 0.056379
0 0.821446 0.508415 0.040381 0.054780
0 0.221265 0.721339 0.041970 0.058352
0 0.774121 0.227977 0.038792 0.051208
0 0.674342 0.260847 0.038792 0.051208
0 0.372337 0.666488 0.040059 0.059201
0 0.275411 0.400698 0.043627 0.055904
0 0.679129 0.604084 0.037457 0.049235
0 0.382644 0.404036 0.041395 0.061175
0 0.378641 0.709841 0.039620 0.049984
0 0.742414 0.582166 0.027213 0.042665
0 0.269072 0.360730 0.040449 0.048760
0 0.817833 0.168988 0.037710 0.050833
0 0.464782 0.504608 0.030459 0.043790
0 0.117781 0.410598 0.042798 0.057128
0 0.732191 0.283818 0.037457 0.049235
0 0.625246 0.278694 0.040127 0.053181
0 0.066682 0.426609 0.043305 0.060326
0 0.462648 0.246465 0.048021 0.051383
0 0.746589 0.622883 0.026706 0.039468
0 0.214775 0.669618 0.029699 0.038993
0 0.828510 0.556564 0.037778 0.044813
0 0.485381 0.371827 0.050760 0.049309
0 0.479702 0.346811 0.048021 0.051383
0 0.501344 0.486886 0.043373 0.054306
0 0.531357 0.355904 0.040381 0.054780
0 0.332466 0.422258 0.041717 0.056754
0 0.130169 0.492320 0.043880 0.057503
0 0.223357 0.417883 0.040703 0.050359
0 0.426609 0.346646 0.038285 0.048011
0 0.167290 0.391765 0.040634 0.056379
0 0.589603 0.460535 0.026453 0.037869
0 0.584825 0.682281 0.040059 0.059201
0 0.435059 0.471896 0.026960 0.041067
0 0.174676 0.434743 0.041210 0.053556
0 0.781253 0.269356 0.038217 0.054031
0 0.823630 0.209143 0.038792 0.051208
0 0.447608 0.551033 0.029377 0.043415
0 0.428180 0.432115 0.028042 0.041441
0 0.733659 0.541349 0.027213 0.042665
0 0.440983 0.512850 0.025625 0.039093
0 0.834341 0.593334 0.038792 0.051208
0 0.713344 0.416836 0.028295 0.043040
0 0.709733 0.548792 0.029630 0.045013
0 0.123291 0.452539 0.039620 0.049984
0 0.133555 0.841103 0.042545 0.055530
0 0.230777 0.457477 0.041210 0.053556
0 0.579063 0.638741 0.035868 0.045663
0 0.432693 0.385016 0.041463 0.055155
0 0.716738 0.589372 0.027788 0.039843
0 0.452380 0.181717 0.048275 0.052981
0 0.151515 0.702490 0.029309 0.049435
0 0.572344 0.596375 0.035479 0.056104
0 0.180854 0.477296 0.038217 0.054031
0 0.376306 0.364068 0.036696 0.044439
0 0.132408 0.578401 0.026960 0.041067
0 0.261272 0.318739 0.041210 0.053556
0 0.227697 0.765491 0.042291 0.053931
0 0.663833 0.435669 0.028295 0.043040
0 0.676039 0.347116 0.025625 0.039093
0 0.119703 0.757357 0.041210 0.053556
0 0.190121 0.776818 0.026706 0.039468
0 0.485427 0.717550 0.040956 0.051958
0 0.480820 0.760464 0.026706 0.039468
0 0.434743 0.732573 0.040127 0.053181
0 0.630502 0.319037 0.040127 0.053181
0 0.604249 0.545692 0.026706 0.039468
0 0.576133 0.379187 0.025371 0.037495
0 0.726940 0.498983 0.026960 0.041067
0 0.868044 0.147382 0.039113 0.046787
0 0.829300 0.248500 0.037457 0.049235
0 0.172246 0.826016 0.028549 0.044639
0 0.074322 0.471186 0.042866 0.051108
0 0.680553 0.300016 0.039045 0.052807
0 0.507970 0.525068 0.032623 0.044539
0 0.454834 0.596596 0.026960 0.041067
0 0.611128 0.585472 0.027788 0.039843
0 0.649282 0.354696 0.024543 0.038719
0 0.149996 0.530990 0.029377 0.043415
0 0.685593 0.644851 0.042545 0.055530
0 0.254461 0.272189 0.044320 0.066720
0 0.629292 0.534489 0.027535 0.038244
0 0.637998 0.445460 0.023208 0.036745
0 0.184381 0.906139 0.029630 0.045013
0 0.079325 0.509930 0.043880 0.057503
0 0.169298 0.649108 0.026132 0.042291
0 0.615026 0.451730 0.025371 0.037495
0 0.138078 0.617758 0.025625 0.039093
0 0.457236 0.464215 0.028042 0.041441
0 0.183276 0.733653 0.027213 0.042665
0 0.636010 0.576855 0.027788 0.039843
0 0.451565 0.424859 0.026706 0.039468
0 0.178584 0.865983 0.028042 0.041441
0 0.854699 0.066834 0.042477 0.061550
0 0.158107 0.744057 0.026132 0.042291
0 0.126295 0.798924 0.041210 0.053556
0 0.595148 0.499091 0.025878 0.040692
0 0.875429 0.190360 0.041717 0.056754
0 0.162672 0.610926 0.026706 0.039468
0 0.125529 0.538621 0.028042 0.041441
0 0.144416 0.657726 0.028295 0.043040
0 0.702313 0.509199 0.028616 0.038619
0 0.607352 0.410538 0.025371 0.037495
0 0.156622 0.569172 0.025625 0.039093
0 0.196045 0.817773 0.025371 0.037495
0 0.625642 0.360354 0.022701 0.033548
0 0.700379 0.338686 0.024543 0.038719
0 0.721144 0.458827 0.028549 0.044639
0 0.696676 0.466458 0.027720 0.045863
0 0.655620 0.394664 0.025050 0.041916
0 0.681870 0.383886 0.025118 0.035896
0 0.600600 0.371556 0.024036 0.035521
0 0.074557 0.555431 0.027788 0.039843
0 0.471282 0.541991 0.028616 0.038619
0 0.485984 0.796623 0.028042 0.041441
0 0.080862 0.598783 0.027213 0.042665
0 0.706084 0.374657 0.024289 0.037120
0 0.622539 0.495507 0.027213 0.042665
0 0.478380 0.586755 0.027974 0.047461
0 0.099151 0.548599 0.029377 0.043415
0 0.165113 0.784637 0.026453 0.037869
0 0.202256 0.856941 0.023461 0.038344
0 0.504780 0.749636 0.025371 0.037495
0 0.216014 0.936503 0.025625 0.039093
0 0.209803 0.897334 0.025878 0.040692
0 0.689257 0.426864 0.024036 0.035521
0 0.106445 0.587393 0.026453 0.037869
0 0.447723 0.148756 0.050253 0.046112
0 0.582598 0.419954 0.026132 0.042291
0 0.631152 0.402295 0.023208 0.036745
0 0.176143 0.692274 0.026639 0.045488
0 0.191007 0.944321 0.025371 0.037495
0 0.553876 0.731790 0.025692 0.033073
0 0.458244 0.215104 0.049999 0.044513
0 0.473871 0.310040 0.050692 0.055330
0 0.670966 0.477049 0.027213 0.042665
0 0.510198 0.787394 0.026199 0.036271
0 0.861544 0.109999 0.040449 0.048760
0 0.468512 0.279851 0.048089 0.045363
0 0.785246 0.611181 0.040634 0.056379
0 0.210588 0.333763 0.040888 0.057977
0 0.568638 0.252763 0.040634 0.056379
0 0.811115 0.126622 0.040634 0.056379
0 0.770187 0.527011 0.039552 0.056004
0 0.717513 0.202046 0.039299 0.054405
0 0.667209 0.219468 0.040381 0.054780
0 0.778240 0.570602 0.038792 0.051208
0 0.494879 0.446119 0.045790 0.056653
