0 0.576233 0.905037 0.040241 0.054834
0 0.499302 0.453226 0.043399 0.051930
0 0.932358 0.819729 0.038636 0.044903
0 0.882004 0.870490 0.035394 0.046171
0 0.934511 0.862233 0.041183 0.051686
0 0.485163 0.185182 0.043844 0.038974
0 0.492427 0.317538 0.042902 0.042122
0 0.624023 0.858668 0.037528 0.044781
0 0.931908 0.777859 0.037611 0.046415
0 0.678129 0.892976 0.040158 0.053198
0 0.626053 0.898720 0.037611 0.046415
0 0.832185 0.876807 0.037693 0.048050
0 0.570776 0.819334 0.040158 0.053198
0 0.621787 0.814529 0.040075 0.051564
0 0.725837 0.844973 0.037611 0.046415
0 0.829990 0.833485 0.037611 0.046415
0 0.781812 0.883185 0.038884 0.049807
0 0.878722 0.783725 0.037776 0.049685
0 0.778447 0.794785 0.036667 0.049563
0 0.828308 0.789285 0.038884 0.049807
0 0.673781 0.807151 0.037859 0.051319
0 0.729222 0.889807 0.039909 0.048294
0 0.724237 0.802408 0.036833 0.052832
0 0.675380 0.849716 0.036253 0.041388
0 0.733759 0.759437 0.023900 0.036774
0 0.682194 0.764303 0.022709 0.035018
0 0.487368 0.250696 0.046225 0.042488
0 0.496765 0.381173 0.042570 0.035583
0 0.837871 0.747133 0.021601 0.034896
0 0.490812 0.285660 0.042653 0.037217
0 0.940876 0.734950 0.023900 0.036774
0 0.484020 0.151608 0.044869 0.037462
0 0.889353 0.740633 0.022792 0.036652
0 0.631267 0.770742 0.025007 0.036897
0 0.495357 0.353382 0.042570 0.035583
0 0.526026 0.738786 0.022709 0.035018
0 0.880447 0.828742 0.036585 0.047927
0 0.579149 0.775669 0.024925 0.035262
0 0.486778 0.217060 0.043595 0.034070
0 0.780171 0.839802 0.037693 0.048050
0 0.785241 0.752938 0.024925 0.035262
