0 0.612635 0.909090 0.038741 0.037061
0 0.724061 0.885168 0.040347 0.040332
0 0.846193 0.757301 0.039021 0.040168
0 0.523199 0.264836 0.036089 0.036733
0 0.266369 0.793971 0.041673 0.040496
0 0.850739 0.721727 0.038741 0.037061
0 0.443006 0.671278 0.034763 0.036569
0 0.141430 0.335439 0.039021 0.040168
0 0.530335 0.200514 0.032737 0.028635
0 0.862362 0.577831 0.035949 0.035179
0 0.559876 0.899419 0.038741 0.037061
0 0.615122 0.874045 0.037835 0.041558
0 0.260732 0.863977 0.040347 0.040332
0 0.629991 0.731337 0.039161 0.041722
0 0.643674 0.586909 0.037275 0.035343
0 0.318316 0.834965 0.037415 0.036897
0 0.321536 0.799226 0.037415 0.036897
0 0.371310 0.879230 0.039021 0.040168
0 0.563209 0.319279 0.037835 0.041558
0 0.874675 0.470942 0.036509 0.041394
0 0.507789 0.859979 0.037695 0.040004
0 0.768643 0.420114 0.034903 0.038122
0 0.666634 0.332075 0.038115 0.044666
0 0.426906 0.849972 0.037695 0.040004
0 0.283412 0.612251 0.035043 0.039676
0 0.681206 0.773025 0.038741 0.037061
0 0.866246 0.542173 0.037555 0.038451
0 0.201212 0.304341 0.040767 0.044994
0 0.523461 0.715799 0.040627 0.043440
0 0.670289 0.879300 0.039161 0.041722
0 0.374460 0.844268 0.036229 0.038286
0 0.810580 0.572209 0.036089 0.036733
0 0.424925 0.299026 0.036509 0.041394
0 0.258727 0.276106 0.035323 0.042784
0 0.297618 0.469460 0.037695 0.040004
0 0.569326 0.794533 0.038601 0.035507
0 0.208332 0.820571 0.037555 0.038451
0 0.230872 0.570399 0.040207 0.038779
0 0.278795 0.648603 0.037555 0.038451
0 0.561700 0.864294 0.039161 0.041722
0 0.332523 0.692174 0.040347 0.040332
0 0.133836 0.412273 0.037555 0.038451
0 0.193097 0.379540 0.038255 0.046220
0 0.148010 0.262406 0.039021 0.040168
0 0.792421 0.751434 0.037555 0.038451
0 0.749113 0.636878 0.037415 0.036897
0 0.255367 0.313398 0.037415 0.036897
0 0.516218 0.788748 0.036369 0.039840
0 0.526821 0.678506 0.037415 0.036897
0 0.695935 0.631869 0.040347 0.040332
0 0.884615 0.360618 0.036229 0.038286
0 0.183890 0.489169 0.041813 0.042051
0 0.430056 0.815010 0.037555 0.038451
0 0.731687 0.815408 0.040347 0.040332
0 0.677252 0.809458 0.037555 0.038451
0 0.222677 0.676226 0.037555 0.038451
0 0.589519 0.577851 0.037415 0.036897
0 0.350088 0.512090 0.037975 0.043112
0 0.615724 0.324205 0.036229 0.038286
0 0.137930 0.374285 0.041953 0.043604
0 0.813940 0.534916 0.039021 0.040168
0 0.129813 0.449483 0.039441 0.044830
0 0.830843 0.354750 0.037975 0.043112
0 0.537003 0.572925 0.036089 0.036733
0 0.305453 0.397369 0.040487 0.041886
0 0.390560 0.665574 0.038881 0.038615
0 0.270252 0.758314 0.040347 0.040332
0 0.328569 0.728607 0.039161 0.041722
0 0.796374 0.715000 0.039021 0.040168
0 0.370631 0.291523 0.036369 0.039840
0 0.756808 0.566341 0.037555 0.038451
0 0.654206 0.477444 0.039021 0.040168
0 0.752996 0.601221 0.039021 0.040168
0 0.530634 0.643625 0.039161 0.041722
0 0.603655 0.435838 0.034903 0.038122
0 0.433346 0.778494 0.037695 0.040004
0 0.690726 0.667362 0.039021 0.040168
0 0.718301 0.376177 0.038881 0.038615
0 0.600435 0.471576 0.037835 0.041558
0 0.663936 0.369450 0.039161 0.041722
0 0.707768 0.485642 0.037415 0.036897
0 0.446155 0.636316 0.037555 0.038451
0 0.622225 0.802649 0.039161 0.041722
0 0.404383 0.519593 0.040487 0.041886
0 0.715465 0.415105 0.037555 0.038451
0 0.467291 0.416608 0.037975 0.043112
0 0.397873 0.591847 0.040347 0.040332
0 0.241194 0.463264 0.039161 0.041722
0 0.449376 0.600577 0.037555 0.038451
0 0.367201 0.329593 0.039161 0.041722
0 0.307488 0.359913 0.037555 0.038451
0 0.452735 0.563284 0.037835 0.041558
0 0.228314 0.606219 0.039161 0.041722
0 0.346065 0.549300 0.036369 0.039840
0 0.596413 0.508787 0.039161 0.041722
0 0.218654 0.713436 0.039441 0.044830
0 0.705281 0.520685 0.038881 0.038615
0 0.544107 0.501530 0.037695 0.040004
0 0.557930 0.355549 0.036369 0.039840
0 0.820240 0.464992 0.038741 0.037061
0 0.762656 0.494005 0.039021 0.040168
0 0.463861 0.454678 0.037555 0.038451
0 0.381563 0.772872 0.040487 0.041886
0 0.573069 0.760431 0.040487 0.041886
0 0.470581 0.380092 0.037555 0.038451
0 0.579789 0.685845 0.040487 0.041886
0 0.474464 0.344436 0.036229 0.038286
0 0.698561 0.595271 0.038881 0.038615
0 0.410160 0.448033 0.038881 0.038615
0 0.363038 0.368357 0.037835 0.041558
0 0.742533 0.709909 0.040627 0.043440
0 0.477894 0.306366 0.039301 0.043276
0 0.701851 0.558756 0.039301 0.043276
0 0.646824 0.551947 0.037695 0.040004
0 0.610375 0.361252 0.037835 0.041558
0 0.418799 0.374471 0.037695 0.040004
0 0.540153 0.537964 0.038881 0.038615
0 0.315743 0.283160 0.037975 0.043112
0 0.650846 0.514737 0.039021 0.040168
0 0.554430 0.394395 0.036649 0.042948
0 0.606875 0.400098 0.037835 0.041558
0 0.547327 0.465790 0.037695 0.040004
0 0.859946 0.612097 0.037835 0.041558
0 0.565654 0.827860 0.037695 0.040004
0 0.687576 0.702324 0.036229 0.038286
0 0.856516 0.650167 0.040347 0.040332
0 0.533191 0.607805 0.034903 0.038122
0 0.518705 0.753704 0.037555 0.038451
0 0.300174 0.433639 0.039021 0.040168
0 0.244554 0.425972 0.039161 0.041722
0 0.870059 0.507294 0.038741 0.037061
0 0.377610 0.809306 0.039021 0.040168
0 0.180600 0.525685 0.039021 0.040168
0 0.316283 0.872422 0.040627 0.043440
0 0.759366 0.530520 0.038881 0.038615
0 0.334346 0.657047 0.037555 0.038451
0 0.803548 0.642828 0.037555 0.038451
0 0.273682 0.720245 0.040487 0.041886
0 0.251414 0.349832 0.039161 0.041722
0 0.817020 0.500731 0.036369 0.039840
0 0.852562 0.686601 0.038881 0.038615
0 0.215154 0.752282 0.038881 0.038615
0 0.238497 0.500640 0.040487 0.041886
0 0.636501 0.659081 0.036089 0.036733
0 0.459316 0.490252 0.037555 0.038451
0 0.187180 0.452653 0.039021 0.040168
0 0.310848 0.322620 0.037835 0.041558
0 0.582346 0.650024 0.035949 0.035179
0 0.387933 0.702172 0.040347 0.040332
0 0.205704 0.857168 0.039301 0.043276
0 0.234684 0.535519 0.039021 0.040168
0 0.204432 0.268602 0.040207 0.038779
0 0.575696 0.723832 0.039021 0.040168
0 0.189597 0.418386 0.037415 0.036897
0 0.289642 0.543104 0.040487 0.041886
0 0.337496 0.622085 0.037415 0.036897
0 0.352715 0.475492 0.038881 0.038615
0 0.401093 0.556109 0.037695 0.040004
0 0.822868 0.428394 0.040207 0.038779
0 0.659111 0.408132 0.036229 0.038286
0 0.634014 0.694125 0.040487 0.041886
0 0.176437 0.564449 0.040627 0.043440
0 0.765353 0.456630 0.037695 0.040004
0 0.826820 0.391961 0.039021 0.040168
0 0.806034 0.607783 0.039021 0.040168
0 0.342183 0.584957 0.037695 0.040004
0 0.800258 0.679343 0.037695 0.040004
0 0.436566 0.742756 0.037695 0.040004
0 0.526921 0.246592 0.028923 0.009003
0 0.393850 0.629058 0.039021 0.040168
0 0.551140 0.430911 0.035949 0.035179
0 0.737777 0.747815 0.037555 0.038451
0 0.710918 0.450680 0.037835 0.041558
0 0.324546 0.765817 0.037555 0.038451
0 0.773258 0.383762 0.037695 0.040004
0 0.456828 0.525297 0.039021 0.040168
0 0.640454 0.622648 0.040487 0.041886
0 0.586229 0.614367 0.037835 0.041558
0 0.594448 0.545467 0.038741 0.037061
0 0.422822 0.337260 0.039021 0.040168
0 0.407673 0.483077 0.037695 0.040004
0 0.511019 0.400022 0.024362 0.022990
0 0.513086 0.369640 0.034903 0.038122
0 0.508396 0.421694 0.031271 0.026918
0 0.211552 0.784832 0.040207 0.038779
0 0.479091 0.784154 0.022549 0.031984
0 0.673579 0.842784 0.036089 0.036733
0 0.776478 0.348024 0.034763 0.036569
0 0.144720 0.298922 0.038881 0.038615
0 0.833243 0.901033 0.041533 0.038943
0 0.836253 0.867626 0.038741 0.037061
0 0.248647 0.387984 0.037975 0.043112
0 0.829500 0.935137 0.040207 0.038779
0 0.683692 0.737981 0.040487 0.041886
0 0.877301 0.434344 0.035043 0.039676
0 0.504569 0.895719 0.037415 0.036897
0 0.656904 0.440069 0.034483 0.033460
0 0.511672 0.824323 0.036369 0.039840
0 0.839403 0.832663 0.039161 0.041722
0 0.722917 0.339825 0.036089 0.036733
0 0.196597 0.340693 0.034763 0.036569
0 0.150566 0.226586 0.040347 0.040332
0 0.155182 0.190234 0.037835 0.041558
0 0.528478 0.228566 0.031691 0.031579
0 0.722097 0.921848 0.037555 0.038451
0 0.287084 0.578926 0.038601 0.035507
0 0.879266 0.397664 0.035183 0.041230
0 0.519736 0.295831 0.031831 0.033132
0 0.789201 0.787173 0.037835 0.041558
0 0.423756 0.884934 0.037555 0.038451
0 0.439786 0.707016 0.035043 0.039676
0 0.619668 0.838471 0.037275 0.035343
0 0.225094 0.641958 0.035949 0.035179
0 0.843426 0.795454 0.040767 0.044994
0 0.294328 0.505976 0.037835 0.041558
0 0.263882 0.829015 0.037275 0.035343
0 0.276379 0.682870 0.038881 0.038615
0 0.727804 0.851065 0.038741 0.037061
0 0.359818 0.404096 0.037555 0.038451
0 0.667592 0.916675 0.040207 0.038779
0 0.383386 0.737746 0.037415 0.036897
0 0.356528 0.440612 0.037415 0.036897
0 0.734767 0.781223 0.037415 0.036897
0 0.746033 0.671063 0.037695 0.040004
0 0.626771 0.767075 0.036229 0.038286
0 0.779246 0.309871 0.036789 0.044502
0 0.414845 0.410905 0.039161 0.041722
