0 0.905275 0.628038 0.024285 0.031314
0 0.498626 0.374414 0.048995 0.041975
0 0.494306 0.277494 0.046628 0.037371
0 0.497017 0.342614 0.045256 0.029392
0 0.492000 0.207808 0.048701 0.033090
0 0.578811 0.864564 0.025504 0.034686
0 0.521958 0.743343 0.022175 0.034443
0 0.301944 0.717288 0.035873 0.046930
0 0.885052 0.756515 0.024503 0.037896
0 0.107566 0.776788 0.023393 0.037815
0 0.108900 0.817101 0.025667 0.039622
0 0.136049 0.393698 0.036929 0.045366
0 0.580754 0.906483 0.024231 0.029669
0 0.321343 0.883294 0.025613 0.037977
0 0.492007 0.241621 0.046863 0.044447
0 0.906135 0.670861 0.025613 0.037977
0 0.489212 0.140385 0.050028 0.039753
0 0.933324 0.668883 0.024394 0.034605
0 0.489801 0.174980 0.046808 0.042802
0 0.495876 0.308141 0.045697 0.042721
0 0.620529 0.612464 0.025613 0.037977
0 0.908660 0.713561 0.023284 0.034524
0 0.931963 0.627746 0.024394 0.034605
0 0.903995 0.589369 0.024448 0.036250
0 0.870527 0.384801 0.022175 0.034443
0 0.929465 0.585867 0.022120 0.032797
0 0.574924 0.780725 0.023393 0.037815
0 0.934713 0.710842 0.024448 0.036250
0 0.936074 0.751979 0.026778 0.039702
0 0.548566 0.740582 0.022229 0.036088
0 0.883772 0.717847 0.024340 0.032959
0 0.554620 0.906734 0.023339 0.036169
0 0.857137 0.719784 0.022229 0.036088
0 0.896552 0.381258 0.021065 0.034363
0 0.928131 0.545553 0.024394 0.034605
0 0.874055 0.508251 0.025613 0.037977
0 0.921576 0.381087 0.024394 0.034605
0 0.926134 0.501989 0.025449 0.033039
0 0.903134 0.546547 0.023339 0.036169
0 0.502117 0.530361 0.032272 0.038461
0 0.553313 0.867243 0.023230 0.032878
0 0.574145 0.740371 0.022229 0.036088
0 0.549399 0.782582 0.025504 0.034686
0 0.182961 0.264929 0.036602 0.035493
0 0.871833 0.424292 0.024503 0.037896
0 0.560845 0.405680 0.024394 0.034605
0 0.898468 0.422354 0.022284 0.037734
0 0.565537 0.530695 0.025721 0.041268
0 0.665245 0.400559 0.022120 0.032797
0 0.455635 0.285503 0.022338 0.039379
0 0.922328 0.420618 0.023284 0.034524
0 0.925354 0.461634 0.024503 0.037896
0 0.899803 0.462669 0.022120 0.032797
0 0.430693 0.288142 0.023393 0.037815
0 0.613058 0.403531 0.022175 0.034443
0 0.557801 0.700324 0.039094 0.043881
0 0.317374 0.796987 0.023339 0.036169
0 0.392211 0.335476 0.036711 0.038784
0 0.291931 0.801312 0.025613 0.037977
0 0.319426 0.842198 0.024503 0.037896
0 0.901718 0.503765 0.023339 0.036169
0 0.665997 0.440091 0.023339 0.036169
0 0.133524 0.350996 0.036820 0.042075
0 0.293319 0.843272 0.023339 0.036169
0 0.352242 0.674042 0.036766 0.040429
0 0.577504 0.825072 0.025613 0.037977
0 0.551452 0.827792 0.024448 0.036250
0 0.593588 0.571540 0.023284 0.034524
0 0.589422 0.445661 0.023230 0.032878
0 0.873722 0.464566 0.025558 0.036331
0 0.848752 0.466382 0.022229 0.036088
0 0.846084 0.385754 0.024448 0.036250
0 0.641609 0.442690 0.023284 0.034524
0 0.867320 0.674508 0.036983 0.047011
0 0.184823 0.304379 0.037930 0.042156
0 0.588034 0.403702 0.023393 0.037815
0 0.290570 0.760176 0.023284 0.034524
0 0.709675 0.600206 0.035873 0.046930
0 0.316149 0.759964 0.023284 0.034524
0 0.092527 0.692111 0.039039 0.042236
0 0.864489 0.588944 0.034763 0.046850
0 0.907425 0.340056 0.039094 0.043881
0 0.133327 0.311424 0.034709 0.045205
0 0.846864 0.426108 0.023393 0.037815
0 0.639666 0.400771 0.024557 0.039541
0 0.904927 0.298178 0.036929 0.045366
0 0.080031 0.314477 0.037092 0.050302
0 0.593946 0.531927 0.024394 0.034605
0 0.093333 0.733289 0.040367 0.048899
0 0.180882 0.218895 0.036254 0.058448
0 0.081446 0.357259 0.036875 0.043720
0 0.091057 0.647683 0.039366 0.052109
0 0.661287 0.650735 0.035709 0.041994
0 0.753112 0.349632 0.036875 0.043720
0 0.393572 0.376613 0.037038 0.048657
0 0.798914 0.220944 0.034654 0.043558
0 0.865377 0.632590 0.035818 0.045285
0 0.300637 0.677796 0.035655 0.040348
0 0.712642 0.689885 0.035927 0.048576
0 0.563397 0.449204 0.024557 0.039541
0 0.615281 0.487490 0.023284 0.034524
0 0.619695 0.570465 0.024557 0.039541
0 0.401821 0.625901 0.034763 0.046850
0 0.403597 0.713192 0.034763 0.046850
0 0.797944 0.174831 0.036091 0.053512
0 0.352993 0.713574 0.038093 0.047092
0 0.454314 0.665792 0.032380 0.041752
0 0.649097 0.315964 0.033545 0.043478
0 0.591366 0.487580 0.024503 0.037896
0 0.298003 0.631804 0.036091 0.053512
0 0.662094 0.691913 0.037038 0.048657
0 0.800884 0.263686 0.033545 0.043478
0 0.499340 0.446442 0.043587 0.045850
0 0.711700 0.644594 0.034763 0.046850
0 0.904012 0.253710 0.038148 0.048738
0 0.403237 0.668683 0.034763 0.046850
0 0.751697 0.306851 0.036983 0.047011
0 0.289835 0.384984 0.035764 0.043639
0 0.658734 0.607211 0.035982 0.050221
0 0.288059 0.297694 0.035873 0.046930
0 0.249839 0.722727 0.038093 0.047092
0 0.556608 0.613816 0.035927 0.048576
0 0.082835 0.399218 0.039257 0.048819
0 0.854765 0.345536 0.035764 0.043639
0 0.235344 0.301528 0.034763 0.046850
0 0.614975 0.444627 0.023284 0.034524
0 0.700953 0.353427 0.037201 0.053593
0 0.185710 0.348025 0.039203 0.047173
0 0.803355 0.304742 0.038093 0.047092
0 0.558132 0.659889 0.035818 0.045285
0 0.697675 0.271194 0.035982 0.050221
0 0.852990 0.258246 0.035873 0.046930
0 0.456338 0.710180 0.038148 0.048738
0 0.248423 0.679946 0.035764 0.043639
0 0.342631 0.383618 0.036929 0.045366
0 0.350189 0.628832 0.036036 0.051866
0 0.500810 0.490869 0.039148 0.045527
0 0.647626 0.271536 0.035982 0.050221
0 0.453371 0.620502 0.035982 0.050221
0 0.750390 0.267359 0.032435 0.043397
0 0.131301 0.267037 0.035927 0.048576
0 0.599435 0.361637 0.035818 0.045285
0 0.547052 0.325037 0.035655 0.040348
0 0.339108 0.293980 0.035873 0.046930
0 0.650485 0.357923 0.035927 0.048576
0 0.246926 0.634695 0.038256 0.052028
0 0.596604 0.276073 0.035818 0.045285
0 0.340579 0.338407 0.035873 0.046930
0 0.853877 0.301891 0.036929 0.045366
0 0.288392 0.341379 0.035818 0.045285
0 0.548967 0.366133 0.036983 0.047011
0 0.545582 0.280609 0.035982 0.050221
0 0.236787 0.345133 0.034709 0.045205
0 0.598601 0.319637 0.036875 0.043720
0 0.390741 0.291049 0.037147 0.051947
0 0.237649 0.387956 0.038148 0.048738
0 0.748364 0.222972 0.035982 0.050221
