0 0.203459 0.340166 0.042238 0.033815
0 0.094662 0.367861 0.040657 0.031964
0 0.462676 0.304027 0.030975 0.026649
0 0.762865 0.200271 0.039628 0.033170
0 0.499746 0.267715 0.039353 0.031642
0 0.366022 0.300775 0.040657 0.031964
0 0.553730 0.775755 0.025828 0.032680
0 0.299274 0.876188 0.042859 0.044194
0 0.247090 0.889090 0.042309 0.041137
0 0.715650 0.475430 0.030292 0.036705
0 0.174159 0.499114 0.043134 0.045723
0 0.742000 0.614232 0.029742 0.033647
0 0.190854 0.902194 0.040526 0.045078
0 0.696796 0.370704 0.033727 0.041936
0 0.226519 0.782393 0.042859 0.044194
0 0.701336 0.774393 0.041280 0.042343
0 0.677255 0.262156 0.030017 0.035176
0 0.408862 0.849096 0.039150 0.037434
0 0.312725 0.947119 0.041280 0.042343
0 0.630261 0.387154 0.041005 0.040815
0 0.821223 0.743956 0.030017 0.035176
0 0.795508 0.748717 0.029263 0.037912
0 0.144310 0.655004 0.040729 0.039285
0 0.170420 0.796262 0.039700 0.040492
0 0.862659 0.436691 0.044715 0.047574
0 0.833058 0.809697 0.033177 0.038879
0 0.192498 0.604766 0.041280 0.042343
0 0.232335 0.818482 0.041280 0.042343
0 0.654004 0.818033 0.042584 0.042666
0 0.468544 0.870272 0.039975 0.042021
0 0.707391 0.808028 0.041280 0.042343
0 0.608974 0.870684 0.039425 0.038963
0 0.420596 0.918055 0.041555 0.043871
0 0.286614 0.805861 0.042859 0.044194
0 0.449741 0.232171 0.032626 0.035821
0 0.202862 0.972683 0.038670 0.041698
0 0.683742 0.445792 0.031322 0.035498
0 0.305604 0.911352 0.042859 0.044194
0 0.214851 0.414798 0.037641 0.042904
0 0.661123 0.853800 0.041555 0.043871
0 0.279356 0.769330 0.044164 0.044517
0 0.601855 0.834918 0.044715 0.047574
0 0.825836 0.777149 0.030292 0.036705
0 0.775598 0.569997 0.040251 0.043549
0 0.746511 0.650644 0.037641 0.042904
0 0.460772 0.834666 0.040251 0.043549
0 0.657494 0.303770 0.030017 0.035176
0 0.588782 0.762298 0.038120 0.038640
0 0.195741 0.936916 0.040251 0.043549
0 0.445439 0.204490 0.030771 0.032441
0 0.641379 0.751690 0.038395 0.040170
0 0.801324 0.784806 0.030292 0.036705
0 0.735670 0.579069 0.033452 0.040408
0 0.868612 0.473544 0.042859 0.044194
0 0.635462 0.718820 0.038670 0.041698
0 0.138631 0.619679 0.046294 0.049426
0 0.308417 0.612837 0.038120 0.038640
0 0.525102 0.412352 0.039975 0.042021
0 0.176750 0.831426 0.042859 0.044194
0 0.713447 0.841664 0.040729 0.039285
0 0.292944 0.841025 0.042309 0.041137
0 0.650042 0.493247 0.039975 0.042021
0 0.538140 0.480990 0.038120 0.038640
0 0.595901 0.798065 0.042859 0.044194
0 0.180490 0.534278 0.042584 0.042666
0 0.302224 0.578437 0.041555 0.043871
0 0.807893 0.817515 0.032423 0.041614
0 0.570204 0.659100 0.041555 0.043871
0 0.874291 0.800302 0.042584 0.042666
0 0.608937 0.575269 0.039975 0.042021
0 0.206086 0.676460 0.039975 0.042021
0 0.629509 0.681966 0.041076 0.048136
0 0.840857 0.629716 0.043134 0.045723
0 0.423167 0.621994 0.038395 0.040170
0 0.622526 0.646964 0.041280 0.042343
0 0.703798 0.553414 0.034002 0.043466
0 0.689420 0.481117 0.033177 0.038879
0 0.296031 0.544038 0.041280 0.042343
0 0.187473 0.569280 0.041280 0.042343
0 0.669033 0.598738 0.039975 0.042021
0 0.776214 0.274420 0.038395 0.040170
0 0.363246 0.603274 0.040251 0.043549
0 0.861152 0.734883 0.042584 0.042666
0 0.221044 0.449197 0.042584 0.042666
0 0.242404 0.556498 0.041005 0.040815
0 0.557470 0.289374 0.040526 0.045078
0 0.417765 0.588198 0.039700 0.040492
0 0.563736 0.623173 0.041830 0.045401
0 0.550423 0.553007 0.039975 0.042021
0 0.428671 0.361139 0.039975 0.042021
0 0.099173 0.404273 0.044440 0.046046
0 0.655822 0.525353 0.039975 0.042021
0 0.111696 0.473836 0.043614 0.041460
0 0.789012 0.345511 0.041280 0.042343
0 0.694491 0.740156 0.042859 0.044194
0 0.450031 0.468439 0.038395 0.040170
0 0.801672 0.415838 0.041280 0.042343
0 0.449691 0.765545 0.042859 0.044194
0 0.835381 0.296520 0.042859 0.044194
0 0.442708 0.730543 0.041555 0.043871
0 0.820663 0.521328 0.039221 0.044756
0 0.664613 0.339536 0.032148 0.040085
0 0.512304 0.341261 0.040251 0.043549
0 0.562394 0.328079 0.041830 0.045401
0 0.674573 0.633298 0.041555 0.043871
0 0.319000 0.349927 0.040526 0.045078
0 0.795857 0.379749 0.042859 0.044194
0 0.455572 0.503000 0.040526 0.045078
0 0.384534 0.411174 0.039700 0.040492
0 0.260228 0.663075 0.041280 0.042343
0 0.787983 0.638795 0.040251 0.043549
0 0.234770 0.521656 0.044164 0.044517
0 0.269920 0.402781 0.042859 0.044194
0 0.254550 0.627751 0.042584 0.042666
0 0.198966 0.640694 0.041555 0.043871
0 0.531947 0.446591 0.041005 0.040815
0 0.736450 0.360102 0.042584 0.042666
0 0.635802 0.421714 0.039975 0.042021
0 0.166765 0.461818 0.041555 0.043871
0 0.282443 0.472343 0.043134 0.045723
0 0.443324 0.434965 0.040251 0.043549
0 0.276113 0.437180 0.039975 0.042021
0 0.590084 0.470543 0.042859 0.044194
0 0.602332 0.538577 0.040526 0.045078
0 0.583617 0.434615 0.039975 0.042021
0 0.716256 0.251716 0.044440 0.046046
0 0.722210 0.288569 0.039975 0.042021
0 0.828435 0.556934 0.041005 0.040815
0 0.456236 0.268251 0.033122 0.038573
0 0.481262 0.408021 0.034975 0.036401
0 0.487568 0.443430 0.036028 0.042944
0 0.474786 0.371296 0.036887 0.045639
0 0.460062 0.289503 0.030149 0.022062
0 0.602810 0.242235 0.039353 0.031642
0 0.469949 0.575297 0.039700 0.040492
0 0.429084 0.654865 0.038670 0.041698
0 0.208898 0.377945 0.038395 0.040170
0 0.829841 0.261960 0.041280 0.042343
0 0.475389 0.904509 0.044164 0.044517
0 0.728687 0.544067 0.031597 0.037028
0 0.131237 0.582384 0.041555 0.043871
0 0.834114 0.592259 0.040251 0.043549
0 0.462315 0.540456 0.040251 0.043549
0 0.703642 0.404942 0.028988 0.036383
0 0.455369 0.800870 0.041005 0.040815
0 0.414917 0.882730 0.042859 0.044194
0 0.596139 0.504178 0.039700 0.040492
0 0.582727 0.728663 0.041830 0.045401
0 0.647949 0.784399 0.039975 0.042021
0 0.239455 0.854249 0.042859 0.044194
0 0.709475 0.588739 0.031597 0.037028
0 0.848491 0.664557 0.039975 0.042021
0 0.695613 0.515516 0.030842 0.039763
0 0.781928 0.605161 0.039700 0.040492
0 0.689539 0.334173 0.031873 0.038557
0 0.228164 0.484964 0.044715 0.047574
0 0.158550 0.726537 0.041830 0.045401
0 0.395687 0.779694 0.041830 0.045401
0 0.213344 0.712991 0.041830 0.045401
0 0.799752 0.711737 0.042584 0.042666
0 0.183871 0.867192 0.041280 0.042343
0 0.716321 0.622977 0.033727 0.041936
0 0.848041 0.366847 0.042859 0.044194
0 0.651678 0.267681 0.032148 0.040085
0 0.577048 0.693338 0.039425 0.038963
0 0.218746 0.746788 0.042584 0.042666
0 0.687233 0.703625 0.044715 0.047574
0 0.151944 0.689845 0.041830 0.045401
0 0.769130 0.534068 0.039975 0.042021
0 0.422066 0.324446 0.040526 0.045078
0 0.669502 0.374259 0.031873 0.038557
0 0.164880 0.761701 0.041280 0.042343
0 0.124906 0.547221 0.041555 0.043871
0 0.855676 0.401689 0.044918 0.041782
0 0.709182 0.439502 0.033177 0.038879
0 0.794589 0.675488 0.042859 0.044194
0 0.854169 0.699882 0.041280 0.042343
0 0.118815 0.509602 0.043134 0.045723
0 0.680765 0.667697 0.041280 0.042343
0 0.867722 0.767592 0.041005 0.040815
0 0.248082 0.591822 0.043410 0.047252
0 0.683723 0.298084 0.033452 0.040408
0 0.402944 0.816225 0.043134 0.045723
0 0.154343 0.389036 0.042584 0.042666
0 0.161601 0.425568 0.041830 0.045401
0 0.677411 0.410629 0.035031 0.042259
0 0.411195 0.555490 0.041280 0.042343
0 0.842878 0.330597 0.042584 0.042666
0 0.375769 0.672836 0.039975 0.042021
0 0.755441 0.465593 0.039975 0.042021
0 0.815775 0.486607 0.041005 0.040815
0 0.721705 0.509065 0.036062 0.041053
0 0.273026 0.734167 0.044164 0.044517
0 0.105778 0.440966 0.043889 0.042988
0 0.822960 0.223738 0.042381 0.048458
0 0.267348 0.698842 0.042859 0.044194
0 0.387777 0.743325 0.041830 0.045401
0 0.661637 0.561442 0.042105 0.046929
0 0.578077 0.400055 0.041555 0.043871
0 0.610068 0.278766 0.045469 0.044839
0 0.397470 0.483031 0.042859 0.044194
0 0.643574 0.457319 0.042859 0.044194
0 0.381961 0.707236 0.042859 0.044194
0 0.436066 0.398434 0.039496 0.046284
0 0.742505 0.393738 0.042584 0.042666
0 0.371837 0.336864 0.041280 0.042343
0 0.623931 0.351990 0.038945 0.043226
0 0.557268 0.587245 0.041555 0.043871
0 0.404727 0.519562 0.044715 0.047574
0 0.728678 0.324497 0.040251 0.043549
0 0.810097 0.451283 0.043410 0.047252
0 0.761633 0.499992 0.042859 0.044194
0 0.356916 0.568110 0.042859 0.044194
0 0.519424 0.377028 0.041830 0.045401
0 0.289563 0.508110 0.041555 0.043871
0 0.615405 0.611197 0.042859 0.044194
0 0.332211 0.423311 0.043134 0.045723
0 0.782681 0.310347 0.044440 0.046046
0 0.615883 0.314856 0.039221 0.044756
0 0.350310 0.531417 0.042859 0.044194
0 0.435314 0.693248 0.043685 0.048781
0 0.264344 0.364237 0.046570 0.050955
0 0.768680 0.236359 0.043410 0.047252
0 0.378580 0.374321 0.042105 0.046929
0 0.570304 0.364449 0.041830 0.045401
0 0.324954 0.386780 0.041280 0.042343
0 0.748835 0.428901 0.042584 0.042666
0 0.369576 0.638437 0.042859 0.044194
0 0.505423 0.303040 0.043410 0.047252
0 0.544608 0.516918 0.042105 0.046929
0 0.390864 0.446338 0.046019 0.047897
