0 0.509030 0.607642 0.021331 0.025425
0 0.388423 0.406863 0.031356 0.033388
0 0.389099 0.391043 0.037708 0.065065
0 0.508496 0.579158 0.020061 0.019090
0 0.432396 0.337467 0.021336 0.027008
0 0.510659 0.684391 0.020066 0.020673
0 0.511223 0.703382 0.018816 0.020666
0 0.459896 0.337609 0.021336 0.027008
0 0.375516 0.338758 0.022586 0.027014
0 0.900471 0.159493 0.021336 0.027008
0 0.223427 0.405224 0.033861 0.034983
0 0.111474 0.429173 0.035127 0.039737
0 0.110923 0.406227 0.033861 0.034983
0 0.497703 0.436697 0.035111 0.034990
0 0.441993 0.657931 0.032601 0.031813
0 0.499164 0.371039 0.035086 0.027079
0 0.444159 0.372339 0.035086 0.027079
0 0.509579 0.631379 0.022571 0.022267
0 0.498015 0.339387 0.035116 0.036572
0 0.508787 0.878213 0.022571 0.022267
0 0.386681 0.754958 0.035106 0.033408
0 0.385960 0.785017 0.036356 0.033414
0 0.386993 0.657648 0.032601 0.031813
0 0.509480 0.856856 0.021316 0.020679
0 0.872968 0.160142 0.026341 0.028616
0 0.167078 0.435788 0.033816 0.020743
0 0.829674 0.407548 0.033836 0.027072
0 0.403016 0.338899 0.022596 0.030178
0 0.166037 0.565531 0.035076 0.023914
0 0.442087 0.628659 0.032596 0.030230
0 0.605127 0.850227 0.035101 0.031826
0 0.496553 0.795080 0.032586 0.027066
0 0.607205 0.786945 0.031351 0.031806
0 0.222896 0.375948 0.035116 0.036572
0 0.882307 0.755923 0.033856 0.033401
0 0.898992 0.230687 0.026346 0.030198
0 0.606052 0.756876 0.031351 0.031806
0 0.165756 0.847969 0.031351 0.031806
0 0.898776 0.297934 0.023841 0.028603
0 0.386465 0.627583 0.036351 0.031832
0 0.386476 0.819039 0.035091 0.028661
0 0.166256 0.692115 0.033846 0.030236
0 0.883029 0.725863 0.035106 0.033408
0 0.662913 0.566503 0.033846 0.030236
0 0.605031 0.880290 0.035101 0.031826
0 0.772808 0.599504 0.033851 0.031819
0 0.386153 0.724892 0.036346 0.030249
0 0.440329 0.786880 0.035106 0.033408
0 0.882732 0.818426 0.035101 0.031826
0 0.429579 0.436347 0.018821 0.022248
0 0.773323 0.438904 0.031336 0.027059
0 0.661778 0.725517 0.035091 0.028661
0 0.166162 0.721387 0.033851 0.031819
0 0.607190 0.597071 0.035101 0.031826
0 0.165855 0.817114 0.031346 0.030223
0 0.373121 0.500930 0.021341 0.028590
0 0.828333 0.436022 0.036366 0.036578
0 0.456878 0.498987 0.021346 0.030172
0 0.881984 0.661775 0.035101 0.031826
0 0.331057 0.754672 0.033856 0.033401
0 0.882620 0.853235 0.037622 0.038167
0 0.166360 0.659678 0.031351 0.031806
0 0.881583 0.786774 0.035101 0.031826
0 0.884062 0.598494 0.038841 0.028680
0 0.441473 0.820113 0.035106 0.033408
0 0.882505 0.694215 0.036356 0.033414
0 0.165030 0.879610 0.032611 0.034977
0 0.898891 0.262333 0.023836 0.027021
0 0.660648 0.882949 0.033836 0.027072
0 0.661473 0.820453 0.037601 0.031838
0 0.166467 0.626452 0.031361 0.034970
0 0.497815 0.401887 0.035111 0.034990
0 0.870987 0.193360 0.025101 0.031774
0 0.883336 0.630136 0.037611 0.035002
0 0.223323 0.437659 0.033846 0.030236
0 0.607101 0.819382 0.036356 0.033414
0 0.898486 0.193502 0.025091 0.028609
0 0.166573 0.593224 0.033851 0.031819
0 0.883536 0.567637 0.037606 0.033420
0 0.441155 0.724383 0.033851 0.031819
0 0.607513 0.691219 0.033846 0.030236
0 0.111662 0.370630 0.032616 0.036559
0 0.442808 0.403977 0.035106 0.033408
0 0.883848 0.470327 0.035091 0.028661
0 0.441056 0.755237 0.033856 0.033401
0 0.661575 0.788808 0.035111 0.034990
0 0.870872 0.228961 0.025096 0.030191
0 0.661682 0.755580 0.035101 0.031826
0 0.773537 0.567071 0.032606 0.033395
0 0.372384 0.535736 0.022601 0.031761
0 0.277921 0.368319 0.035106 0.033408
0 0.166579 0.786264 0.032601 0.031813
0 0.882695 0.440257 0.037601 0.031838
0 0.774159 0.373243 0.035122 0.038155
0 0.330955 0.786318 0.033856 0.033401
0 0.661989 0.659853 0.035096 0.030243
0 0.401045 0.563574 0.022606 0.033343
0 0.606463 0.628713 0.036351 0.031832
0 0.606781 0.724443 0.032616 0.036559
0 0.609476 0.468916 0.031341 0.028641
0 0.719147 0.376916 0.035106 0.033408
0 0.660747 0.852095 0.036361 0.034996
0 0.773229 0.468176 0.033851 0.031819
0 0.607611 0.660364 0.036351 0.031832
0 0.609059 0.404041 0.032591 0.028648
0 0.717282 0.568364 0.032606 0.033395
0 0.883640 0.535200 0.035111 0.034990
0 0.442188 0.597014 0.030106 0.033382
0 0.609163 0.566227 0.033856 0.033401
0 0.662194 0.595771 0.032601 0.031813
0 0.166041 0.369326 0.036366 0.036578
0 0.883127 0.500387 0.036351 0.031832
0 0.718222 0.470267 0.033846 0.030236
0 0.718319 0.440204 0.033846 0.030236
0 0.827589 0.473203 0.035111 0.034990
0 0.221757 0.341132 0.037606 0.033420
0 0.386374 0.850685 0.035111 0.034990
0 0.331989 0.658948 0.035091 0.028661
0 0.773016 0.534632 0.031351 0.031806
0 0.330851 0.818753 0.033841 0.028654
0 0.662178 0.405896 0.033851 0.031819
0 0.773750 0.500616 0.035106 0.033408
0 0.607393 0.533780 0.035101 0.031826
0 0.607502 0.499762 0.035106 0.033408
0 0.276773 0.531290 0.033846 0.030236
0 0.277601 0.468003 0.035106 0.033408
0 0.662600 0.469189 0.035101 0.031826
0 0.331876 0.499136 0.036361 0.034996
0 0.275312 0.596947 0.036361 0.034996
0 0.278436 0.402341 0.036361 0.034996
0 0.717387 0.535928 0.035111 0.034990
0 0.662499 0.500835 0.035101 0.031826
0 0.510236 0.668060 0.021037 0.011595
0 0.509994 0.564126 0.019047 0.014861
0 0.499888 0.548758 0.027239 0.008352
0 0.829771 0.377485 0.033856 0.033401
0 0.441886 0.691159 0.035111 0.034990
0 0.882169 0.409401 0.036356 0.033414
0 0.458326 0.437285 0.023856 0.033350
0 0.609160 0.372395 0.035111 0.034990
0 0.498549 0.461305 0.031300 0.015825
0 0.499268 0.533304 0.036321 0.022496
0 0.509513 0.651949 0.022561 0.019102
0 0.166136 0.534676 0.035122 0.038155
0 0.277705 0.435566 0.035101 0.031826
0 0.331260 0.691381 0.036356 0.033414
0 0.276872 0.500435 0.033851 0.031819
0 0.662390 0.534854 0.035106 0.033408
0 0.498100 0.507743 0.033840 0.028338
0 0.109993 0.501160 0.035111 0.034990
0 0.332395 0.532367 0.035101 0.031826
0 0.276671 0.562935 0.033856 0.033401
0 0.332194 0.594866 0.035106 0.033408
0 0.773422 0.408051 0.033861 0.034983
0 0.332699 0.437431 0.035111 0.034990
0 0.110727 0.467145 0.036356 0.033414
0 0.333436 0.402624 0.031351 0.031806
0 0.456977 0.468133 0.021331 0.025425
0 0.401873 0.500287 0.023856 0.033350
0 0.388230 0.466988 0.033856 0.033401
0 0.553538 0.371318 0.033877 0.039730
0 0.442915 0.565372 0.033846 0.030236
0 0.331463 0.628091 0.033856 0.033401
0 0.387824 0.593570 0.038866 0.036591
0 0.662912 0.371880 0.032616 0.036559
0 0.883530 0.374597 0.036366 0.036578
0 0.428860 0.465615 0.022596 0.030178
0 0.166250 0.499076 0.035106 0.033408
0 0.662715 0.628210 0.033856 0.033401
0 0.330755 0.848817 0.033851 0.031819
0 0.332296 0.563221 0.035096 0.030243
0 0.718121 0.501912 0.033856 0.033401
0 0.441771 0.532138 0.031366 0.036552
0 0.401772 0.531932 0.021336 0.027008
0 0.829882 0.342675 0.036366 0.036578
0 0.718636 0.341312 0.036361 0.034996
0 0.332598 0.469076 0.035091 0.028661
0 0.334168 0.369400 0.035111 0.034990
0 0.222599 0.468511 0.035101 0.031826
0 0.609582 0.435690 0.033861 0.034983
0 0.386257 0.692455 0.036361 0.034996
0 0.167800 0.405729 0.035116 0.036572
0 0.662702 0.437545 0.032601 0.031813
0 0.330026 0.881250 0.032606 0.033395
0 0.166979 0.466642 0.031351 0.031806
0 0.331778 0.724612 0.035106 0.033408
0 0.719040 0.410144 0.035106 0.033408
0 0.388324 0.437716 0.033841 0.028654
0 0.662507 0.693084 0.036366 0.036578
0 0.166056 0.754615 0.036361 0.034996
