0 0.725480 0.288333 0.040102 0.047957
0 0.523144 0.245062 0.046585 0.047993
0 0.173735 0.082834 0.038292 0.051733
0 0.532498 0.142776 0.048456 0.044867
0 0.529833 0.179153 0.047822 0.049679
0 0.169002 0.127711 0.037101 0.050536
0 0.512661 0.375895 0.047218 0.043181
0 0.489809 0.757841 0.021579 0.018805
0 0.491069 0.742120 0.021854 0.020375
0 0.492131 0.728527 0.021027 0.015666
0 0.515747 0.346454 0.047037 0.040532
0 0.684620 0.745860 0.034749 0.048466
0 0.794621 0.684563 0.036799 0.047288
0 0.401379 0.432880 0.037598 0.044262
0 0.439838 0.568075 0.039002 0.047734
0 0.270998 0.152493 0.038850 0.046109
0 0.532008 0.716626 0.040253 0.049580
0 0.805774 0.558582 0.038353 0.052383
0 0.728979 0.841711 0.040706 0.054453
0 0.345089 0.465335 0.034749 0.048466
0 0.702450 0.536014 0.037749 0.045886
0 0.721478 0.331373 0.038051 0.049135
0 0.823227 0.352795 0.039002 0.047734
0 0.243417 0.443101 0.035849 0.048689
0 0.852635 0.609435 0.038051 0.049135
0 0.351916 0.379846 0.037101 0.050536
0 0.360493 0.299674 0.036346 0.042416
0 0.570593 0.301660 0.033497 0.046620
0 0.199380 0.349798 0.035849 0.048689
0 0.504131 0.449540 0.044958 0.053720
0 0.424312 0.180216 0.037554 0.055408
0 0.886646 0.231601 0.040706 0.054453
0 0.628880 0.778428 0.036799 0.047288
0 0.608576 0.435932 0.035547 0.045440
0 0.707175 0.497257 0.035547 0.045440
0 0.348616 0.421372 0.035849 0.048689
0 0.816701 0.435036 0.039152 0.049358
0 0.294603 0.453462 0.037554 0.055408
0 0.527758 0.756306 0.039002 0.047734
0 0.712923 0.417341 0.036950 0.048912
0 0.301604 0.372144 0.037749 0.045886
0 0.679743 0.786241 0.036648 0.045663
0 0.878815 0.321852 0.039152 0.049358
0 0.234689 0.524897 0.038202 0.050758
0 0.563042 0.382866 0.037900 0.047511
0 0.540088 0.629735 0.038202 0.050758
0 0.787620 0.765882 0.035698 0.047065
0 0.739982 0.717354 0.037252 0.052160
0 0.779994 0.847901 0.038051 0.049135
0 0.834331 0.818359 0.037900 0.047511
0 0.845959 0.693300 0.037900 0.047511
0 0.856562 0.567207 0.040253 0.049580
0 0.211235 0.222304 0.036302 0.053561
0 0.883292 0.279736 0.040253 0.049580
0 0.797845 0.643849 0.037900 0.047511
0 0.579722 0.764342 0.036648 0.045663
0 0.446989 0.485134 0.031296 0.046174
0 0.699700 0.577651 0.037900 0.047511
0 0.729407 0.246106 0.040404 0.051204
0 0.322714 0.157170 0.038806 0.057255
0 0.262347 0.233477 0.039455 0.052606
0 0.524133 0.795285 0.036799 0.047288
0 0.666991 0.362539 0.035396 0.043817
0 0.691620 0.664543 0.035849 0.048689
0 0.617281 0.348341 0.039757 0.055854
0 0.670992 0.319499 0.038353 0.052383
0 0.710400 0.456542 0.036648 0.045663
0 0.298055 0.410311 0.035396 0.043817
0 0.159195 0.215080 0.038202 0.050758
0 0.874662 0.366515 0.039303 0.050981
0 0.731956 0.797637 0.035698 0.047065
0 0.115892 0.795388 0.025187 0.038563
0 0.501306 0.491991 0.045649 0.037924
0 0.123593 0.712557 0.025187 0.038563
0 0.568320 0.886963 0.037101 0.050536
0 0.086571 0.833303 0.025338 0.040188
0 0.602450 0.519909 0.037101 0.050536
0 0.213157 0.732340 0.033497 0.046620
0 0.408328 0.900911 0.037900 0.047511
0 0.055993 0.746033 0.037749 0.045886
0 0.627134 0.815305 0.037447 0.042638
0 0.221733 0.652168 0.038051 0.049135
0 0.385501 0.597617 0.036950 0.048912
0 0.512052 0.925215 0.041505 0.051427
0 0.154719 0.257197 0.038699 0.044485
0 0.571545 0.846249 0.033497 0.046620
0 0.071775 0.576311 0.037598 0.044262
0 0.254494 0.317931 0.039455 0.052606
0 0.099832 0.286626 0.038051 0.049135
0 0.412957 0.857171 0.039303 0.050981
0 0.514478 0.881029 0.040404 0.051204
0 0.831181 0.858261 0.036950 0.048912
0 0.669993 0.909197 0.040404 0.051204
0 0.773691 0.342768 0.036497 0.044039
0 0.249391 0.360748 0.037101 0.050536
0 0.517993 0.312525 0.046706 0.049293
0 0.768516 0.971334 0.040555 0.052829
0 0.381099 0.638921 0.038202 0.050758
0 0.863961 0.487624 0.040253 0.049580
0 0.246717 0.401575 0.034296 0.043594
0 0.194677 0.394350 0.037403 0.053784
0 0.625307 0.268058 0.037296 0.041014
0 0.614577 0.944312 0.041807 0.054675
0 0.079152 0.490933 0.036950 0.048912
0 0.427432 0.695459 0.037749 0.045886
0 0.423732 0.735250 0.037900 0.047511
0 0.672668 0.868371 0.037900 0.047511
0 0.598275 0.558778 0.035094 0.040568
0 0.828179 0.311603 0.038850 0.046109
0 0.125885 0.549205 0.040102 0.047957
0 0.519733 0.836588 0.035849 0.048689
0 0.063220 0.662279 0.039002 0.047734
0 0.104308 0.244511 0.039152 0.049358
0 0.827406 0.898864 0.039152 0.049358
0 0.140567 0.421456 0.039002 0.047734
0 0.075701 0.534083 0.038202 0.050758
0 0.131765 0.504064 0.041807 0.054675
0 0.096056 0.327230 0.038051 0.049135
0 0.229586 0.567713 0.038051 0.049135
0 0.755688 0.548444 0.036648 0.045663
0 0.676519 0.826956 0.038051 0.049135
0 0.333536 0.589581 0.036195 0.040791
0 0.578424 0.211409 0.036950 0.048912
0 0.431283 0.654043 0.038202 0.050758
0 0.550788 0.508626 0.036950 0.048912
0 0.059920 0.703806 0.038353 0.052383
0 0.372070 0.723965 0.040253 0.049580
0 0.820001 0.393510 0.037900 0.047511
0 0.790846 0.725167 0.032396 0.046397
0 0.325209 0.673112 0.038353 0.052383
0 0.258345 0.276516 0.036799 0.047288
0 0.586096 0.683724 0.037101 0.050536
0 0.842260 0.733091 0.035547 0.045440
0 0.618730 0.899649 0.039152 0.049358
0 0.783872 0.209144 0.039303 0.050981
0 0.837782 0.775207 0.037252 0.052160
0 0.091579 0.369346 0.039152 0.049358
0 0.275151 0.107829 0.039606 0.054230
0 0.266900 0.190549 0.037598 0.044262
0 0.314333 0.247308 0.037447 0.042638
0 0.067848 0.618538 0.040706 0.054453
0 0.777466 0.302166 0.037101 0.050536
0 0.389276 0.557015 0.036648 0.045663
0 0.451865 0.444753 0.028792 0.042480
0 0.471821 0.236163 0.036346 0.042416
0 0.375921 0.682550 0.040404 0.051204
0 0.329211 0.630074 0.038202 0.050758
0 0.210407 0.773978 0.038051 0.049135
0 0.718577 0.374635 0.038202 0.050758
0 0.131845 0.629838 0.026590 0.042034
0 0.206956 0.817130 0.039303 0.050981
0 0.309481 0.836226 0.036799 0.047288
0 0.119642 0.206247 0.026439 0.040410
0 0.525629 0.212306 0.048952 0.038592
0 0.114091 0.838873 0.027842 0.043881
0 0.090573 0.790263 0.025187 0.038563
0 0.110227 0.584922 0.023633 0.033468
0 0.934080 0.288361 0.038353 0.052383
0 0.520463 0.279930 0.046901 0.039771
0 0.135615 0.462649 0.041354 0.049803
0 0.120292 0.754084 0.026137 0.037162
0 0.305954 0.880190 0.040706 0.054453
0 0.202954 0.860168 0.038850 0.046109
0 0.095524 0.749071 0.025640 0.043435
0 0.320883 0.713605 0.036346 0.042416
0 0.106376 0.626337 0.024691 0.044837
0 0.103777 0.666351 0.023935 0.036716
0 0.135469 0.590859 0.026288 0.038786
0 0.313256 0.795623 0.034296 0.043594
0 0.621359 0.304489 0.036648 0.045663
0 0.772119 0.926559 0.041505 0.051427
0 0.356440 0.892063 0.042304 0.048402
0 0.052369 0.785012 0.038051 0.049135
0 0.083403 0.451253 0.035698 0.047065
0 0.217332 0.693473 0.036799 0.047288
0 0.098274 0.707433 0.025489 0.041811
0 0.867737 0.447021 0.037749 0.045886
0 0.780594 0.256467 0.039606 0.054230
0 0.087728 0.410761 0.036497 0.044039
0 0.823555 0.940279 0.036799 0.047288
0 0.048291 0.828863 0.040555 0.052829
0 0.416332 0.814833 0.037900 0.047511
0 0.674142 0.279596 0.036799 0.047288
0 0.147643 0.339326 0.037447 0.042638
0 0.359967 0.848100 0.041505 0.051427
0 0.930326 0.334760 0.039606 0.054230
0 0.576022 0.804133 0.036799 0.047288
0 0.128545 0.671364 0.027540 0.040633
0 0.809150 0.516243 0.036648 0.045663
0 0.225660 0.609941 0.038051 0.049135
0 0.563844 0.929079 0.040404 0.051204
0 0.420108 0.774229 0.040102 0.047957
0 0.819003 0.978508 0.038353 0.042984
0 0.775668 0.888392 0.038850 0.046109
0 0.237914 0.484182 0.032094 0.043148
0 0.547865 0.546092 0.035245 0.042193
0 0.939010 0.241373 0.039757 0.055854
0 0.687294 0.705035 0.034447 0.045218
0 0.317658 0.754320 0.038353 0.052383
0 0.812850 0.476451 0.036799 0.047288
0 0.665517 0.951313 0.039002 0.047734
0 0.143393 0.379006 0.039002 0.047734
0 0.860888 0.526715 0.036648 0.045663
0 0.869786 0.406896 0.041203 0.048179
0 0.368920 0.763868 0.039002 0.047734
0 0.151569 0.297098 0.038051 0.049135
0 0.736131 0.758769 0.032094 0.043148
0 0.164924 0.171562 0.037101 0.050536
0 0.365620 0.805395 0.040253 0.049580
0 0.443138 0.526549 0.038051 0.049135
0 0.605200 0.478271 0.034749 0.048466
0 0.205981 0.266745 0.038051 0.049135
0 0.341313 0.505939 0.037252 0.052160
0 0.761587 0.466903 0.037749 0.045886
0 0.543065 0.585661 0.038202 0.050758
0 0.734487 0.197494 0.039606 0.054230
0 0.759388 0.508652 0.039002 0.047734
0 0.583346 0.725362 0.034447 0.045218
0 0.783370 0.805562 0.036950 0.048912
0 0.310158 0.286177 0.036950 0.048912
0 0.555190 0.467321 0.038202 0.050758
0 0.201505 0.308861 0.039152 0.049358
0 0.695223 0.619767 0.039303 0.050981
0 0.566893 0.341451 0.038051 0.049135
0 0.420558 0.226615 0.040404 0.051204
0 0.435836 0.611115 0.039455 0.052606
0 0.318809 0.205192 0.041656 0.053052
0 0.649235 0.571574 0.036648 0.045663
0 0.644910 0.612066 0.037749 0.045886
0 0.659213 0.446182 0.037749 0.045886
0 0.848633 0.652474 0.040404 0.051204
0 0.801696 0.602434 0.038051 0.049135
0 0.743984 0.674314 0.034598 0.046842
0 0.337311 0.548979 0.037101 0.050536
0 0.656614 0.486196 0.037900 0.047511
0 0.356868 0.338653 0.036950 0.048912
0 0.833357 0.267974 0.039757 0.055854
0 0.622732 0.856610 0.039303 0.050981
0 0.637284 0.694085 0.040102 0.047957
0 0.392901 0.518035 0.036648 0.045663
0 0.765287 0.427112 0.037900 0.047511
0 0.632807 0.736201 0.039303 0.050981
0 0.747911 0.632087 0.039303 0.050981
0 0.373826 0.168342 0.039757 0.055854
0 0.751837 0.589860 0.039303 0.050981
0 0.769840 0.384184 0.039152 0.049358
0 0.305455 0.330728 0.038202 0.050758
0 0.612427 0.394517 0.038202 0.050758
0 0.536086 0.672774 0.040555 0.052829
0 0.590574 0.641608 0.038202 0.050758
0 0.652137 0.528312 0.037101 0.050536
0 0.458941 0.362623 0.038850 0.046109
0 0.405079 0.393088 0.035849 0.048689
0 0.368972 0.214519 0.038202 0.050758
0 0.408930 0.351672 0.033497 0.046620
0 0.663140 0.403954 0.038353 0.052383
0 0.595125 0.598680 0.036950 0.048912
0 0.476050 0.190688 0.040059 0.059102
0 0.629460 0.223394 0.041159 0.059325
0 0.678370 0.234121 0.037705 0.057033
0 0.640110 0.651634 0.040404 0.051204
0 0.412781 0.310257 0.038051 0.049135
0 0.574195 0.256884 0.041656 0.053052
0 0.396427 0.474072 0.038655 0.055631
0 0.559666 0.425205 0.039002 0.047734
0 0.463817 0.322243 0.039152 0.049358
0 0.416556 0.269654 0.037749 0.045886
0 0.455640 0.404149 0.038202 0.050758
0 0.468520 0.277690 0.038504 0.054007
0 0.364819 0.259182 0.038353 0.052383
