0 0.602307 0.730799 0.025071 0.038695
0 0.140962 0.863122 0.024989 0.037052
0 0.236517 0.388456 0.040175 0.032180
0 0.525212 0.737594 0.021256 0.028473
0 0.136827 0.780151 0.024907 0.035409
0 0.111340 0.782944 0.022691 0.035166
0 0.496814 0.369020 0.043745 0.037473
0 0.495340 0.339447 0.041693 0.040517
0 0.170198 0.902042 0.026179 0.038817
0 0.165305 0.815026 0.022691 0.035166
0 0.605462 0.771752 0.024907 0.035409
0 0.163934 0.776356 0.023881 0.036930
0 0.113265 0.821554 0.024989 0.037052
0 0.487948 0.202319 0.044607 0.032666
0 0.375877 0.837381 0.022773 0.036809
0 0.491265 0.268860 0.042473 0.034066
0 0.086367 0.784855 0.026097 0.037173
0 0.088292 0.823465 0.026015 0.035531
0 0.351499 0.840053 0.024989 0.037052
0 0.168069 0.859326 0.024127 0.041860
0 0.139859 0.818640 0.025153 0.040338
0 0.560278 0.401713 0.022691 0.035166
0 0.282928 0.257823 0.035290 0.044717
0 0.612448 0.688389 0.034264 0.046239
0 0.629880 0.769902 0.024989 0.037052
0 0.372599 0.793963 0.022855 0.038452
0 0.369525 0.754653 0.022691 0.035166
0 0.148035 0.736800 0.040830 0.045324
0 0.345701 0.757264 0.023799 0.035288
0 0.093785 0.698967 0.040749 0.043681
0 0.095874 0.740863 0.041158 0.051896
0 0.099878 0.530627 0.024825 0.033766
0 0.073797 0.532660 0.023799 0.035288
0 0.485715 0.168700 0.043909 0.040759
0 0.101331 0.570941 0.026179 0.038817
0 0.069744 0.451333 0.026097 0.037173
0 0.348221 0.796635 0.025071 0.038695
0 0.627915 0.730471 0.022937 0.040095
0 0.071709 0.490764 0.025933 0.033887
0 0.901277 0.235496 0.037425 0.043317
0 0.452032 0.789390 0.023881 0.036930
0 0.096338 0.448419 0.023881 0.036930
0 0.484550 0.134136 0.045017 0.040881
0 0.145394 0.694964 0.037588 0.046603
0 0.899352 0.196887 0.037507 0.044959
0 0.473768 0.744884 0.022691 0.035166
0 0.284420 0.298958 0.034018 0.041309
0 0.476410 0.786719 0.023881 0.036930
0 0.449431 0.748377 0.024989 0.037052
0 0.716177 0.679501 0.037670 0.048245
0 0.200156 0.731914 0.038860 0.050010
0 0.561730 0.442026 0.026261 0.040459
0 0.503281 0.521116 0.030530 0.037659
0 0.698917 0.344397 0.038615 0.045081
0 0.097749 0.487911 0.027206 0.037295
0 0.849238 0.242025 0.035290 0.044717
0 0.129801 0.315075 0.037752 0.049889
0 0.489032 0.235240 0.044154 0.045688
0 0.356438 0.715615 0.038778 0.048367
0 0.078783 0.364442 0.037507 0.044959
0 0.198068 0.690018 0.036398 0.044838
0 0.092170 0.655368 0.040214 0.055060
0 0.767662 0.673033 0.036479 0.046481
0 0.181922 0.310189 0.037670 0.048245
0 0.077721 0.320782 0.037752 0.049889
0 0.850854 0.285624 0.036479 0.046481
0 0.814889 0.581132 0.037834 0.051532
0 0.819147 0.666566 0.035290 0.044717
0 0.817100 0.625492 0.035290 0.044717
0 0.493456 0.301659 0.041857 0.043803
0 0.354227 0.671255 0.038778 0.048367
0 0.746657 0.251613 0.036725 0.051410
0 0.763876 0.585896 0.037752 0.049889
0 0.080912 0.407158 0.039723 0.045202
0 0.407369 0.709208 0.036316 0.043195
0 0.234982 0.346500 0.037588 0.046603
0 0.352612 0.627656 0.035372 0.046360
0 0.765615 0.631959 0.036479 0.046481
0 0.713576 0.638488 0.036398 0.044838
0 0.285995 0.341736 0.037670 0.048245
0 0.280594 0.210999 0.035699 0.052931
0 0.611468 0.646372 0.034182 0.044595
0 0.233489 0.305365 0.034100 0.042953
0 0.645775 0.306444 0.033936 0.039667
0 0.902934 0.279917 0.038860 0.050010
0 0.144250 0.649661 0.037998 0.054818
0 0.391772 0.373922 0.036479 0.046481
0 0.662522 0.642429 0.036398 0.044838
0 0.710729 0.592545 0.037834 0.051532
0 0.338711 0.337611 0.036398 0.044838
0 0.443812 0.367393 0.036561 0.048124
0 0.660824 0.597188 0.037752 0.049889
0 0.749382 0.295091 0.035208 0.043074
0 0.896465 0.150123 0.039188 0.056581
0 0.695639 0.300980 0.036479 0.046481
0 0.694618 0.258141 0.036643 0.049767
0 0.591566 0.269433 0.034427 0.049525
0 0.609810 0.601952 0.037834 0.051532
0 0.562030 0.693914 0.037588 0.046603
0 0.499309 0.441432 0.042184 0.050375
0 0.559941 0.652018 0.037507 0.044959
0 0.847027 0.197665 0.037834 0.051532
0 0.405917 0.668895 0.035290 0.044717
0 0.340205 0.378746 0.035453 0.048003
0 0.664651 0.685147 0.038778 0.048367
0 0.231237 0.260183 0.036725 0.051410
0 0.797076 0.246088 0.037834 0.051532
0 0.442277 0.325438 0.037425 0.043317
0 0.459490 0.704323 0.036398 0.044838
0 0.647904 0.349160 0.036643 0.049767
0 0.457956 0.662367 0.035372 0.046360
0 0.389724 0.332848 0.036316 0.043195
0 0.389217 0.289128 0.037834 0.051532
0 0.403625 0.622892 0.037834 0.051532
0 0.594290 0.312911 0.035290 0.044717
0 0.132788 0.397345 0.038080 0.056460
0 0.441851 0.283360 0.036561 0.048124
0 0.750444 0.338751 0.037834 0.051532
0 0.643564 0.262083 0.036807 0.053053
0 0.545488 0.362035 0.039968 0.050132
0 0.543913 0.319257 0.036316 0.043195
0 0.336419 0.291609 0.036725 0.051410
0 0.597014 0.356389 0.036643 0.049767
0 0.456300 0.617946 0.038860 0.050010
0 0.802483 0.332222 0.037752 0.049889
0 0.799881 0.291209 0.036479 0.046481
0 0.542215 0.274014 0.037834 0.051532
0 0.196330 0.643955 0.040214 0.055060
0 0.557136 0.606897 0.039024 0.053295
0 0.184273 0.390877 0.039106 0.054939
0 0.502587 0.484849 0.039723 0.045202
