0 0.502212 0.271757 0.042508 0.030559
0 0.655071 0.278356 0.034698 0.027097
0 0.502897 0.341766 0.044778 0.035548
0 0.503727 0.369758 0.045890 0.035572
0 0.516223 0.738556 0.021415 0.031752
0 0.823556 0.405720 0.022558 0.035070
0 0.500981 0.202584 0.045841 0.030630
0 0.138290 0.329010 0.033716 0.040251
0 0.825691 0.737670 0.022542 0.033423
0 0.296971 0.703727 0.034843 0.041922
0 0.861619 0.320874 0.033732 0.041898
0 0.761954 0.697026 0.033764 0.045193
0 0.500787 0.239659 0.044874 0.045432
0 0.826642 0.778015 0.025924 0.038436
0 0.397304 0.282251 0.034795 0.036981
0 0.152953 0.748838 0.023685 0.036742
0 0.295375 0.370118 0.036036 0.050182
0 0.087587 0.371290 0.036003 0.046888
0 0.155021 0.789983 0.024796 0.036766
0 0.501230 0.171273 0.044826 0.040490
0 0.503082 0.303867 0.043731 0.042113
0 0.503052 0.527944 0.032589 0.038580
0 0.087160 0.327638 0.033700 0.038604
0 0.500883 0.135857 0.047033 0.038890
0 0.604408 0.324755 0.032589 0.038580
0 0.554253 0.366201 0.033748 0.043546
0 0.139820 0.371815 0.033748 0.043546
0 0.398029 0.242692 0.034859 0.043570
0 0.655224 0.237163 0.033748 0.043546
0 0.555857 0.700632 0.034859 0.043570
0 0.088901 0.619229 0.035987 0.045241
0 0.346062 0.326191 0.031527 0.043498
0 0.654773 0.191039 0.033813 0.050134
0 0.761559 0.656667 0.033716 0.040251
0 0.813060 0.695927 0.033732 0.041898
0 0.553851 0.325018 0.033716 0.040251
0 0.912459 0.235752 0.032621 0.041874
0 0.553424 0.281366 0.031575 0.048440
0 0.761108 0.610544 0.033813 0.050134
0 0.913442 0.279392 0.033748 0.043546
0 0.087852 0.284784 0.035987 0.045241
0 0.296004 0.661733 0.033748 0.043546
0 0.759819 0.365076 0.033781 0.046841
0 0.294949 0.326466 0.033700 0.038604
0 0.140449 0.663430 0.033748 0.043546
0 0.556557 0.658603 0.034875 0.045217
0 0.860654 0.278880 0.032637 0.043522
0 0.244898 0.662832 0.035971 0.043594
0 0.192538 0.705972 0.034843 0.041922
0 0.798793 0.486986 0.022558 0.035070
0 0.825055 0.445231 0.022558 0.035070
0 0.799501 0.445780 0.022558 0.035070
0 0.812641 0.653097 0.033764 0.045193
0 0.346198 0.283349 0.032637 0.043522
0 0.604545 0.281915 0.033764 0.045193
0 0.826020 0.487224 0.023685 0.036742
0 0.245325 0.706484 0.035987 0.045241
0 0.555542 0.611668 0.033781 0.046841
0 0.297776 0.615562 0.033813 0.050134
0 0.912564 0.189616 0.033829 0.051782
0 0.089336 0.663705 0.035987 0.045241
0 0.758837 0.321435 0.034843 0.041922
0 0.140569 0.618942 0.034891 0.046865
0 0.089771 0.708181 0.038209 0.045288
0 0.243287 0.327576 0.032621 0.041874
0 0.140884 0.707907 0.036003 0.046888
0 0.190933 0.371539 0.033764 0.045193
0 0.449940 0.323958 0.034827 0.040275
0 0.705066 0.277281 0.032670 0.046817
0 0.450076 0.281116 0.033813 0.050134
0 0.450359 0.366786 0.034924 0.050158
0 0.860774 0.234392 0.031559 0.046793
0 0.705389 0.367070 0.033797 0.048488
0 0.808968 0.277520 0.033764 0.045193
0 0.243142 0.369594 0.033748 0.043546
0 0.346890 0.240496 0.032670 0.046817
0 0.812762 0.608609 0.032654 0.045169
0 0.705501 0.321758 0.032637 0.043522
0 0.190636 0.284223 0.034875 0.045217
0 0.293950 0.281177 0.034924 0.050158
0 0.656593 0.320338 0.034908 0.048511
0 0.810941 0.365625 0.031527 0.043498
0 0.191684 0.618666 0.034875 0.045217
0 0.397562 0.194921 0.034956 0.053453
0 0.758410 0.277783 0.034891 0.046865
0 0.192119 0.663143 0.034875 0.045217
0 0.397715 0.324256 0.037130 0.048559
0 0.244455 0.617532 0.035987 0.045241
0 0.503220 0.488398 0.040399 0.042042
0 0.190506 0.327887 0.033748 0.043546
0 0.502238 0.444757 0.041558 0.047008
0 0.138966 0.284509 0.036003 0.046888
0 0.242860 0.283923 0.034891 0.046865
0 0.604649 0.235779 0.034908 0.048511
0 0.809395 0.321172 0.033748 0.043546
