0 0.912778 0.244646 0.034444 0.047776
0 0.861667 0.915157 0.036667 0.047776
0 0.137778 0.453871 0.033333 0.041186
0 0.448889 0.745470 0.031111 0.041186
0 0.552222 0.746293 0.033333 0.039539
0 0.705556 0.412685 0.035556 0.041186
0 0.240556 0.413509 0.032222 0.039539
0 0.397222 0.196870 0.034444 0.051071
0 0.293333 0.369028 0.033333 0.039539
0 0.293333 0.241351 0.033333 0.044481
0 0.706667 0.830313 0.033333 0.039539
0 0.860556 0.203460 0.032222 0.044481
0 0.759444 0.829489 0.036667 0.041186
0 0.707222 0.705931 0.036667 0.041186
0 0.500556 0.447282 0.043333 0.041186
0 0.242222 0.746293 0.035556 0.042834
0 0.757222 0.495058 0.032222 0.041186
0 0.189444 0.410214 0.034444 0.042834
0 0.860556 0.371499 0.034444 0.044481
0 0.758333 0.621087 0.032222 0.039539
0 0.241111 0.370675 0.033333 0.042834
0 0.190556 0.578254 0.034444 0.042834
0 0.138333 0.411862 0.034444 0.042834
0 0.138333 0.369028 0.034444 0.042834
0 0.397778 0.706755 0.033333 0.046129
0 0.706111 0.289127 0.036667 0.044481
0 0.707778 0.915157 0.037778 0.044481
0 0.138333 0.327018 0.034444 0.041186
0 0.242222 0.537891 0.035556 0.041186
0 0.190000 0.153213 0.035556 0.049423
0 0.188889 0.496705 0.035556 0.041186
0 0.860000 0.497529 0.033333 0.042834
0 0.551667 0.786656 0.034444 0.041186
0 0.448889 0.828666 0.035556 0.042834
0 0.190556 0.662273 0.034444 0.042834
0 0.552778 0.619440 0.034444 0.039539
0 0.293889 0.535420 0.036667 0.046129
0 0.190000 0.621087 0.035556 0.042834
0 0.551667 0.829489 0.034444 0.041186
0 0.294444 0.662273 0.035556 0.046129
0 0.911667 0.153213 0.034444 0.049423
0 0.396111 0.242998 0.034444 0.037891
0 0.809444 0.287479 0.032222 0.041186
0 0.758889 0.452224 0.033333 0.041186
0 0.758889 0.663097 0.035556 0.044481
0 0.810000 0.329489 0.033333 0.046129
0 0.449444 0.703460 0.034444 0.042834
0 0.912778 0.412685 0.034444 0.044481
0 0.241111 0.580725 0.035556 0.044481
0 0.397778 0.827018 0.031111 0.042834
0 0.188889 0.243822 0.035556 0.042834
0 0.345000 0.196870 0.034444 0.051071
0 0.188333 0.327018 0.036667 0.041186
0 0.397778 0.495058 0.033333 0.041186
0 0.603889 0.329489 0.032222 0.039539
0 0.189444 0.369028 0.036667 0.042834
0 0.603333 0.202636 0.033333 0.042834
0 0.758333 0.289127 0.034444 0.041186
0 0.861111 0.706755 0.033333 0.042834
0 0.860000 0.454695 0.033333 0.042834
0 0.552222 0.705107 0.031111 0.042834
0 0.396667 0.413509 0.033333 0.042834
0 0.189444 0.285832 0.034444 0.041186
0 0.706667 0.495058 0.033333 0.044481
0 0.861667 0.622735 0.034444 0.042834
0 0.707222 0.871499 0.034444 0.042834
0 0.501111 0.490939 0.042222 0.036244
0 0.513889 0.751236 0.021111 0.023064
0 0.513333 0.728995 0.022222 0.028007
0 0.293889 0.494234 0.036667 0.026359
0 0.397222 0.869028 0.032222 0.041186
0 0.502222 0.343493 0.044444 0.031301
0 0.293889 0.703460 0.034444 0.036244
0 0.502222 0.275124 0.044444 0.029654
0 0.502222 0.208402 0.046667 0.031301
0 0.137778 0.199341 0.035556 0.039539
0 0.191111 0.915980 0.035556 0.042834
0 0.138333 0.790774 0.034444 0.046129
0 0.138333 0.832784 0.034444 0.041186
0 0.294444 0.912685 0.035556 0.046129
0 0.139444 0.873147 0.036667 0.042834
0 0.501667 0.176277 0.043333 0.032949
0 0.706111 0.329489 0.034444 0.039539
0 0.086111 0.412685 0.034444 0.037891
0 0.190556 0.873147 0.036667 0.046129
0 0.293333 0.868204 0.033333 0.039539
0 0.086111 0.331137 0.034444 0.039539
0 0.912778 0.829489 0.032222 0.037891
0 0.501111 0.142504 0.046667 0.034596
0 0.500556 0.241351 0.043333 0.037891
0 0.138889 0.705931 0.035556 0.041186
0 0.294444 0.785008 0.031111 0.037891
0 0.861111 0.870675 0.033333 0.041186
0 0.190556 0.830313 0.034444 0.039539
0 0.758889 0.870675 0.035556 0.041186
0 0.138333 0.747941 0.036667 0.042834
0 0.293333 0.577430 0.031111 0.037891
0 0.912778 0.705931 0.032222 0.041186
0 0.913333 0.787479 0.033333 0.042834
0 0.502778 0.373970 0.043333 0.036244
0 0.086111 0.199341 0.034444 0.042834
0 0.706667 0.661450 0.035556 0.047776
0 0.911667 0.746293 0.032222 0.039539
0 0.450000 0.870675 0.033333 0.037891
0 0.190000 0.705107 0.033333 0.042834
0 0.397778 0.745470 0.033333 0.034596
0 0.912222 0.537891 0.035556 0.041186
0 0.861111 0.789127 0.033333 0.039539
0 0.242778 0.789951 0.036667 0.047776
0 0.086111 0.242175 0.036667 0.042834
0 0.758889 0.746293 0.031111 0.042834
0 0.551667 0.870675 0.034444 0.041186
0 0.137778 0.286656 0.033333 0.039539
0 0.861111 0.244646 0.033333 0.037891
0 0.912778 0.373970 0.034444 0.036244
0 0.241667 0.705107 0.032222 0.039539
0 0.912222 0.495881 0.035556 0.042834
0 0.138333 0.663921 0.036667 0.042834
0 0.086111 0.287479 0.036667 0.047776
0 0.912778 0.662273 0.032222 0.039539
0 0.912222 0.456343 0.035556 0.039539
0 0.190556 0.747117 0.036667 0.044481
0 0.705556 0.370675 0.035556 0.042834
0 0.912778 0.199341 0.034444 0.042834
0 0.706111 0.536244 0.034444 0.041186
0 0.295000 0.827842 0.034444 0.041186
0 0.860556 0.330313 0.034444 0.037891
0 0.552222 0.581549 0.035556 0.039539
0 0.087222 0.152389 0.034444 0.047776
0 0.397778 0.785008 0.033333 0.041186
0 0.707778 0.786656 0.035556 0.041186
0 0.860556 0.578254 0.032222 0.042834
0 0.760000 0.915157 0.035556 0.047776
0 0.138889 0.621911 0.035556 0.044481
0 0.706667 0.621087 0.035556 0.042834
0 0.912778 0.869852 0.034444 0.042834
0 0.189444 0.789951 0.036667 0.041186
0 0.449444 0.914333 0.034444 0.046129
0 0.397778 0.915157 0.035556 0.047776
0 0.860556 0.536244 0.034444 0.037891
0 0.911667 0.579077 0.032222 0.041186
0 0.241667 0.621911 0.036667 0.041186
0 0.138889 0.538715 0.035556 0.039539
0 0.913889 0.915980 0.034444 0.046129
0 0.758889 0.246293 0.035556 0.044481
0 0.086667 0.372323 0.035556 0.042834
0 0.293333 0.618616 0.033333 0.041186
0 0.397222 0.620264 0.032222 0.041186
0 0.861667 0.829489 0.034444 0.041186
0 0.759444 0.789127 0.036667 0.042834
0 0.138889 0.579077 0.037778 0.044481
0 0.241667 0.664745 0.036667 0.044481
0 0.448333 0.786656 0.034444 0.041186
0 0.912222 0.331137 0.033333 0.046129
0 0.137778 0.242998 0.035556 0.047776
0 0.293333 0.198517 0.033333 0.044481
0 0.293889 0.743822 0.034444 0.044481
0 0.912222 0.288303 0.033333 0.039539
0 0.860556 0.414333 0.034444 0.037891
0 0.552222 0.914333 0.035556 0.046129
0 0.912222 0.621911 0.033333 0.044481
0 0.138333 0.495881 0.034444 0.046129
0 0.757778 0.536244 0.033333 0.041186
0 0.502222 0.308896 0.042222 0.041186
0 0.706667 0.453048 0.033333 0.039539
0 0.241111 0.196046 0.033333 0.046129
0 0.706667 0.197694 0.035556 0.046129
0 0.397222 0.536244 0.034444 0.037891
0 0.190000 0.536244 0.033333 0.041186
0 0.861667 0.664745 0.034444 0.041186
0 0.448889 0.620264 0.033333 0.041186
0 0.860556 0.288303 0.034444 0.042834
0 0.758333 0.705931 0.032222 0.041186
0 0.861111 0.749588 0.035556 0.042834
0 0.758889 0.201812 0.035556 0.044481
0 0.706667 0.747117 0.035556 0.041186
0 0.705556 0.578254 0.035556 0.042834
0 0.759444 0.156507 0.036667 0.046129
0 0.188889 0.200165 0.035556 0.044481
0 0.706111 0.242998 0.036667 0.044481
0 0.758333 0.370675 0.034444 0.039539
0 0.189444 0.453048 0.034444 0.046129
0 0.758333 0.579077 0.034444 0.044481
0 0.293333 0.151565 0.035556 0.046129
0 0.240556 0.242175 0.036667 0.046129
0 0.653889 0.200165 0.034444 0.047776
0 0.293333 0.328666 0.035556 0.041186
0 0.241667 0.453048 0.034444 0.042834
0 0.241111 0.286656 0.033333 0.039539
0 0.654444 0.413509 0.035556 0.039539
0 0.603333 0.539539 0.035556 0.044481
0 0.603889 0.155684 0.036667 0.047776
0 0.396667 0.284185 0.035556 0.044481
0 0.552222 0.660626 0.033333 0.042834
0 0.603333 0.495881 0.033333 0.042834
0 0.810000 0.200165 0.033333 0.044481
0 0.448333 0.659802 0.034444 0.041186
0 0.653889 0.371499 0.034444 0.041186
0 0.552222 0.496705 0.035556 0.041186
0 0.809444 0.415157 0.034444 0.042834
0 0.654444 0.329489 0.033333 0.042834
0 0.241667 0.327842 0.034444 0.042834
0 0.758333 0.328666 0.036667 0.041186
0 0.809444 0.373147 0.034444 0.041186
0 0.448889 0.495058 0.033333 0.041186
0 0.447778 0.368204 0.031111 0.041186
0 0.293889 0.286656 0.034444 0.042834
0 0.448889 0.535420 0.035556 0.042834
0 0.292778 0.410214 0.034444 0.042834
0 0.552222 0.537891 0.035556 0.044481
0 0.396667 0.327842 0.035556 0.039539
0 0.397222 0.578254 0.032222 0.042834
0 0.396667 0.453048 0.033333 0.039539
0 0.397222 0.663097 0.034444 0.041186
0 0.603889 0.287479 0.034444 0.044481
0 0.449444 0.198517 0.034444 0.044481
0 0.552778 0.244646 0.034444 0.041186
0 0.293889 0.453871 0.036667 0.044481
0 0.603889 0.243822 0.034444 0.042834
0 0.241667 0.495058 0.034444 0.044481
0 0.809444 0.244646 0.034444 0.044481
0 0.758889 0.411038 0.035556 0.041186
0 0.396667 0.369852 0.035556 0.044481
0 0.448333 0.285008 0.032222 0.042834
0 0.552222 0.153213 0.035556 0.052718
0 0.603333 0.371499 0.033333 0.041186
0 0.447778 0.327018 0.031111 0.041186
0 0.654444 0.245470 0.033333 0.042834
0 0.603333 0.413509 0.035556 0.042834
0 0.551667 0.370675 0.034444 0.042834
0 0.552222 0.454695 0.033333 0.042834
0 0.448889 0.242175 0.033333 0.042834
0 0.603889 0.455519 0.034444 0.041186
0 0.655000 0.288303 0.034444 0.039539
0 0.448889 0.410214 0.033333 0.046129
0 0.552778 0.202636 0.034444 0.042834
0 0.448333 0.453048 0.034444 0.042834
0 0.449444 0.578254 0.034444 0.042834
0 0.552222 0.412685 0.033333 0.041186
0 0.552778 0.328666 0.032222 0.041186
0 0.553333 0.286656 0.033333 0.042834
0 0.653889 0.454695 0.036667 0.046129
