0 0.092084 0.806236 0.024121 0.035647
0 0.091477 0.354378 0.039897 0.046283
0 0.600584 0.668589 0.036451 0.041191
0 0.075152 0.434878 0.021938 0.037175
0 0.100176 0.434506 0.023049 0.037232
0 0.917443 0.357727 0.033119 0.041022
0 0.301079 0.281233 0.037600 0.042888
0 0.403321 0.330788 0.037523 0.039606
0 0.649600 0.712154 0.038825 0.047868
0 0.799686 0.473328 0.020752 0.033837
0 0.405993 0.741675 0.021900 0.035534
0 0.091928 0.765152 0.024121 0.035647
0 0.552162 0.623411 0.035569 0.050981
0 0.301954 0.195842 0.035683 0.055904
0 0.066768 0.723621 0.022972 0.033950
0 0.509531 0.185848 0.043113 0.041529
0 0.194053 0.771983 0.028563 0.035873
0 0.388281 0.451606 0.024121 0.035647
0 0.669782 0.465907 0.022934 0.032309
0 0.413822 0.452904 0.024197 0.038929
0 0.639189 0.753521 0.024121 0.035647
0 0.824096 0.475389 0.023011 0.035591
0 0.093922 0.273173 0.038825 0.047868
0 0.194969 0.732598 0.026419 0.039042
0 0.824993 0.436824 0.020752 0.033837
0 0.508698 0.317247 0.043113 0.041529
0 0.668428 0.547989 0.024045 0.032365
0 0.668253 0.507726 0.024159 0.037288
0 0.381065 0.737944 0.022972 0.033950
0 0.394196 0.699179 0.034306 0.044360
0 0.246006 0.402482 0.035263 0.037852
0 0.067518 0.763091 0.024159 0.037288
0 0.645789 0.421970 0.021900 0.035534
0 0.550021 0.667664 0.035340 0.041134
0 0.091149 0.846442 0.021938 0.037175
0 0.064461 0.846729 0.026381 0.037401
0 0.379654 0.822487 0.021900 0.035534
0 0.075570 0.393002 0.023011 0.035591
0 0.763944 0.265315 0.035149 0.032929
0 0.065472 0.803241 0.024121 0.035647
0 0.669607 0.425644 0.023049 0.037232
0 0.093419 0.724974 0.023049 0.037232
0 0.390365 0.409816 0.026381 0.037401
0 0.510332 0.151386 0.047403 0.035191
0 0.415350 0.411085 0.022972 0.033950
0 0.865271 0.354255 0.035225 0.036211
0 0.710381 0.345565 0.036222 0.031345
0 0.636402 0.873320 0.024121 0.035647
0 0.918241 0.275618 0.037409 0.034683
0 0.501956 0.535424 0.030898 0.040909
0 0.637143 0.793671 0.021938 0.037175
0 0.709564 0.428495 0.036337 0.036268
0 0.405077 0.781061 0.021824 0.032252
0 0.637299 0.834754 0.024083 0.034006
0 0.508042 0.249850 0.043113 0.041529
0 0.661410 0.921416 0.022972 0.033950
0 0.380608 0.781461 0.024197 0.038929
0 0.248488 0.319636 0.034039 0.032873
0 0.548473 0.710303 0.038825 0.047868
0 0.507896 0.351709 0.042961 0.034965
0 0.065133 0.889481 0.025269 0.037345
0 0.662303 0.835203 0.023087 0.038873
0 0.089545 0.891543 0.023011 0.035591
0 0.507247 0.379607 0.045258 0.038360
0 0.508920 0.737867 0.022820 0.027386
0 0.863917 0.436337 0.038405 0.029817
0 0.300106 0.323080 0.037485 0.037965
0 0.662702 0.794148 0.024121 0.035647
0 0.092450 0.312531 0.035263 0.037852
0 0.196259 0.318626 0.034191 0.039437
0 0.661924 0.875438 0.024159 0.037288
0 0.662546 0.753065 0.021900 0.035534
0 0.508748 0.219491 0.045067 0.030155
0 0.402594 0.863906 0.025269 0.037345
0 0.508332 0.285189 0.040702 0.033211
0 0.301460 0.240999 0.034077 0.034514
0 0.193273 0.853273 0.026457 0.040683
0 0.101608 0.396789 0.024083 0.034006
0 0.634816 0.917600 0.023087 0.038873
0 0.507988 0.756181 0.031806 0.010811
0 0.558130 0.295112 0.036604 0.047755
0 0.503465 0.494426 0.038748 0.044586
0 0.660255 0.301943 0.034458 0.050924
0 0.866700 0.268892 0.036642 0.049396
0 0.610303 0.298584 0.036642 0.049396
0 0.711256 0.260173 0.036680 0.051037
0 0.343533 0.654709 0.037676 0.046170
0 0.556720 0.379656 0.037676 0.046170
0 0.764975 0.221006 0.037905 0.056017
0 0.814033 0.310577 0.037829 0.052735
0 0.350213 0.367522 0.035454 0.046058
0 0.187514 0.646784 0.036489 0.042832
0 0.503922 0.450909 0.042117 0.046396
0 0.919865 0.229696 0.036757 0.054319
0 0.445776 0.704265 0.037676 0.046170
0 0.447897 0.660833 0.035416 0.044417
0 0.812143 0.391810 0.035569 0.050981
0 0.146688 0.275032 0.037676 0.046170
0 0.761043 0.390035 0.037676 0.046170
0 0.456505 0.290771 0.037676 0.046170
0 0.404332 0.287299 0.037791 0.051094
0 0.866206 0.314050 0.035416 0.044417
0 0.762952 0.307982 0.035531 0.049340
0 0.196396 0.360529 0.038825 0.047868
0 0.143133 0.356181 0.036527 0.044473
0 0.145178 0.316031 0.038710 0.042945
0 0.606710 0.381374 0.037638 0.044529
0 0.342483 0.699839 0.037714 0.047811
0 0.915971 0.397084 0.036527 0.044473
0 0.395151 0.658153 0.034306 0.044360
0 0.455494 0.334260 0.035340 0.041134
0 0.345100 0.611249 0.034382 0.047642
0 0.189101 0.602503 0.035531 0.049340
0 0.608180 0.342016 0.036451 0.041191
0 0.557655 0.339449 0.035340 0.041134
0 0.454003 0.374438 0.036566 0.046114
0 0.603262 0.625186 0.035531 0.049340
0 0.761443 0.348980 0.036413 0.039550
0 0.711297 0.306180 0.034306 0.044360
0 0.249842 0.237555 0.035531 0.049340
0 0.448411 0.614855 0.036604 0.047755
0 0.083090 0.595475 0.036642 0.049396
0 0.600722 0.710493 0.038863 0.049509
0 0.185967 0.689423 0.037676 0.046170
0 0.657790 0.383969 0.037638 0.044529
0 0.353807 0.284733 0.036604 0.047755
0 0.298597 0.364078 0.038825 0.047868
0 0.136908 0.599852 0.035531 0.049340
0 0.659817 0.344639 0.035340 0.041134
0 0.864890 0.394489 0.036604 0.047755
0 0.134748 0.644924 0.035416 0.044417
0 0.709465 0.384951 0.036604 0.047755
0 0.197769 0.277627 0.035454 0.046058
0 0.082041 0.640604 0.038748 0.044586
0 0.917899 0.314210 0.036566 0.046114
0 0.395645 0.612996 0.033310 0.049227
0 0.081010 0.684913 0.038825 0.047868
0 0.249347 0.282713 0.034306 0.044360
0 0.644835 0.462997 0.021976 0.038817
0 0.352259 0.327372 0.035340 0.041134
0 0.652221 0.671212 0.035340 0.041134
0 0.653251 0.626904 0.035569 0.050981
0 0.800065 0.433093 0.021824 0.032252
0 0.247018 0.358994 0.035454 0.046058
0 0.643861 0.504844 0.019565 0.030499
0 0.402424 0.369353 0.037561 0.041247
0 0.404142 0.821267 0.024159 0.037288
0 0.098092 0.476297 0.027529 0.039099
0 0.133220 0.686744 0.038786 0.046227
