0 0.877135 0.205073 0.042330 0.055001
0 0.303834 0.606715 0.039433 0.049486
0 0.719023 0.213562 0.037022 0.047171
0 0.801501 0.397169 0.039433 0.049486
0 0.292131 0.525745 0.040276 0.048244
0 0.285827 0.484149 0.040761 0.051444
0 0.601143 0.464951 0.042088 0.053401
0 0.297108 0.566098 0.036908 0.053212
0 0.612966 0.546721 0.041003 0.053044
0 0.749206 0.070897 0.039561 0.057127
0 0.813020 0.138875 0.041246 0.054643
0 0.203706 0.295384 0.037635 0.058011
0 0.675148 0.273392 0.038591 0.050728
0 0.494838 0.454668 0.047394 0.061231
0 0.316620 0.687327 0.034255 0.049298
0 0.775927 0.235944 0.041603 0.050201
0 0.807436 0.094521 0.037150 0.054812
0 0.707568 0.810321 0.035938 0.046813
0 0.707079 0.130991 0.039548 0.043445
0 0.473985 0.317082 0.045939 0.051632
0 0.484104 0.380097 0.048465 0.047906
0 0.462960 0.251847 0.046424 0.054832
0 0.768347 0.786908 0.025209 0.037194
0 0.449795 0.153721 0.046539 0.048791
0 0.479077 0.350679 0.047138 0.045949
0 0.468714 0.286065 0.045811 0.043991
0 0.548113 0.731062 0.027620 0.039509
0 0.458013 0.219210 0.046362 0.040829
0 0.454420 0.187992 0.046158 0.053073
0 0.788899 0.655821 0.041246 0.054643
0 0.825507 0.221266 0.043172 0.053759
0 0.625691 0.288869 0.041603 0.050201
0 0.638477 0.369482 0.038591 0.050728
0 0.832232 0.261883 0.039676 0.051086
0 0.787509 0.316114 0.036665 0.051613
0 0.688357 0.353026 0.038591 0.050728
0 0.222441 0.422750 0.041845 0.051802
0 0.280129 0.446553 0.040518 0.049844
0 0.781989 0.275939 0.037265 0.048770
0 0.210075 0.341158 0.042330 0.055001
0 0.582237 0.347721 0.039191 0.047886
0 0.713994 0.852717 0.041488 0.056244
0 0.675090 0.611057 0.040761 0.051444
0 0.606904 0.506726 0.038349 0.049128
0 0.750601 0.752448 0.042330 0.055001
0 0.694902 0.730508 0.042330 0.055001
0 0.576474 0.305947 0.041731 0.057843
0 0.229708 0.463187 0.044256 0.054117
0 0.309653 0.645111 0.039433 0.049486
0 0.838173 0.301079 0.039433 0.049486
0 0.765556 0.832345 0.042458 0.062643
0 0.870709 0.162677 0.042088 0.053401
0 0.699505 0.084774 0.043542 0.063000
0 0.645624 0.409120 0.035938 0.046813
0 0.763383 0.156930 0.038591 0.050728
0 0.795324 0.698217 0.041003 0.053044
0 0.732053 0.295774 0.038349 0.049128
0 0.864289 0.462125 0.041488 0.056244
0 0.769024 0.197905 0.039433 0.049486
0 0.864041 0.118682 0.040161 0.054285
0 0.681510 0.311609 0.039676 0.051086
0 0.700780 0.431239 0.039676 0.051086
0 0.663383 0.188243 0.039076 0.053927
0 0.568722 0.262309 0.034497 0.050897
0 0.688178 0.689891 0.038349 0.049128
0 0.850960 0.381691 0.041246 0.054643
0 0.844656 0.340096 0.038591 0.050728
0 0.589140 0.385759 0.039676 0.051086
0 0.857564 0.421509 0.039676 0.051086
0 0.818782 0.180649 0.039676 0.051086
0 0.719750 0.552647 0.041246 0.054643
0 0.726596 0.594064 0.041845 0.051802
0 0.651022 0.448495 0.039918 0.052686
0 0.420654 0.314520 0.041003 0.053044
0 0.414892 0.272745 0.039918 0.052686
0 0.267156 0.360961 0.041731 0.057843
0 0.519871 0.281786 0.042088 0.053401
0 0.738598 0.673256 0.039918 0.052686
0 0.631088 0.328244 0.038591 0.050728
0 0.713567 0.511852 0.041003 0.053044
0 0.618545 0.249231 0.040403 0.055886
0 0.216379 0.382753 0.042330 0.055001
0 0.738115 0.335769 0.041003 0.053044
0 0.526296 0.324181 0.042330 0.055001
0 0.407560 0.228128 0.041973 0.059443
0 0.769751 0.536991 0.043172 0.053759
0 0.794898 0.357352 0.038834 0.052328
0 0.426716 0.354515 0.040518 0.049844
0 0.712962 0.173565 0.042330 0.055001
0 0.669871 0.569103 0.041246 0.054643
0 0.363023 0.287338 0.044869 0.064958
0 0.662482 0.527866 0.038591 0.050728
0 0.668965 0.232597 0.038834 0.052328
0 0.273824 0.404957 0.043172 0.053759
0 0.693634 0.391600 0.037507 0.050371
0 0.512539 0.237169 0.041973 0.059443
0 0.744960 0.711473 0.040518 0.049844
0 0.725328 0.255157 0.042330 0.055001
0 0.750659 0.414783 0.039676 0.051086
0 0.433320 0.394332 0.039918 0.052686
0 0.595202 0.425755 0.039676 0.051086
0 0.763746 0.493617 0.039918 0.052686
0 0.656242 0.490449 0.037265 0.048770
0 0.744718 0.375587 0.039433 0.049486
0 0.701991 0.773524 0.040761 0.051444
0 0.732537 0.633260 0.039433 0.049486
0 0.321840 0.729281 0.041246 0.054643
0 0.756658 0.116314 0.039918 0.052686
0 0.705757 0.471593 0.039676 0.051086
0 0.758469 0.455042 0.038349 0.049128
0 0.682116 0.649895 0.041003 0.053044
0 0.776896 0.576629 0.043172 0.053759
0 0.782294 0.616004 0.039676 0.051086
