0 0.751691 0.366639 0.035173 0.039752
0 0.495907 0.415354 0.028123 0.031489
0 0.494374 0.391442 0.024772 0.017718
0 0.486684 0.263791 0.033605 0.034980
0 0.773861 0.764236 0.036346 0.036725
0 0.695478 0.298553 0.036505 0.039844
0 0.885778 0.824528 0.037598 0.035258
0 0.126752 0.554173 0.037677 0.036818
0 0.758930 0.509356 0.029612 0.034702
0 0.763235 0.581058 0.033447 0.031860
0 0.137004 0.769465 0.036346 0.036725
0 0.418938 0.824177 0.039403 0.044710
0 0.557025 0.847428 0.037756 0.038377
0 0.487719 0.297372 0.029375 0.030022
0 0.765640 0.615326 0.035094 0.038191
0 0.876015 0.645204 0.030943 0.034795
0 0.884038 0.790214 0.037756 0.038377
0 0.417704 0.786696 0.037756 0.038377
0 0.833244 0.828970 0.036346 0.036725
0 0.879772 0.719293 0.033842 0.039659
0 0.828313 0.758095 0.036425 0.038284
0 0.856078 0.252148 0.036267 0.035166
0 0.177195 0.442657 0.037994 0.043057
0 0.554757 0.776367 0.034698 0.030393
0 0.862691 0.395691 0.034777 0.031952
0 0.887598 0.860403 0.037756 0.038377
0 0.826573 0.723781 0.036267 0.035166
0 0.874155 0.608550 0.036505 0.039844
0 0.545817 0.600116 0.037677 0.036818
0 0.834397 0.864891 0.040339 0.037003
0 0.772002 0.727582 0.039087 0.038470
0 0.831464 0.793876 0.039087 0.038470
0 0.614160 0.881014 0.038770 0.032231
0 0.458128 0.530309 0.034936 0.035073
0 0.141349 0.841947 0.037598 0.035258
0 0.253856 0.834892 0.036188 0.033605
0 0.351591 0.576078 0.036505 0.039844
0 0.760750 0.545230 0.035252 0.041311
0 0.754097 0.400907 0.033526 0.033420
0 0.757150 0.474262 0.035015 0.036632
0 0.606216 0.737564 0.037756 0.038377
0 0.882883 0.754294 0.036267 0.035166
0 0.551882 0.746045 0.037756 0.038377
0 0.547676 0.636770 0.035094 0.038191
0 0.593399 0.484885 0.034936 0.035073
0 0.550570 0.707004 0.039245 0.041589
0 0.132876 0.661750 0.039166 0.040030
0 0.856527 0.287335 0.036346 0.036725
0 0.609815 0.808533 0.037835 0.039937
0 0.595885 0.520713 0.036584 0.041404
0 0.559629 0.885595 0.036505 0.039844
0 0.197171 0.836493 0.037598 0.035258
0 0.466639 0.711286 0.036267 0.035166
0 0.421541 0.862344 0.037677 0.036818
0 0.776676 0.832910 0.037835 0.039937
0 0.770183 0.691707 0.039087 0.038470
0 0.820290 0.613085 0.037756 0.038377
0 0.289662 0.434823 0.036346 0.036725
0 0.853434 0.213200 0.038073 0.044617
0 0.468459 0.747160 0.036425 0.038284
0 0.192905 0.765571 0.036346 0.036725
0 0.549456 0.671864 0.037677 0.036818
0 0.611793 0.847527 0.037677 0.036818
0 0.301148 0.687595 0.036188 0.033605
0 0.309092 0.831045 0.037677 0.036818
0 0.187565 0.660288 0.033605 0.034980
0 0.233057 0.437983 0.035094 0.038191
0 0.822228 0.651299 0.037677 0.036818
0 0.410426 0.643200 0.037756 0.038377
0 0.244053 0.654788 0.037598 0.035258
0 0.808121 0.399492 0.037756 0.038377
0 0.768950 0.654227 0.037914 0.041496
0 0.406866 0.573011 0.037756 0.038377
0 0.815985 0.541383 0.033763 0.038099
0 0.405086 0.537916 0.037677 0.036818
0 0.360062 0.756276 0.037914 0.041496
0 0.125637 0.519033 0.036425 0.038284
0 0.591619 0.449791 0.032353 0.036447
0 0.340026 0.321746 0.033684 0.036539
0 0.145850 0.917549 0.039166 0.040030
0 0.118827 0.371591 0.035015 0.036632
0 0.240414 0.583040 0.034936 0.035073
0 0.245207 0.690708 0.036267 0.035166
0 0.176548 0.403571 0.035015 0.036632
0 0.485397 0.198922 0.029375 0.030022
0 0.459321 0.567010 0.036505 0.039844
0 0.235581 0.474591 0.039166 0.040030
0 0.138863 0.806119 0.039245 0.041589
0 0.286610 0.361469 0.037835 0.039937
0 0.748052 0.294891 0.035173 0.039752
0 0.194725 0.801445 0.039008 0.036910
0 0.291971 0.506665 0.036346 0.036725
0 0.246321 0.725849 0.037835 0.039937
0 0.870556 0.537581 0.036425 0.038284
0 0.404558 0.501169 0.035094 0.038191
0 0.228065 0.326415 0.033842 0.039659
0 0.858387 0.323989 0.036425 0.038284
0 0.455642 0.494481 0.036584 0.041404
0 0.298663 0.651767 0.037835 0.039937
0 0.184513 0.586934 0.037756 0.038377
0 0.186372 0.623587 0.037835 0.039937
0 0.181538 0.515139 0.036425 0.038284
0 0.541689 0.492400 0.035015 0.036632
0 0.580799 0.196973 0.036505 0.039844
0 0.865057 0.429180 0.036505 0.039844
0 0.343158 0.396661 0.035015 0.036632
0 0.395848 0.316293 0.033842 0.039659
0 0.542178 0.528367 0.035173 0.039752
0 0.297509 0.615846 0.036346 0.036725
0 0.538089 0.421432 0.032433 0.038006
0 0.399548 0.428734 0.037677 0.036818
0 0.344978 0.432535 0.035015 0.036632
0 0.584341 0.306294 0.035015 0.036632
0 0.174200 0.330950 0.035094 0.038191
0 0.287843 0.398949 0.036346 0.036725
0 0.296355 0.579926 0.037835 0.039937
0 0.230709 0.365362 0.035015 0.036632
0 0.175394 0.367651 0.036505 0.039844
0 0.860871 0.359817 0.037598 0.035258
0 0.346758 0.467629 0.034936 0.035073
0 0.290112 0.470010 0.036425 0.038284
0 0.130392 0.625922 0.037835 0.039937
0 0.535604 0.385604 0.033605 0.034980
0 0.583266 0.271933 0.036346 0.036725
0 0.120646 0.407465 0.037835 0.039937
0 0.236188 0.512897 0.033763 0.038099
0 0.282931 0.288941 0.037598 0.035258
0 0.805675 0.364444 0.039008 0.036910
0 0.402699 0.464516 0.035173 0.039752
0 0.539869 0.456526 0.035015 0.036632
0 0.231823 0.400503 0.036425 0.038284
0 0.349322 0.505017 0.036584 0.041404
0 0.492024 0.369074 0.033684 0.036539
0 0.774817 0.796257 0.034936 0.035073
0 0.147380 0.697523 0.023972 0.028091
0 0.518312 0.782037 0.022719 0.029559
0 0.454489 0.458561 0.037123 0.025900
0 0.352040 0.611265 0.036425 0.038284
0 0.122585 0.445678 0.037914 0.041496
0 0.556497 0.810682 0.037835 0.039937
0 0.305413 0.758517 0.037756 0.038377
0 0.182654 0.550280 0.037677 0.036818
0 0.311537 0.866093 0.039087 0.038470
0 0.199734 0.873881 0.036584 0.041404
0 0.598977 0.594847 0.037835 0.039937
0 0.423908 0.895832 0.039087 0.038470
0 0.249433 0.760851 0.037598 0.035258
0 0.604475 0.703250 0.040260 0.035444
0 0.254971 0.870034 0.037756 0.038377
0 0.463039 0.640317 0.036505 0.039844
0 0.412245 0.679073 0.037756 0.038377
0 0.636722 0.232992 0.035094 0.038191
0 0.824832 0.689466 0.039087 0.038470
0 0.868070 0.501754 0.037756 0.038377
0 0.608582 0.771053 0.036346 0.036725
0 0.872375 0.573456 0.036267 0.035166
0 0.351181 0.541671 0.033526 0.033420
0 0.472058 0.818128 0.036505 0.039844
0 0.475248 0.854690 0.036425 0.038284
0 0.307273 0.795171 0.037677 0.036818
0 0.202339 0.912048 0.035015 0.036632
0 0.866290 0.466660 0.037677 0.036818
0 0.280953 0.249946 0.037914 0.041496
0 0.116223 0.333423 0.033921 0.041218
0 0.136396 0.731159 0.039403 0.044710
0 0.415964 0.752382 0.037598 0.035258
0 0.596412 0.557460 0.036346 0.036725
0 0.544702 0.564975 0.036267 0.035166
0 0.257376 0.904302 0.038929 0.035351
0 0.750537 0.330719 0.033526 0.033420
0 0.191125 0.730477 0.036425 0.038284
0 0.312652 0.901234 0.040339 0.037003
0 0.877874 0.681858 0.036505 0.039844
0 0.251957 0.797458 0.036663 0.042964
0 0.413519 0.717334 0.039166 0.040030
0 0.817844 0.578037 0.036346 0.036725
0 0.470905 0.782207 0.035015 0.036632
0 0.600210 0.632327 0.039166 0.040030
0 0.353939 0.648699 0.039087 0.038470
0 0.409351 0.608839 0.036267 0.035166
0 0.358203 0.719621 0.037677 0.036818
0 0.477028 0.889784 0.036346 0.036725
0 0.634783 0.194777 0.037835 0.039937
0 0.128493 0.588488 0.035015 0.036632
0 0.356384 0.683748 0.037677 0.036818
0 0.756542 0.435955 0.037914 0.041496
0 0.589879 0.415477 0.035015 0.036632
0 0.812385 0.470415 0.036346 0.036725
0 0.123857 0.483939 0.036346 0.036725
0 0.602695 0.668156 0.043001 0.037188
0 0.189306 0.694602 0.036267 0.035166
0 0.294456 0.542492 0.037677 0.036818
0 0.779201 0.869518 0.036267 0.035166
0 0.810566 0.434540 0.036346 0.036725
0 0.143912 0.879334 0.039245 0.041589
0 0.238634 0.547945 0.035015 0.036632
0 0.179133 0.480871 0.034936 0.035073
0 0.464859 0.676192 0.036346 0.036725
0 0.814871 0.506242 0.035015 0.036632
0 0.802583 0.290310 0.035252 0.041311
0 0.485489 0.227090 0.029375 0.030022
0 0.303594 0.722643 0.037756 0.038377
0 0.461846 0.603617 0.037756 0.038377
0 0.452748 0.424246 0.034936 0.035073
0 0.284751 0.324814 0.037756 0.038377
0 0.242234 0.618914 0.037756 0.038377
0 0.533784 0.349730 0.033763 0.038099
0 0.446933 0.309604 0.035015 0.036632
0 0.449616 0.349332 0.036584 0.041404
0 0.804561 0.329303 0.037756 0.038377
0 0.450968 0.389151 0.035173 0.039752
0 0.588804 0.381116 0.036346 0.036725
0 0.341925 0.359181 0.036505 0.039844
0 0.396495 0.355380 0.036346 0.036725
0 0.582111 0.236013 0.037835 0.039937
0 0.397649 0.391300 0.037677 0.036818
0 0.531885 0.312296 0.036584 0.041404
0 0.586200 0.342949 0.037914 0.041496
