0 0.633202 0.740299 0.040961 0.052541
0 0.343795 0.378531 0.026562 0.038019
0 0.506208 0.453090 0.046446 0.053848
0 0.873792 0.420509 0.040609 0.049288
0 0.772598 0.398908 0.040785 0.050915
0 0.671122 0.374737 0.037493 0.050131
0 0.540978 0.630732 0.038198 0.056636
0 0.312652 0.286850 0.042411 0.056056
0 0.641907 0.654772 0.040041 0.053907
0 0.620657 0.362717 0.037141 0.046878
0 0.341122 0.418773 0.025642 0.039384
0 0.531595 0.218779 0.049055 0.038465
0 0.182529 0.547855 0.039119 0.055272
0 0.387568 0.592522 0.040393 0.057159
0 0.928661 0.391864 0.039119 0.055272
0 0.438405 0.606300 0.038943 0.053645
0 0.327587 0.668339 0.037846 0.053384
0 0.331532 0.626730 0.036220 0.048242
0 0.365859 0.299523 0.036220 0.048242
0 0.868925 0.460229 0.039336 0.047400
0 0.666432 0.412831 0.038414 0.048765
0 0.896420 0.715395 0.040041 0.053907
0 0.160623 0.251472 0.038238 0.047139
0 0.844948 0.702300 0.037669 0.051757
0 0.432921 0.651713 0.037141 0.046878
0 0.590256 0.643304 0.038022 0.055010
0 0.467336 0.323694 0.036964 0.045250
0 0.173276 0.633251 0.040785 0.050915
0 0.919761 0.474007 0.040785 0.050915
0 0.840189 0.746218 0.037317 0.048504
0 0.823238 0.409302 0.038590 0.050392
0 0.886423 0.797277 0.039864 0.052280
0 0.121800 0.111242 0.041666 0.059048
0 0.317960 0.243063 0.038414 0.048765
0 0.265694 0.237288 0.038414 0.048765
0 0.177221 0.591642 0.037317 0.048504
0 0.322189 0.204024 0.038061 0.045512
0 0.582914 0.726652 0.039119 0.055272
0 0.382545 0.638881 0.037317 0.048504
0 0.789265 0.733254 0.038238 0.047139
0 0.923991 0.434968 0.038238 0.047139
0 0.768829 0.438891 0.039512 0.049027
0 0.728096 0.300708 0.038766 0.052018
0 0.112832 0.199209 0.042058 0.052802
0 0.922008 0.557136 0.029286 0.043421
0 0.370123 0.384802 0.024016 0.034243
0 0.890741 0.757425 0.037141 0.046878
0 0.850043 0.535823 0.024368 0.037497
0 0.853088 0.497337 0.026386 0.036392
0 0.366266 0.425597 0.023272 0.037235
0 0.818285 0.449836 0.037493 0.050131
0 0.416519 0.314927 0.036964 0.045250
0 0.835147 0.787566 0.036396 0.049870
0 0.428054 0.691435 0.036572 0.051496
0 0.522481 0.318475 0.046838 0.047602
0 0.785055 0.777304 0.040041 0.053907
0 0.377679 0.678601 0.038590 0.050392
0 0.873914 0.544012 0.026386 0.036392
0 0.724895 0.345831 0.040041 0.053907
0 0.116953 0.155973 0.037885 0.043886
0 0.411105 0.354517 0.040041 0.053907
0 0.538635 0.153797 0.049777 0.045133
0 0.918238 0.597118 0.027307 0.035027
0 0.535571 0.187274 0.048857 0.046499
0 0.525457 0.285812 0.047230 0.041357
0 0.496143 0.540795 0.034379 0.050973
0 0.926414 0.516471 0.028933 0.040168
0 0.515784 0.380286 0.046485 0.044349
0 0.488395 0.752527 0.024584 0.029625
0 0.108955 0.234994 0.039943 0.033284
0 0.879241 0.505235 0.026386 0.036392
0 0.490666 0.726370 0.023840 0.032617
0 0.519416 0.351951 0.044860 0.039208
0 0.528246 0.249685 0.047952 0.048026
0 0.501449 0.497008 0.044252 0.053325
0 0.420729 0.270879 0.041666 0.059048
0 0.575413 0.307723 0.038766 0.052018
0 0.624407 0.317724 0.040569 0.058786
0 0.564231 0.390157 0.038766 0.052018
0 0.369805 0.257915 0.037846 0.053384
0 0.215669 0.221201 0.038943 0.053645
0 0.462293 0.365042 0.038943 0.053645
0 0.165205 0.209181 0.038943 0.053645
0 0.676341 0.331763 0.038766 0.052018
0 0.360905 0.340057 0.037669 0.051757
0 0.778454 0.355251 0.041138 0.054168
0 0.472290 0.283160 0.038766 0.052018
0 0.326399 0.159976 0.040569 0.058786
0 0.615615 0.404065 0.040961 0.052541
0 0.570282 0.349883 0.037317 0.048504
0 0.337016 0.581315 0.040569 0.058786
0 0.206505 0.305783 0.038943 0.053645
0 0.878286 0.379030 0.038943 0.053645
0 0.536131 0.675463 0.037317 0.048504
0 0.155405 0.294446 0.042763 0.059309
0 0.211636 0.263623 0.039688 0.050654
0 0.103559 0.279594 0.043684 0.057943
0 0.827821 0.367010 0.038943 0.053645
0 0.271265 0.191060 0.040745 0.060413
0 0.637060 0.699504 0.037317 0.048504
0 0.531089 0.716811 0.041138 0.054168
0 0.793936 0.690150 0.039119 0.055272
