0 0.561196 0.648630 0.031179 0.037623
0 0.685051 0.746343 0.029631 0.035819
0 0.794550 0.659377 0.040835 0.042602
0 0.564732 0.797876 0.032022 0.034836
0 0.566406 0.610220 0.030335 0.040412
0 0.365904 0.385143 0.039054 0.039266
0 0.695425 0.934931 0.043226 0.041619
0 0.283323 0.552767 0.039054 0.039266
0 0.678529 0.784479 0.031413 0.039155
0 0.427563 0.694227 0.041070 0.044133
0 0.680086 0.597590 0.031179 0.037623
0 0.443802 0.583863 0.039288 0.040797
0 0.157605 0.639511 0.042382 0.044406
0 0.158094 0.265183 0.041913 0.041345
0 0.869765 0.526554 0.042147 0.042875
0 0.533319 0.826082 0.032491 0.037897
0 0.511378 0.708546 0.036663 0.040250
0 0.300757 0.443442 0.040131 0.038009
0 0.316391 0.708171 0.039054 0.039266
0 0.206677 0.686080 0.037506 0.037461
0 0.880020 0.455229 0.040601 0.041071
0 0.361163 0.420491 0.041305 0.045663
0 0.673670 0.820594 0.032491 0.037897
0 0.581158 0.690710 0.032491 0.037897
0 0.572810 0.312171 0.037975 0.040524
0 0.685258 0.378276 0.034038 0.039702
0 0.665296 0.336197 0.029631 0.035819
0 0.701361 0.900622 0.039523 0.042328
0 0.827754 0.442750 0.040601 0.041071
0 0.327185 0.637747 0.039054 0.039266
0 0.246053 0.433614 0.041443 0.038282
0 0.705563 0.864371 0.039288 0.040797
0 0.667509 0.410122 0.040366 0.039539
0 0.383995 0.275955 0.041913 0.041345
0 0.549745 0.718917 0.029865 0.037350
0 0.692085 0.342573 0.031179 0.037623
0 0.608182 0.434877 0.037506 0.037461
0 0.416651 0.765416 0.040835 0.042602
0 0.191584 0.422255 0.040131 0.038009
0 0.830389 0.779022 0.040835 0.042602
0 0.421392 0.730067 0.042147 0.042875
0 0.370391 0.722591 0.037741 0.038992
0 0.603451 0.545271 0.032022 0.034836
0 0.150845 0.299219 0.040835 0.042602
0 0.566944 0.350444 0.034882 0.036914
0 0.228970 0.540642 0.040131 0.038009
0 0.853339 0.633720 0.042147 0.042875
0 0.140874 0.744242 0.041305 0.045663
0 0.858736 0.598508 0.042617 0.045937
0 0.593548 0.874979 0.037271 0.035930
0 0.113508 0.556061 0.042382 0.044406
0 0.297761 0.816456 0.040835 0.042602
0 0.135360 0.780220 0.040601 0.041071
0 0.784735 0.361104 0.040601 0.041071
0 0.096308 0.663855 0.041305 0.045663
0 0.213759 0.277581 0.040835 0.042602
0 0.599131 0.842966 0.039054 0.039266
0 0.842310 0.705674 0.039054 0.039266
0 0.538716 0.790871 0.032960 0.040960
0 0.107876 0.592803 0.042382 0.044406
0 0.537076 0.258113 0.036428 0.038718
0 0.886074 0.420154 0.042382 0.044406
0 0.208362 0.312793 0.037741 0.038992
0 0.184502 0.830754 0.040835 0.042602
0 0.378598 0.311167 0.036663 0.040250
0 0.463059 0.771933 0.026302 0.030679
0 0.250540 0.771061 0.043695 0.044680
0 0.222917 0.575717 0.042851 0.047468
0 0.802748 0.954942 0.039523 0.042328
0 0.390166 0.240115 0.038958 0.030354
0 0.481180 0.887883 0.040270 0.030628
0 0.509013 0.432365 0.031179 0.037623
0 0.579286 0.278764 0.036098 0.028276
0 0.532266 0.289497 0.036194 0.037188
0 0.714917 0.458715 0.042382 0.044406
0 0.632992 0.626476 0.041070 0.044133
0 0.419717 0.396365 0.042617 0.045937
0 0.482896 0.337656 0.039758 0.043859
0 0.611610 0.399255 0.042382 0.044406
0 0.540559 0.239983 0.031485 0.011768
0 0.294112 0.854402 0.043114 0.047522
0 0.561430 0.386421 0.041305 0.045663
0 0.239229 0.844853 0.039008 0.047260
0 0.522162 0.364251 0.037907 0.048363
0 0.515582 0.398346 0.033615 0.036946
0 0.746907 0.612315 0.041913 0.041345
0 0.375905 0.686614 0.041070 0.044133
0 0.587328 0.654870 0.034507 0.042764
0 0.398972 0.540547 0.042147 0.042875
0 0.644795 0.553893 0.042617 0.045937
0 0.202495 0.351066 0.044399 0.049273
0 0.651083 0.517288 0.040366 0.039539
0 0.622198 0.696899 0.038445 0.043585
0 0.555563 0.424694 0.040835 0.042602
0 0.332043 0.601634 0.041070 0.044133
0 0.768191 0.469035 0.040835 0.042602
0 0.174266 0.530814 0.042382 0.044406
0 0.751110 0.576064 0.039523 0.042328
0 0.311786 0.371488 0.041070 0.044133
0 0.699931 0.640435 0.032726 0.039429
0 0.624843 0.326181 0.041070 0.044133
0 0.706454 0.602298 0.031413 0.039155
0 0.655168 0.481802 0.040366 0.039539
0 0.756741 0.539321 0.039523 0.042328
0 0.498449 0.784053 0.039523 0.042328
0 0.719893 0.421836 0.040601 0.041071
0 0.806470 0.586029 0.039523 0.042328
0 0.604763 0.806224 0.036898 0.041781
0 0.212192 0.650104 0.041305 0.045663
0 0.471023 0.406274 0.039758 0.043859
0 0.516236 0.672431 0.038210 0.042054
0 0.288720 0.517555 0.042147 0.042875
0 0.588924 0.909561 0.039758 0.043859
0 0.533622 0.567837 0.040601 0.041071
0 0.729942 0.718578 0.040835 0.042602
0 0.593617 0.618265 0.032726 0.039429
0 0.408805 0.467554 0.042382 0.044406
0 0.610934 0.770383 0.037975 0.040524
0 0.437152 0.287040 0.041070 0.044133
0 0.618554 0.362786 0.041913 0.041345
0 0.660682 0.445826 0.043226 0.041619
0 0.343963 0.528286 0.041913 0.041345
0 0.731930 0.347722 0.039523 0.042328
0 0.576299 0.726824 0.034038 0.039702
0 0.505511 0.746819 0.042382 0.044406
0 0.391489 0.576114 0.040601 0.041071
0 0.465274 0.443782 0.039523 0.042328
0 0.637733 0.591128 0.039288 0.040797
0 0.439249 0.622410 0.042382 0.044406
0 0.385974 0.612090 0.040835 0.042602
0 0.560764 0.832595 0.032726 0.039429
0 0.489418 0.299519 0.037975 0.040524
0 0.262292 0.323250 0.041070 0.044133
0 0.718443 0.793593 0.040835 0.042602
0 0.783521 0.731331 0.040835 0.042602
0 0.774363 0.433195 0.041913 0.041345
0 0.608848 0.510060 0.032960 0.040960
0 0.260374 0.698069 0.040366 0.039539
0 0.199968 0.721018 0.040601 0.041071
0 0.724849 0.756222 0.039288 0.040797
0 0.875280 0.490577 0.041913 0.041345
0 0.521633 0.637221 0.038958 0.030354
0 0.277691 0.589509 0.042147 0.042875
0 0.809340 0.920770 0.042382 0.044406
0 0.726063 0.385996 0.039992 0.045390
0 0.405857 0.835838 0.040835 0.042602
0 0.543668 0.223940 0.035724 0.034126
0 0.711617 0.568618 0.030475 0.033031
0 0.669174 0.668778 0.031413 0.039155
0 0.139230 0.375000 0.043226 0.041619
0 0.085514 0.734278 0.039897 0.036478
0 0.244908 0.807803 0.040131 0.038009
0 0.125124 0.480280 0.041678 0.039813
0 0.548127 0.194853 0.035724 0.034126
0 0.686561 0.564183 0.028084 0.034015
0 0.074367 0.806997 0.042757 0.038556
0 0.323354 0.300436 0.039523 0.042328
0 0.188587 0.795269 0.040835 0.042602
0 0.136036 0.409091 0.041443 0.038282
0 0.750129 0.944759 0.041913 0.041345
0 0.815089 0.883262 0.042147 0.042875
0 0.268229 0.288940 0.039054 0.039266
0 0.582715 0.503821 0.030100 0.038881
0 0.129865 0.444931 0.043461 0.043149
0 0.645686 0.813178 0.031179 0.037623
0 0.614480 0.473317 0.032022 0.034836
0 0.102479 0.628015 0.041913 0.041345
0 0.755526 0.909548 0.041913 0.041345
0 0.080656 0.770391 0.042851 0.047468
0 0.303276 0.780479 0.038445 0.043585
0 0.486764 0.855871 0.037741 0.038992
0 0.219086 0.238406 0.039288 0.040797
0 0.660673 0.370779 0.028553 0.037076
0 0.090138 0.699694 0.041913 0.041345
0 0.400999 0.871953 0.039758 0.043859
0 0.667852 0.854137 0.031179 0.037623
0 0.168212 0.565888 0.037975 0.040524
0 0.629260 0.920343 0.033803 0.038171
0 0.656401 0.924423 0.032491 0.037897
0 0.146389 0.708266 0.040131 0.038009
0 0.196981 0.387043 0.037506 0.037461
0 0.833152 0.407538 0.040601 0.041071
0 0.779338 0.396316 0.041070 0.044133
0 0.820369 0.848816 0.041913 0.041345
0 0.306154 0.408230 0.040601 0.041071
0 0.599905 0.581659 0.030944 0.036093
0 0.661681 0.889978 0.032256 0.036366
0 0.734801 0.682464 0.038819 0.037735
0 0.673915 0.633429 0.030100 0.038881
0 0.634540 0.885897 0.031413 0.039155
0 0.825766 0.813604 0.042382 0.044406
0 0.449621 0.550320 0.037506 0.037461
0 0.640828 0.849292 0.035351 0.039976
0 0.145635 0.337629 0.042617 0.045937
0 0.695846 0.675920 0.032256 0.036366
0 0.767094 0.838497 0.040366 0.039539
0 0.193797 0.756859 0.042617 0.045937
0 0.839323 0.371698 0.039992 0.045390
0 0.589541 0.468117 0.026772 0.033741
0 0.411559 0.803060 0.039288 0.040797
0 0.577083 0.540563 0.029631 0.035819
0 0.455018 0.515108 0.037975 0.040524
0 0.185647 0.456564 0.036428 0.038718
0 0.891706 0.383412 0.042382 0.044406
0 0.658028 0.741498 0.033803 0.038171
0 0.704475 0.526842 0.039054 0.039266
0 0.372074 0.349303 0.037975 0.040524
0 0.800838 0.622771 0.039523 0.042328
0 0.119610 0.516256 0.042382 0.044406
0 0.554368 0.684333 0.031413 0.039155
0 0.627595 0.661687 0.037975 0.040524
0 0.778006 0.767307 0.041070 0.044133
0 0.760502 0.872669 0.043695 0.044680
0 0.239999 0.468689 0.040601 0.041071
0 0.431942 0.325450 0.041913 0.041345
0 0.711734 0.828531 0.040835 0.042602
0 0.689676 0.711761 0.031179 0.037623
0 0.129611 0.817727 0.043930 0.046211
0 0.572577 0.574380 0.031413 0.039155
0 0.662768 0.706149 0.032960 0.040960
0 0.251568 0.397636 0.042147 0.042875
0 0.492934 0.820030 0.042382 0.044406
0 0.571559 0.762172 0.032726 0.039429
0 0.310337 0.743245 0.040835 0.042602
0 0.348821 0.492171 0.040835 0.042602
0 0.864907 0.562668 0.040601 0.041071
0 0.477498 0.372867 0.036194 0.037188
0 0.274095 0.250667 0.040462 0.048452
0 0.380998 0.648969 0.039523 0.042328
0 0.163843 0.227675 0.043086 0.048999
0 0.234367 0.505431 0.041539 0.047194
0 0.180555 0.494209 0.037975 0.040524
0 0.162815 0.601100 0.041070 0.044133
0 0.365298 0.760236 0.042851 0.047468
0 0.432960 0.659015 0.040601 0.041071
0 0.526256 0.602637 0.039288 0.040797
0 0.151317 0.676116 0.043695 0.044680
0 0.543996 0.495746 0.038819 0.037735
0 0.836256 0.740748 0.041305 0.045663
0 0.459876 0.478993 0.039054 0.039266
0 0.739306 0.648647 0.038445 0.043585
0 0.216933 0.614756 0.039054 0.039266
0 0.321905 0.672193 0.039288 0.040797
0 0.255633 0.733417 0.042147 0.042875
0 0.789153 0.694588 0.040835 0.042602
0 0.821583 0.478589 0.039523 0.042328
0 0.815296 0.515195 0.038210 0.042054
0 0.652396 0.778240 0.034272 0.041233
0 0.294587 0.479282 0.042617 0.045937
0 0.615254 0.733367 0.038445 0.043585
0 0.708982 0.493024 0.040366 0.039539
0 0.256543 0.360757 0.040835 0.042602
0 0.318074 0.334882 0.039288 0.040797
0 0.539137 0.531859 0.040835 0.042602
0 0.544230 0.754893 0.032726 0.039429
0 0.549158 0.462065 0.039758 0.043859
0 0.413430 0.432970 0.040366 0.039539
0 0.355531 0.457233 0.040835 0.042602
0 0.337910 0.563360 0.040601 0.041071
0 0.811750 0.551583 0.041913 0.041345
0 0.403173 0.504296 0.041913 0.041345
0 0.762911 0.503482 0.040601 0.041071
0 0.847824 0.669696 0.042382 0.044406
0 0.772374 0.804050 0.043695 0.044680
0 0.272059 0.626251 0.042147 0.042875
0 0.329103 0.262928 0.039758 0.043859
0 0.425466 0.358857 0.039288 0.040797
0 0.266427 0.662994 0.042147 0.042875
