0 0.263533 0.229164 0.021492 0.031906
0 0.663871 0.596089 0.033991 0.032060
0 0.553510 0.468486 0.032754 0.033626
0 0.279096 0.627725 0.029016 0.035162
0 0.223236 0.597557 0.035254 0.033657
0 0.388749 0.500578 0.032729 0.030462
0 0.553273 0.437632 0.032742 0.032045
0 0.663628 0.564445 0.033991 0.032060
0 0.608665 0.406886 0.033991 0.032060
0 0.115447 0.886080 0.037766 0.035270
0 0.775254 0.531424 0.035241 0.032075
0 0.208797 0.263858 0.023980 0.030354
0 0.663760 0.500357 0.032729 0.030462
0 0.718764 0.500472 0.032742 0.032045
0 0.445154 0.438963 0.031492 0.032029
0 0.666065 0.881677 0.036528 0.036836
0 0.224603 0.694064 0.034004 0.033642
0 0.264687 0.297982 0.025230 0.030369
0 0.773761 0.499796 0.032742 0.032045
0 0.553135 0.500928 0.033991 0.032060
0 0.550900 0.372786 0.034016 0.035224
0 0.610853 0.691683 0.036516 0.035255
0 0.388379 0.533812 0.031504 0.033611
0 0.554350 0.659149 0.034016 0.035224
0 0.664461 0.754317 0.035241 0.032075
0 0.608902 0.437739 0.036479 0.030508
0 0.262647 0.195154 0.025230 0.030369
0 0.209077 0.300248 0.024004 0.033519
0 0.277400 0.407007 0.036528 0.036836
0 0.719007 0.532116 0.032742 0.032045
0 0.827143 0.370176 0.034028 0.036806
0 0.552857 0.627520 0.033991 0.032060
0 0.720709 0.753625 0.035266 0.035239
0 0.609770 0.469376 0.035254 0.033657
0 0.553002 0.565016 0.032754 0.033626
0 0.662163 0.373789 0.034028 0.036806
0 0.717142 0.370739 0.034016 0.035224
0 0.662892 0.468722 0.034004 0.033642
0 0.719881 0.564544 0.034004 0.033642
0 0.332653 0.439557 0.036528 0.036836
0 0.773657 0.404855 0.034016 0.035224
0 0.444772 0.470615 0.032742 0.032045
0 0.553384 0.533364 0.031504 0.033611
0 0.222391 0.406102 0.036528 0.036836
0 0.553245 0.596659 0.035229 0.030492
0 0.720847 0.690329 0.036516 0.035255
0 0.445356 0.628052 0.033955 0.027313
0 0.114324 0.821218 0.033967 0.028895
0 0.873183 0.749375 0.020181 0.023979
0 0.829135 0.466675 0.034004 0.033642
0 0.113722 0.661408 0.035241 0.032075
0 0.291122 0.159201 0.020194 0.025561
0 0.885568 0.815680 0.034004 0.033642
0 0.179871 0.159778 0.022730 0.030339
0 0.555208 0.852185 0.032742 0.032045
0 0.124231 0.158090 0.021468 0.028741
0 0.665809 0.848451 0.033979 0.030477
0 0.608769 0.501826 0.030242 0.032014
0 0.279228 0.563638 0.035254 0.033657
0 0.181037 0.230179 0.023968 0.028772
0 0.609985 0.660046 0.035217 0.028910
0 0.556689 0.882231 0.035266 0.035239
0 0.445716 0.756218 0.032729 0.030462
0 0.110897 0.375036 0.031492 0.032029
0 0.096720 0.156846 0.023992 0.031937
0 0.885817 0.848116 0.036516 0.035255
0 0.125039 0.263307 0.023955 0.027190
0 0.886089 0.720733 0.036504 0.033673
0 0.777187 0.782994 0.035241 0.032075
0 0.114463 0.757922 0.035241 0.032075
0 0.333960 0.691135 0.032729 0.030462
0 0.181560 0.298214 0.021443 0.025576
0 0.279351 0.660951 0.031492 0.032029
0 0.291924 0.263626 0.020194 0.025561
0 0.114081 0.789574 0.036516 0.035255
0 0.555953 0.786509 0.032754 0.033626
0 0.775359 0.626364 0.036491 0.032091
0 0.112749 0.534831 0.032742 0.032045
0 0.885347 0.624219 0.036504 0.033673
0 0.111256 0.503203 0.035241 0.032075
0 0.444974 0.659704 0.035254 0.033657
0 0.832938 0.880414 0.035241 0.032075
0 0.180764 0.194580 0.021456 0.027159
0 0.831559 0.782325 0.033991 0.032060
0 0.830148 0.435807 0.031492 0.032029
0 0.608815 0.751838 0.036540 0.038419
0 0.444333 0.820320 0.034016 0.035224
0 0.291038 0.229616 0.021504 0.033488
0 0.347286 0.228924 0.023980 0.030354
0 0.831073 0.719037 0.033991 0.032060
0 0.390085 0.593129 0.033943 0.025730
0 0.096564 0.299260 0.023992 0.031937
0 0.152811 0.298568 0.023968 0.028772
0 0.885504 0.563296 0.035241 0.032075
0 0.279588 0.691804 0.036504 0.033673
0 0.123879 0.193697 0.022730 0.030339
0 0.444223 0.724589 0.032754 0.033626
0 0.280828 0.853189 0.036504 0.033673
0 0.346922 0.262949 0.025242 0.031952
0 0.278511 0.470288 0.035254 0.033657
0 0.774137 0.467352 0.034004 0.033642
0 0.333868 0.597777 0.034004 0.033642
0 0.883403 0.371066 0.034028 0.036806
0 0.347012 0.193324 0.026492 0.031968
0 0.111389 0.439115 0.036504 0.033673
0 0.665219 0.690222 0.035254 0.033657
0 0.166786 0.409160 0.035266 0.035239
0 0.207650 0.195831 0.022730 0.030339
0 0.665323 0.785163 0.034004 0.033642
0 0.665468 0.722658 0.035241 0.032075
0 0.662649 0.437077 0.033979 0.030477
0 0.608630 0.565122 0.034016 0.035224
0 0.235767 0.194694 0.023992 0.031937
0 0.166288 0.344290 0.037766 0.035270
0 0.209167 0.230624 0.022754 0.033503
0 0.664629 0.531994 0.034004 0.033642
0 0.498143 0.339651 0.033983 0.030952
0 0.512664 0.602697 0.021419 0.022412
0 0.514072 0.623172 0.021396 0.019407
0 0.500881 0.533298 0.033920 0.022724
0 0.499764 0.412357 0.035115 0.015588
0 0.499592 0.446838 0.032630 0.017488
0 0.499620 0.369144 0.033974 0.029844
0 0.498558 0.393684 0.036411 0.021648
0 0.514865 0.882620 0.019806 0.023974
0 0.500939 0.549872 0.029052 0.009011
0 0.500369 0.463364 0.033103 0.017335
0 0.498775 0.429229 0.032285 0.019810
0 0.333358 0.531325 0.034004 0.033642
0 0.899056 0.781494 0.023992 0.031937
0 0.445328 0.787078 0.031492 0.032029
0 0.512494 0.580546 0.021419 0.022412
0 0.279478 0.596073 0.027693 0.025653
0 0.886048 0.878177 0.036516 0.035255
0 0.874045 0.780220 0.021443 0.025576
0 0.152367 0.159326 0.022718 0.028757
0 0.389967 0.821781 0.032729 0.030462
0 0.610818 0.849919 0.036491 0.032091
0 0.113334 0.692268 0.033979 0.030477
0 0.278354 0.531210 0.036467 0.028926
0 0.209251 0.160208 0.021443 0.025576
0 0.609852 0.724134 0.033955 0.027313
0 0.500073 0.509494 0.032693 0.025715
0 0.503505 0.793484 0.030181 0.024102
0 0.900057 0.749044 0.021456 0.027159
0 0.609006 0.532679 0.030230 0.030431
0 0.513365 0.856656 0.021431 0.023994
0 0.513757 0.663604 0.020181 0.023979
0 0.333552 0.556640 0.039125 0.049526
0 0.829737 0.626486 0.032729 0.030462
0 0.389092 0.789354 0.033991 0.032060
0 0.513593 0.642244 0.020145 0.019232
0 0.279392 0.503506 0.036504 0.033673
0 0.830744 0.594826 0.035254 0.033657
0 0.333717 0.659491 0.032754 0.033626
0 0.096375 0.193244 0.022718 0.028757
0 0.225193 0.852291 0.032729 0.030462
0 0.223265 0.438530 0.032717 0.028880
0 0.610581 0.819065 0.036504 0.033673
0 0.830211 0.688192 0.032729 0.030462
0 0.097273 0.228836 0.023980 0.030354
0 0.114735 0.630539 0.035254 0.033657
0 0.884132 0.465999 0.033979 0.030477
0 0.883276 0.435945 0.035254 0.033657
0 0.775700 0.752157 0.035254 0.033657
0 0.777303 0.879516 0.033991 0.032060
0 0.236569 0.299119 0.021468 0.028741
0 0.336074 0.884947 0.033991 0.032060
0 0.388888 0.437283 0.031479 0.030446
0 0.389822 0.884285 0.031492 0.032029
0 0.124063 0.298922 0.023992 0.031937
0 0.096297 0.264452 0.024016 0.035101
0 0.609754 0.629984 0.037766 0.035270
0 0.885735 0.593358 0.035241 0.032075
0 0.279218 0.725038 0.035254 0.033657
0 0.277649 0.439443 0.033991 0.032060
0 0.333486 0.629429 0.032729 0.030462
0 0.720958 0.786060 0.035229 0.030492
0 0.389468 0.756911 0.035254 0.033657
0 0.112373 0.567274 0.034004 0.033642
0 0.319156 0.228479 0.022742 0.031921
0 0.388627 0.403265 0.031516 0.035193
0 0.236131 0.160669 0.025230 0.030369
0 0.390197 0.851843 0.035229 0.030492
0 0.124778 0.229289 0.023992 0.031937
0 0.719724 0.625467 0.032742 0.032045
0 0.224713 0.789794 0.035241 0.032075
0 0.278855 0.759063 0.033991 0.032060
0 0.225430 0.883145 0.035241 0.032075
0 0.389364 0.661970 0.036504 0.033673
0 0.721195 0.816913 0.035241 0.032075
0 0.555596 0.821325 0.034004 0.033642
0 0.221876 0.501841 0.033991 0.032060
0 0.445009 0.501468 0.032729 0.030462
0 0.114485 0.598104 0.035241 0.032075
0 0.829968 0.656547 0.032754 0.033626
0 0.167162 0.376718 0.033979 0.030477
0 0.113942 0.852869 0.035241 0.032075
0 0.720118 0.595396 0.033967 0.028895
0 0.335084 0.755998 0.034004 0.033642
0 0.152628 0.193343 0.022730 0.030339
0 0.332508 0.502062 0.035241 0.032075
0 0.389247 0.565448 0.032729 0.030462
0 0.222993 0.565913 0.032729 0.030462
0 0.319691 0.298096 0.022718 0.028757
0 0.720819 0.849356 0.033979 0.030477
0 0.773906 0.437291 0.033979 0.030477
0 0.334708 0.788440 0.032742 0.032045
0 0.280572 0.819963 0.033979 0.030477
0 0.831947 0.751464 0.035254 0.033657
0 0.332277 0.472000 0.035217 0.028910
0 0.832058 0.847195 0.033991 0.032060
0 0.611686 0.881554 0.035266 0.035239
0 0.831196 0.816350 0.035254 0.033657
0 0.152901 0.228943 0.022742 0.031921
0 0.885880 0.530853 0.036504 0.033673
0 0.224978 0.661621 0.032742 0.032045
0 0.443979 0.692946 0.032754 0.033626
0 0.234791 0.230308 0.023980 0.030354
0 0.152544 0.263759 0.023992 0.031937
0 0.112269 0.472334 0.037753 0.033688
0 0.389078 0.624789 0.036540 0.038419
0 0.388512 0.469725 0.030242 0.032014
0 0.610326 0.785840 0.036504 0.033673
0 0.318627 0.159653 0.025230 0.030369
0 0.776811 0.815437 0.036504 0.033673
0 0.264267 0.161904 0.023980 0.030354
0 0.609498 0.596758 0.035241 0.032075
0 0.721681 0.880201 0.037766 0.035270
0 0.885834 0.687507 0.034004 0.033642
0 0.444870 0.564764 0.033979 0.030477
0 0.263795 0.263181 0.021480 0.030323
0 0.665578 0.818388 0.034028 0.036806
0 0.719342 0.657118 0.033991 0.032060
0 0.829279 0.404171 0.032742 0.032045
0 0.555079 0.754081 0.033991 0.032060
0 0.829008 0.531553 0.035229 0.030492
0 0.718509 0.467246 0.032766 0.035208
0 0.335825 0.852512 0.034004 0.033642
0 0.235677 0.264318 0.022718 0.028757
0 0.113583 0.724704 0.036516 0.035255
0 0.111765 0.406673 0.035241 0.032075
0 0.773396 0.370838 0.031504 0.033611
0 0.181299 0.264196 0.023955 0.027190
0 0.225101 0.758934 0.034004 0.033642
0 0.554836 0.722437 0.033991 0.032060
0 0.333623 0.403151 0.036528 0.036836
0 0.291561 0.297651 0.023980 0.030354
0 0.279710 0.789117 0.035241 0.032075
0 0.776435 0.847880 0.035241 0.032075
0 0.883039 0.405091 0.032742 0.032045
0 0.445744 0.597191 0.035217 0.028910
0 0.222877 0.469390 0.034004 0.033642
0 0.280446 0.884840 0.035254 0.033657
0 0.718897 0.436385 0.033955 0.027313
0 0.662425 0.407807 0.033991 0.032060
0 0.224846 0.725707 0.034004 0.033642
0 0.224741 0.630767 0.032754 0.033626
0 0.776221 0.657209 0.035229 0.030492
0 0.346745 0.158516 0.026492 0.031968
0 0.224950 0.820647 0.035254 0.033657
0 0.334951 0.820085 0.035241 0.032075
0 0.775457 0.720512 0.035254 0.033657
0 0.334841 0.724353 0.036504 0.033673
0 0.291390 0.194009 0.022742 0.031921
0 0.554599 0.691584 0.033979 0.030477
0 0.222119 0.533485 0.031492 0.032029
0 0.318882 0.192880 0.022730 0.030339
0 0.775122 0.595510 0.036504 0.033673
0 0.389601 0.692824 0.033991 0.032060
0 0.720472 0.722772 0.035229 0.030492
0 0.775220 0.689660 0.035241 0.032075
0 0.774885 0.564658 0.036491 0.032091
0 0.884381 0.498434 0.034016 0.035224
0 0.389213 0.723684 0.035254 0.033657
0 0.319417 0.262496 0.022730 0.030339
0 0.885597 0.656653 0.033991 0.032060
0 0.664727 0.626144 0.030242 0.032014
0 0.664976 0.658578 0.035254 0.033657
0 0.347195 0.298548 0.025230 0.030369
0 0.830501 0.563182 0.035254 0.033657
0 0.828765 0.499910 0.035254 0.033657
0 0.552411 0.406788 0.034004 0.033642
0 0.444643 0.372510 0.036516 0.035255
0 0.445258 0.533903 0.035266 0.035239
0 0.607785 0.373667 0.035290 0.038404
0 0.444286 0.407327 0.035241 0.032075
0 0.718035 0.405540 0.035266 0.035239
