0 0.924931 0.417553 0.036660 0.045686
0 0.535097 0.148036 0.047364 0.044675
0 0.718773 0.373181 0.037912 0.047534
0 0.744624 0.672991 0.040417 0.051229
0 0.375862 0.177736 0.040720 0.054477
0 0.380258 0.130639 0.040720 0.054477
0 0.431518 0.140227 0.041669 0.053077
0 0.740606 0.716027 0.040266 0.049605
0 0.791942 0.724803 0.036963 0.048934
0 0.732477 0.797116 0.039165 0.049382
0 0.427595 0.188248 0.043225 0.058173
0 0.752906 0.590278 0.041518 0.051453
0 0.775549 0.341692 0.040720 0.054477
0 0.756296 0.547942 0.042315 0.048429
0 0.802912 0.601266 0.040266 0.049605
0 0.175752 0.086602 0.043376 0.059797
0 0.748964 0.632503 0.039013 0.047758
0 0.363240 0.300937 0.040417 0.051229
0 0.646522 0.612514 0.039468 0.052630
0 0.834540 0.268456 0.042276 0.059573
0 0.272698 0.153463 0.040417 0.051229
0 0.256305 0.323060 0.041669 0.053077
0 0.324280 0.165599 0.042618 0.051676
0 0.225683 0.098402 0.041973 0.056325
0 0.864441 0.488831 0.041518 0.051453
0 0.212379 0.228912 0.044022 0.055148
0 0.637765 0.694303 0.039620 0.054254
0 0.821312 0.398153 0.039165 0.049382
0 0.696680 0.621879 0.038215 0.050782
0 0.653854 0.527953 0.040569 0.052854
0 0.478609 0.194476 0.042770 0.053301
0 0.276942 0.107990 0.042922 0.054925
0 0.817522 0.438754 0.038862 0.046133
0 0.729085 0.839452 0.040266 0.049605
0 0.795257 0.683279 0.037912 0.047534
0 0.814357 0.478654 0.037912 0.047534
0 0.483251 0.150740 0.041669 0.053077
0 0.666964 0.363481 0.040266 0.049605
0 0.693137 0.665839 0.039317 0.051005
0 0.685558 0.747039 0.039620 0.054254
0 0.626794 0.817839 0.040417 0.051229
0 0.856234 0.570731 0.040569 0.052854
0 0.736816 0.756627 0.035559 0.045462
0 0.260398 0.279212 0.039165 0.049382
0 0.825329 0.355117 0.039317 0.051005
0 0.701172 0.579766 0.036811 0.047311
0 0.788152 0.765404 0.039165 0.049382
0 0.248100 0.404961 0.040417 0.051229
0 0.704563 0.537430 0.035711 0.047087
0 0.880757 0.320045 0.043225 0.058173
0 0.770906 0.385428 0.036811 0.047311
0 0.300308 0.416398 0.041366 0.049829
0 0.308115 0.332761 0.041215 0.048205
0 0.570815 0.300091 0.036014 0.050334
0 0.359299 0.343162 0.040417 0.051229
0 0.708201 0.498453 0.037912 0.047534
0 0.315069 0.252260 0.040266 0.049605
0 0.217876 0.182039 0.041518 0.051453
0 0.674188 0.868841 0.041215 0.048205
0 0.664274 0.404304 0.038063 0.049158
0 0.319086 0.209224 0.040417 0.051229
0 0.268605 0.197311 0.040417 0.051229
0 0.711118 0.455193 0.037760 0.045910
0 0.810568 0.519254 0.037912 0.047534
0 0.615900 0.940565 0.037266 0.052183
0 0.718266 0.961366 0.041669 0.053077
0 0.303851 0.372438 0.038063 0.049158
0 0.575060 0.254618 0.036014 0.050334
0 0.665356 0.951441 0.041518 0.051453
0 0.827112 0.900742 0.039468 0.052630
0 0.671455 0.321368 0.039165 0.049382
0 0.240596 0.485351 0.042467 0.050053
0 0.722487 0.333392 0.038063 0.049158
0 0.776706 0.888018 0.039013 0.047758
0 0.806304 0.558930 0.039165 0.049382
0 0.725371 0.879241 0.040114 0.047982
0 0.872096 0.406818 0.041366 0.049829
0 0.841873 0.736605 0.040266 0.049605
0 0.868231 0.448230 0.038710 0.044510
0 0.917275 0.499566 0.041518 0.051453
0 0.767590 0.426952 0.040266 0.049605
0 0.772689 0.931053 0.039468 0.052630
0 0.630261 0.774692 0.039165 0.049382
0 0.251814 0.365173 0.039962 0.046357
0 0.474515 0.238325 0.042467 0.050053
0 0.829877 0.859105 0.036811 0.047311
0 0.849529 0.654592 0.037912 0.047534
0 0.677978 0.828240 0.041518 0.051453
0 0.221741 0.140627 0.041063 0.046581
0 0.565470 0.345340 0.038518 0.054030
0 0.660807 0.447453 0.039317 0.051005
0 0.846213 0.696116 0.039165 0.049382
0 0.833192 0.817581 0.038063 0.049158
0 0.798421 0.643379 0.039165 0.049382
0 0.471599 0.281585 0.040114 0.047982
0 0.784837 0.806928 0.040417 0.051229
0 0.642181 0.653002 0.035256 0.042215
0 0.895657 0.749188 0.042770 0.053301
0 0.852692 0.614691 0.036660 0.045686
0 0.837457 0.777905 0.039013 0.047758
0 0.649837 0.570990 0.037609 0.044286
0 0.763724 0.468365 0.040417 0.051229
0 0.621448 0.310379 0.038215 0.050782
0 0.875962 0.365406 0.039013 0.047758
0 0.759461 0.508042 0.038862 0.046133
0 0.859948 0.530943 0.037609 0.044286
0 0.830371 0.313116 0.039013 0.047758
0 0.293279 0.497710 0.040569 0.052854
0 0.617754 0.355964 0.039317 0.051005
0 0.913258 0.542602 0.041366 0.049829
0 0.929024 0.373705 0.037266 0.052183
0 0.769299 0.973390 0.039962 0.046357
0 0.233187 0.570723 0.043719 0.051900
0 0.688873 0.705515 0.037760 0.045910
0 0.721733 0.918217 0.040114 0.047982
0 0.633349 0.735603 0.037760 0.045910
0 0.715610 0.413081 0.039165 0.049382
0 0.296594 0.456186 0.041215 0.048205
0 0.519703 0.312955 0.045299 0.045689
0 0.462368 0.362449 0.039317 0.051005
0 0.466784 0.321149 0.042164 0.046804
0 0.505421 0.453940 0.039620 0.054254
0 0.517750 0.348534 0.043758 0.040756
0 0.458033 0.407076 0.039798 0.052697
0 0.328585 0.119477 0.043103 0.056873
0 0.522621 0.280137 0.044906 0.036847
0 0.915173 0.666276 0.022693 0.034883
0 0.514425 0.375510 0.044062 0.044004
0 0.529109 0.212184 0.046909 0.039803
0 0.531914 0.182141 0.045162 0.044228
0 0.909943 0.584127 0.042618 0.051676
0 0.904977 0.625316 0.042467 0.050053
0 0.122519 0.074130 0.037569 0.055430
0 0.244234 0.446375 0.042467 0.050053
0 0.264188 0.238612 0.039165 0.049382
0 0.311905 0.292160 0.041215 0.048205
0 0.366556 0.259413 0.038862 0.046133
0 0.623004 0.858440 0.037609 0.044286
0 0.899351 0.703603 0.041669 0.053077
0 0.921292 0.456530 0.041366 0.049829
0 0.656941 0.488865 0.036356 0.042439
0 0.682242 0.788563 0.037457 0.042662
0 0.669848 0.909328 0.040114 0.047982
0 0.236028 0.528276 0.041518 0.051453
0 0.618891 0.896492 0.036660 0.045686
0 0.228145 0.612723 0.043416 0.048653
0 0.781047 0.847529 0.037912 0.047534
0 0.525850 0.247101 0.045769 0.050724
0 0.370118 0.221249 0.038710 0.044510
