0 0.803777 0.150119 0.034774 0.049846
0 0.239394 0.163356 0.034751 0.046557
0 0.650807 0.288067 0.033607 0.041606
0 0.239167 0.294945 0.034729 0.043268
0 0.238592 0.209423 0.034729 0.043268
0 0.396098 0.415998 0.033596 0.039962
0 0.343038 0.291773 0.033618 0.043251
0 0.343296 0.247359 0.034751 0.046557
0 0.191130 0.670670 0.035841 0.043284
0 0.599113 0.201652 0.031408 0.044863
0 0.289936 0.160968 0.035885 0.049863
0 0.084181 0.381111 0.034729 0.043268
0 0.343325 0.334533 0.035841 0.043284
0 0.192526 0.795655 0.034751 0.046557
0 0.599143 0.288827 0.032474 0.038301
0 0.187795 0.339288 0.033585 0.038317
0 0.451097 0.746620 0.034740 0.044912
0 0.238879 0.252184 0.034729 0.043268
0 0.191418 0.713432 0.033618 0.043251
0 0.395816 0.374059 0.033607 0.041606
0 0.803537 0.197000 0.033629 0.044896
0 0.190849 0.628732 0.035830 0.041639
0 0.757452 0.532399 0.034729 0.043268
0 0.139459 0.587545 0.033596 0.039962
0 0.242500 0.543264 0.033574 0.036673
0 0.755226 0.366305 0.032485 0.039946
0 0.703843 0.409004 0.031385 0.041574
0 0.086413 0.548027 0.034762 0.048201
0 0.805229 0.366392 0.032496 0.041590
0 0.756054 0.489654 0.032485 0.039946
0 0.086971 0.631082 0.034729 0.043268
0 0.603038 0.537960 0.032507 0.043235
0 0.499680 0.452305 0.040307 0.046639
0 0.290847 0.296653 0.033607 0.041606
0 0.705524 0.493688 0.033596 0.039962
0 0.190302 0.547321 0.033596 0.039962
0 0.085024 0.423863 0.033596 0.039962
0 0.604167 0.623474 0.035863 0.046574
0 0.855752 0.278473 0.034762 0.048201
0 0.702456 0.367903 0.029164 0.041541
0 0.243082 0.712672 0.034729 0.043268
0 0.603319 0.579898 0.034718 0.041623
0 0.804937 0.322809 0.034729 0.043268
0 0.190573 0.587615 0.033607 0.041606
0 0.242789 0.669088 0.034740 0.044912
0 0.909917 0.401860 0.034751 0.046557
0 0.139179 0.628669 0.034729 0.043268
0 0.186946 0.295713 0.034774 0.049846
0 0.400002 0.832079 0.033596 0.039962
0 0.445788 0.203908 0.035874 0.048218
0 0.397768 0.582100 0.034751 0.046557
0 0.911035 0.485729 0.033618 0.043251
0 0.244736 0.876306 0.035830 0.041639
0 0.916036 0.734024 0.035841 0.043284
0 0.136671 0.420637 0.032496 0.041590
0 0.807161 0.405839 0.031363 0.038285
0 0.139187 0.712555 0.031397 0.043219
0 0.807437 0.446955 0.033607 0.041606
0 0.705800 0.534803 0.033618 0.043251
0 0.446017 0.155382 0.034774 0.049846
0 0.400270 0.789310 0.034729 0.043268
0 0.907094 0.146955 0.036974 0.046590
0 0.804094 0.280055 0.031374 0.039930
0 0.243332 0.832739 0.035863 0.046574
0 0.450273 0.789397 0.032496 0.041590
0 0.399729 0.708722 0.034729 0.043268
0 0.191138 0.754556 0.032485 0.039946
0 0.916312 0.775140 0.035819 0.039995
0 0.139466 0.671430 0.032507 0.043235
0 0.140581 0.837541 0.036974 0.046590
0 0.293888 0.501387 0.034707 0.039979
0 0.290554 0.253069 0.035863 0.046574
0 0.602178 0.492740 0.031408 0.044863
0 0.706918 0.618673 0.034729 0.043268
0 0.086137 0.506910 0.034696 0.038334
0 0.398320 0.664333 0.032507 0.043235
0 0.240554 0.336045 0.034685 0.036689
0 0.707475 0.701728 0.036985 0.048234
0 0.459410 0.329536 0.023575 0.036525
0 0.082740 0.166483 0.036963 0.044945
0 0.398055 0.624861 0.032485 0.039946
0 0.451116 0.832149 0.033607 0.041606
0 0.087245 0.589135 0.033585 0.038317
0 0.706631 0.575911 0.034729 0.043268
0 0.759402 0.657376 0.034707 0.039979
0 0.707739 0.658136 0.033596 0.039962
0 0.763303 0.907331 0.036974 0.046590
0 0.397476 0.538517 0.032474 0.038301
0 0.193089 0.879533 0.034729 0.043268
0 0.436372 0.456526 0.024686 0.036542
0 0.188604 0.377107 0.034674 0.035044
0 0.909649 0.444629 0.033596 0.039962
0 0.803830 0.240584 0.033618 0.043251
0 0.907966 0.276883 0.034707 0.039979
0 0.400289 0.874840 0.035863 0.046574
0 0.599980 0.330758 0.033618 0.043251
0 0.908248 0.318822 0.034718 0.041623
0 0.245023 0.919067 0.035830 0.041639
0 0.758290 0.574329 0.035830 0.041639
0 0.762173 0.821817 0.033596 0.039962
0 0.759126 0.616260 0.034707 0.039979
0 0.914097 0.610690 0.035863 0.046574
0 0.242797 0.752974 0.035808 0.038350
0 0.761071 0.740415 0.032496 0.041590
0 0.916588 0.816256 0.035841 0.043284
0 0.083606 0.212525 0.035852 0.044929
0 0.761347 0.781532 0.034718 0.041623
0 0.600817 0.372689 0.030252 0.038268
0 0.192807 0.837594 0.034696 0.038334
0 0.400000 0.749016 0.032474 0.038301
0 0.452207 0.911907 0.034707 0.039979
0 0.908235 0.234114 0.035863 0.046574
0 0.451936 0.871613 0.034718 0.041623
0 0.193370 0.921472 0.034718 0.041623
0 0.124141 0.374766 0.023586 0.038170
0 0.083893 0.255287 0.035852 0.044929
0 0.913809 0.567929 0.033618 0.043251
0 0.459711 0.291700 0.020198 0.029898
0 0.149160 0.294625 0.021353 0.036493
0 0.912422 0.526830 0.033596 0.039962
0 0.436631 0.495175 0.022475 0.038154
0 0.913834 0.654282 0.034718 0.041623
0 0.915205 0.692915 0.034707 0.039979
0 0.435529 0.413773 0.023575 0.036525
0 0.397216 0.499867 0.032485 0.039946
0 0.761899 0.863765 0.034718 0.041623
0 0.759123 0.698501 0.031397 0.043219
0 0.140834 0.792305 0.033607 0.041606
0 0.138351 0.505320 0.034707 0.039979
0 0.601632 0.411330 0.033596 0.039962
0 0.243050 0.790801 0.035830 0.041639
0 0.461644 0.414211 0.022475 0.038154
0 0.435806 0.289585 0.019076 0.028237
0 0.461365 0.455336 0.021364 0.038138
0 0.149436 0.335741 0.021331 0.033204
0 0.916314 0.858203 0.034740 0.044912
0 0.150267 0.376849 0.020220 0.033188
0 0.140024 0.754486 0.032474 0.038301
0 0.497183 0.245917 0.042496 0.041737
0 0.082761 0.335076 0.036974 0.046590
0 0.462762 0.663385 0.023575 0.036525
0 0.910180 0.358268 0.033607 0.041606
0 0.462207 0.498089 0.020209 0.031543
0 0.122759 0.334488 0.023575 0.036525
0 0.917167 0.902600 0.035830 0.041639
0 0.123044 0.294186 0.020231 0.034831
0 0.395551 0.334587 0.033607 0.041606
0 0.463038 0.704501 0.025798 0.036558
0 0.460241 0.370644 0.024642 0.029963
0 0.702747 0.328423 0.032474 0.038301
0 0.602464 0.452437 0.034619 0.026821
0 0.907937 0.189708 0.033596 0.039962
0 0.516099 0.746486 0.022442 0.033220
0 0.499956 0.493421 0.044641 0.030257
0 0.242770 0.583558 0.035852 0.044929
0 0.293051 0.459456 0.033607 0.041606
0 0.502506 0.376766 0.040239 0.036442
0 0.500398 0.310923 0.041375 0.040241
0 0.495960 0.146506 0.043531 0.030406
0 0.500627 0.345106 0.043544 0.032429
0 0.496723 0.177335 0.042458 0.036145
0 0.083068 0.298146 0.035831 0.041804
0 0.496934 0.208830 0.044628 0.028448
0 0.499069 0.278539 0.041293 0.028070
0 0.598867 0.247711 0.034740 0.044912
0 0.547197 0.247648 0.035841 0.043284
0 0.240859 0.464336 0.033618 0.043251
0 0.291664 0.418357 0.033607 0.041606
0 0.240274 0.377169 0.035863 0.046574
0 0.189476 0.507035 0.036941 0.041655
0 0.754950 0.325188 0.034729 0.043268
0 0.138632 0.547259 0.034740 0.044912
0 0.291112 0.336124 0.033607 0.041606
0 0.598254 0.156433 0.034774 0.049846
0 0.756047 0.405768 0.033596 0.039962
0 0.290256 0.208663 0.035841 0.043284
0 0.085306 0.465802 0.033629 0.044896
0 0.189200 0.465919 0.034718 0.041623
0 0.701893 0.284027 0.033652 0.048185
0 0.290827 0.376426 0.032485 0.039946
0 0.242246 0.505437 0.033596 0.039962
0 0.548034 0.289579 0.034718 0.041623
0 0.189458 0.421505 0.033652 0.048185
0 0.547706 0.157998 0.035874 0.048218
0 0.649403 0.244501 0.031419 0.046508
0 0.243063 0.627141 0.033618 0.043251
0 0.756884 0.447699 0.032519 0.044880
0 0.137520 0.464212 0.033618 0.043251
0 0.546905 0.204065 0.033607 0.041606
0 0.648807 0.155689 0.035863 0.046574
0 0.240566 0.420753 0.033629 0.044896
0 0.751007 0.151719 0.035874 0.048218
0 0.396934 0.457928 0.032519 0.044880
0 0.753569 0.284910 0.032496 0.041590
0 0.395259 0.291004 0.035863 0.046574
0 0.446097 0.249959 0.033629 0.044896
0 0.649111 0.200917 0.033607 0.041606
0 0.752720 0.241336 0.033641 0.046541
0 0.704692 0.452579 0.032507 0.043235
0 0.752978 0.196922 0.034729 0.043268
