0 0.795340 0.253553 0.041937 0.054904
0 0.020514 0.640194 0.036562 0.047275
0 0.699237 0.485647 0.039513 0.052622
0 0.592869 0.790495 0.041408 0.051840
0 0.868048 0.800111 0.041408 0.051840
0 0.406962 0.641408 0.043566 0.052590
0 0.328835 0.447791 0.040064 0.049933
0 0.350391 0.326184 0.036562 0.047275
0 0.530636 0.514712 0.038985 0.049557
0 0.058305 0.739402 0.043566 0.052590
0 0.166028 0.436650 0.040592 0.052997
0 0.467454 0.277575 0.041937 0.054904
0 0.107485 0.457704 0.042487 0.052215
0 0.745378 0.543101 0.036562 0.047275
0 0.053524 0.438940 0.040328 0.051464
0 0.291991 0.349724 0.042487 0.052215
0 0.631454 0.885107 0.041937 0.054904
0 0.380284 0.802643 0.043566 0.052590
0 0.158747 0.475528 0.041408 0.051840
0 0.224835 0.414064 0.039799 0.048401
0 0.578848 0.868439 0.040328 0.051464
0 0.705362 0.784952 0.042752 0.053748
0 0.131266 0.638107 0.042487 0.052215
0 0.671624 0.648992 0.043016 0.055280
0 0.480914 0.192939 0.041408 0.051840
0 0.874381 0.760092 0.041959 0.049152
0 0.894990 0.637345 0.044095 0.055655
0 0.645343 0.807929 0.042752 0.053748
0 0.489331 0.452444 0.040857 0.054529
0 0.205427 0.533168 0.043280 0.056811
0 0.282738 0.081808 0.045152 0.061783
0 0.452436 0.729241 0.026527 0.036153
0 0.450077 0.750206 0.022661 0.019040
0 0.121099 0.378805 0.044910 0.054498
0 0.816113 0.782865 0.041673 0.053373
0 0.428441 0.175506 0.043280 0.056811
0 0.379480 0.160916 0.041386 0.057593
0 0.432572 0.483050 0.042487 0.052215
0 0.581402 0.223821 0.043280 0.056811
0 0.342163 0.363922 0.038170 0.050714
0 0.355304 0.625882 0.042752 0.053748
0 0.734792 0.279593 0.042466 0.057969
0 0.827977 0.704170 0.042752 0.053748
0 0.739452 0.584074 0.041673 0.053373
0 0.537102 0.473927 0.042487 0.052215
0 0.439433 0.439966 0.041937 0.054904
0 0.602242 0.411322 0.038985 0.049557
0 0.787542 0.298747 0.042201 0.056436
0 0.523356 0.553591 0.040328 0.051464
0 0.365084 0.247662 0.038985 0.049557
0 0.372089 0.207064 0.041937 0.054904
0 0.835786 0.662228 0.041937 0.054904
0 0.718304 0.706634 0.041673 0.053373
0 0.374293 0.502571 0.042223 0.050683
0 0.186371 0.315434 0.043831 0.054123
0 0.759531 0.464390 0.042223 0.050683
0 0.171954 0.395677 0.042487 0.052215
0 0.661182 0.387971 0.041673 0.053373
0 0.360954 0.583188 0.041408 0.051840
0 0.811741 0.483356 0.041408 0.051840
0 0.548888 0.733792 0.043831 0.054123
0 0.503011 0.674806 0.041408 0.051840
0 0.555485 0.692240 0.042752 0.053748
0 0.200514 0.233472 0.043566 0.052590
0 0.381033 0.463505 0.041959 0.049152
0 0.509478 0.634021 0.040592 0.052997
0 0.086205 0.581029 0.040064 0.049933
0 0.686174 0.567984 0.041408 0.051840
0 0.193509 0.274070 0.043831 0.054123
0 0.321830 0.488389 0.040328 0.051464
0 0.141971 0.254526 0.043831 0.054123
0 0.725574 0.664503 0.041937 0.054904
0 0.633436 0.552082 0.042752 0.053748
0 0.732039 0.623718 0.042223 0.050683
0 0.668991 0.346028 0.043016 0.055280
0 0.315629 0.527643 0.038985 0.049557
0 0.144736 0.556724 0.044095 0.055655
0 0.654716 0.428756 0.042487 0.052215
0 0.245454 0.294568 0.043545 0.058344
0 0.631320 0.242802 0.042201 0.056436
0 0.706915 0.444470 0.042223 0.050683
0 0.151742 0.516126 0.041144 0.050308
0 0.752658 0.504222 0.042752 0.053748
0 0.413505 0.262063 0.038170 0.050714
0 0.460449 0.318172 0.041144 0.050308
0 0.640034 0.510530 0.041673 0.053373
0 0.588364 0.491751 0.039249 0.051089
0 0.607155 0.711019 0.040328 0.051464
0 0.839608 0.315227 0.042201 0.056436
0 0.312875 0.228697 0.040328 0.051464
0 0.881254 0.720260 0.042487 0.052215
0 0.155850 0.174096 0.041937 0.054904
0 0.658143 0.727123 0.040328 0.051464
0 0.582571 0.531959 0.039249 0.051089
0 0.568560 0.613155 0.041937 0.054904
0 0.679301 0.607816 0.041408 0.051840
0 0.127157 0.337067 0.042223 0.050683
0 0.386695 0.424064 0.042752 0.053748
0 0.831942 0.359655 0.041673 0.053373
0 0.595909 0.451341 0.040592 0.052997
0 0.790042 0.602476 0.041408 0.051840
0 0.099940 0.498114 0.041673 0.053373
0 0.514344 0.317425 0.043302 0.051059
0 0.421447 0.219355 0.041937 0.054904
0 0.394163 0.722213 0.044359 0.057186
0 0.367960 0.542591 0.039513 0.052622
0 0.802643 0.864248 0.042752 0.053748
0 0.179366 0.356032 0.041408 0.051840
0 0.090170 0.236513 0.041673 0.053373
0 0.618126 0.968976 0.044359 0.057186
0 0.616793 0.330313 0.040064 0.049933
0 0.888260 0.679662 0.042752 0.053748
0 0.134295 0.295702 0.042752 0.053748
0 0.137060 0.597900 0.042487 0.052215
0 0.453037 0.357816 0.040592 0.052997
0 0.082768 0.279409 0.037884 0.054935
0 0.842384 0.620676 0.040328 0.051464
0 0.600414 0.750085 0.042752 0.053748
0 0.712775 0.745309 0.041144 0.050308
0 0.849389 0.580078 0.040064 0.049933
0 0.623522 0.287996 0.044624 0.058719
0 0.693444 0.525854 0.041673 0.053373
0 0.863410 0.502135 0.041673 0.053373
0 0.278520 0.431107 0.040879 0.048776
0 0.627235 0.591335 0.043566 0.052590
0 0.263695 0.510395 0.037091 0.050339
0 0.033720 0.560343 0.040328 0.051464
0 0.682726 0.263113 0.044095 0.055655
0 0.163263 0.777523 0.044645 0.052966
0 0.675457 0.305242 0.041144 0.050308
0 0.289755 0.687533 0.040592 0.052997
0 0.302830 0.608447 0.038720 0.048026
0 0.516615 0.592657 0.037905 0.049182
0 0.575830 0.571025 0.036826 0.048807
0 0.777651 0.684236 0.038170 0.050714
0 0.560068 0.652424 0.041959 0.049152
0 0.834090 0.986863 0.040592 0.026274
0 0.856669 0.541200 0.038720 0.048026
0 0.529104 0.218627 0.048190 0.044118
0 0.318933 0.186957 0.038170 0.050714
0 0.539668 0.154096 0.047640 0.046807
0 0.270435 0.471330 0.038985 0.049557
0 0.559450 0.347725 0.040571 0.058750
0 0.624856 0.926659 0.040328 0.051464
0 0.860371 0.841288 0.040857 0.054529
0 0.061477 0.399483 0.039799 0.048401
0 0.506778 0.351332 0.043588 0.046838
0 0.565916 0.306940 0.040328 0.051464
0 0.517737 0.284503 0.043874 0.042617
0 0.276153 0.769682 0.040879 0.048776
0 0.794559 0.904471 0.038170 0.050714
0 0.782300 0.980155 0.041144 0.039690
0 0.445624 0.397461 0.041144 0.050308
0 0.400761 0.680662 0.044381 0.051434
0 0.017172 0.680980 0.034344 0.052997
0 0.774479 0.998351 0.041937 0.003297
0 0.842174 0.960002 0.040328 0.051464
0 0.847561 0.918841 0.038456 0.046494
0 0.533984 0.187034 0.046275 0.050653
0 0.930027 0.437606 0.040064 0.049933
0 0.315827 0.867921 0.041959 0.049152
0 0.334277 0.744423 0.040879 0.048776
0 0.677737 0.945047 0.040857 0.054529
0 0.183332 0.654588 0.039799 0.048401
0 0.541200 0.771717 0.034140 0.044993
0 0.170258 0.733673 0.042201 0.056436
0 0.374898 0.843804 0.042752 0.053748
0 0.482193 0.493808 0.039271 0.045336
0 0.501215 0.380253 0.042509 0.046462
0 0.916556 0.518990 0.041144 0.050308
0 0.883611 0.378433 0.041937 0.054904
0 0.065442 0.698039 0.041937 0.054904
0 0.908604 0.558447 0.043302 0.051059
0 0.651809 0.767143 0.041408 0.051840
0 0.638195 0.846041 0.040086 0.044180
0 0.013471 0.722344 0.026942 0.049933
0 0.323097 0.825792 0.043280 0.056811
0 0.534591 0.810016 0.034668 0.048057
0 0.367354 0.884214 0.043566 0.052590
0 0.647711 0.469354 0.042752 0.053748
0 0.269951 0.808936 0.042752 0.053748
0 0.051311 0.783252 0.042752 0.053748
0 0.266327 0.170289 0.041408 0.051840
0 0.923286 0.476673 0.042487 0.052215
0 0.869336 0.461161 0.038720 0.048026
0 0.854985 0.882448 0.041144 0.050308
0 0.774203 0.379364 0.040328 0.051464
0 0.496138 0.714638 0.043566 0.052590
0 0.935953 0.396633 0.040857 0.054529
0 0.788357 0.943724 0.042201 0.056436
0 0.571975 0.908271 0.038170 0.050714
0 0.521120 0.891399 0.040592 0.052997
0 0.488448 0.149277 0.043831 0.054123
0 0.684610 0.905214 0.039799 0.048401
0 0.513850 0.933530 0.042487 0.052215
0 0.068890 0.359840 0.038720 0.048026
0 0.766669 0.423026 0.041121 0.056060
0 0.329562 0.785006 0.041408 0.051840
0 0.691076 0.864429 0.041673 0.053373
0 0.425963 0.521349 0.041959 0.049152
0 0.902534 0.596934 0.042223 0.050683
0 0.148977 0.213928 0.038720 0.048026
0 0.420566 0.559259 0.040064 0.049933
0 0.797587 0.562066 0.040064 0.049933
0 0.103640 0.155130 0.040592 0.052997
0 0.079189 0.618375 0.038720 0.048026
0 0.040451 0.518026 0.040042 0.055685
0 0.072448 0.657441 0.038985 0.049557
0 0.298600 0.311424 0.040328 0.051464
0 0.211761 0.493150 0.040615 0.047245
0 0.825476 0.400440 0.040328 0.051464
0 0.283565 0.730038 0.040328 0.051464
0 0.328757 0.143279 0.043545 0.058344
0 0.103653 0.801453 0.042201 0.056436
0 0.670600 0.980151 0.042487 0.039698
0 0.340621 0.707656 0.043038 0.049527
0 0.544779 0.432750 0.041408 0.051840
0 0.117784 0.716239 0.042487 0.052215
0 0.697949 0.824597 0.042773 0.047995
0 0.110382 0.759135 0.042487 0.052215
0 0.047456 0.477428 0.038720 0.048026
0 0.523553 0.250799 0.047618 0.052560
0 0.586393 0.828029 0.038985 0.049557
0 0.075223 0.319819 0.035483 0.046900
0 0.565113 0.951355 0.039778 0.054154
0 0.944027 0.353159 0.044359 0.057186
0 0.876617 0.422283 0.042752 0.053748
0 0.263760 0.851441 0.043016 0.055280
0 0.664751 0.688824 0.039799 0.048401
0 0.393436 0.384998 0.039271 0.045336
0 0.114897 0.418058 0.041408 0.051840
0 0.092670 0.540243 0.041937 0.054904
0 0.620086 0.629448 0.039799 0.048401
0 0.156798 0.818308 0.045989 0.054873
0 0.295681 0.646559 0.038170 0.050714
0 0.714459 0.404060 0.044095 0.055655
0 0.387025 0.763577 0.041144 0.050308
0 0.891277 0.334006 0.044624 0.058719
0 0.010575 0.763896 0.021149 0.053373
0 0.026847 0.600175 0.040328 0.051464
0 0.190073 0.615522 0.042752 0.053748
0 0.474185 0.235257 0.040592 0.052997
0 0.196539 0.574736 0.041408 0.051840
0 0.573460 0.266529 0.041673 0.053373
0 0.780272 0.340877 0.040879 0.048776
0 0.252856 0.251672 0.039799 0.048401
0 0.097175 0.195916 0.038720 0.048026
0 0.721332 0.364228 0.040879 0.048776
0 0.804328 0.523000 0.040328 0.051464
0 0.176855 0.692121 0.040592 0.052997
0 0.124525 0.677173 0.040064 0.049933
0 0.347902 0.668778 0.043280 0.056811
0 0.527993 0.851568 0.040064 0.049933
0 0.412888 0.600435 0.043831 0.054123
0 0.488594 0.755048 0.042752 0.053748
0 0.551519 0.393685 0.041673 0.053373
0 0.239253 0.333822 0.038456 0.046494
0 0.809648 0.823651 0.040328 0.051464
0 0.274676 0.128534 0.042201 0.056436
0 0.822183 0.744378 0.039535 0.046869
0 0.285525 0.390509 0.041673 0.053373
0 0.259190 0.211653 0.041937 0.054904
0 0.357803 0.286540 0.038699 0.053778
0 0.614292 0.669655 0.043016 0.055280
0 0.308756 0.567474 0.041673 0.053373
0 0.231708 0.374232 0.043016 0.055280
0 0.400441 0.344400 0.043809 0.059876
0 0.305605 0.270826 0.042752 0.053748
0 0.407172 0.302083 0.040879 0.048776
0 0.728205 0.324396 0.044095 0.055655
0 0.784656 0.643637 0.040592 0.052997
0 0.207112 0.191921 0.045174 0.056030
0 0.609379 0.369958 0.041673 0.053373
0 0.219041 0.454271 0.042487 0.052215
0 0.818338 0.441804 0.043016 0.055280
0 0.335697 0.404707 0.042201 0.056436
