0 0.528266 0.751198 0.023131 0.024830
0 0.527418 0.730811 0.023334 0.029723
0 0.918172 0.664535 0.024579 0.033084
0 0.505376 0.495423 0.041215 0.034582
0 0.923348 0.294097 0.025824 0.036446
0 0.205333 0.775354 0.037119 0.042337
0 0.914710 0.581358 0.024851 0.039608
0 0.208828 0.859347 0.034832 0.040506
0 0.105925 0.914447 0.038296 0.044068
0 0.943747 0.703978 0.023538 0.034615
0 0.502185 0.378662 0.040038 0.032851
0 0.932657 0.745084 0.038160 0.040806
0 0.651046 0.317788 0.036009 0.042237
0 0.927783 0.373914 0.025824 0.036446
0 0.103119 0.873773 0.038431 0.047330
0 0.910728 0.499046 0.023402 0.031354
0 0.915886 0.622997 0.023538 0.034615
0 0.659667 0.484810 0.034968 0.043768
0 0.917684 0.706324 0.024783 0.037977
0 0.186530 0.363692 0.036077 0.043868
0 0.202040 0.696254 0.039676 0.050692
0 0.107724 0.957667 0.038499 0.048961
0 0.940285 0.620801 0.023402 0.031354
0 0.921753 0.255771 0.023674 0.037877
0 0.206577 0.818624 0.038703 0.053854
0 0.939109 0.579162 0.022497 0.036147
0 0.202696 0.738757 0.037051 0.040706
0 0.910761 0.539968 0.022429 0.034516
0 0.930691 0.417033 0.025892 0.038077
0 0.934538 0.496084 0.022361 0.032885
0 0.896732 0.256386 0.022565 0.037778
0 0.097406 0.749871 0.037187 0.043968
0 0.942537 0.661523 0.024783 0.037977
0 0.905082 0.416883 0.023606 0.036246
0 0.832004 0.840907 0.036212 0.047130
0 0.098481 0.789064 0.038296 0.044068
0 0.724226 0.765482 0.033723 0.040407
0 0.902276 0.376210 0.023606 0.036246
0 0.936303 0.538488 0.024851 0.039608
0 0.460310 0.669733 0.034968 0.043768
0 0.926120 0.333955 0.023674 0.037877
0 0.932875 0.456126 0.024647 0.034715
0 0.493112 0.214137 0.042392 0.036312
0 0.101354 0.831369 0.038431 0.047330
0 0.558258 0.495575 0.038431 0.047330
0 0.827955 0.756964 0.034900 0.042137
0 0.092734 0.624240 0.036077 0.043868
0 0.753598 0.267632 0.033791 0.042038
0 0.242704 0.483051 0.033859 0.043669
0 0.233495 0.275157 0.039337 0.042537
0 0.723286 0.729551 0.037187 0.043968
0 0.338231 0.264093 0.033927 0.045300
0 0.562206 0.617179 0.036009 0.042237
0 0.128522 0.240405 0.035171 0.048661
0 0.245544 0.524541 0.036145 0.045499
0 0.284862 0.225515 0.037322 0.047230
0 0.563971 0.659584 0.038499 0.048961
0 0.336919 0.219192 0.032886 0.046831
0 0.822241 0.633063 0.033791 0.042038
0 0.762117 0.432206 0.036983 0.039075
0 0.622465 0.821297 0.039472 0.045799
0 0.756992 0.349179 0.031573 0.041838
0 0.296561 0.479841 0.037187 0.043968
0 0.130456 0.286887 0.037322 0.047230
0 0.413210 0.755006 0.036145 0.045499
0 0.620667 0.778078 0.037322 0.047230
0 0.769041 0.598562 0.037254 0.045599
0 0.670019 0.733527 0.039472 0.045799
0 0.232771 0.231022 0.035307 0.051923
0 0.292442 0.394267 0.036145 0.045499
0 0.774552 0.677462 0.039540 0.047430
0 0.667044 0.648669 0.033791 0.042038
0 0.862520 0.383881 0.035036 0.045399
0 0.302172 0.601295 0.036145 0.045499
0 0.614331 0.612487 0.036145 0.045499
0 0.805757 0.263756 0.036212 0.047130
0 0.415528 0.797361 0.037254 0.045599
0 0.606819 0.445366 0.034832 0.040506
0 0.817150 0.510743 0.033927 0.045300
0 0.351457 0.515007 0.035036 0.045399
0 0.653919 0.360093 0.036145 0.045499
0 0.405279 0.591196 0.036077 0.043868
0 0.444143 0.254560 0.035171 0.048661
0 0.716849 0.601623 0.037254 0.045599
0 0.251258 0.648442 0.039472 0.045799
0 0.701508 0.273139 0.033859 0.043669
0 0.551402 0.370958 0.032682 0.041938
0 0.811991 0.386792 0.036145 0.045499
0 0.597157 0.239969 0.035239 0.050292
0 0.546662 0.243695 0.036145 0.045499
0 0.292578 0.437637 0.037322 0.047230
0 0.765059 0.516250 0.038296 0.044068
0 0.860755 0.341476 0.035036 0.045399
0 0.814310 0.469253 0.036077 0.043868
0 0.402993 0.549658 0.037254 0.045599
0 0.235747 0.315881 0.036145 0.045499
0 0.766756 0.557023 0.038431 0.047330
0 0.395515 0.383352 0.036009 0.042237
0 0.700331 0.231500 0.032818 0.045200
0 0.775276 0.721598 0.039540 0.047430
0 0.821167 0.593870 0.034900 0.042137
0 0.647618 0.235427 0.036212 0.047130
0 0.238065 0.358235 0.035036 0.045399
0 0.599024 0.284820 0.034900 0.042137
0 0.763260 0.473030 0.036280 0.048761
0 0.452210 0.461738 0.038363 0.045699
0 0.657902 0.442405 0.034968 0.043768
0 0.674941 0.811662 0.038499 0.048961
0 0.544241 0.198894 0.037458 0.050492
0 0.390910 0.259351 0.037390 0.048861
0 0.660809 0.525633 0.036077 0.043868
0 0.392709 0.302571 0.037187 0.043968
0 0.495956 0.282473 0.044623 0.036838
0 0.865756 0.463494 0.038623 0.051928
0 0.389564 0.213635 0.034062 0.048561
0 0.086500 0.501204 0.038363 0.045699
0 0.342214 0.346405 0.034832 0.040506
0 0.441168 0.209809 0.032886 0.046831
0 0.085290 0.458750 0.037254 0.045599
0 0.617792 0.695665 0.036145 0.045499
0 0.299819 0.558126 0.034968 0.043768
0 0.467133 0.793534 0.036077 0.043868
0 0.180024 0.234133 0.038499 0.048961
0 0.308473 0.725962 0.038296 0.044068
0 0.408119 0.632686 0.036145 0.045499
0 0.247275 0.566130 0.038296 0.044068
0 0.463150 0.711221 0.035036 0.045399
0 0.239242 0.399874 0.033859 0.043669
0 0.136102 0.409158 0.038296 0.044068
0 0.771293 0.639286 0.038228 0.042437
0 0.568474 0.741030 0.036145 0.045499
0 0.286627 0.267919 0.034968 0.043768
0 0.303903 0.642885 0.036077 0.043868
0 0.645683 0.188945 0.038635 0.052223
0 0.288392 0.310324 0.032750 0.043569
0 0.459134 0.628094 0.036280 0.048761
0 0.663095 0.567172 0.034900 0.042137
0 0.607961 0.486190 0.033995 0.046930
0 0.619456 0.735623 0.038296 0.044068
0 0.727133 0.808601 0.038499 0.048961
0 0.503611 0.453019 0.041894 0.050891
0 0.558360 0.538129 0.037187 0.043968
0 0.719858 0.687296 0.038431 0.047330
0 0.706112 0.397140 0.037187 0.043968
0 0.668775 0.690257 0.038431 0.047330
0 0.697220 0.183487 0.037594 0.053754
0 0.759798 0.389853 0.036280 0.048761
0 0.611978 0.569317 0.037187 0.043968
0 0.819436 0.552281 0.037322 0.047230
0 0.594634 0.192721 0.036484 0.053654
0 0.649937 0.277781 0.037187 0.043968
0 0.703171 0.313097 0.036145 0.045499
0 0.241007 0.442279 0.036212 0.047130
0 0.704936 0.355501 0.036145 0.045499
0 0.602938 0.365501 0.036077 0.043868
0 0.709439 0.436948 0.036009 0.042237
0 0.605190 0.406224 0.037187 0.043968
0 0.554830 0.453320 0.034968 0.043768
0 0.444279 0.297930 0.036077 0.043868
0 0.394961 0.343294 0.036077 0.043868
0 0.810226 0.344387 0.036145 0.045499
0 0.347508 0.473618 0.034968 0.043768
0 0.448295 0.381057 0.037187 0.043968
0 0.715707 0.560799 0.036145 0.045499
0 0.610835 0.528495 0.038296 0.044068
0 0.343877 0.386363 0.035036 0.045399
0 0.813722 0.428380 0.036077 0.043868
0 0.600687 0.324777 0.037187 0.043968
0 0.547351 0.287015 0.036212 0.047130
0 0.718060 0.644077 0.038363 0.045699
0 0.397212 0.424126 0.036145 0.045499
0 0.711170 0.478537 0.036212 0.047130
0 0.615542 0.654942 0.037254 0.045599
0 0.345743 0.431214 0.037322 0.047230
0 0.341659 0.306348 0.039472 0.045799
0 0.400120 0.467245 0.036212 0.047130
0 0.859612 0.300652 0.031573 0.041838
0 0.088718 0.541112 0.037051 0.040706
0 0.259845 0.854755 0.037187 0.043968
0 0.936808 0.831474 0.039540 0.047430
0 0.314707 0.889106 0.037051 0.040706
0 0.264484 0.939464 0.037187 0.043968
0 0.094397 0.664198 0.036145 0.045499
0 0.490430 0.149715 0.044678 0.038143
0 0.573113 0.865847 0.032886 0.046831
0 0.934388 0.786672 0.038363 0.045699
0 0.211148 0.901701 0.038567 0.050592
0 0.491754 0.181519 0.042528 0.039574
0 0.096195 0.707418 0.038431 0.047330
0 0.420789 0.923758 0.037458 0.050492
0 0.262130 0.896294 0.038499 0.048961
0 0.257627 0.814847 0.038363 0.045699
0 0.191168 0.488509 0.037254 0.045599
0 0.833837 0.884943 0.040649 0.047529
0 0.470561 0.875896 0.036280 0.048761
0 0.446496 0.337837 0.037119 0.042337
0 0.417881 0.880638 0.035036 0.045399
0 0.907299 0.456791 0.024919 0.041239
0 0.898916 0.295478 0.023674 0.037877
0 0.940203 0.872913 0.038363 0.045699
0 0.255862 0.772443 0.038363 0.045699
0 0.679161 0.899683 0.037390 0.048861
0 0.471251 0.919216 0.036077 0.043868
0 0.082382 0.375522 0.036009 0.042237
0 0.800089 0.127573 0.036552 0.055285
0 0.312557 0.850828 0.038228 0.042437
0 0.570827 0.824308 0.031573 0.041838
0 0.826359 0.718637 0.037187 0.043968
0 0.776973 0.762371 0.037051 0.040706
0 0.468796 0.833491 0.033791 0.042038
0 0.091524 0.581786 0.039540 0.047430
0 0.254652 0.729988 0.037254 0.045599
0 0.464259 0.751229 0.036077 0.043868
0 0.856151 0.257583 0.030804 0.049893
0 0.676253 0.856563 0.037322 0.047230
0 0.807454 0.304529 0.033723 0.040407
0 0.309616 0.766786 0.037187 0.043968
0 0.317128 0.933907 0.036416 0.052023
0 0.354229 0.594973 0.033791 0.042038
0 0.197957 0.611494 0.036077 0.043868
0 0.782856 0.890350 0.038363 0.045699
0 0.863560 0.422257 0.033587 0.037145
0 0.550259 0.330134 0.036280 0.048761
0 0.290677 0.351862 0.036145 0.045499
0 0.079339 0.289033 0.037119 0.042337
0 0.213049 0.947368 0.040649 0.047529
0 0.077019 0.246678 0.036280 0.048761
0 0.353120 0.554966 0.030396 0.040107
0 0.253543 0.689981 0.036077 0.043868
0 0.410958 0.714282 0.032682 0.041938
0 0.457335 0.584874 0.035941 0.040606
0 0.728411 0.852687 0.039608 0.049061
0 0.672723 0.771755 0.037051 0.040706
0 0.626515 0.905241 0.038296 0.044068
0 0.802714 0.177266 0.035104 0.047030
0 0.189924 0.445239 0.036212 0.047130
0 0.729622 0.895141 0.038228 0.042437
0 0.779914 0.846414 0.038363 0.045699
0 0.493982 0.248437 0.043772 0.042936
0 0.199133 0.653133 0.037254 0.045599
0 0.778704 0.803960 0.037254 0.045599
0 0.899990 0.334670 0.022565 0.037778
0 0.192447 0.532594 0.036145 0.045499
0 0.195185 0.571637 0.036009 0.042237
0 0.829097 0.797787 0.036145 0.045499
0 0.569719 0.784300 0.034968 0.043768
0 0.182411 0.278118 0.037254 0.045599
0 0.355960 0.636562 0.033995 0.046930
0 0.073942 0.199481 0.038499 0.048961
0 0.576609 0.909733 0.038296 0.044068
0 0.134405 0.368384 0.038296 0.044068
0 0.553653 0.411682 0.033791 0.042038
0 0.625271 0.861971 0.037254 0.045599
0 0.755295 0.308405 0.033927 0.045300
0 0.305634 0.684474 0.038363 0.045699
0 0.084011 0.414665 0.036145 0.045499
0 0.566223 0.700307 0.037119 0.042337
0 0.188159 0.402835 0.038296 0.044068
0 0.560023 0.578086 0.037119 0.042337
0 0.400776 0.509750 0.036077 0.043868
0 0.664237 0.607995 0.036009 0.042237
0 0.455774 0.547363 0.035941 0.040606
0 0.750453 0.178696 0.039812 0.053953
0 0.416739 0.839814 0.033791 0.042038
0 0.132187 0.328477 0.034900 0.042137
0 0.409295 0.674325 0.034968 0.043768
0 0.751868 0.226043 0.038431 0.047330
0 0.283516 0.179799 0.036348 0.050392
0 0.310826 0.809240 0.038431 0.047330
0 0.712867 0.519311 0.031641 0.043469
0 0.656726 0.400767 0.036009 0.042237
0 0.454111 0.507405 0.040717 0.049160
0 0.824006 0.675467 0.036280 0.048761
0 0.298190 0.518983 0.037187 0.043968
0 0.080063 0.333168 0.039608 0.049061
0 0.137969 0.454009 0.038635 0.052223
0 0.184799 0.322104 0.038499 0.048961
0 0.803958 0.220536 0.036145 0.045499
0 0.249527 0.606853 0.037187 0.043968
0 0.449924 0.420200 0.034832 0.040506
0 0.500338 0.347643 0.043494 0.036249
0 0.498984 0.315105 0.043637 0.039674
