0 0.247553 0.892075 0.041754 0.055907
0 0.647605 0.131376 0.041754 0.055907
0 0.161523 0.991146 0.042832 0.017709
0 0.748221 0.702872 0.040948 0.051112
0 0.862189 0.747358 0.040948 0.051112
0 0.453533 0.213257 0.048771 0.043506
0 0.870844 0.185581 0.040948 0.051112
0 0.847572 0.363958 0.042564 0.054707
0 0.841665 0.325394 0.041486 0.054309
0 0.198898 0.915992 0.040948 0.051112
0 0.762728 0.785799 0.042564 0.054707
0 0.869578 0.787923 0.039601 0.049114
0 0.769712 0.827362 0.042564 0.054707
0 0.264408 0.365468 0.041486 0.054309
0 0.862486 0.445887 0.042295 0.053108
0 0.513271 0.878803 0.039060 0.051913
0 0.442788 0.149314 0.045533 0.048307
0 0.269583 0.995804 0.040680 0.008391
0 0.733847 0.620744 0.040138 0.052311
0 0.849757 0.060092 0.041754 0.055907
0 0.261521 0.973624 0.041754 0.052753
0 0.520255 0.920366 0.041754 0.055907
0 0.155211 0.972877 0.044182 0.052306
0 0.855501 0.404323 0.042832 0.056305
0 0.883708 0.568778 0.041217 0.052710
0 0.485332 0.715947 0.040138 0.052311
0 0.819363 0.202900 0.041489 0.048313
0 0.898083 0.647509 0.040948 0.051112
0 0.498898 0.796675 0.037713 0.049917
0 0.482821 0.373917 0.045533 0.048307
0 0.505748 0.837439 0.040675 0.055508
0 0.740966 0.663107 0.040944 0.057108
0 0.139895 0.888552 0.042564 0.054707
0 0.233045 0.809147 0.040675 0.055508
0 0.820145 0.503973 0.038523 0.048716
0 0.678641 0.299030 0.039869 0.050713
0 0.050711 0.357824 0.043101 0.057904
0 0.492587 0.755713 0.039060 0.051913
0 0.721254 0.235750 0.037172 0.052716
0 0.470998 0.310372 0.046607 0.054701
0 0.351787 0.241507 0.040944 0.057108
0 0.577942 0.636743 0.041486 0.054309
0 0.849163 0.666431 0.040138 0.052311
0 0.868933 0.484253 0.039601 0.049114
0 0.755878 0.745035 0.042832 0.056305
0 0.299061 0.571685 0.042023 0.057506
0 0.147553 0.930714 0.044448 0.059901
0 0.571766 0.596580 0.039869 0.050713
0 0.171259 0.444872 0.034210 0.047123
0 0.864128 0.145616 0.041486 0.054309
0 0.720013 0.538418 0.039869 0.050713
0 0.790993 0.340717 0.039869 0.050713
0 0.270018 0.708901 0.035288 0.047521
0 0.826349 0.241067 0.042023 0.057506
0 0.478751 0.676782 0.039869 0.050713
0 0.750162 0.097734 0.040944 0.057108
0 0.071530 0.481715 0.037982 0.051515
0 0.448430 0.182885 0.046070 0.051504
0 0.127676 0.809024 0.044988 0.057102
0 0.091541 0.604204 0.038791 0.050315
0 0.084691 0.563440 0.041754 0.055907
0 0.133988 0.849986 0.040948 0.051112
0 0.855473 0.707394 0.041486 0.054309
0 0.891502 0.608345 0.043373 0.053506
0 0.515616 0.276062 0.043101 0.057904
0 0.283312 0.794823 0.043101 0.057904
0 0.107666 0.686533 0.041486 0.054309
0 0.257692 0.325504 0.043104 0.051908
0 0.226598 0.770782 0.037445 0.048317
0 0.756742 0.140295 0.036904 0.051116
0 0.712622 0.501250 0.040138 0.052311
0 0.905336 0.690671 0.044179 0.058303
0 0.077302 0.522876 0.040407 0.053910
0 0.543961 0.434523 0.038523 0.048716
0 0.142921 0.272826 0.041481 0.060304
0 0.183853 0.829868 0.042564 0.054707
0 0.656476 0.173940 0.040675 0.055508
0 0.855663 0.102054 0.041754 0.055907
0 0.726863 0.579182 0.042832 0.056305
0 0.255615 0.933239 0.043373 0.053506
0 0.476773 0.344741 0.047420 0.047505
0 0.464950 0.281197 0.044727 0.043511
0 0.714269 0.194186 0.039337 0.041520
0 0.555789 0.740004 0.024245 0.029947
0 0.499468 0.486613 0.042839 0.044313
0 0.551086 0.715426 0.023973 0.034345
0 0.215756 0.385988 0.037982 0.051515
0 0.564106 0.557812 0.040138 0.052311
0 0.692880 0.380358 0.041486 0.054309
0 0.162764 0.707776 0.041217 0.052710
0 0.492213 0.446849 0.046066 0.057500
0 0.699191 0.421321 0.042295 0.053108
0 0.373277 0.369393 0.040944 0.057108
0 0.294805 0.215867 0.041212 0.058706
0 0.199603 0.606729 0.038791 0.050315
0 0.785490 0.301153 0.040138 0.052311
0 0.359039 0.288064 0.041486 0.054309
0 0.149871 0.627648 0.040675 0.055508
0 0.149903 0.317786 0.041486 0.054309
0 0.122337 0.463794 0.040407 0.053910
0 0.457527 0.553892 0.038791 0.050315
0 0.778774 0.261189 0.040138 0.052311
0 0.276463 0.750663 0.039597 0.055110
0 0.101115 0.337506 0.042564 0.054707
0 0.285497 0.487560 0.042832 0.056305
0 0.107830 0.380867 0.042023 0.057506
0 0.094539 0.291549 0.043369 0.059503
0 0.458501 0.246228 0.047417 0.053501
0 0.219477 0.731816 0.038791 0.050315
0 0.251382 0.284541 0.042832 0.056305
0 0.401516 0.223985 0.037445 0.048317
0 0.741801 0.361436 0.040138 0.052311
0 0.244941 0.235987 0.044985 0.063098
0 0.684684 0.338394 0.041754 0.055907
0 0.728507 0.278911 0.042023 0.057506
0 0.270719 0.406431 0.044451 0.053905
0 0.551378 0.172018 0.039597 0.055110
0 0.842715 0.628065 0.037982 0.051515
0 0.240568 0.850512 0.041217 0.052710
0 0.156721 0.668411 0.040407 0.053910
0 0.301517 0.262624 0.038519 0.054712
0 0.557122 0.516250 0.040675 0.055508
0 0.278108 0.446996 0.038791 0.050315
0 0.742237 0.050575 0.041750 0.061903
0 0.584117 0.680303 0.042023 0.057506
0 0.222203 0.424354 0.039601 0.049114
0 0.522466 0.316826 0.037445 0.048317
0 0.620846 0.282179 0.040138 0.052311
0 0.436575 0.429203 0.038791 0.050315
0 0.813158 0.465807 0.040675 0.055508
0 0.192650 0.255304 0.043907 0.062700
0 0.207425 0.343225 0.040675 0.055508
0 0.228379 0.464518 0.041754 0.055907
0 0.204566 0.646492 0.040675 0.055508
0 0.789810 0.033850 0.043101 0.057904
0 0.235363 0.506081 0.041217 0.052710
0 0.243021 0.548244 0.042564 0.054707
0 0.842101 0.022641 0.044716 0.045282
0 0.501110 0.189739 0.040944 0.057108
0 0.128783 0.505556 0.039329 0.053512
0 0.798813 0.080610 0.042832 0.056305
0 0.142887 0.586085 0.042832 0.056305
0 0.471901 0.636018 0.042832 0.056305
0 0.201384 0.300465 0.042564 0.054707
0 0.309444 0.306386 0.039329 0.053512
0 0.806066 0.123772 0.040675 0.055508
0 0.135903 0.544522 0.040138 0.052311
0 0.641430 0.087816 0.042291 0.059104
0 0.249871 0.589008 0.042295 0.053108
0 0.551216 0.474288 0.037982 0.051515
0 0.565886 0.254945 0.040138 0.052311
0 0.449328 0.515324 0.040138 0.052311
0 0.543319 0.124061 0.042829 0.062302
0 0.749325 0.402800 0.041754 0.055907
0 0.263168 0.668137 0.040407 0.053910
0 0.415754 0.308710 0.040138 0.052311
0 0.423143 0.349273 0.041486 0.054309
0 0.493454 0.144180 0.039056 0.057909
0 0.558496 0.214380 0.039329 0.053512
0 0.828207 0.545139 0.042291 0.059104
0 0.212898 0.689255 0.042832 0.056305
0 0.315619 0.349946 0.042023 0.057506
0 0.393591 0.180223 0.042023 0.057506
0 0.429859 0.389238 0.041486 0.054309
0 0.464243 0.593856 0.041486 0.054309
0 0.177435 0.485036 0.040675 0.055508
0 0.165083 0.404708 0.042832 0.056305
0 0.671118 0.257666 0.042023 0.057506
0 0.191943 0.567962 0.039060 0.051913
0 0.614402 0.237022 0.041212 0.058706
0 0.157696 0.360748 0.043101 0.057904
0 0.536975 0.396356 0.040138 0.052311
0 0.508228 0.232101 0.040138 0.052311
0 0.407962 0.265746 0.041754 0.055907
0 0.185093 0.527199 0.039329 0.053512
0 0.530125 0.355592 0.038250 0.053114
0 0.573948 0.296110 0.042832 0.056305
0 0.663323 0.218100 0.036635 0.049518
0 0.443019 0.470964 0.043101 0.057904
0 0.798517 0.382080 0.041486 0.054309
0 0.115083 0.424028 0.039329 0.053512
0 0.770712 0.220025 0.040675 0.055508
0 0.365755 0.328029 0.038791 0.050315
0 0.120019 0.766861 0.043642 0.055105
0 0.170826 0.748940 0.041754 0.055907
0 0.813858 0.166734 0.039060 0.051913
0 0.191240 0.873828 0.045526 0.060299
0 0.806174 0.424244 0.040675 0.055508
0 0.113573 0.725099 0.042026 0.051510
0 0.255913 0.628372 0.038791 0.050315
0 0.065219 0.440752 0.041486 0.054309
0 0.764536 0.179862 0.039060 0.051913
0 0.735625 0.321273 0.043373 0.053506
0 0.706446 0.461086 0.041754 0.055907
0 0.042518 0.309068 0.043369 0.059503
0 0.058101 0.398389 0.041217 0.052710
0 0.833602 0.284229 0.041486 0.054309
0 0.177271 0.790702 0.042295 0.053108
0 0.099064 0.645568 0.042564 0.054707
0 0.293155 0.529723 0.040948 0.051112
0 0.835326 0.587500 0.039329 0.053512
0 0.876861 0.524618 0.043638 0.061101
