0 0.824960 0.970074 0.034748 0.051184
0 0.369603 0.847004 0.036814 0.049968
0 0.427382 0.773575 0.036537 0.046721
0 0.640623 0.689339 0.039020 0.050377
0 0.615055 0.398411 0.038881 0.048752
0 0.567117 0.349947 0.037778 0.048548
0 0.406880 0.403581 0.037639 0.046925
0 0.599887 0.563031 0.036537 0.046721
0 0.560258 0.430329 0.035712 0.049764
0 0.763037 0.468697 0.038055 0.051797
0 0.414499 0.320866 0.036537 0.046721
0 0.647069 0.607232 0.040261 0.052205
0 0.594547 0.638746 0.034471 0.047936
0 0.351602 0.434586 0.035712 0.049764
0 0.345914 0.514360 0.035435 0.046517
0 0.410344 0.362985 0.035435 0.046517
0 0.665077 0.409321 0.037778 0.048548
0 0.402796 0.444889 0.036676 0.048344
0 0.701520 0.579374 0.036676 0.048344
0 0.294582 0.505682 0.036398 0.045097
0 0.460436 0.373083 0.036398 0.045097
0 0.339468 0.596469 0.034194 0.044688
0 0.604042 0.520913 0.035712 0.049764
0 0.556173 0.471635 0.034471 0.047936
0 0.362133 0.311171 0.035435 0.046517
0 0.454268 0.451944 0.035435 0.046517
0 0.633764 0.769722 0.034471 0.047936
0 0.418723 0.277935 0.038055 0.051797
0 0.573151 0.266113 0.037916 0.050172
0 0.549935 0.551308 0.037778 0.048548
0 0.236803 0.579110 0.036953 0.051592
0 0.457732 0.411347 0.035435 0.046517
0 0.335522 0.636152 0.035435 0.046517
0 0.287793 0.585251 0.036676 0.048344
0 0.797808 0.678028 0.037778 0.048548
0 0.617277 0.359234 0.036398 0.045097
0 0.811044 0.516349 0.036537 0.046721
0 0.711222 0.459104 0.039983 0.048956
0 0.843884 0.728622 0.035435 0.046517
0 0.684819 0.781649 0.037916 0.050172
0 0.671455 0.328025 0.038881 0.048752
0 0.627387 0.851018 0.035573 0.048140
0 0.201207 0.366328 0.036398 0.045097
0 0.437567 0.654219 0.038881 0.048752
0 0.396145 0.522835 0.031989 0.044280
0 0.654892 0.528677 0.035712 0.049764
0 0.715858 0.417899 0.037916 0.050172
0 0.230634 0.657970 0.035712 0.049764
0 0.772948 0.345992 0.037091 0.053216
0 0.587480 0.721564 0.036676 0.048344
0 0.252540 0.375006 0.035712 0.049764
0 0.301372 0.426111 0.036676 0.048344
0 0.132485 0.561446 0.039983 0.048956
0 0.332127 0.675937 0.033091 0.044484
0 0.465555 0.332793 0.035573 0.048140
0 0.366287 0.269051 0.036814 0.049968
0 0.342312 0.556581 0.035157 0.043268
0 0.577088 0.843355 0.039158 0.052001
0 0.311282 0.303405 0.035435 0.046517
0 0.469296 0.288948 0.035850 0.051388
0 0.644638 0.648845 0.037362 0.043676
0 0.725769 0.295194 0.036953 0.051592
0 0.226342 0.701713 0.036537 0.046721
0 0.264104 0.252607 0.038055 0.051797
0 0.216638 0.821983 0.037916 0.050172
0 0.675470 0.287531 0.037778 0.048548
0 0.170993 0.733529 0.036676 0.048344
0 0.562068 0.389426 0.034055 0.043064
0 0.850882 0.646616 0.037501 0.045301
0 0.694592 0.660568 0.034194 0.044688
0 0.325750 0.757233 0.038881 0.048752
0 0.590393 0.680865 0.035573 0.048140
0 0.687871 0.739326 0.036537 0.046721
0 0.328732 0.715721 0.035435 0.046517
0 0.274140 0.751802 0.037639 0.046925
0 0.607645 0.478691 0.035435 0.046517
0 0.864600 0.485851 0.035573 0.048140
0 0.242559 0.498524 0.038743 0.047129
0 0.837645 0.808295 0.038743 0.047129
0 0.307818 0.344003 0.037639 0.046925
0 0.718772 0.377200 0.036537 0.046721
0 0.848451 0.688229 0.035435 0.046517
0 0.149736 0.359273 0.037639 0.046925
0 0.769827 0.389127 0.037501 0.045301
0 0.223497 0.741600 0.033091 0.044484
0 0.389559 0.606567 0.037639 0.046925
0 0.707828 0.498889 0.037639 0.046925
0 0.582079 0.181165 0.037507 0.058087
0 0.817557 0.440026 0.036537 0.046721
0 0.793241 0.718421 0.035296 0.044892
0 0.139344 0.481063 0.037916 0.050172
0 0.304215 0.386224 0.035435 0.046517
0 0.451285 0.493455 0.034471 0.047936
0 0.698607 0.620072 0.035296 0.044892
0 0.620880 0.317013 0.036953 0.051592
0 0.667439 0.368521 0.035296 0.044892
0 0.239785 0.537599 0.037362 0.043676
0 0.861136 0.526448 0.035296 0.044892
0 0.682540 0.198114 0.036953 0.051592
0 0.355756 0.392467 0.036260 0.043472
0 0.444634 0.571402 0.036398 0.045097
0 0.441100 0.612811 0.036537 0.046721
0 0.277261 0.708666 0.036953 0.051592
0 0.821229 0.396994 0.036676 0.048344
0 0.871733 0.408819 0.036814 0.049968
0 0.399883 0.485588 0.035019 0.041645
0 0.780418 0.881825 0.037916 0.050172
0 0.802100 0.634285 0.034471 0.047936
0 0.611522 0.439821 0.036260 0.043472
0 0.874924 0.364872 0.037916 0.050172
0 0.142877 0.439654 0.037778 0.048548
0 0.321665 0.798540 0.035435 0.046517
0 0.506910 0.458391 0.041502 0.054032
0 0.661613 0.449919 0.033091 0.044484
0 0.840490 0.768407 0.037501 0.045301
0 0.807993 0.558673 0.037916 0.050172
0 0.219552 0.781284 0.036537 0.046721
0 0.691817 0.699643 0.035296 0.044892
0 0.248937 0.417227 0.037639 0.046925
0 0.315770 0.880750 0.040261 0.052205
0 0.580690 0.801135 0.038881 0.048752
0 0.213518 0.865118 0.038881 0.048752
0 0.393231 0.563534 0.035573 0.048140
0 0.348759 0.474473 0.033917 0.041441
0 0.280864 0.666446 0.031989 0.044280
0 0.296254 0.466402 0.035296 0.044892
0 0.830925 0.887053 0.036676 0.048344
0 0.116609 0.767174 0.039020 0.050377
0 0.637090 0.730749 0.036121 0.041849
0 0.883023 0.283070 0.037778 0.048548
0 0.318822 0.838427 0.038881 0.048752
0 0.766501 0.428099 0.035296 0.044892
0 0.596631 0.601192 0.033917 0.041441
0 0.197673 0.407736 0.038743 0.047129
0 0.111334 0.848674 0.040122 0.050581
0 0.623303 0.892325 0.036537 0.046721
0 0.583464 0.762059 0.037501 0.045301
0 0.153959 0.316341 0.036676 0.048344
0 0.255660 0.331872 0.036676 0.048344
0 0.359220 0.351870 0.034055 0.043064
0 0.183886 0.569313 0.036398 0.045097
0 0.126038 0.643554 0.038743 0.047129
0 0.448992 0.533444 0.036260 0.043472
0 0.930202 0.333867 0.037916 0.050172
0 0.177509 0.650609 0.035573 0.048140
0 0.191435 0.487409 0.035435 0.046517
0 0.854277 0.606831 0.032953 0.042860
0 0.162254 0.855627 0.038055 0.051797
0 0.165236 0.814116 0.036260 0.043472
0 0.271297 0.791689 0.036398 0.045097
0 0.103316 0.306141 0.036537 0.046721
0 0.314954 0.260373 0.038055 0.051797
0 0.774110 0.962310 0.039158 0.052001
0 0.658426 0.487268 0.032814 0.041237
0 0.291187 0.545466 0.036260 0.043472
0 0.524231 0.255406 0.045357 0.048354
0 0.553330 0.511524 0.035157 0.043268
0 0.532201 0.752568 0.036676 0.048344
0 0.933735 0.292459 0.037501 0.045301
0 0.542524 0.631589 0.036814 0.049968
0 0.629818 0.809405 0.035157 0.043268
0 0.912537 0.534315 0.036398 0.045097
0 0.267281 0.832183 0.035573 0.048140
0 0.570581 0.309349 0.037501 0.045301
0 0.787554 0.798195 0.031164 0.047324
0 0.909556 0.575827 0.037639 0.046925
0 0.264230 0.874507 0.036676 0.048344
0 0.146272 0.399869 0.035435 0.046517
0 0.547091 0.591195 0.034055 0.043064
0 0.733733 0.208418 0.036266 0.056259
0 0.519652 0.919323 0.037916 0.050172
0 0.135949 0.520848 0.037501 0.045301
0 0.906161 0.615612 0.037501 0.045301
0 0.212359 0.242202 0.038194 0.053420
0 0.260088 0.293102 0.034194 0.044688
0 0.434793 0.693295 0.033091 0.044484
0 0.128882 0.603667 0.039983 0.048956
0 0.791157 0.755974 0.035296 0.044892
0 0.107332 0.265645 0.037639 0.046925
0 0.824211 0.355483 0.035435 0.046517
0 0.099162 0.348259 0.037639 0.046925
0 0.109901 0.222408 0.040261 0.052205
0 0.878938 0.324376 0.036260 0.043472
0 0.187489 0.527092 0.036676 0.048344
0 0.431398 0.733081 0.035435 0.046517
0 0.915794 0.496154 0.036537 0.046721
0 0.621491 0.933229 0.035435 0.046517
0 0.902696 0.656209 0.038055 0.051797
0 0.679280 0.242874 0.037916 0.050172
0 0.246093 0.457115 0.038881 0.048752
0 0.529219 0.794079 0.035435 0.046517
0 0.834250 0.848080 0.036398 0.045097
0 0.886973 0.236789 0.038194 0.053420
0 0.122573 0.684151 0.036537 0.046721
0 0.383390 0.685428 0.033917 0.041441
0 0.424400 0.815086 0.037778 0.048548
0 0.519582 0.323001 0.045218 0.046729
0 0.922514 0.417396 0.036398 0.045097
0 0.539681 0.671476 0.035019 0.041645
0 0.858292 0.566335 0.034332 0.046313
0 0.814300 0.478188 0.036121 0.041849
0 0.375568 0.763982 0.036537 0.046721
0 0.784021 0.839604 0.032953 0.042860
0 0.209307 0.284525 0.034055 0.043064
0 0.494308 0.737305 0.024543 0.033312
0 0.578751 0.226736 0.038598 0.032718
0 0.868407 0.447792 0.035151 0.030482
0 0.526933 0.223740 0.046314 0.034147
0 0.516122 0.357000 0.045766 0.040438
0 0.180422 0.609910 0.036676 0.048344
0 0.651497 0.568462 0.038321 0.029470
0 0.513215 0.384505 0.046868 0.040642
0 0.243881 0.620834 0.023579 0.034732
0 0.521182 0.291132 0.044525 0.038610
0 0.816242 0.599789 0.022477 0.034528
0 0.777643 0.920900 0.037911 0.037386
0 0.533647 0.158176 0.045079 0.045105
0 0.419834 0.855479 0.037501 0.045301
0 0.529635 0.192074 0.045079 0.045105
0 0.417472 0.896280 0.037778 0.048548
0 0.937889 0.250339 0.039158 0.052001
0 0.167459 0.774938 0.038743 0.047129
0 0.157492 0.274932 0.029646 0.042248
0 0.174526 0.692120 0.034055 0.043064
0 0.704433 0.538674 0.035019 0.041645
0 0.366483 0.890139 0.037501 0.045301
0 0.283638 0.627370 0.035573 0.048140
0 0.918707 0.455455 0.035435 0.046517
0 0.373206 0.804784 0.035983 0.040225
0 0.525893 0.833053 0.030748 0.042452
0 0.722167 0.337414 0.034194 0.044688
0 0.378963 0.724197 0.031989 0.044280
0 0.522841 0.875375 0.036814 0.049968
0 0.386716 0.646454 0.036398 0.045097
0 0.828012 0.927752 0.035296 0.044892
0 0.120212 0.724952 0.036537 0.046721
0 0.729441 0.252161 0.036537 0.046721
0 0.113214 0.806958 0.038327 0.042257
0 0.204948 0.322483 0.036676 0.048344
0 0.536425 0.709637 0.035435 0.046517
0 0.194899 0.446811 0.037362 0.043676
0 0.161026 0.233523 0.036676 0.048344
0 0.926530 0.376901 0.037501 0.045301
