0 0.497250 0.631176 0.022209 0.023393
0 0.493060 0.559567 0.035288 0.022254
0 0.515810 0.380619 0.038769 0.030723
0 0.491437 0.668937 0.021834 0.024230
0 0.492857 0.650795 0.023363 0.023020
0 0.073344 0.773762 0.035639 0.043933
0 0.498452 0.517154 0.033991 0.030967
0 0.520687 0.347236 0.037356 0.029066
0 0.273758 0.526834 0.032995 0.032591
0 0.486126 0.708722 0.024995 0.026396
0 0.659883 0.546993 0.035662 0.034655
0 0.875265 0.620515 0.034626 0.035966
0 0.124995 0.810647 0.035861 0.036217
0 0.145473 0.654554 0.037889 0.042717
0 0.096966 0.582973 0.036456 0.040904
0 0.276638 0.504183 0.038045 0.053401
0 0.117344 0.427661 0.032555 0.038588
0 0.851610 0.801602 0.033392 0.035715
0 0.101357 0.553416 0.035222 0.040653
0 0.718972 0.525374 0.036499 0.031782
0 0.412710 0.743448 0.037293 0.038032
0 0.792720 0.821659 0.037492 0.039594
0 0.658535 0.567552 0.040116 0.050780
0 0.120820 0.400323 0.034825 0.037529
0 0.824219 0.578865 0.036059 0.037780
0 0.499156 0.611211 0.021094 0.024080
0 0.465287 0.852721 0.022328 0.024331
0 0.105031 0.524516 0.036698 0.033345
0 0.831750 0.957820 0.038726 0.039845
0 0.819630 0.609984 0.037293 0.038032
0 0.460613 0.794875 0.031960 0.033901
0 0.797309 0.790541 0.038726 0.039845
0 0.416582 0.712986 0.034626 0.035966
0 0.504986 0.465758 0.037691 0.041155
0 0.846404 0.832595 0.038726 0.039845
0 0.408638 0.775473 0.037889 0.042717
0 0.727533 0.463013 0.036059 0.037780
0 0.501120 0.590777 0.022725 0.027455
0 0.355351 0.761413 0.036258 0.039342
0 0.141302 0.687360 0.037492 0.039594
0 0.183687 0.792153 0.035024 0.039091
0 0.147515 0.628527 0.034825 0.037529
0 0.812502 0.671034 0.035662 0.034655
0 0.107570 0.494583 0.037492 0.039594
0 0.839694 0.895333 0.038329 0.036720
0 0.835921 0.925015 0.038726 0.039845
0 0.420774 0.684992 0.033392 0.035715
0 0.781322 0.916296 0.035662 0.034655
0 0.855802 0.773609 0.037095 0.036469
0 0.464677 0.877437 0.022924 0.029017
0 0.404865 0.805154 0.034626 0.035966
0 0.738518 0.809816 0.037293 0.038032
0 0.456941 0.405488 0.034626 0.035966
0 0.398767 0.424889 0.037293 0.038032
0 0.386851 0.518619 0.034428 0.034404
0 0.671783 0.891579 0.036258 0.039342
0 0.505006 0.888857 0.036059 0.037780
0 0.582841 0.714800 0.035861 0.036217
0 0.176972 0.411761 0.036059 0.037780
0 0.191113 0.728759 0.038528 0.038283
0 0.536803 0.643721 0.034428 0.034404
0 0.211194 0.575790 0.034428 0.034404
0 0.184498 0.347587 0.038088 0.044280
0 0.863548 0.712684 0.039960 0.040096
0 0.769819 0.568585 0.035861 0.036217
0 0.687472 0.768167 0.035861 0.036217
0 0.730574 0.872304 0.037293 0.038032
0 0.516106 0.796563 0.037293 0.038032
0 0.725885 0.904202 0.038726 0.039845
0 0.563896 0.868801 0.037293 0.038032
0 0.571741 0.807095 0.037095 0.036469
0 0.673629 0.448826 0.036059 0.037780
0 0.890139 0.498539 0.038726 0.039845
0 0.440336 0.531118 0.036059 0.037780
0 0.691863 0.738611 0.035024 0.039091
0 0.552613 0.524340 0.035861 0.036217
0 0.460395 0.373337 0.036456 0.040904
0 0.249288 0.709357 0.038726 0.039845
0 0.222195 0.484277 0.035861 0.036217
0 0.290363 0.401204 0.034825 0.037529
0 0.612275 0.911510 0.035861 0.036217
0 0.286291 0.433229 0.035421 0.042215
0 0.260906 0.617970 0.036059 0.037780
0 0.159850 0.536484 0.036059 0.037780
0 0.509595 0.857740 0.034825 0.037529
0 0.167794 0.473997 0.036059 0.037780
0 0.269467 0.555609 0.034825 0.037529
0 0.257650 0.648558 0.037492 0.039594
0 0.393979 0.457569 0.036059 0.037780
0 0.762173 0.628729 0.038130 0.035158
0 0.703481 0.647223 0.036896 0.034907
0 0.777961 0.504536 0.035861 0.036217
0 0.207938 0.606379 0.036258 0.039342
0 0.675755 0.860335 0.035861 0.036217
0 0.218322 0.514740 0.036059 0.037780
0 0.640817 0.696961 0.036059 0.037780
0 0.389390 0.488687 0.034825 0.037529
0 0.203349 0.637496 0.037492 0.039594
0 0.828092 0.548403 0.038329 0.036720
0 0.214967 0.546109 0.037293 0.038032
0 0.424746 0.653748 0.033790 0.038839
0 0.765329 0.598922 0.037293 0.038032
0 0.559307 0.899918 0.036059 0.037780
0 0.235345 0.390798 0.035861 0.036217
0 0.782451 0.474200 0.037293 0.038032
0 0.379006 0.580326 0.037095 0.036469
0 0.335606 0.478532 0.035861 0.036217
0 0.711843 0.586425 0.036059 0.037780
0 0.653669 0.605825 0.035861 0.036217
0 0.630631 0.787038 0.035861 0.036217
0 0.556685 0.492316 0.036456 0.040904
0 0.366054 0.672243 0.037492 0.039594
0 0.402221 0.392739 0.038726 0.039845
0 0.622682 0.406395 0.035222 0.040653
0 0.568480 0.394553 0.037492 0.039594
0 0.575514 0.777414 0.034626 0.035966
0 0.331117 0.508870 0.037293 0.038032
0 0.508965 0.439788 0.033360 0.022500
0 0.509551 0.422334 0.034677 0.024731
0 0.514150 0.403286 0.037141 0.027850
0 0.517042 0.367696 0.034592 0.024059
0 0.495210 0.540469 0.030096 0.025669
0 0.489129 0.689484 0.022530 0.021953
0 0.370842 0.639563 0.035861 0.036217
0 0.815559 0.642009 0.037492 0.039594
0 0.080660 0.706259 0.037293 0.038032
0 0.800983 0.761641 0.038130 0.035158
0 0.788649 0.853683 0.034825 0.037529
0 0.746065 0.750454 0.037293 0.038032
0 0.359125 0.731731 0.038726 0.039845
0 0.879336 0.588490 0.034825 0.037529
0 0.742291 0.780135 0.037293 0.038032
0 0.859675 0.743147 0.037293 0.038032
0 0.076489 0.739065 0.037691 0.041155
0 0.180332 0.823522 0.035861 0.036217
0 0.136096 0.718353 0.039960 0.040096
0 0.716113 0.552838 0.039123 0.042969
0 0.088405 0.645334 0.034428 0.034404
0 0.152402 0.595066 0.033392 0.035715
0 0.778066 0.946885 0.037095 0.036469
0 0.722530 0.935572 0.039563 0.036972
0 0.400893 0.836398 0.037095 0.036469
0 0.253877 0.678240 0.037095 0.036469
0 0.200292 0.666523 0.035662 0.034655
0 0.351280 0.793437 0.038528 0.038283
0 0.343953 0.856050 0.039762 0.038534
0 0.187361 0.763252 0.037691 0.041155
0 0.084632 0.675015 0.037293 0.038032
0 0.808828 0.699935 0.035861 0.036217
0 0.397637 0.866986 0.036059 0.037780
0 0.092278 0.614871 0.035024 0.039091
0 0.235449 0.833147 0.042031 0.037474
0 0.128670 0.781747 0.038925 0.041407
0 0.843468 0.865651 0.038726 0.039845
0 0.841739 0.451018 0.036456 0.040904
0 0.512851 0.827151 0.033392 0.035715
0 0.866803 0.682096 0.038130 0.035158
0 0.180845 0.381299 0.035861 0.036217
0 0.750455 0.720898 0.036059 0.037780
0 0.734645 0.840279 0.037492 0.039594
0 0.636625 0.724955 0.034428 0.034404
0 0.238506 0.804121 0.038528 0.038283
0 0.785294 0.885053 0.036059 0.037780
0 0.155360 0.566821 0.035024 0.039091
0 0.124891 0.368298 0.037492 0.039594
0 0.667711 0.923604 0.036059 0.037780
0 0.565026 0.426704 0.036059 0.037780
0 0.280887 0.465783 0.034626 0.035966
0 0.163723 0.506022 0.036258 0.039342
0 0.375034 0.611570 0.037492 0.039594
0 0.886266 0.529002 0.038130 0.035158
0 0.871293 0.651758 0.037492 0.039594
0 0.883209 0.558028 0.037492 0.039594
0 0.696452 0.707493 0.035861 0.036217
0 0.835518 0.485010 0.037293 0.038032
0 0.347208 0.825462 0.038726 0.039845
0 0.246032 0.739946 0.037293 0.038032
0 0.295030 0.364493 0.037889 0.042717
0 0.548939 0.553241 0.035662 0.034655
0 0.758499 0.657629 0.035861 0.036217
0 0.680244 0.829999 0.037293 0.038032
0 0.242578 0.772096 0.036258 0.039342
0 0.754427 0.689654 0.036059 0.037780
0 0.893891 0.464046 0.040357 0.043220
0 0.732122 0.431894 0.040953 0.047907
0 0.132223 0.748815 0.039762 0.038534
0 0.362281 0.701924 0.037095 0.036469
0 0.327762 0.540238 0.038925 0.041407
0 0.407009 0.360058 0.037492 0.039594
0 0.435747 0.562235 0.034825 0.037529
0 0.621453 0.849274 0.035861 0.036217
0 0.684117 0.799537 0.037492 0.039594
0 0.707155 0.618323 0.037095 0.036469
0 0.832781 0.516504 0.037293 0.038032
0 0.645207 0.667406 0.036896 0.034907
0 0.382978 0.549083 0.037492 0.039594
0 0.567769 0.838338 0.037492 0.039594
0 0.589870 0.654531 0.034428 0.034404
0 0.226067 0.453815 0.036059 0.037780
0 0.238998 0.357085 0.037691 0.041155
0 0.428718 0.622505 0.035861 0.036217
0 0.111840 0.460997 0.037691 0.041155
0 0.805373 0.732085 0.037691 0.041155
0 0.432492 0.592824 0.033392 0.035715
0 0.599566 0.593202 0.035861 0.036217
0 0.265495 0.586852 0.034825 0.037529
0 0.625425 0.818031 0.036258 0.039342
0 0.633986 0.755669 0.035024 0.039091
0 0.616864 0.880392 0.035024 0.039091
0 0.339578 0.447289 0.036258 0.039342
0 0.173199 0.441442 0.036059 0.037780
0 0.539662 0.616257 0.035861 0.036217
0 0.606695 0.532151 0.037095 0.036469
0 0.196320 0.697766 0.038925 0.041407
0 0.699707 0.676905 0.037293 0.038032
0 0.773890 0.536561 0.036456 0.040904
0 0.347721 0.383239 0.038726 0.039845
0 0.677700 0.416801 0.036258 0.039342
0 0.524568 0.734983 0.035861 0.036217
0 0.668841 0.481507 0.037691 0.041155
0 0.448997 0.467975 0.034626 0.035966
0 0.128544 0.334585 0.038925 0.041407
0 0.519979 0.766101 0.037492 0.039594
0 0.579486 0.746170 0.037492 0.039594
0 0.611185 0.501814 0.036059 0.037780
0 0.587232 0.685245 0.035024 0.039091
0 0.619646 0.440234 0.035024 0.039091
0 0.615157 0.470571 0.033591 0.037277
0 0.344267 0.415390 0.037293 0.038032
0 0.723163 0.497380 0.038925 0.041407
0 0.532831 0.674964 0.034825 0.037529
0 0.600872 0.563017 0.041194 0.040348
0 0.544449 0.583577 0.037492 0.039594
0 0.649697 0.637069 0.036258 0.039342
0 0.527724 0.705176 0.034626 0.035966
0 0.351473 0.348746 0.040357 0.043220
0 0.560756 0.460291 0.036258 0.039342
0 0.230756 0.421916 0.035024 0.039091
0 0.664770 0.513532 0.037492 0.039594
0 0.452870 0.437513 0.034825 0.037529
0 0.595594 0.624445 0.035861 0.036217
0 0.444308 0.499874 0.036059 0.037780
0 0.786721 0.440613 0.040357 0.043220
