0 0.652757 0.534690 0.039917 0.048623
0 0.708240 0.503451 0.039240 0.051546
0 0.633805 0.273181 0.036642 0.047700
0 0.534453 0.240988 0.048856 0.052699
0 0.141616 0.041511 0.043139 0.057316
0 0.643014 0.614821 0.036434 0.046084
0 0.181598 0.530793 0.040333 0.051854
0 0.202255 0.365838 0.038825 0.048315
0 0.257660 0.339599 0.038409 0.045083
0 0.865596 0.506789 0.037941 0.049623
0 0.451818 0.478884 0.037525 0.046392
0 0.552886 0.506536 0.039240 0.051546
0 0.780769 0.357303 0.037525 0.046392
0 0.573541 0.341581 0.039917 0.048623
0 0.568345 0.381974 0.039917 0.048623
0 0.521836 0.752277 0.040748 0.055086
0 0.932772 0.393455 0.042048 0.057009
0 0.926744 0.440311 0.041632 0.053778
0 0.745733 0.207623 0.038980 0.057701
0 0.733339 0.299565 0.037057 0.050931
0 0.277807 0.600609 0.043139 0.057316
0 0.658057 0.493490 0.040125 0.050238
0 0.441529 0.558860 0.037733 0.048008
0 0.813881 0.495558 0.037941 0.049623
0 0.564239 0.422674 0.038149 0.051239
0 0.557744 0.464374 0.037733 0.048008
0 0.205747 0.751910 0.037473 0.054163
0 0.321172 0.267928 0.036850 0.049315
0 0.314234 0.308667 0.038149 0.051239
0 0.672426 0.368620 0.039032 0.049930
0 0.647664 0.574274 0.040125 0.050238
0 0.344193 0.097779 0.041840 0.055394
0 0.186899 0.489592 0.040125 0.050238
0 0.728480 0.341726 0.038149 0.051239
0 0.331981 0.183912 0.039448 0.053162
0 0.850137 0.631351 0.039448 0.053162
0 0.694017 0.196393 0.042931 0.055701
0 0.830198 0.368726 0.040748 0.055086
0 0.288615 0.516592 0.037941 0.049623
0 0.678375 0.326765 0.037941 0.049623
0 0.214024 0.278744 0.040333 0.051854
0 0.283419 0.556985 0.037525 0.046392
0 0.860946 0.547335 0.039032 0.049930
0 0.185772 0.098327 0.040072 0.058009
0 0.180289 0.145336 0.040333 0.051854
0 0.784874 0.316603 0.040541 0.053470
0 0.242512 0.461738 0.037941 0.049623
0 0.393518 0.110010 0.040072 0.058009
0 0.628063 0.313419 0.038149 0.051239
0 0.764633 0.478327 0.039032 0.049930
0 0.252671 0.378376 0.037057 0.050931
0 0.740147 0.255441 0.037265 0.052547
0 0.446622 0.519276 0.040541 0.053470
0 0.231807 0.544947 0.038149 0.051239
0 0.216244 0.670317 0.036850 0.049315
0 0.870793 0.466395 0.037941 0.049623
0 0.247812 0.420537 0.037733 0.048008
0 0.794602 0.654204 0.040956 0.056701
0 0.824481 0.413158 0.037941 0.049623
0 0.596328 0.168855 0.037889 0.057394
0 0.526929 0.712692 0.039709 0.047007
0 0.299112 0.434999 0.039917 0.048623
0 0.325926 0.226573 0.040333 0.051854
0 0.382528 0.199834 0.040541 0.053470
0 0.218364 0.240621 0.038617 0.046699
0 0.274522 0.212921 0.037941 0.049623
0 0.855750 0.587727 0.039032 0.049930
0 0.795188 0.223239 0.044438 0.059240
0 0.264052 0.298707 0.041632 0.053778
0 0.890877 0.297093 0.041424 0.052162
0 0.897555 0.249584 0.043139 0.057316
0 0.229822 0.155951 0.038565 0.054471
0 0.663254 0.453097 0.040125 0.050238
0 0.683131 0.285411 0.039656 0.054778
0 0.759229 0.520335 0.041632 0.053778
0 0.208100 0.324791 0.040541 0.053470
0 0.269664 0.255083 0.039448 0.053162
0 0.457119 0.437683 0.040333 0.051854
0 0.637921 0.654406 0.041424 0.052162
0 0.371511 0.285468 0.040125 0.050238
0 0.225753 0.587610 0.039032 0.049930
0 0.622554 0.356236 0.040541 0.053470
0 0.434373 0.214449 0.041632 0.053778
0 0.531242 0.670376 0.038357 0.052855
0 0.645653 0.181086 0.042255 0.058625
0 0.472916 0.314890 0.040333 0.051854
0 0.388789 0.155557 0.039240 0.051546
0 0.482361 0.747009 0.023856 0.030081
0 0.485344 0.723824 0.023711 0.028951
0 0.377461 0.243612 0.041632 0.053778
0 0.478840 0.268842 0.040956 0.056701
0 0.769284 0.437781 0.040125 0.050238
0 0.508705 0.445528 0.046205 0.056624
0 0.667567 0.410781 0.040541 0.053470
0 0.584688 0.259335 0.041424 0.052162
0 0.789602 0.271056 0.043139 0.057316
0 0.285747 0.125673 0.041372 0.059933
0 0.221648 0.628309 0.039032 0.049930
0 0.589650 0.216365 0.038357 0.052855
0 0.237211 0.502939 0.040333 0.051854
0 0.462185 0.393905 0.041840 0.055394
0 0.224756 0.199729 0.039240 0.051546
0 0.428216 0.257920 0.040541 0.053470
0 0.438894 0.170519 0.041632 0.053778
0 0.445572 0.123009 0.043347 0.058932
0 0.280369 0.171874 0.039240 0.051546
0 0.435371 0.602330 0.041840 0.055394
0 0.688743 0.241787 0.041424 0.052162
0 0.303425 0.392683 0.040333 0.051854
0 0.775026 0.397542 0.039032 0.049930
0 0.309817 0.351790 0.040125 0.050238
0 0.366548 0.328437 0.041840 0.055394
0 0.875443 0.425849 0.039032 0.049930
0 0.713983 0.463212 0.037317 0.044776
0 0.885915 0.340064 0.040956 0.056701
0 0.129742 0.129413 0.041840 0.055394
0 0.537400 0.626906 0.036434 0.046084
0 0.880952 0.383033 0.039240 0.051546
0 0.210605 0.709748 0.037733 0.048008
0 0.292383 0.474122 0.039032 0.049930
0 0.522891 0.344047 0.046725 0.044314
0 0.519358 0.371513 0.046725 0.044314
0 0.804345 0.574074 0.036642 0.047700
0 0.809333 0.535296 0.034043 0.043853
0 0.504054 0.486074 0.043035 0.040159
0 0.539156 0.208828 0.048285 0.040083
0 0.718529 0.423473 0.039448 0.053162
0 0.271207 0.643116 0.037733 0.048008
0 0.176402 0.571185 0.037733 0.048008
0 0.149692 0.778803 0.037525 0.046392
0 0.803525 0.988190 0.041424 0.023619
0 0.809474 0.960607 0.040333 0.051854
0 0.543210 0.177322 0.047141 0.047545
0 0.250005 0.807919 0.040748 0.055086
0 0.697562 0.590852 0.040748 0.055086
0 0.920898 0.481358 0.039917 0.048623
0 0.516120 0.796709 0.040125 0.050238
0 0.547575 0.143392 0.047141 0.047545
0 0.112308 0.251745 0.037733 0.048008
0 0.510923 0.837101 0.040541 0.053470
0 0.166347 0.653740 0.041008 0.048931
0 0.547559 0.543544 0.039086 0.042160
0 0.530634 0.275071 0.046517 0.042698
0 0.702966 0.548844 0.038149 0.051239
0 0.160397 0.695594 0.040748 0.055086
0 0.095575 0.381808 0.042308 0.050854
0 0.106904 0.293753 0.040748 0.055086
0 0.542804 0.584898 0.041632 0.053778
0 0.267517 0.680585 0.037733 0.048008
0 0.845278 0.673513 0.040541 0.053470
0 0.819726 0.454511 0.039656 0.054778
0 0.170997 0.613194 0.040333 0.051854
0 0.504739 0.876378 0.039917 0.048623
0 0.839640 0.712944 0.038409 0.045083
0 0.825272 0.837814 0.037733 0.048008
0 0.639522 0.228749 0.039864 0.056393
0 0.499673 0.920156 0.042255 0.058625
0 0.815009 0.921985 0.038825 0.048315
0 0.192199 0.448392 0.040333 0.051854
0 0.144391 0.820003 0.040748 0.055086
0 0.468577 0.353013 0.037785 0.040237
0 0.828936 0.796153 0.036850 0.049315
0 0.819530 0.878053 0.041424 0.052162
0 0.834989 0.753490 0.040333 0.051854
0 0.246681 0.851350 0.040125 0.050238
0 0.090171 0.423816 0.042723 0.054085
0 0.262763 0.721940 0.039032 0.049930
0 0.123454 0.169497 0.038409 0.045083
0 0.579284 0.301343 0.038825 0.048315
0 0.101083 0.338993 0.042515 0.052470
0 0.118700 0.210852 0.040541 0.053470
0 0.154239 0.739065 0.041424 0.052162
0 0.337489 0.141095 0.036642 0.047700
0 0.242892 0.067549 0.039240 0.051546
0 0.258346 0.765064 0.039240 0.051546
0 0.915701 0.521750 0.040748 0.055086
0 0.196954 0.407039 0.039032 0.049930
0 0.236733 0.111018 0.038149 0.051239
0 0.527464 0.308501 0.047557 0.050777
0 0.799252 0.613658 0.038617 0.046699
0 0.134913 0.084828 0.040125 0.050238
0 0.724376 0.382426 0.037733 0.048008
