0 0.118256 0.270440 0.039979 0.050556
0 0.489707 0.345369 0.044449 0.038634
0 0.492628 0.374501 0.045817 0.042097
0 0.483657 0.277614 0.045407 0.037034
0 0.838094 0.184031 0.037288 0.030764
0 0.474239 0.147592 0.045539 0.038667
0 0.504037 0.529100 0.034639 0.038342
0 0.475783 0.180449 0.048011 0.042325
0 0.478430 0.213110 0.047482 0.035794
0 0.913302 0.463053 0.031860 0.044286
0 0.481077 0.245770 0.046333 0.048465
0 0.588900 0.312764 0.036404 0.046702
0 0.895172 0.260035 0.037243 0.043632
0 0.486855 0.310177 0.045362 0.049903
0 0.531956 0.238392 0.034772 0.039974
0 0.224846 0.294582 0.036404 0.046702
0 0.069846 0.322105 0.037243 0.043632
0 0.276697 0.285375 0.036140 0.043437
0 0.741959 0.288898 0.037507 0.046898
0 0.642537 0.346309 0.037507 0.046898
0 0.639163 0.304666 0.037640 0.048531
0 0.785626 0.192520 0.037904 0.051798
0 0.272506 0.240565 0.038434 0.058330
0 0.320849 0.188082 0.037772 0.050165
0 0.228287 0.337041 0.038876 0.050361
0 0.592275 0.354406 0.036537 0.048335
0 0.595716 0.396865 0.036537 0.048335
0 0.581600 0.229576 0.038037 0.053430
0 0.908472 0.424155 0.039582 0.045658
0 0.496934 0.448364 0.043024 0.047878
0 0.435204 0.301126 0.037640 0.048531
0 0.331503 0.319541 0.035433 0.048140
0 0.382802 0.310431 0.038744 0.048727
0 0.073287 0.364564 0.040244 0.053822
0 0.430880 0.254683 0.036934 0.053234
0 0.372149 0.178973 0.041347 0.054018
0 0.626370 0.133003 0.037640 0.048531
0 0.902406 0.342406 0.038479 0.045462
0 0.374619 0.223261 0.038611 0.047094
0 0.888423 0.176751 0.037507 0.046898
0 0.693218 0.336482 0.039847 0.048923
0 0.115588 0.223702 0.040111 0.052190
0 0.172379 0.303071 0.037375 0.045266
0 0.645426 0.388865 0.038611 0.047094
0 0.905164 0.383329 0.039847 0.048923
0 0.324489 0.232990 0.037640 0.048531
0 0.280072 0.327017 0.039008 0.051994
0 0.687374 0.250551 0.037772 0.050165
0 0.690263 0.293108 0.038876 0.050361
0 0.733842 0.202543 0.039979 0.050556
0 0.166468 0.216323 0.040111 0.052190
0 0.840366 0.225869 0.039273 0.055260
0 0.066759 0.277099 0.039538 0.058526
0 0.125402 0.358623 0.037772 0.050165
0 0.636472 0.264559 0.038611 0.047094
0 0.500441 0.491639 0.040950 0.049119
0 0.632965 0.221285 0.038744 0.048727
0 0.628973 0.178923 0.037640 0.048531
0 0.176503 0.347064 0.039008 0.051994
0 0.885467 0.133377 0.039008 0.051994
0 0.585724 0.273571 0.038611 0.047094
0 0.534911 0.281766 0.039008 0.051994
0 0.789265 0.237428 0.037772 0.050165
0 0.738518 0.246439 0.037772 0.050165
0 0.527346 0.195313 0.038434 0.058330
0 0.744782 0.330638 0.038744 0.048727
0 0.898414 0.300045 0.039847 0.048923
0 0.731019 0.160802 0.038744 0.048727
0 0.833484 0.140952 0.039538 0.058526
0 0.881761 0.087653 0.041215 0.052386
0 0.727865 0.114980 0.040111 0.052190
0 0.169621 0.262147 0.038744 0.048727
0 0.891864 0.219209 0.039979 0.050556
0 0.122381 0.314434 0.041082 0.050752
0 0.328548 0.276168 0.038876 0.050361
0 0.379295 0.267157 0.041082 0.050752
