0 0.497333 0.292969 0.029333 0.029687
0 0.498667 0.378125 0.026667 0.021875
0 0.496667 0.363281 0.028000 0.029687
0 0.502667 0.784375 0.024000 0.025000
0 0.496667 0.260937 0.030667 0.031250
0 0.498000 0.401562 0.025333 0.018750
0 0.191333 0.741406 0.033333 0.035937
0 0.498000 0.421094 0.028000 0.023438
0 0.246000 0.740625 0.028000 0.034375
0 0.137333 0.744531 0.026667 0.032813
0 0.290667 0.637500 0.032000 0.031250
0 0.290000 0.491406 0.038667 0.029687
0 0.289333 0.457813 0.037333 0.034375
0 0.757333 0.238281 0.034667 0.042188
0 0.236000 0.857812 0.034667 0.043750
0 0.289333 0.529687 0.037333 0.043750
0 0.289333 0.385937 0.037333 0.031250
0 0.866000 0.421875 0.038667 0.034375
0 0.866000 0.387500 0.038667 0.034375
0 0.180667 0.853906 0.041333 0.035937
0 0.497333 0.222656 0.029333 0.029687
0 0.289333 0.417187 0.037333 0.031250
0 0.181333 0.778125 0.037333 0.040625
0 0.180667 0.816406 0.041333 0.035937
0 0.288667 0.567969 0.038667 0.032813
0 0.812000 0.389062 0.034667 0.034375
0 0.497333 0.194531 0.029333 0.026562
0 0.236667 0.779687 0.033333 0.040625
0 0.290000 0.603125 0.038667 0.034375
0 0.236000 0.816406 0.037333 0.035937
0 0.125333 0.852344 0.042667 0.045312
0 0.866667 0.313281 0.037333 0.039062
0 0.866000 0.459375 0.036000 0.034375
0 0.178667 0.421875 0.037333 0.034375
0 0.125333 0.781250 0.040000 0.040625
0 0.867333 0.353125 0.036000 0.034375
0 0.813333 0.314844 0.037333 0.035937
0 0.290000 0.673438 0.041333 0.037500
0 0.812000 0.352344 0.034667 0.035937
0 0.178000 0.274219 0.038667 0.032813
0 0.178667 0.385156 0.037333 0.035937
0 0.812000 0.275781 0.037333 0.039062
0 0.234000 0.314063 0.038667 0.043750
0 0.178000 0.311719 0.038667 0.035937
0 0.178667 0.235937 0.040000 0.040625
0 0.179333 0.348438 0.038667 0.037500
0 0.288667 0.349219 0.041333 0.039062
0 0.289333 0.308594 0.040000 0.039062
0 0.498267 0.242188 0.026640 0.007094
