0 0.856805 0.225780 0.031111 0.037767
0 0.539027 0.488506 0.044444 0.031199
0 0.450138 0.450739 0.022222 0.034483
0 0.476805 0.912972 0.024444 0.032841
0 0.438471 0.534483 0.030000 0.041051
0 0.177360 0.195402 0.034444 0.045977
0 0.896249 0.222496 0.043333 0.041051
0 0.230138 0.871100 0.035556 0.044335
0 0.476805 0.866174 0.022222 0.034483
0 0.500694 0.142857 0.021111 0.036125
0 0.450138 0.365353 0.022222 0.034483
0 0.178471 0.535304 0.032222 0.039409
0 0.540694 0.338259 0.043333 0.032841
0 0.604582 0.909688 0.026667 0.036125
0 0.332916 0.703612 0.034444 0.044335
0 0.477360 0.779967 0.023333 0.029557
0 0.230694 0.914614 0.034444 0.042693
0 0.230138 0.704433 0.035556 0.036125
0 0.475694 0.533662 0.022222 0.032841
0 0.954027 0.866174 0.034444 0.037767
0 0.180138 0.870279 0.037778 0.045977
0 0.476805 0.701970 0.022222 0.034483
0 0.900138 0.908046 0.035556 0.045977
0 0.476249 0.573892 0.023333 0.037767
0 0.579027 0.449097 0.022222 0.034483
0 0.954027 0.908046 0.034444 0.045977
0 0.797916 0.617406 0.033333 0.039409
0 0.848471 0.615764 0.032222 0.039409
0 0.179027 0.702791 0.035556 0.039409
0 0.745138 0.532020 0.034444 0.042693
0 0.951805 0.742200 0.034444 0.039409
0 0.476249 0.659278 0.023333 0.034483
0 0.541805 0.370279 0.043333 0.034483
0 0.476249 0.616585 0.023333 0.037767
0 0.179582 0.916256 0.038889 0.045977
0 0.126249 0.242200 0.038889 0.044335
0 0.952360 0.824302 0.035556 0.042693
0 0.952360 0.781609 0.035556 0.042693
0 0.950694 0.363711 0.034444 0.044335
0 0.179027 0.830049 0.037778 0.041051
0 0.540138 0.270936 0.044444 0.029557
0 0.477916 0.823481 0.022222 0.037767
0 0.449027 0.491790 0.022222 0.034483
0 0.641805 0.362890 0.034444 0.042693
0 0.229582 0.619048 0.034444 0.039409
0 0.851249 0.532841 0.040000 0.041051
0 0.642916 0.532020 0.032222 0.036125
0 0.539582 0.202791 0.045556 0.027915
0 0.476805 0.741379 0.024444 0.034483
0 0.422916 0.144499 0.025556 0.036125
0 0.604027 0.448276 0.021111 0.039409
0 0.605138 0.867816 0.025556 0.037767
0 0.951249 0.531199 0.033333 0.037767
0 0.230138 0.493432 0.035556 0.044335
0 0.553732 0.727282 0.023589 0.020148
0 0.554116 0.748325 0.024178 0.022693
0 0.849027 0.450985 0.035556 0.033990
0 0.539582 0.132677 0.045556 0.035468
0 0.539582 0.167980 0.043333 0.040394
0 0.540138 0.235961 0.044444 0.041708
0 0.744582 0.406404 0.033333 0.044335
0 0.332360 0.324302 0.035556 0.044335
0 0.227916 0.241379 0.037778 0.042693
0 0.590694 0.363711 0.034444 0.041051
0 0.693471 0.490969 0.033333 0.039409
0 0.898471 0.276683 0.034444 0.044335
0 0.796805 0.403120 0.035556 0.041051
0 0.799027 0.660099 0.035556 0.042693
0 0.797916 0.744663 0.035556 0.044335
0 0.280138 0.146962 0.037778 0.050903
0 0.590694 0.321839 0.032222 0.042693
0 0.900138 0.614122 0.033333 0.042693
0 0.642360 0.191297 0.033333 0.044335
0 0.642360 0.490148 0.031111 0.044335
0 0.743471 0.278325 0.037778 0.047619
0 0.848471 0.276683 0.036667 0.047619
0 0.899027 0.447455 0.033333 0.041051
0 0.692360 0.321018 0.033333 0.041051
0 0.899582 0.406404 0.034444 0.044335
0 0.641805 0.142857 0.034444 0.052545
0 0.590694 0.236453 0.034444 0.045977
0 0.898471 0.322660 0.034444 0.044335
0 0.899582 0.490148 0.032222 0.044335
0 0.694582 0.407225 0.033333 0.042693
0 0.797360 0.490148 0.034444 0.041051
0 0.382916 0.240558 0.034444 0.044335
0 0.383471 0.195402 0.033333 0.042693
0 0.692360 0.362890 0.033333 0.045977
0 0.590138 0.191297 0.035556 0.044335
0 0.642360 0.409688 0.035556 0.044335
0 0.796805 0.446634 0.035556 0.045977
0 0.332360 0.239737 0.035556 0.045977
0 0.694027 0.449918 0.034444 0.042693
0 0.227916 0.197044 0.037778 0.042693
0 0.590694 0.279967 0.034444 0.041051
0 0.229027 0.411330 0.037778 0.044335
0 0.331805 0.146962 0.034444 0.054187
0 0.126249 0.410509 0.036667 0.042693
0 0.899027 0.364532 0.033333 0.039409
0 0.694582 0.660920 0.033333 0.044335
0 0.848471 0.657635 0.032222 0.041051
0 0.847360 0.362069 0.032222 0.041051
0 0.539582 0.444171 0.043333 0.047619
0 0.795694 0.275041 0.033333 0.047619
0 0.847916 0.320197 0.033333 0.039409
0 0.280694 0.242200 0.036667 0.050903
0 0.744027 0.321839 0.034444 0.039409
0 0.436805 0.617406 0.033333 0.042693
0 0.334027 0.620690 0.034444 0.045977
0 0.693471 0.532841 0.033333 0.041051
0 0.899582 0.532841 0.032222 0.041051
0 0.229027 0.366995 0.037778 0.044335
0 0.900138 0.742200 0.033333 0.042693
0 0.332360 0.284072 0.033333 0.039409
0 0.382360 0.150246 0.033333 0.044335
0 0.641249 0.321018 0.031111 0.037767
0 0.693471 0.573892 0.035556 0.041051
0 0.950694 0.489327 0.034444 0.042693
0 0.126249 0.454844 0.036667 0.042693
0 0.641805 0.279146 0.034444 0.042693
0 0.333471 0.574713 0.033333 0.042693
0 0.331249 0.193760 0.035556 0.039409
0 0.280694 0.196223 0.038889 0.044335
0 0.448471 0.323481 0.023333 0.036125
0 0.334027 0.662562 0.034444 0.037767
0 0.177916 0.493432 0.035556 0.044335
0 0.900138 0.784893 0.035556 0.042693
0 0.641805 0.235632 0.032222 0.041051
0 0.642360 0.449097 0.033333 0.034483
0 0.798471 0.825944 0.034444 0.042693
0 0.230138 0.577997 0.037778 0.045977
0 0.950138 0.275041 0.035556 0.047619
0 0.604582 0.824302 0.026667 0.042693
0 0.642916 0.573071 0.032222 0.045977
0 0.332360 0.409688 0.035556 0.041051
0 0.332916 0.453202 0.034444 0.045977
0 0.746805 0.741379 0.035556 0.047619
0 0.332916 0.368637 0.036667 0.041051
0 0.798471 0.701149 0.036667 0.042693
0 0.795138 0.323481 0.034444 0.045977
0 0.644027 0.619048 0.034444 0.045977
0 0.746805 0.697044 0.033333 0.041051
0 0.177916 0.325123 0.035556 0.042693
0 0.744027 0.362890 0.034444 0.042693
0 0.229582 0.745484 0.036667 0.045977
0 0.951805 0.615764 0.034444 0.042693
0 0.848471 0.700328 0.032222 0.044335
0 0.476249 0.321018 0.023333 0.037767
0 0.951249 0.447455 0.033333 0.037767
0 0.604582 0.491790 0.024444 0.037767
0 0.849582 0.825944 0.036667 0.042693
0 0.176805 0.242200 0.035556 0.044335
0 0.229582 0.535304 0.036667 0.039409
0 0.950694 0.407225 0.034444 0.042693
0 0.604582 0.743021 0.024444 0.037767
0 0.900138 0.572250 0.028889 0.037767
0 0.438471 0.574713 0.030000 0.039409
0 0.745694 0.658456 0.033333 0.042693
0 0.228471 0.282430 0.034444 0.039409
0 0.540694 0.303777 0.043333 0.039409
0 0.746805 0.866995 0.035556 0.042693
0 0.228471 0.325123 0.036667 0.042693
0 0.849027 0.783251 0.037778 0.045977
0 0.125694 0.368637 0.037778 0.041051
0 0.476805 0.406404 0.022222 0.034483
0 0.178471 0.449918 0.036667 0.039409
0 0.900694 0.865353 0.036667 0.042693
0 0.125138 0.195402 0.036667 0.049261
0 0.849582 0.741379 0.034444 0.037767
0 0.746249 0.824302 0.034444 0.045977
0 0.229582 0.452381 0.036667 0.037767
0 0.604582 0.701149 0.026667 0.036125
0 0.423471 0.193760 0.024444 0.036125
0 0.449027 0.408867 0.022222 0.032841
0 0.474582 0.192118 0.020000 0.036125
0 0.125694 0.327586 0.037778 0.041051
0 0.850138 0.868637 0.037778 0.042693
0 0.951805 0.573071 0.034444 0.045977
0 0.579027 0.533662 0.022222 0.036125
0 0.476249 0.279967 0.023333 0.037767
0 0.744582 0.447455 0.033333 0.041051
0 0.797916 0.784893 0.033333 0.039409
0 0.501805 0.193760 0.021111 0.036125
0 0.605694 0.573892 0.022222 0.034483
0 0.900694 0.826765 0.034444 0.037767
0 0.850138 0.490148 0.037778 0.044335
0 0.332360 0.493432 0.035556 0.034483
0 0.798471 0.910509 0.034444 0.050903
0 0.178471 0.574713 0.034444 0.042693
0 0.798471 0.866995 0.034444 0.039409
0 0.177916 0.410509 0.037778 0.039409
0 0.332360 0.532841 0.031111 0.044335
0 0.580138 0.573071 0.022222 0.032841
0 0.177916 0.619048 0.035556 0.045977
0 0.900138 0.701149 0.033333 0.039409
0 0.476249 0.493432 0.023333 0.034483
0 0.796249 0.363711 0.034444 0.037767
0 0.745694 0.616585 0.033333 0.041051
0 0.745138 0.490148 0.034444 0.044335
0 0.605138 0.532020 0.023333 0.039409
0 0.605138 0.614943 0.023333 0.037767
0 0.476249 0.448276 0.023333 0.039409
0 0.475138 0.238095 0.023333 0.032841
0 0.579027 0.490148 0.022222 0.037767
0 0.604582 0.784072 0.024444 0.034483
0 0.423471 0.238095 0.022222 0.032841
0 0.125694 0.284072 0.037778 0.045977
0 0.951805 0.659278 0.034444 0.041051
0 0.178471 0.663383 0.036667 0.042693
0 0.177916 0.743842 0.035556 0.042693
0 0.797360 0.576355 0.034444 0.042693
0 0.746249 0.783251 0.034444 0.039409
0 0.178471 0.368637 0.036667 0.047619
0 0.177360 0.282430 0.032222 0.039409
0 0.949582 0.321839 0.032222 0.039409
0 0.230138 0.827586 0.035556 0.042693
0 0.952360 0.700328 0.033333 0.041051
0 0.179027 0.786535 0.035556 0.042693
0 0.229582 0.788177 0.036667 0.039409
0 0.476249 0.363711 0.021111 0.034483
0 0.474027 0.143678 0.023333 0.037767
0 0.848471 0.573071 0.034444 0.042693
0 0.746805 0.910509 0.035556 0.044335
0 0.605138 0.656814 0.023333 0.036125
0 0.228471 0.662562 0.036667 0.047619
0 0.745138 0.573892 0.034444 0.044335
0 0.447360 0.282430 0.023333 0.032841
0 0.850138 0.910509 0.037778 0.041051
0 0.797360 0.532841 0.034444 0.044335
0 0.591249 0.145320 0.035556 0.047619
0 0.691805 0.278325 0.032222 0.041051
0 0.900138 0.659278 0.033333 0.044335
0 0.694582 0.615764 0.035556 0.042693
0 0.228471 0.148604 0.036667 0.050903
0 0.847916 0.407225 0.035556 0.045977
0 0.590694 0.405583 0.034444 0.042693
