0 0.635046 0.413115 0.035556 0.039344
0 0.427824 0.285246 0.034444 0.045902
0 0.532824 0.831967 0.035556 0.044262
0 0.531713 0.494262 0.035556 0.040984
0 0.892824 0.331967 0.035556 0.044262
0 0.842268 0.706557 0.034444 0.042623
0 0.686713 0.495082 0.034444 0.042623
0 0.583379 0.620492 0.034444 0.044262
0 0.532824 0.706557 0.033333 0.039344
0 0.583379 0.413934 0.034444 0.040984
0 0.635601 0.707377 0.034444 0.044262
0 0.478935 0.707377 0.034444 0.044262
0 0.791157 0.624590 0.034444 0.042623
0 0.583379 0.537705 0.034444 0.045902
0 0.583379 0.371311 0.036667 0.044262
0 0.480601 0.790164 0.035556 0.042623
0 0.532824 0.620492 0.033333 0.044262
0 0.842824 0.371311 0.035556 0.044262
0 0.478935 0.581148 0.034444 0.044262
0 0.635601 0.372131 0.034444 0.042623
0 0.687268 0.663115 0.033333 0.040984
0 0.687268 0.621311 0.033333 0.039344
0 0.479490 0.413115 0.033333 0.042623
0 0.480046 0.663115 0.034444 0.044262
0 0.790046 0.329508 0.034444 0.042623
0 0.426713 0.580328 0.036667 0.045902
0 0.479490 0.536066 0.033333 0.042623
0 0.428379 0.791803 0.035556 0.042623
0 0.790046 0.372131 0.034444 0.042623
0 0.635046 0.662295 0.035556 0.045902
0 0.750601 0.732213 0.024444 0.028361
0 0.740601 0.341230 0.042222 0.030000
0 0.751713 0.755328 0.022222 0.018852
0 0.741713 0.373525 0.044444 0.036557
0 0.740046 0.276066 0.041111 0.030820
0 0.740601 0.142049 0.044444 0.034918
0 0.943935 0.290164 0.033333 0.042623
0 0.480046 0.369672 0.034444 0.044262
0 0.635046 0.497541 0.035556 0.040984
0 0.636157 0.788525 0.035556 0.042623
0 0.377268 0.414754 0.035556 0.042623
0 0.582824 0.664754 0.033333 0.040984
0 0.584490 0.327049 0.034444 0.040984
0 0.687824 0.284426 0.034444 0.047541
0 0.324490 0.413934 0.038889 0.047541
0 0.532268 0.413115 0.034444 0.042623
0 0.988634 0.288525 0.020510 0.042623
0 0.687824 0.832787 0.034444 0.042623
0 0.376157 0.370492 0.033333 0.042623
0 0.989190 0.153279 0.019399 0.050820
0 0.944490 0.332787 0.034444 0.042623
0 0.943379 0.154918 0.034444 0.047541
0 0.531713 0.372951 0.033333 0.040984
0 0.841713 0.289344 0.035556 0.047541
0 0.582824 0.495902 0.031111 0.040984
0 0.790046 0.580328 0.034444 0.042623
0 0.943935 0.413115 0.035556 0.045902
0 0.427824 0.749180 0.034444 0.042623
0 0.480046 0.327869 0.032222 0.039344
0 0.687268 0.367213 0.033333 0.036066
0 0.790046 0.539344 0.034444 0.042623
0 0.790046 0.413934 0.034444 0.040984
0 0.531713 0.327869 0.035556 0.049180
0 0.738935 0.449180 0.043333 0.045902
0 0.842268 0.622951 0.034444 0.042623
0 0.892824 0.541803 0.035556 0.040984
0 0.841713 0.154098 0.035556 0.049180
0 0.375601 0.328689 0.034444 0.040984
0 0.635046 0.622131 0.033333 0.037705
0 0.583379 0.747541 0.034444 0.042623
0 0.532268 0.745902 0.034444 0.039344
0 0.635046 0.831967 0.033333 0.040984
0 0.479490 0.749180 0.033333 0.039344
0 0.427824 0.454098 0.034444 0.042623
0 0.532268 0.454918 0.032222 0.037705
0 0.635046 0.283607 0.035556 0.045902
0 0.532268 0.664754 0.034444 0.044262
0 0.790601 0.456557 0.035556 0.040984
0 0.584490 0.283607 0.032222 0.045902
0 0.841157 0.245082 0.036667 0.040984
0 0.376157 0.286066 0.033333 0.044262
0 0.790601 0.705738 0.033333 0.044262
0 0.635601 0.873770 0.034444 0.045902
0 0.532824 0.787705 0.035556 0.044262
0 0.943935 0.245082 0.033333 0.047541
0 0.323935 0.285246 0.035556 0.049180
0 0.893379 0.747541 0.036667 0.042623
0 0.893379 0.791803 0.036667 0.042623
0 0.427268 0.368852 0.035556 0.039344
0 0.687824 0.788525 0.032222 0.045902
0 0.583935 0.788525 0.033333 0.042623
0 0.988078 0.245082 0.021621 0.044262
0 0.791157 0.829508 0.034444 0.042623
0 0.375601 0.664754 0.034444 0.044262
0 0.841713 0.455738 0.033333 0.042623
0 0.531713 0.536885 0.035556 0.044262
0 0.427824 0.413115 0.034444 0.042623
0 0.479490 0.495902 0.033333 0.037705
0 0.427268 0.538525 0.035556 0.037705
0 0.688935 0.704918 0.036667 0.042623
0 0.790601 0.497541 0.035556 0.040984
0 0.376713 0.454918 0.034444 0.037705
0 0.841157 0.788525 0.036667 0.042623
0 0.324490 0.746721 0.038889 0.047541
0 0.841713 0.541803 0.035556 0.040984
0 0.325046 0.495902 0.037778 0.044262
0 0.892268 0.289344 0.034444 0.044262
0 0.376713 0.790164 0.034444 0.042623
0 0.944490 0.201639 0.034444 0.042623
0 0.841713 0.913934 0.035556 0.050820
0 0.842824 0.581967 0.035556 0.039344
0 0.687268 0.873770 0.035556 0.042623
0 0.324490 0.368852 0.034444 0.042623
0 0.893379 0.372951 0.034444 0.037705
0 0.841713 0.331148 0.035556 0.036066
0 0.427824 0.329508 0.036667 0.039344
0 0.531713 0.578689 0.035556 0.039344
0 0.428379 0.623770 0.035556 0.040984
0 0.841713 0.500820 0.033333 0.044262
0 0.478935 0.284426 0.034444 0.047541
0 0.324490 0.329508 0.034444 0.039344
0 0.480046 0.831967 0.034444 0.040984
0 0.428379 0.917213 0.035556 0.047541
0 0.943935 0.455738 0.033333 0.042623
0 0.325046 0.454918 0.035556 0.037705
0 0.583379 0.454098 0.032222 0.039344
0 0.791157 0.915574 0.034444 0.044262
0 0.790601 0.786885 0.031111 0.039344
0 0.892824 0.412295 0.035556 0.037705
0 0.427824 0.664754 0.036667 0.044262
0 0.893379 0.872131 0.034444 0.039344
0 0.428379 0.833607 0.035556 0.040984
0 0.324490 0.701639 0.036667 0.042623
0 0.583379 0.831148 0.034444 0.039344
0 0.944490 0.829508 0.034444 0.042623
0 0.530601 0.873770 0.031111 0.039344
0 0.635601 0.536066 0.034444 0.032787
0 0.944490 0.746721 0.034444 0.037705
0 0.943935 0.912295 0.033333 0.050820
0 0.989190 0.333607 0.019398 0.044262
0 0.944490 0.580328 0.034444 0.039344
0 0.688379 0.744262 0.031111 0.039344
0 0.841157 0.869672 0.034444 0.037705
0 0.325046 0.788525 0.035556 0.036066
0 0.635601 0.915574 0.034444 0.034426
0 0.740046 0.176230 0.043333 0.037705
0 0.740046 0.209836 0.045556 0.029508
0 0.583935 0.577049 0.035556 0.026230
0 0.945046 0.867213 0.035556 0.026230
0 0.738935 0.495082 0.043333 0.032787
0 0.842268 0.663934 0.034444 0.042623
0 0.842268 0.413934 0.034444 0.040984
0 0.686713 0.915574 0.036667 0.040984
0 0.323935 0.622131 0.035556 0.037705
0 0.892268 0.706557 0.032222 0.039344
0 0.893935 0.832787 0.035556 0.039344
0 0.841713 0.830328 0.035556 0.040984
0 0.739490 0.242623 0.042222 0.039344
0 0.790601 0.664754 0.035556 0.037705
0 0.325601 0.660656 0.034444 0.039344
0 0.375601 0.621311 0.030000 0.042623
0 0.376713 0.915574 0.036667 0.044262
0 0.943935 0.540984 0.035556 0.045902
0 0.943935 0.497541 0.033333 0.040984
0 0.635046 0.748361 0.035556 0.037705
0 0.943935 0.664754 0.035556 0.040984
0 0.944490 0.622131 0.036667 0.040984
0 0.841157 0.749180 0.036667 0.039344
0 0.376157 0.750000 0.033333 0.040984
0 0.892268 0.581148 0.034444 0.037705
0 0.376157 0.831148 0.035556 0.039344
0 0.427268 0.873770 0.031111 0.039344
0 0.790046 0.872951 0.032222 0.040984
0 0.532268 0.916393 0.036667 0.045902
0 0.893379 0.913934 0.034444 0.044262
0 0.943935 0.705738 0.035556 0.044262
0 0.376157 0.871311 0.035556 0.044262
0 0.428379 0.705738 0.035556 0.040984
0 0.325046 0.830328 0.035556 0.047541
0 0.892268 0.664754 0.032222 0.044262
0 0.841157 0.201639 0.034444 0.045902
0 0.945046 0.786885 0.035556 0.045902
0 0.325046 0.538525 0.035556 0.040984
0 0.478935 0.621311 0.034444 0.036066
0 0.943935 0.372131 0.033333 0.036066
0 0.892824 0.622131 0.033333 0.040984
0 0.790046 0.748361 0.034444 0.037705
0 0.892824 0.499180 0.033333 0.040984
0 0.376713 0.539344 0.034444 0.039344
0 0.325046 0.580328 0.035556 0.045902
0 0.480046 0.872131 0.034444 0.042623
0 0.325046 0.920492 0.037778 0.044262
0 0.790046 0.286066 0.034444 0.044262
0 0.480601 0.915574 0.035556 0.044262
0 0.532268 0.284426 0.034444 0.040984
0 0.585046 0.871311 0.033333 0.040984
0 0.583935 0.706557 0.035556 0.039344
0 0.376713 0.579508 0.034444 0.040984
0 0.583379 0.914754 0.034444 0.045902
0 0.376157 0.708197 0.033333 0.042623
0 0.892268 0.453279 0.032222 0.044262
0 0.326157 0.875410 0.035556 0.042623
0 0.740601 0.309016 0.042222 0.040984
0 0.988634 0.200820 0.020510 0.044262
0 0.480601 0.454918 0.031111 0.040984
0 0.635046 0.327869 0.035556 0.045902
0 0.687824 0.329508 0.036667 0.042623
0 0.686713 0.581967 0.032222 0.039344
0 0.376157 0.497541 0.035556 0.047541
0 0.635046 0.454918 0.035556 0.044262
0 0.687268 0.409836 0.033333 0.045902
0 0.427268 0.496721 0.035556 0.045902
0 0.686713 0.454918 0.034444 0.040984
0 0.635046 0.578689 0.035556 0.045902
0 0.687268 0.538525 0.035556 0.044262
