0 0.244685 0.492599 0.043333 0.031250
0 0.503573 0.287007 0.034444 0.031250
0 0.450240 0.291118 0.032222 0.042763
0 0.295796 0.247533 0.032222 0.041118
0 0.398018 0.705592 0.034444 0.039474
0 0.088573 0.703947 0.035556 0.042763
0 0.603573 0.499178 0.034444 0.041118
0 0.140796 0.245888 0.035556 0.041118
0 0.553573 0.746711 0.034444 0.042763
0 0.605240 0.455592 0.035556 0.042763
0 0.089129 0.745888 0.034444 0.041118
0 0.655796 0.831414 0.034444 0.044408
0 0.553573 0.915296 0.036667 0.044408
0 0.503018 0.497533 0.035556 0.041118
0 0.400796 0.160362 0.035556 0.047697
0 0.554129 0.789474 0.033333 0.039474
0 0.192462 0.247533 0.032222 0.041118
0 0.192462 0.289474 0.034444 0.039474
0 0.140240 0.204770 0.036667 0.041118
0 0.140796 0.537007 0.035556 0.041118
0 0.449129 0.747533 0.036667 0.044408
0 0.553018 0.662007 0.035556 0.044408
0 0.348018 0.580592 0.034444 0.042763
0 0.296351 0.161184 0.035556 0.049342
0 0.140240 0.453947 0.034444 0.046053
0 0.656351 0.665296 0.035556 0.041118
0 0.554129 0.413651 0.033333 0.041118
0 0.604685 0.333059 0.032222 0.037829
0 0.604685 0.413651 0.034444 0.041118
0 0.000953 0.372533 0.001907 0.041118
0 0.088018 0.286184 0.034444 0.046053
0 0.088573 0.413651 0.031111 0.041118
0 0.191907 0.493421 0.033333 0.042763
0 0.603573 0.539474 0.034444 0.042763
0 0.553573 0.829770 0.034444 0.041118
0 0.656351 0.414474 0.035556 0.042763
0 0.348573 0.162007 0.035556 0.047697
0 0.656351 0.622533 0.035556 0.044408
0 0.398573 0.495888 0.035556 0.037829
0 0.192462 0.203125 0.034444 0.044408
0 0.450796 0.414474 0.033333 0.039474
0 0.139685 0.328125 0.035556 0.044408
0 0.603573 0.581414 0.034444 0.041118
0 0.656351 0.915296 0.037778 0.047697
0 0.501907 0.662007 0.035556 0.044408
0 0.449685 0.579770 0.035556 0.041118
0 0.088573 0.660362 0.035556 0.044408
0 0.399685 0.250000 0.033333 0.042763
0 0.000953 0.744243 0.001907 0.041118
0 0.087462 0.454770 0.033333 0.041118
0 0.656907 0.706414 0.034444 0.044408
0 0.400796 0.206414 0.035556 0.044408
0 0.000953 0.828125 0.001907 0.041118
0 0.450240 0.495888 0.032222 0.041118
0 0.140796 0.286184 0.035556 0.039474
0 0.349129 0.331414 0.034444 0.041118
0 0.554685 0.620066 0.034444 0.039474
0 0.657462 0.372533 0.035556 0.041118
0 0.001509 0.161184 0.003018 0.046053
0 0.554129 0.500822 0.033333 0.037829
0 0.141351 0.578125 0.034444 0.037829
0 0.348573 0.499178 0.035556 0.037829
0 0.000953 0.413651 0.001907 0.041118
0 0.656907 0.458059 0.034444 0.041118
0 0.001509 0.869243 0.003018 0.044408
0 0.257129 0.735938 0.020444 0.014967
0 0.258573 0.718750 0.023333 0.021053
0 0.000953 0.703125 0.001907 0.037829
0 0.503573 0.329770 0.034444 0.044408
0 0.191907 0.535362 0.033333 0.041118
0 0.451351 0.332237 0.034444 0.039474
0 0.000953 0.246711 0.001907 0.042763
0 0.000953 0.453947 0.001906 0.039474
0 0.088018 0.328947 0.030000 0.039474
0 0.554129 0.537829 0.031111 0.036184
0 0.554685 0.703947 0.034444 0.039474
0 0.140240 0.412007 0.036667 0.041118
0 0.400240 0.456414 0.034444 0.041118
0 0.553018 0.871711 0.035556 0.042763
0 0.347462 0.662829 0.035556 0.042763
0 0.036907 0.332237 0.036667 0.042763
0 0.655796 0.748355 0.034444 0.039474
0 0.449129 0.620066 0.034444 0.039474
0 0.087462 0.495888 0.033333 0.041118
0 0.000953 0.205592 0.001907 0.039474
0 0.502462 0.620888 0.036667 0.034539
0 0.000953 0.785362 0.001907 0.041118
0 0.553573 0.373355 0.032222 0.039474
0 0.036351 0.287007 0.035556 0.044408
0 0.140240 0.744243 0.036667 0.044408
0 0.140240 0.158717 0.036667 0.047697
0 0.001509 0.914474 0.003018 0.046053
0 0.502462 0.415296 0.034444 0.037829
0 0.604685 0.705592 0.034444 0.039474
0 0.139685 0.496711 0.033333 0.039474
0 0.296907 0.290296 0.034444 0.041118
0 0.450240 0.537007 0.034444 0.044408
0 0.244129 0.449836 0.042222 0.044408
0 0.140240 0.372533 0.034444 0.041118
0 0.605240 0.372533 0.033333 0.037829
0 0.398573 0.745888 0.037778 0.041118
0 0.450796 0.704770 0.035556 0.044408
0 0.604685 0.748355 0.036667 0.042763
0 0.349129 0.291941 0.034444 0.041118
0 0.192462 0.157072 0.034444 0.047697
0 0.001509 0.495066 0.003018 0.042763
0 0.000397 0.662829 0.000795 0.042763
0 0.658018 0.291118 0.036667 0.046053
0 0.604129 0.665296 0.035556 0.041118
0 0.398573 0.535362 0.035556 0.041118
0 0.400796 0.292763 0.035556 0.042763
0 0.349685 0.250000 0.033333 0.039474
0 0.348573 0.458059 0.035556 0.044408
0 0.295796 0.375000 0.034444 0.042763
0 0.193018 0.371711 0.033333 0.039474
0 0.605240 0.291118 0.033333 0.046053
0 0.604685 0.622533 0.034444 0.044408
0 0.349129 0.415296 0.034444 0.041118
0 0.450240 0.454770 0.032222 0.041118
0 0.296351 0.207237 0.033333 0.039474
0 0.554129 0.578947 0.035556 0.042763
0 0.140240 0.912007 0.036667 0.047697
0 0.399685 0.333059 0.033333 0.041118
0 0.088018 0.371711 0.032222 0.042763
0 0.348018 0.538651 0.034444 0.044408
0 0.192462 0.331414 0.032222 0.041118
0 0.000953 0.578125 0.001907 0.044408
0 0.193018 0.413651 0.035556 0.044408
0 0.502462 0.538651 0.034444 0.041118
0 0.349129 0.208059 0.034444 0.041118
0 0.348573 0.622533 0.033333 0.041118
0 0.503018 0.455592 0.035556 0.042763
0 0.450796 0.372533 0.033333 0.044408
0 0.296351 0.332237 0.033333 0.042763
0 0.553573 0.457237 0.034444 0.046053
0 0.399685 0.374178 0.033333 0.041118
0 0.504129 0.374178 0.035556 0.041118
0 0.349129 0.373355 0.034444 0.042763
0 0.450240 0.661184 0.034444 0.042763
0 0.501907 0.581414 0.035556 0.044408
0 0.398573 0.621711 0.035556 0.042763
0 0.400240 0.415296 0.034444 0.041118
0 0.398573 0.664474 0.035556 0.042763
0 0.399129 0.578947 0.034444 0.042763
0 0.657462 0.539474 0.035556 0.036184
0 0.192462 0.453125 0.030000 0.034539
0 0.592462 0.789474 0.021111 0.032895
0 0.140240 0.702303 0.034444 0.042763
0 0.244685 0.245066 0.043333 0.039474
0 0.139129 0.868421 0.034444 0.036184
0 0.450240 0.208882 0.036667 0.046053
0 0.347462 0.746711 0.033333 0.042763
0 0.347462 0.785362 0.033333 0.037829
0 0.347462 0.826480 0.028889 0.041118
0 0.139685 0.784539 0.035556 0.036184
0 0.590796 0.913651 0.024444 0.034539
0 0.000398 0.287829 0.000795 0.039474
0 0.616907 0.912829 0.023333 0.036184
0 0.346907 0.705592 0.034444 0.042763
0 0.245796 0.180921 0.041111 0.036184
0 0.245796 0.145559 0.043333 0.034539
0 0.245240 0.277961 0.044444 0.029605
0 0.617462 0.871711 0.022222 0.029605
0 0.245240 0.212171 0.044444 0.029605
0 0.246351 0.344572 0.044444 0.031250
0 0.616907 0.790296 0.021111 0.031250
0 0.246907 0.375822 0.043333 0.037829
0 0.541907 0.330592 0.022222 0.032895
0 0.591351 0.872533 0.023333 0.037829
0 0.000953 0.333059 0.001906 0.034539
0 0.450796 0.162007 0.035556 0.047697
0 0.089129 0.578947 0.032222 0.036184
0 0.592462 0.830592 0.023333 0.036184
0 0.139685 0.661184 0.035556 0.036184
0 0.567462 0.332237 0.022222 0.032895
0 0.140240 0.618421 0.034444 0.046053
0 0.618018 0.831414 0.021111 0.034539
0 0.501907 0.705592 0.035556 0.042763
0 0.450796 0.250822 0.033333 0.034539
0 0.655796 0.872533 0.034444 0.037829
0 0.001509 0.535362 0.003018 0.041118
0 0.088573 0.828125 0.035556 0.041118
0 0.089129 0.786184 0.034444 0.039474
0 0.192462 0.576480 0.030000 0.041118
0 0.088573 0.869243 0.035556 0.041118
0 0.656351 0.498355 0.035556 0.042763
0 0.087462 0.537829 0.033333 0.046053
0 0.657462 0.332237 0.035556 0.039474
0 0.089129 0.616776 0.032222 0.039474
0 0.000398 0.620066 0.000796 0.036184
0 0.543018 0.288651 0.020000 0.037829
0 0.257396 0.749984 0.022222 0.012500
0 0.088018 0.912007 0.036667 0.047697
0 0.655240 0.788651 0.033333 0.041118
0 0.566907 0.287829 0.021111 0.036184
0 0.656351 0.578947 0.033333 0.039474
0 0.246351 0.311678 0.042222 0.037829
0 0.140240 0.825658 0.036667 0.046053
