0 0.507038 0.284653 0.034444 0.041254
0 0.505927 0.659241 0.034444 0.044554
0 0.352594 0.146040 0.036667 0.047855
0 0.557038 0.326733 0.036667 0.042904
0 0.557594 0.198020 0.035556 0.042904
0 0.812038 0.283828 0.035556 0.042904
0 0.812038 0.192244 0.035556 0.047855
0 0.506482 0.577558 0.035556 0.042904
0 0.762594 0.490924 0.032222 0.041254
0 0.352038 0.284653 0.035556 0.044554
0 0.557038 0.240099 0.034444 0.041254
0 0.197038 0.490924 0.036667 0.041254
0 0.658705 0.325083 0.033333 0.039604
0 0.557038 0.283003 0.034444 0.041254
0 0.557594 0.148515 0.035556 0.052805
0 0.762594 0.745050 0.036667 0.044554
0 0.507594 0.323432 0.033333 0.039604
0 0.658705 0.490924 0.033333 0.044554
0 0.248149 0.281353 0.036667 0.044554
0 0.762594 0.408416 0.032222 0.041254
0 0.658705 0.407591 0.033333 0.042904
0 0.710371 0.194719 0.034444 0.046205
0 0.404260 0.240924 0.035556 0.042904
0 0.404260 0.283828 0.035556 0.042904
0 0.198149 0.240099 0.032222 0.044554
0 0.865371 0.239274 0.037778 0.046205
0 0.864816 0.407591 0.034444 0.042904
0 0.044816 0.236799 0.034444 0.041254
0 0.760927 0.326733 0.033333 0.042904
0 0.143149 0.828383 0.035556 0.039604
0 0.145371 0.191419 0.035556 0.049505
0 0.865371 0.190594 0.035556 0.047855
0 0.812038 0.238449 0.033333 0.044554
0 0.299816 0.279703 0.035556 0.044554
0 0.506482 0.194719 0.035556 0.046205
0 0.506482 0.146040 0.033333 0.047855
0 0.864816 0.282178 0.034444 0.039604
0 0.196482 0.322607 0.031111 0.041254
0 0.095371 0.279703 0.035556 0.047855
0 0.352038 0.194719 0.035556 0.046205
0 0.607594 0.193069 0.033333 0.039604
0 0.196482 0.406766 0.033333 0.044554
0 0.352038 0.240099 0.033333 0.044554
0 0.760371 0.282178 0.034444 0.046205
0 0.194260 0.702145 0.035556 0.044554
0 0.813149 0.406766 0.033333 0.044554
0 0.763149 0.575908 0.033333 0.042904
0 0.143705 0.574257 0.034444 0.042904
0 0.300927 0.147690 0.035556 0.051155
0 0.763149 0.617987 0.033333 0.041254
0 0.658149 0.146865 0.038889 0.046205
0 0.196482 0.449670 0.035556 0.041254
0 0.198705 0.194719 0.035556 0.042904
0 0.710371 0.283828 0.034444 0.039604
0 0.659260 0.365512 0.032222 0.041254
0 0.300927 0.364686 0.035556 0.042904
0 0.710927 0.146040 0.033333 0.051155
0 0.864816 0.364686 0.032222 0.042904
0 0.865371 0.448845 0.033333 0.039604
0 0.658149 0.240099 0.032222 0.041254
0 0.454816 0.443894 0.041111 0.046205
0 0.145927 0.280528 0.034444 0.042904
0 0.403705 0.325908 0.036667 0.041254
0 0.402038 0.448845 0.035556 0.042904
0 0.196482 0.363861 0.031111 0.037954
0 0.249816 0.238449 0.033333 0.041254
0 0.659816 0.617987 0.033333 0.041254
0 0.145371 0.406766 0.033333 0.041254
0 0.300927 0.235974 0.035556 0.042904
0 0.813149 0.490099 0.031111 0.039604
0 0.197038 0.281353 0.030000 0.037954
0 0.300371 0.408416 0.034444 0.041254
0 0.813149 0.533003 0.033333 0.042904
0 0.144260 0.490099 0.031111 0.039604
0 0.558705 0.410066 0.031111 0.041254
0 0.042594 0.407591 0.036667 0.039604
0 0.813149 0.576733 0.033333 0.041254
0 0.145371 0.322607 0.033333 0.041254
0 0.143705 0.916667 0.036667 0.044554
0 0.814260 0.660891 0.035556 0.037954
0 0.507594 0.492574 0.033333 0.037954
0 0.867038 0.870462 0.038889 0.041254
0 0.042594 0.449670 0.034444 0.044554
0 0.508149 0.405941 0.034444 0.046205
0 0.041482 0.534653 0.032222 0.039604
0 0.660371 0.825908 0.036667 0.021452
0 0.467038 0.741749 0.023333 0.028053
0 0.466482 0.721947 0.022222 0.018152
0 0.145927 0.363861 0.034444 0.044554
0 0.813705 0.871287 0.034444 0.046205
0 0.455371 0.483498 0.042222 0.029703
0 0.144260 0.701320 0.035556 0.042904
0 0.248149 0.533003 0.034444 0.042904
0 0.763705 0.784653 0.034444 0.024752
0 0.456482 0.368894 0.044444 0.034488
0 0.456482 0.338284 0.044444 0.026403
0 0.198705 0.146865 0.033333 0.052805
0 0.248149 0.660066 0.034444 0.042904
0 0.405371 0.147690 0.031111 0.047855
0 0.299816 0.616337 0.033333 0.041254
0 0.865927 0.827558 0.034444 0.044554
0 0.195371 0.657591 0.035556 0.044554
0 0.194816 0.786304 0.034444 0.041254
0 0.658705 0.576733 0.031111 0.041254
0 0.507038 0.534653 0.034444 0.042904
0 0.248149 0.573432 0.034444 0.037954
0 0.249816 0.194719 0.031111 0.042904
0 0.299260 0.701320 0.034444 0.039604
0 0.764260 0.825083 0.033333 0.039604
0 0.505927 0.617987 0.034444 0.037954
0 0.144816 0.448020 0.032222 0.041254
0 0.814260 0.917492 0.035556 0.042904
0 0.659260 0.702970 0.034444 0.042904
0 0.299260 0.532178 0.034444 0.041254
0 0.867038 0.785479 0.034444 0.039604
0 0.196482 0.616337 0.035556 0.037954
0 0.659816 0.743399 0.035556 0.041254
0 0.456482 0.202970 0.044444 0.029703
0 0.710371 0.240099 0.034444 0.044554
0 0.606482 0.284653 0.035556 0.044554
0 0.607594 0.237624 0.035556 0.046205
0 0.710927 0.324257 0.033333 0.041254
0 0.507594 0.240924 0.035556 0.042904
0 0.658705 0.284653 0.035556 0.047855
0 0.039260 0.869637 0.038889 0.042904
0 0.456482 0.169967 0.040000 0.039604
0 0.404816 0.195545 0.034444 0.047855
0 0.761482 0.365512 0.032222 0.037954
0 0.042038 0.613861 0.037778 0.042904
0 0.039260 0.916667 0.038889 0.047855
0 0.040371 0.745875 0.036667 0.042904
0 0.248705 0.321782 0.035556 0.033003
0 0.043705 0.193894 0.034444 0.041254
0 0.403705 0.366337 0.032222 0.039604
0 0.041482 0.659241 0.036667 0.044554
0 0.507038 0.363036 0.032222 0.039604
0 0.813705 0.700495 0.032222 0.041254
0 0.403149 0.493399 0.035556 0.046205
0 0.812594 0.448020 0.032222 0.037954
0 0.247594 0.363036 0.035556 0.042904
0 0.867038 0.914191 0.034444 0.042904
0 0.040371 0.826733 0.034444 0.039604
0 0.456482 0.136139 0.042222 0.034653
0 0.148149 0.531353 0.027778 0.039604
0 0.659816 0.916667 0.035556 0.044554
0 0.041482 0.363036 0.034444 0.046205
0 0.040371 0.785479 0.034444 0.039604
0 0.143149 0.870462 0.035556 0.044554
0 0.043149 0.493399 0.035556 0.042904
0 0.041482 0.573432 0.034444 0.037954
0 0.247038 0.704620 0.036667 0.046205
0 0.455927 0.271452 0.043333 0.031353
0 0.762594 0.533003 0.034444 0.042904
0 0.040371 0.702145 0.036667 0.041254
0 0.812594 0.323432 0.032222 0.039604
0 0.508149 0.451320 0.034444 0.041254
0 0.194260 0.827558 0.035556 0.041254
0 0.867038 0.746700 0.034444 0.041254
0 0.042594 0.320132 0.036667 0.039604
0 0.144260 0.660891 0.035556 0.041254
0 0.812038 0.363861 0.033333 0.041254
0 0.764816 0.867162 0.032222 0.044554
0 0.813149 0.619637 0.033333 0.044554
0 0.300371 0.448845 0.034444 0.039604
0 0.455927 0.237624 0.043333 0.039604
0 0.299260 0.740924 0.034444 0.042904
0 0.457038 0.304455 0.043333 0.041254
0 0.659260 0.448020 0.032222 0.037954
0 0.195371 0.915017 0.037778 0.044554
0 0.660371 0.787954 0.036667 0.047855
0 0.299816 0.490924 0.033333 0.041254
0 0.659260 0.660066 0.034444 0.042904
0 0.248705 0.490924 0.031111 0.044554
0 0.607038 0.325908 0.032222 0.037954
0 0.144260 0.742574 0.035556 0.039604
0 0.301482 0.322607 0.032222 0.041254
0 0.043705 0.278878 0.034444 0.039604
0 0.299260 0.574257 0.036667 0.042904
0 0.760371 0.193069 0.032222 0.042904
0 0.248149 0.614686 0.034444 0.044554
0 0.194816 0.868812 0.036667 0.044554
0 0.813705 0.785479 0.034444 0.039604
0 0.299260 0.830858 0.036667 0.044554
0 0.248149 0.448020 0.034444 0.037954
0 0.763149 0.659241 0.033333 0.041254
0 0.300927 0.195545 0.035556 0.041254
0 0.299260 0.786304 0.034444 0.044554
0 0.558149 0.368812 0.032222 0.041254
0 0.298705 0.659241 0.035556 0.044554
0 0.505927 0.702145 0.034444 0.044554
0 0.867038 0.705446 0.034444 0.044554
0 0.866482 0.661716 0.035556 0.042904
0 0.142594 0.784653 0.032222 0.044554
0 0.660371 0.867162 0.036667 0.051155
0 0.607594 0.367162 0.033333 0.044554
0 0.658705 0.194719 0.035556 0.049505
0 0.144260 0.617987 0.035556 0.044554
0 0.197038 0.533003 0.034444 0.039604
0 0.710927 0.409241 0.031111 0.039604
0 0.145927 0.237624 0.032222 0.042904
0 0.043705 0.146040 0.034444 0.051155
0 0.763149 0.448845 0.031111 0.039604
0 0.763705 0.913366 0.034444 0.047855
0 0.813705 0.828383 0.034444 0.042904
0 0.814260 0.743399 0.033333 0.041254
0 0.864260 0.490099 0.031111 0.039604
0 0.403705 0.406766 0.032222 0.041254
0 0.864816 0.575083 0.034444 0.044554
0 0.194260 0.745050 0.035556 0.041254
0 0.659816 0.534653 0.033333 0.042904
0 0.760927 0.237624 0.033333 0.042904
0 0.864260 0.321782 0.033333 0.042904
0 0.864816 0.532178 0.034444 0.041254
0 0.197038 0.575083 0.034444 0.044554
0 0.763149 0.701320 0.031111 0.042904
0 0.865927 0.618812 0.034444 0.042904
0 0.711482 0.365512 0.032222 0.041254
0 0.249816 0.145215 0.035556 0.052805
0 0.248149 0.406766 0.036667 0.044554
