0 0.128751 0.561240 0.032000 0.037209
0 0.640085 0.886047 0.036000 0.035659
0 0.642085 0.596899 0.032000 0.034109
0 0.492751 0.258140 0.032000 0.032558
0 0.394751 0.814729 0.036000 0.032558
0 0.640751 0.815504 0.037333 0.031008
0 0.695418 0.671318 0.037333 0.034109
0 0.226085 0.705426 0.034667 0.034109
0 0.586751 0.851938 0.036000 0.032558
0 0.696085 0.565116 0.036000 0.032558
0 0.753418 0.236434 0.033333 0.041860
0 0.860751 0.599225 0.034667 0.035659
0 0.283418 0.851163 0.034667 0.037209
0 0.448751 0.560465 0.034667 0.032558
0 0.862751 0.490698 0.036000 0.032558
0 0.396085 0.631783 0.036000 0.032558
0 0.448751 0.672093 0.034667 0.035659
0 0.696085 0.528682 0.036000 0.037209
0 0.101418 0.303101 0.028000 0.032558
0 0.862085 0.455039 0.034667 0.035659
0 0.102751 0.523256 0.028000 0.035659
0 0.172751 0.413178 0.032000 0.032558
0 0.227418 0.886822 0.032000 0.034109
0 0.696085 0.417829 0.036000 0.032558
0 0.753418 0.275194 0.036000 0.032558
0 0.284751 0.379845 0.034667 0.037209
0 0.128751 0.448837 0.029333 0.038760
0 0.227418 0.595349 0.034667 0.034109
0 0.641418 0.743411 0.036000 0.035659
0 0.102085 0.338760 0.029333 0.035659
0 0.394751 0.888372 0.036000 0.034109
0 0.129418 0.304651 0.028000 0.035659
0 0.532085 0.888372 0.036000 0.034109
0 0.395418 0.851163 0.034667 0.037209
0 0.808085 0.490698 0.036000 0.032558
0 0.586085 0.597674 0.034667 0.032558
0 0.448751 0.885271 0.034667 0.034109
0 0.173418 0.596124 0.033333 0.029457
0 0.696751 0.453488 0.034667 0.032558
0 0.586751 0.744186 0.036000 0.034109
0 0.341418 0.415504 0.033333 0.037209
0 0.862751 0.381395 0.036000 0.031008
0 0.533418 0.779845 0.036000 0.034109
0 0.448751 0.451938 0.032000 0.032558
0 0.697418 0.380620 0.033333 0.035659
0 0.862085 0.417829 0.037333 0.035659
0 0.698085 0.344186 0.034667 0.034109
0 0.448751 0.596899 0.034667 0.034109
0 0.642085 0.562016 0.034667 0.032558
0 0.533418 0.669767 0.036000 0.034109
0 0.532085 0.561240 0.036000 0.037209
0 0.283418 0.743411 0.034667 0.035659
0 0.285418 0.416279 0.036000 0.032558
0 0.806751 0.563566 0.036000 0.038760
0 0.806751 0.345736 0.033333 0.031008
0 0.532085 0.597674 0.036000 0.035659
0 0.534751 0.414729 0.033333 0.032558
0 0.641418 0.849612 0.036000 0.037209
0 0.862751 0.347287 0.036000 0.034109
0 0.807418 0.309302 0.034667 0.038760
0 0.394751 0.779070 0.036000 0.035659
0 0.640085 0.780620 0.036000 0.035659
0 0.283418 0.814729 0.037333 0.035659
0 0.532085 0.815504 0.036000 0.034109
0 0.448751 0.848837 0.037333 0.038760
0 0.641418 0.707752 0.036000 0.035659
0 0.396751 0.487597 0.037333 0.035659
0 0.284085 0.523256 0.036000 0.035659
0 0.588085 0.417054 0.036000 0.034109
0 0.863418 0.310078 0.037333 0.037209
0 0.172085 0.669767 0.036000 0.037209
0 0.173418 0.524031 0.038667 0.037209
0 0.228751 0.376744 0.034667 0.034109
0 0.586751 0.561240 0.036000 0.037209
0 0.532085 0.852713 0.038667 0.037209
0 0.397418 0.303101 0.033333 0.038760
0 0.642085 0.490698 0.034667 0.035659
0 0.342751 0.303876 0.033333 0.037209
0 0.283418 0.670543 0.037333 0.035659
0 0.533418 0.487597 0.036000 0.035659
0 0.172751 0.449612 0.037333 0.037209
0 0.229418 0.340310 0.036000 0.035659
0 0.587418 0.486822 0.034667 0.037209
0 0.641418 0.668992 0.036000 0.038760
0 0.586085 0.666667 0.037333 0.037209
0 0.642085 0.382171 0.034667 0.032558
0 0.340085 0.598450 0.036000 0.037209
0 0.642751 0.346512 0.036000 0.038760
0 0.397418 0.340310 0.036000 0.035659
0 0.228751 0.413953 0.037333 0.037209
0 0.696751 0.600000 0.037333 0.034109
0 0.284085 0.596124 0.036000 0.035659
0 0.752751 0.455814 0.037333 0.034109
0 0.228085 0.487597 0.036000 0.035659
0 0.342085 0.377519 0.034667 0.035659
0 0.284085 0.706202 0.036000 0.035659
0 0.284751 0.486822 0.037333 0.034109
0 0.340085 0.672868 0.038667 0.040310
0 0.396751 0.377519 0.037333 0.035659
0 0.643418 0.306977 0.037333 0.040310
0 0.448751 0.306977 0.032000 0.037209
0 0.450085 0.378295 0.037333 0.034109
0 0.172751 0.337984 0.040000 0.040310
0 0.448751 0.416279 0.034667 0.035659
0 0.340085 0.560465 0.036000 0.038760
0 0.752085 0.594574 0.038667 0.041860
0 0.340751 0.522481 0.034667 0.037209
0 0.286085 0.303101 0.040000 0.038760
0 0.397418 0.414729 0.036000 0.035659
0 0.284751 0.560465 0.037333 0.035659
0 0.283418 0.779070 0.037333 0.035659
0 0.751418 0.489922 0.037333 0.034109
0 0.587418 0.524806 0.034667 0.035659
0 0.860751 0.671318 0.037333 0.034109
0 0.448085 0.741860 0.033333 0.032558
0 0.158751 0.889922 0.025333 0.031008
0 0.750751 0.671318 0.036000 0.034109
0 0.751418 0.707752 0.037333 0.035659
0 0.448751 0.706202 0.034667 0.032558
0 0.157418 0.818605 0.025333 0.031008
0 0.751418 0.778295 0.037333 0.031008
0 0.159418 0.744961 0.026667 0.029457
0 0.282751 0.886047 0.036000 0.032558
0 0.750085 0.886047 0.037333 0.035659
0 0.586085 0.886047 0.034667 0.032558
0 0.448751 0.812403 0.034667 0.031008
0 0.448751 0.633333 0.037333 0.035659
0 0.751418 0.743411 0.034667 0.035659
0 0.102085 0.411628 0.026667 0.029457
0 0.448751 0.524806 0.037333 0.038760
0 0.750751 0.814729 0.036000 0.035659
0 0.860751 0.706977 0.037333 0.037209
0 0.494085 0.362946 0.029333 0.036899
0 0.102751 0.484496 0.030667 0.035659
0 0.860751 0.778295 0.037333 0.021705
0 0.492751 0.291473 0.032000 0.027907
0 0.497418 0.776744 0.025333 0.031008
0 0.862751 0.272868 0.036000 0.024806
0 0.587418 0.631008 0.034667 0.021705
0 0.286085 0.263566 0.037333 0.024806
0 0.644751 0.268217 0.037333 0.024806
0 0.752085 0.560465 0.036000 0.020155
0 0.397418 0.266667 0.036000 0.021705
0 0.396085 0.594574 0.036000 0.023256
0 0.859418 0.852713 0.034667 0.034109
0 0.490085 0.434109 0.026667 0.034109
0 0.860085 0.886822 0.038667 0.034109
0 0.492085 0.399225 0.028000 0.029457
0 0.127418 0.376744 0.029333 0.031008
0 0.861418 0.526357 0.036000 0.038760
0 0.860085 0.813953 0.038667 0.040310
0 0.750751 0.851163 0.036000 0.034109
0 0.860751 0.745736 0.037333 0.037209
0 0.586085 0.814729 0.032000 0.035659
0 0.103418 0.375969 0.026667 0.035659
0 0.102751 0.449612 0.025333 0.034109
0 0.493418 0.223256 0.030667 0.031008
0 0.184085 0.746512 0.028000 0.029457
0 0.185418 0.889922 0.028000 0.027907
0 0.448751 0.342636 0.034667 0.034109
0 0.641418 0.526357 0.036000 0.035659
0 0.131418 0.523256 0.026667 0.032558
0 0.128085 0.412403 0.028000 0.031008
0 0.129418 0.487597 0.028000 0.032558
0 0.860751 0.634884 0.034667 0.038760
0 0.448085 0.776744 0.033333 0.034109
0 0.128085 0.341085 0.028000 0.034109
0 0.493418 0.192248 0.030667 0.027907
0 0.532751 0.633333 0.034667 0.035659
0 0.860751 0.563566 0.034667 0.032558
0 0.641418 0.632558 0.036000 0.034109
0 0.226751 0.851163 0.036000 0.034109
0 0.282751 0.633333 0.033333 0.038760
0 0.395418 0.743411 0.037333 0.035659
0 0.808085 0.455039 0.036000 0.035659
0 0.171418 0.631008 0.037333 0.037209
0 0.534085 0.451163 0.034667 0.034109
0 0.533418 0.524031 0.036000 0.037209
0 0.697418 0.489147 0.033333 0.038760
0 0.228751 0.450388 0.037333 0.032558
0 0.226751 0.631008 0.036000 0.037209
0 0.396751 0.450388 0.034667 0.035659
0 0.588751 0.379070 0.032000 0.032558
0 0.170751 0.708527 0.038667 0.037209
0 0.227418 0.777519 0.037333 0.038760
0 0.534751 0.306202 0.033333 0.035659
0 0.227418 0.741085 0.037333 0.034109
0 0.186085 0.854264 0.029333 0.034109
0 0.396085 0.668992 0.036000 0.038760
0 0.285418 0.451163 0.038667 0.034109
0 0.752751 0.310853 0.034667 0.035659
0 0.752085 0.420155 0.038667 0.034109
0 0.588751 0.307752 0.032000 0.035659
0 0.340751 0.452713 0.034667 0.034109
0 0.642085 0.454264 0.034667 0.034109
0 0.342751 0.341860 0.036000 0.035659
0 0.339418 0.634109 0.034667 0.034109
0 0.642085 0.417829 0.034667 0.035659
0 0.753418 0.345736 0.038667 0.034109
0 0.534751 0.343411 0.036000 0.035659
0 0.341418 0.486822 0.033333 0.031008
0 0.185418 0.817054 0.030667 0.037209
0 0.806751 0.526357 0.036000 0.035659
0 0.173418 0.486822 0.036000 0.034109
0 0.752751 0.382946 0.037333 0.037209
0 0.172751 0.377519 0.037333 0.035659
0 0.396085 0.562791 0.036000 0.034109
0 0.806085 0.380620 0.034667 0.035659
0 0.227418 0.558915 0.034667 0.038760
0 0.752085 0.527907 0.036000 0.038760
0 0.588751 0.344186 0.034667 0.034109
0 0.698085 0.308527 0.034667 0.037209
0 0.230085 0.302326 0.034667 0.037209
0 0.172751 0.299225 0.034667 0.034109
0 0.532751 0.742636 0.037333 0.037209
0 0.808085 0.419380 0.033333 0.035659
0 0.285418 0.342636 0.036000 0.034109
0 0.396085 0.525581 0.036000 0.037209
0 0.586085 0.706202 0.037333 0.038760
0 0.396085 0.707752 0.036000 0.035659
0 0.534751 0.379070 0.030667 0.032558
0 0.695418 0.635659 0.037333 0.034109
0 0.172085 0.562016 0.036000 0.035659
0 0.448085 0.486822 0.033333 0.034109
0 0.587418 0.451163 0.034667 0.031008
0 0.226751 0.814729 0.036000 0.035659
0 0.227418 0.522481 0.032000 0.031008
0 0.532751 0.706202 0.037333 0.035659
0 0.752085 0.635659 0.038667 0.037209
0 0.185418 0.781395 0.028000 0.031008
0 0.586085 0.779845 0.034667 0.034109
0 0.158085 0.853488 0.029333 0.035659
0 0.158085 0.781395 0.026667 0.034109
0 0.226751 0.668992 0.036000 0.035659
