0 0.903617 0.343354 0.027500 0.025316
0 0.671117 0.391614 0.032500 0.049051
0 0.173617 0.526899 0.030000 0.025316
0 0.572367 0.855222 0.022500 0.023734
0 0.393617 0.784810 0.032500 0.022152
0 0.903617 0.500000 0.022500 0.031646
0 0.573617 0.568829 0.020000 0.020570
0 0.504242 0.688291 0.031250 0.031646
0 0.614242 0.724684 0.031250 0.034810
0 0.339867 0.624209 0.035000 0.020570
0 0.436117 0.336234 0.025000 0.030063
0 0.614242 0.749209 0.033750 0.036392
0 0.504242 0.716772 0.033750 0.037975
0 0.613617 0.847310 0.035000 0.030063
0 0.777992 0.878956 0.036250 0.036392
0 0.340492 0.367880 0.033750 0.023734
0 0.671117 0.370253 0.030000 0.034810
0 0.172992 0.503165 0.036250 0.044304
0 0.669242 0.593354 0.033750 0.018987
0 0.891742 0.371835 0.033750 0.031646
0 0.722992 0.878956 0.033750 0.033228
0 0.877992 0.437500 0.021250 0.023734
0 0.462992 0.338608 0.026250 0.031646
0 0.339867 0.496835 0.032500 0.018987
0 0.394242 0.655854 0.033750 0.020570
0 0.671117 0.434335 0.032500 0.033228
0 0.778617 0.852057 0.035000 0.033228
0 0.451742 0.400316 0.033750 0.028481
0 0.723617 0.849684 0.035000 0.031646
0 0.394867 0.591772 0.032500 0.031646
0 0.906117 0.437500 0.022500 0.033228
0 0.724242 0.817247 0.036250 0.033228
0 0.724242 0.786392 0.036250 0.031646
0 0.450492 0.626582 0.031250 0.031646
0 0.449867 0.655063 0.032500 0.028481
0 0.780492 0.689873 0.033750 0.028481
0 0.614867 0.819620 0.032500 0.028481
0 0.835492 0.658228 0.033750 0.031646
0 0.779867 0.721519 0.035000 0.034810
0 0.173617 0.589399 0.030000 0.033228
0 0.339867 0.684335 0.035000 0.026899
0 0.448617 0.562500 0.032500 0.023734
0 0.904242 0.469146 0.021250 0.026899
0 0.503617 0.752373 0.032500 0.033228
0 0.394242 0.754747 0.033750 0.041139
0 0.227992 0.844937 0.033750 0.025316
0 0.504242 0.817247 0.033750 0.033228
0 0.837367 0.371835 0.035000 0.037975
0 0.779242 0.820411 0.033750 0.033228
0 0.891117 0.405063 0.035000 0.034810
0 0.394242 0.719937 0.033750 0.028481
0 0.834242 0.785601 0.033750 0.033228
0 0.436742 0.432753 0.021250 0.023734
0 0.172992 0.557753 0.031250 0.033228
0 0.339242 0.814873 0.033750 0.031646
0 0.504242 0.658228 0.033750 0.034810
0 0.230492 0.433544 0.033750 0.031646
0 0.452367 0.369462 0.035000 0.030063
0 0.614867 0.499209 0.032500 0.030063
0 0.781117 0.659810 0.035000 0.031646
0 0.779242 0.787184 0.033750 0.033228
0 0.834242 0.850475 0.033750 0.033228
0 0.504867 0.783228 0.032500 0.034810
0 0.394867 0.560918 0.032500 0.033228
0 0.780492 0.628165 0.033750 0.034810
0 0.447992 0.688291 0.033750 0.034810
0 0.229242 0.497627 0.033750 0.033228
0 0.230492 0.465190 0.033750 0.031646
0 0.504867 0.850475 0.035000 0.036392
0 0.463617 0.499209 0.022500 0.033228
0 0.833617 0.882120 0.035000 0.033228
0 0.228617 0.624209 0.032500 0.030063
0 0.834242 0.818829 0.033750 0.033228
0 0.614867 0.690665 0.032500 0.033228
0 0.448617 0.723101 0.035000 0.037975
0 0.339242 0.719146 0.033750 0.033228
0 0.393617 0.685918 0.035000 0.036392
0 0.337992 0.880538 0.033750 0.030063
0 0.559242 0.793513 0.033750 0.036392
0 0.449242 0.593354 0.031250 0.034810
0 0.228617 0.653481 0.032500 0.031646
0 0.337992 0.848892 0.033750 0.033228
0 0.172367 0.435918 0.032500 0.030063
0 0.669242 0.880538 0.031250 0.030063
0 0.339242 0.750791 0.033750 0.033228
0 0.834867 0.753956 0.032500 0.033228
0 0.876742 0.467563 0.021250 0.030063
0 0.614867 0.528481 0.032500 0.031646
0 0.173617 0.464399 0.035000 0.033228
0 0.172367 0.656646 0.032500 0.031646
0 0.668617 0.818038 0.035000 0.031646
0 0.836117 0.530854 0.035000 0.033228
0 0.227992 0.720728 0.036250 0.030063
0 0.723617 0.756329 0.035000 0.034810
0 0.834242 0.721519 0.033750 0.031646
0 0.725492 0.404272 0.033750 0.030063
0 0.229242 0.528481 0.033750 0.031646
0 0.669242 0.722310 0.033750 0.030063
0 0.779867 0.754747 0.035000 0.034810
0 0.834867 0.690665 0.032500 0.033228
0 0.393617 0.529272 0.032500 0.033228
0 0.506742 0.498418 0.033750 0.031646
0 0.505492 0.530854 0.033750 0.030063
0 0.946742 0.406646 0.033750 0.031646
0 0.614242 0.657437 0.031250 0.033228
0 0.613617 0.877373 0.035000 0.036392
0 0.779867 0.499209 0.037500 0.033228
0 0.946742 0.372627 0.033750 0.036392
0 0.507367 0.465981 0.032500 0.033228
0 0.395492 0.431962 0.028750 0.028481
0 0.505492 0.593354 0.033750 0.031646
0 0.464242 0.431962 0.026250 0.034810
0 0.834867 0.564082 0.035000 0.033228
0 0.340492 0.592563 0.036250 0.036392
0 0.463617 0.465981 0.022500 0.030063
0 0.339242 0.526108 0.033750 0.033228
0 0.506117 0.433544 0.032500 0.031646
0 0.449867 0.530854 0.035000 0.036392
0 0.669867 0.658228 0.035000 0.034810
0 0.395492 0.401899 0.028750 0.031646
0 0.339867 0.466772 0.035000 0.037975
0 0.285492 0.368671 0.036250 0.034810
0 0.891117 0.564873 0.035000 0.031646
0 0.616742 0.370253 0.036250 0.037975
0 0.171742 0.400316 0.033750 0.037975
0 0.395492 0.464399 0.028750 0.033228
0 0.615492 0.595728 0.033750 0.033228
0 0.615492 0.562500 0.033750 0.033228
0 0.670492 0.564873 0.033750 0.034810
0 0.340492 0.401108 0.033750 0.036392
0 0.229242 0.558544 0.033750 0.031646
0 0.835492 0.468354 0.033750 0.028481
0 0.339242 0.557753 0.036250 0.030063
0 0.725492 0.529272 0.033750 0.030063
0 0.669242 0.752373 0.036250 0.033228
0 0.506742 0.401899 0.031250 0.031646
0 0.173617 0.623418 0.032500 0.034810
0 0.339242 0.654272 0.036250 0.036392
0 0.504242 0.625791 0.031250 0.033228
0 0.724867 0.658228 0.035000 0.031646
0 0.435492 0.465190 0.021250 0.031646
0 0.338617 0.784019 0.035000 0.036392
0 0.561529 0.352634 0.031275 0.017326
0 0.561417 0.370973 0.031950 0.019351
0 0.561529 0.391345 0.031275 0.020222
0 0.561117 0.417801 0.035000 0.031804
0 0.562242 0.332595 0.031500 0.022785
0 0.560267 0.451820 0.033750 0.036234
0 0.395492 0.367880 0.031250 0.036392
0 0.669867 0.531646 0.030000 0.031646
0 0.285492 0.403481 0.036250 0.034810
0 0.890492 0.597310 0.033750 0.033228
0 0.394867 0.496044 0.030000 0.030063
0 0.616742 0.404272 0.033750 0.030063
0 0.836742 0.405063 0.033750 0.031646
0 0.670492 0.467563 0.033750 0.033228
0 0.779867 0.532437 0.037500 0.030063
0 0.835492 0.438291 0.033750 0.031646
0 0.669867 0.500000 0.032500 0.031646
0 0.781117 0.405854 0.037500 0.033228
0 0.724242 0.722310 0.033750 0.033228
0 0.612992 0.786392 0.036250 0.037975
0 0.227992 0.750791 0.036250 0.033228
0 0.781117 0.371044 0.037500 0.033228
0 0.505492 0.561709 0.033750 0.031646
0 0.725492 0.466772 0.033750 0.031646
0 0.781117 0.595728 0.035000 0.033228
0 0.726117 0.498418 0.035000 0.031646
0 0.669242 0.691456 0.033750 0.031646
0 0.229242 0.591772 0.033750 0.031646
0 0.726117 0.371044 0.037500 0.039557
0 0.834867 0.627373 0.035000 0.033228
0 0.394242 0.625000 0.036250 0.034810
0 0.227367 0.687500 0.035000 0.036392
0 0.506742 0.367880 0.033750 0.036392
0 0.890492 0.531646 0.033750 0.034810
0 0.669242 0.623418 0.036250 0.034810
0 0.574655 0.609122 0.019600 0.020870
0 0.561686 0.530491 0.031412 0.023228
0 0.574430 0.588212 0.019625 0.019146
0 0.575430 0.627033 0.021775 0.015744
0 0.574811 0.671725 0.017413 0.014557
0 0.574655 0.691606 0.017100 0.023623
0 0.878292 0.342381 0.019775 0.025047
0 0.394329 0.849794 0.030450 0.025506
0 0.575117 0.642595 0.021775 0.017722
0 0.574498 0.657555 0.020538 0.012199
0 0.561117 0.546203 0.037500 0.008861
0 0.393617 0.816297 0.035000 0.040823
0 0.572992 0.880934 0.026250 0.026108
0 0.560492 0.505775 0.036250 0.027373
0 0.780492 0.563291 0.036250 0.031646
0 0.724867 0.627373 0.035000 0.033228
0 0.724867 0.689873 0.035000 0.031646
0 0.725492 0.435127 0.033750 0.031646
0 0.229867 0.398734 0.037500 0.041139
0 0.171117 0.689873 0.035000 0.037975
0 0.229242 0.783228 0.033750 0.031646
0 0.614867 0.625791 0.032500 0.026899
0 0.835492 0.499209 0.036250 0.033228
0 0.780492 0.467563 0.036250 0.030063
0 0.946742 0.437500 0.033750 0.030063
0 0.616117 0.435127 0.032500 0.031646
0 0.834867 0.595728 0.035000 0.030063
0 0.393617 0.879747 0.037500 0.034810
0 0.227992 0.815665 0.036250 0.033228
0 0.668617 0.849684 0.035000 0.031646
0 0.780492 0.437500 0.036250 0.030063
0 0.724867 0.562500 0.032500 0.036392
0 0.945492 0.469146 0.033750 0.033228
0 0.228617 0.876582 0.035000 0.034810
0 0.724867 0.594146 0.032500 0.030063
0 0.614867 0.468354 0.032500 0.031646
0 0.668617 0.785601 0.035000 0.033228
0 0.339867 0.432753 0.032500 0.026899
