0 0.237862 0.836349 0.034444 0.041118
0 0.237306 0.877467 0.033333 0.044408
0 0.651751 0.875000 0.033333 0.046053
0 0.995320 0.337171 0.007138 0.042763
0 0.496195 0.752467 0.033333 0.037829
0 0.996431 0.417763 0.004916 0.039474
0 0.957306 0.163651 0.035556 0.047697
0 0.184528 0.464638 0.032222 0.041118
0 0.443973 0.836349 0.033333 0.041118
0 0.340084 0.256579 0.034444 0.039474
0 0.958417 0.627467 0.037778 0.044408
0 0.753417 0.460526 0.030000 0.039474
0 0.341751 0.879112 0.035556 0.041118
0 0.236195 0.504934 0.033333 0.039474
0 0.801751 0.209704 0.028889 0.041118
0 0.547862 0.299342 0.032222 0.042763
0 0.957306 0.254934 0.035556 0.042763
0 0.905084 0.211349 0.033333 0.047697
0 0.853973 0.208882 0.033333 0.042763
0 0.802862 0.382401 0.035556 0.047697
0 0.288417 0.338816 0.031111 0.039474
0 0.547306 0.667763 0.033333 0.039474
0 0.802862 0.339638 0.031111 0.041118
0 0.599528 0.458882 0.040000 0.046053
0 0.649528 0.165296 0.033333 0.047697
0 0.392862 0.587171 0.033333 0.039474
0 0.185639 0.627467 0.034444 0.044408
0 0.237862 0.586349 0.034444 0.037829
0 0.546751 0.210526 0.032222 0.046053
0 0.905084 0.252467 0.033333 0.037829
0 0.856195 0.419408 0.035556 0.042763
0 0.236751 0.627467 0.032222 0.041118
0 0.340639 0.585526 0.033333 0.036184
0 0.236195 0.339638 0.031111 0.041118
0 0.547306 0.588816 0.033333 0.039474
0 0.907306 0.544408 0.033333 0.042763
0 0.957862 0.460526 0.034444 0.039474
0 0.185084 0.547697 0.035556 0.039474
0 0.546751 0.463816 0.034444 0.042763
0 0.341195 0.921053 0.034444 0.039474
0 0.957862 0.337993 0.034444 0.044408
0 0.547862 0.504112 0.034444 0.041118
0 0.444528 0.794408 0.032222 0.039474
0 0.392862 0.877467 0.033333 0.041118
0 0.237306 0.208882 0.035556 0.046053
0 0.751751 0.254112 0.031111 0.041118
0 0.547862 0.629934 0.034444 0.039474
0 0.444528 0.625822 0.032222 0.041118
0 0.752306 0.210526 0.032222 0.042763
0 0.185639 0.506579 0.034444 0.042763
0 0.236195 0.465461 0.035556 0.039474
0 0.496195 0.712171 0.033333 0.042763
0 0.650084 0.211349 0.034444 0.044408
0 0.547306 0.380757 0.033333 0.041118
0 0.650639 0.338816 0.031111 0.039474
0 0.445084 0.876645 0.035556 0.042763
0 0.341751 0.835526 0.035556 0.046053
0 0.392306 0.338816 0.032222 0.036184
0 0.547862 0.709704 0.034444 0.041118
0 0.651195 0.626645 0.034444 0.046053
0 0.393417 0.751645 0.034444 0.039474
0 0.495639 0.208882 0.032222 0.042763
0 0.392306 0.256579 0.032222 0.042763
0 0.289528 0.711349 0.033333 0.041118
0 0.339528 0.504934 0.033333 0.042763
0 0.547306 0.546875 0.037778 0.044408
0 0.855639 0.461349 0.036667 0.041118
0 0.752306 0.296875 0.030000 0.044408
0 0.444528 0.585526 0.032222 0.039474
0 0.752862 0.419408 0.031111 0.042763
0 0.288973 0.629934 0.034444 0.039474
0 0.853973 0.296053 0.035556 0.042763
0 0.391751 0.422697 0.033333 0.042763
0 0.288973 0.257401 0.034444 0.041118
0 0.752306 0.338816 0.027778 0.039474
0 0.287862 0.587993 0.034444 0.041118
0 0.288973 0.546875 0.034444 0.041118
0 0.186195 0.340461 0.033333 0.042763
0 0.289528 0.210526 0.035556 0.052632
0 0.907306 0.421053 0.033333 0.042763
0 0.445084 0.751645 0.033333 0.042763
0 0.547306 0.255757 0.031111 0.041118
0 0.496195 0.420230 0.033333 0.037829
0 0.443973 0.504934 0.035556 0.046053
0 0.392862 0.793586 0.033333 0.041118
0 0.288417 0.794408 0.033333 0.042763
0 0.444528 0.546053 0.034444 0.039474
0 0.340084 0.546875 0.034444 0.041118
0 0.341195 0.792763 0.034444 0.042763
0 0.393973 0.711349 0.033333 0.041118
0 0.236751 0.379934 0.032222 0.039474
0 0.650084 0.254934 0.032222 0.042763
0 0.801751 0.252467 0.033333 0.044408
0 0.906751 0.337993 0.032222 0.041118
0 0.341751 0.711349 0.033333 0.041118
0 0.341195 0.750822 0.034444 0.041118
0 0.445084 0.710526 0.033333 0.039474
0 0.546195 0.421875 0.033333 0.041118
0 0.650084 0.298520 0.034444 0.041118
0 0.340639 0.671875 0.035556 0.041118
0 0.339528 0.296875 0.035556 0.041118
0 0.443417 0.255757 0.034444 0.041118
0 0.906751 0.379112 0.032222 0.041118
0 0.495639 0.545230 0.034444 0.041118
0 0.339528 0.337993 0.033333 0.041118
0 0.443973 0.209704 0.035556 0.047697
0 0.391751 0.210526 0.035556 0.046053
0 0.392862 0.627467 0.033333 0.041118
0 0.443973 0.462171 0.033333 0.042763
0 0.238417 0.256579 0.035556 0.042763
0 0.752306 0.379112 0.032222 0.041118
0 0.650639 0.379934 0.033333 0.042763
0 0.905639 0.294408 0.034444 0.042763
0 0.185084 0.423520 0.031111 0.041118
0 0.339528 0.464638 0.033333 0.041118
0 0.855084 0.337993 0.033333 0.041118
0 0.444528 0.337993 0.032222 0.041118
0 0.443973 0.296875 0.033333 0.041118
0 0.650639 0.422697 0.033333 0.042763
0 0.237306 0.423520 0.033333 0.044408
0 0.853973 0.252467 0.035556 0.044408
0 0.496195 0.627467 0.033333 0.041118
0 0.339528 0.379112 0.033333 0.041118
0 0.340084 0.422697 0.034444 0.042763
0 0.495639 0.254934 0.034444 0.046053
0 0.392862 0.379112 0.033333 0.044408
0 0.340639 0.210526 0.035556 0.049342
0 0.444528 0.421053 0.032222 0.042763
0 0.288417 0.379934 0.033333 0.042763
0 0.496195 0.379934 0.033333 0.042763
0 0.495084 0.338816 0.033333 0.042763
0 0.340639 0.626645 0.033333 0.046053
0 0.237306 0.545230 0.035556 0.041118
0 0.287862 0.422697 0.032222 0.042763
0 0.443973 0.379112 0.033333 0.041118
0 0.444528 0.669408 0.034444 0.042763
0 0.392306 0.464638 0.032222 0.037829
0 0.994764 0.206414 0.008249 0.050987
0 0.753973 0.750822 0.033333 0.037829
0 0.236751 0.710526 0.032222 0.042763
0 0.958417 0.500822 0.033333 0.041118
0 0.650639 0.833882 0.033333 0.036184
0 0.288973 0.462993 0.032222 0.037829
0 0.995319 0.254934 0.007139 0.042763
0 0.391751 0.546875 0.033333 0.041118
0 0.185639 0.210526 0.034444 0.042763
0 0.186195 0.836349 0.035556 0.041118
0 0.612862 0.740132 0.022222 0.029605
0 0.598973 0.187171 0.043333 0.036842
0 0.599528 0.287007 0.042222 0.031250
0 0.599528 0.154523 0.042222 0.029441
0 0.600639 0.354687 0.040000 0.028454
0 0.599339 0.218257 0.046667 0.028289
0 0.598973 0.495395 0.038889 0.020395
0 0.651195 0.584704 0.034444 0.031250
0 0.611262 0.761554 0.027200 0.007352
0 0.288417 0.298520 0.031111 0.041118
0 0.651195 0.670230 0.034444 0.037829
0 0.393417 0.668586 0.027778 0.037829
0 0.186751 0.878289 0.032222 0.042763
0 0.187306 0.921875 0.033333 0.044408
0 0.651195 0.751645 0.032222 0.039474
0 0.287862 0.837171 0.034444 0.039474
0 0.186751 0.750822 0.032222 0.041118
0 0.392862 0.299342 0.033333 0.042763
0 0.495639 0.793586 0.032222 0.041118
0 0.753417 0.669408 0.032222 0.039474
0 0.802306 0.163651 0.032222 0.047697
0 0.601195 0.384868 0.041111 0.032895
0 0.753973 0.916941 0.031111 0.041118
0 0.995320 0.296053 0.007138 0.039474
0 0.186751 0.712171 0.034444 0.039474
0 0.186195 0.671053 0.033333 0.042763
0 0.185084 0.297697 0.035556 0.039474
0 0.495639 0.298520 0.032222 0.037829
0 0.186195 0.794408 0.037778 0.042763
0 0.237306 0.922697 0.033333 0.042763
0 0.959528 0.542763 0.033333 0.042763
0 0.753417 0.502467 0.034444 0.041118
0 0.496195 0.586349 0.033333 0.041118
0 0.495639 0.458882 0.034444 0.036184
0 0.752306 0.583882 0.034444 0.042763
0 0.186195 0.379934 0.031111 0.039474
0 0.289528 0.921053 0.037778 0.042763
0 0.496195 0.670230 0.033333 0.044408
0 0.601195 0.320724 0.041111 0.039474
0 0.907862 0.464638 0.032222 0.041118
0 0.958973 0.583059 0.034444 0.041118
0 0.547306 0.793586 0.033333 0.041118
0 0.802862 0.296875 0.033333 0.044408
0 0.753417 0.543586 0.032222 0.041118
0 0.237306 0.669408 0.033333 0.042763
0 0.753417 0.710526 0.034444 0.042763
0 0.753417 0.791941 0.034444 0.041118
0 0.547862 0.338816 0.030000 0.036184
0 0.752862 0.629112 0.035556 0.044408
0 0.958417 0.419408 0.033333 0.042763
0 0.392862 0.920230 0.035556 0.044408
0 0.547862 0.917763 0.038889 0.046053
0 0.650639 0.463816 0.033333 0.042763
0 0.496195 0.877467 0.033333 0.044408
0 0.651195 0.547697 0.034444 0.039474
0 0.995875 0.458882 0.006027 0.042763
0 0.995319 0.501645 0.007139 0.046053
0 0.287862 0.504112 0.034444 0.044408
0 0.288973 0.752467 0.032222 0.041118
0 0.751751 0.163651 0.031111 0.044408
0 0.495639 0.500822 0.034444 0.047697
0 0.547306 0.751645 0.033333 0.042763
0 0.853973 0.162007 0.031111 0.044408
0 0.288973 0.671053 0.032222 0.039474
0 0.599528 0.253289 0.042222 0.039474
0 0.497306 0.919408 0.035556 0.039474
0 0.753417 0.833059 0.034444 0.041118
0 0.701195 0.298520 0.032222 0.047697
0 0.237306 0.794408 0.033333 0.042763
0 0.238417 0.299342 0.033333 0.036184
0 0.957306 0.210526 0.035556 0.042763
0 0.650639 0.506579 0.033333 0.042763
0 0.444528 0.919408 0.034444 0.042763
0 0.855084 0.379112 0.033333 0.037829
0 0.185084 0.586349 0.033333 0.037829
0 0.651195 0.793586 0.034444 0.041118
0 0.956751 0.296875 0.034444 0.037829
0 0.237862 0.752467 0.034444 0.041118
0 0.753417 0.875000 0.034444 0.039474
0 0.392862 0.835526 0.033333 0.042763
0 0.392306 0.506579 0.032222 0.042763
0 0.906195 0.163651 0.033333 0.047697
0 0.186195 0.254934 0.035556 0.042763
0 0.547306 0.164474 0.033333 0.042763
0 0.496195 0.833059 0.035556 0.044408
0 0.995875 0.378289 0.006027 0.039474
0 0.288973 0.879112 0.034444 0.044408
0 0.907862 0.502467 0.032222 0.041118
0 0.547862 0.874178 0.034444 0.041118
0 0.651195 0.710526 0.030000 0.042763
0 0.957306 0.379112 0.031111 0.037829
0 0.547306 0.833059 0.033333 0.041118
