0 0.484796 0.459704 0.022222 0.034539
0 0.461463 0.419408 0.022222 0.036184
0 0.419796 0.212993 0.034444 0.050987
0 0.213685 0.299342 0.035556 0.046053
0 0.832574 0.708882 0.035556 0.046053
0 0.264240 0.620888 0.036667 0.050987
0 0.562574 0.502467 0.022222 0.034539
0 0.213685 0.342105 0.035556 0.039474
0 0.935351 0.422697 0.030000 0.042763
0 0.560907 0.461349 0.021111 0.034539
0 0.588685 0.460526 0.023333 0.032895
0 0.575907 0.382401 0.035556 0.037829
0 0.522574 0.620888 0.033333 0.041118
0 0.588685 0.540296 0.023333 0.034539
0 0.485351 0.342105 0.021111 0.032895
0 0.460907 0.459704 0.021111 0.031250
0 0.730351 0.342928 0.035556 0.037829
0 0.461463 0.340461 0.020000 0.036184
0 0.588685 0.500822 0.023333 0.034539
0 0.484796 0.301809 0.022222 0.037829
0 0.461463 0.299342 0.022222 0.036184
0 0.627574 0.255757 0.045556 0.041118
0 0.884240 0.345395 0.034444 0.039474
0 0.485351 0.420230 0.021111 0.031250
0 0.587574 0.421053 0.023333 0.036184
0 0.629240 0.322368 0.042222 0.039474
0 0.484796 0.379112 0.020000 0.031250
0 0.845907 0.787007 0.022222 0.037829
0 0.535907 0.910362 0.022222 0.034539
0 0.537018 0.746711 0.020000 0.036184
0 0.210907 0.620066 0.038889 0.049342
0 0.512018 0.747533 0.023333 0.034539
0 0.537018 0.828125 0.020000 0.034539
0 0.263129 0.708882 0.036667 0.042763
0 0.831463 0.299342 0.035556 0.046053
0 0.210351 0.709704 0.037778 0.047697
0 0.562018 0.421053 0.021111 0.029605
0 0.731463 0.259046 0.035556 0.034539
0 0.564240 0.746711 0.021111 0.032895
0 0.419240 0.299342 0.035556 0.042763
0 0.512018 0.824836 0.023333 0.031250
0 0.419240 0.259046 0.035556 0.034539
0 0.587574 0.745066 0.021111 0.036184
0 0.628129 0.157895 0.051111 0.036184
0 0.210351 0.665296 0.037778 0.044408
0 0.935907 0.342928 0.035556 0.031250
0 0.628685 0.193257 0.047778 0.034539
0 0.483129 0.501645 0.025556 0.032895
0 0.510907 0.910362 0.023333 0.034539
0 0.845907 0.749178 0.022222 0.031250
0 0.587018 0.788651 0.024444 0.034539
0 0.328129 0.789474 0.024444 0.032895
0 0.537018 0.784539 0.022222 0.029605
0 0.884240 0.382401 0.032222 0.041118
0 0.821463 0.788651 0.022222 0.034539
0 0.984621 0.300987 0.028537 0.042763
0 0.820907 0.747533 0.021111 0.034539
0 0.511463 0.784539 0.024444 0.032895
0 0.327574 0.748355 0.023333 0.036184
0 0.679240 0.339638 0.035556 0.031250
0 0.263129 0.666941 0.034444 0.044408
0 0.628685 0.385691 0.045556 0.031250
0 0.627018 0.537829 0.031111 0.039474
0 0.984065 0.262336 0.029648 0.031250
0 0.628129 0.290296 0.046667 0.031250
0 0.628685 0.356908 0.045556 0.032895
0 0.984065 0.378289 0.029648 0.052632
0 0.536463 0.870888 0.023333 0.031250
0 0.638685 0.731908 0.023333 0.026316
0 0.984620 0.338816 0.028537 0.032895
0 0.628129 0.226151 0.046667 0.027961
0 0.511463 0.869243 0.022222 0.034539
0 0.638685 0.754112 0.021111 0.021382
0 0.316463 0.384046 0.036667 0.047697
0 0.522574 0.302632 0.035556 0.046053
0 0.679796 0.256579 0.036667 0.046053
0 0.212574 0.383224 0.037778 0.046053
0 0.936463 0.259046 0.034444 0.047697
0 0.472018 0.667763 0.034444 0.042763
0 0.315907 0.300164 0.035556 0.047697
0 0.368129 0.301809 0.035556 0.044408
0 0.574240 0.300987 0.036667 0.046053
0 0.265351 0.384868 0.036667 0.046053
0 0.575907 0.620888 0.035556 0.044408
0 0.472018 0.621711 0.034444 0.049342
0 0.523685 0.382401 0.033333 0.041118
0 0.472574 0.708882 0.033333 0.042763
0 0.367574 0.258224 0.034444 0.046053
0 0.885351 0.708059 0.036667 0.044408
0 0.782018 0.341283 0.034444 0.044408
0 0.627574 0.454770 0.038889 0.044408
0 0.832018 0.623355 0.034444 0.046053
0 0.832574 0.666118 0.033333 0.042763
0 0.574240 0.665296 0.034444 0.041118
0 0.831463 0.342928 0.035556 0.041118
0 0.264796 0.343750 0.035556 0.042763
0 0.678685 0.377467 0.036667 0.044408
0 0.830907 0.386513 0.036667 0.046053
0 0.731463 0.213816 0.035556 0.052632
0 0.419796 0.342105 0.034444 0.039474
0 0.884796 0.622533 0.035556 0.047697
0 0.984065 0.216283 0.029649 0.054276
0 0.884796 0.666941 0.035556 0.041118
0 0.265351 0.299342 0.034444 0.046053
0 0.314796 0.342105 0.035556 0.039474
0 0.419240 0.382401 0.035556 0.041118
0 0.678685 0.421875 0.034444 0.041118
0 0.523685 0.707237 0.035556 0.042763
0 0.679796 0.302632 0.034444 0.042763
0 0.730351 0.381579 0.035556 0.042763
0 0.574240 0.706414 0.036667 0.044408
0 0.730351 0.299342 0.035556 0.042763
0 0.884240 0.300987 0.036667 0.046053
0 0.626463 0.497533 0.038889 0.041118
0 0.575351 0.342928 0.034444 0.041118
0 0.935907 0.304276 0.033333 0.042763
0 0.316463 0.620888 0.034444 0.047697
0 0.523685 0.343750 0.033333 0.036184
0 0.314796 0.707237 0.037778 0.042763
0 0.780351 0.383224 0.035556 0.039474
0 0.782018 0.298520 0.036667 0.044408
0 0.521463 0.664474 0.031111 0.042763
0 0.461463 0.379112 0.022222 0.031250
0 0.935351 0.379934 0.034444 0.039474
0 0.315351 0.666118 0.036667 0.042763
