0 0.809057 0.340190 0.023750 0.031646
0 0.435307 0.652690 0.036250 0.042722
0 0.612182 0.681171 0.022500 0.030063
0 0.600307 0.397943 0.036250 0.030063
0 0.918432 0.341772 0.022500 0.025316
0 0.933432 0.371044 0.035000 0.026899
0 0.765307 0.343354 0.031250 0.028481
0 0.380307 0.659810 0.033750 0.031646
0 0.611557 0.708070 0.021250 0.023734
0 0.282807 0.499209 0.021250 0.030063
0 0.765307 0.659810 0.036250 0.034810
0 0.808432 0.436709 0.022500 0.028481
0 0.255307 0.432753 0.021250 0.026899
0 0.834057 0.532437 0.023750 0.026899
0 0.254682 0.465190 0.020000 0.025316
0 0.268432 0.818829 0.037500 0.033228
0 0.214057 0.627373 0.033750 0.033228
0 0.765307 0.596519 0.036250 0.034810
0 0.324057 0.627373 0.033750 0.033228
0 0.434057 0.818829 0.033750 0.033228
0 0.380307 0.436709 0.033750 0.031646
0 0.269057 0.721519 0.036250 0.034810
0 0.254682 0.497627 0.022500 0.030063
0 0.945932 0.437500 0.025000 0.033228
0 0.283432 0.434335 0.025000 0.036392
0 0.654682 0.852057 0.032500 0.030063
0 0.434057 0.596519 0.033750 0.031646
0 0.213432 0.563291 0.032500 0.031646
0 0.269682 0.786392 0.035000 0.031646
0 0.269057 0.754747 0.033750 0.031646
0 0.435307 0.434335 0.031250 0.030063
0 0.379682 0.726266 0.035000 0.034810
0 0.283432 0.466772 0.022500 0.025316
0 0.213432 0.531646 0.032500 0.031646
0 0.835307 0.469937 0.023750 0.028481
0 0.877807 0.407437 0.033750 0.030063
0 0.269057 0.852057 0.036250 0.033228
0 0.656557 0.468354 0.031250 0.031646
0 0.654057 0.724684 0.033750 0.028481
0 0.835932 0.437500 0.025000 0.033228
0 0.877182 0.373418 0.035000 0.041139
0 0.545932 0.403481 0.035000 0.041139
0 0.821557 0.564082 0.036250 0.036392
0 0.654682 0.787184 0.032500 0.026899
0 0.380307 0.531646 0.033750 0.031646
0 0.834682 0.500791 0.022500 0.030063
0 0.380307 0.466772 0.033750 0.031646
0 0.214057 0.594937 0.033750 0.031646
0 0.379682 0.563291 0.035000 0.031646
0 0.655932 0.883703 0.030000 0.033228
0 0.984216 0.596519 0.029068 0.034810
0 0.765932 0.532437 0.032500 0.030063
0 0.983591 0.371835 0.030318 0.037975
0 0.984216 0.407437 0.029068 0.033228
0 0.324682 0.594146 0.032500 0.033228
0 0.711557 0.405063 0.031250 0.031646
0 0.984216 0.533228 0.029068 0.031646
0 0.930307 0.564082 0.033750 0.036392
0 0.655932 0.531646 0.030000 0.031646
0 0.213432 0.465981 0.032500 0.030063
0 0.324682 0.562500 0.032500 0.030063
0 0.765932 0.405063 0.032500 0.031646
0 0.379682 0.821203 0.035000 0.034810
0 0.876557 0.503165 0.033750 0.034810
0 0.325307 0.788766 0.033750 0.033228
0 0.984216 0.564873 0.029068 0.031646
0 0.490932 0.436709 0.032500 0.037975
0 0.435932 0.401899 0.032500 0.034810
0 0.656557 0.401108 0.036250 0.042722
0 0.877182 0.469146 0.032500 0.030063
0 0.655932 0.596519 0.032500 0.031646
0 0.654682 0.660601 0.035000 0.033228
0 0.930932 0.662975 0.035000 0.034810
0 0.325932 0.532437 0.032500 0.030063
0 0.324682 0.659019 0.035000 0.033228
0 0.212807 0.497627 0.031250 0.033228
0 0.213432 0.435127 0.032500 0.031646
0 0.820307 0.693829 0.036250 0.039557
0 0.877182 0.438291 0.035000 0.031646
0 0.766557 0.500791 0.031250 0.033228
0 0.379682 0.596519 0.035000 0.034810
0 0.269057 0.594937 0.033750 0.031646
0 0.654682 0.755538 0.035000 0.033228
0 0.212807 0.403481 0.033750 0.031646
0 0.268432 0.627373 0.035000 0.033228
0 0.711557 0.436709 0.033750 0.034810
0 0.325307 0.693038 0.036250 0.034810
0 0.324682 0.401108 0.032500 0.036392
0 0.435932 0.500000 0.035000 0.034810
0 0.655307 0.628165 0.033750 0.034810
0 0.654682 0.693038 0.035000 0.034810
0 0.655932 0.499209 0.032500 0.030063
0 0.766557 0.468354 0.033750 0.031646
0 0.434057 0.563291 0.033750 0.034810
0 0.435932 0.466772 0.032500 0.034810
0 0.379682 0.499209 0.035000 0.033228
0 0.325932 0.466772 0.030000 0.031646
0 0.325307 0.435127 0.031250 0.031646
0 0.212807 0.369462 0.036250 0.036392
0 0.379682 0.402690 0.035000 0.039557
0 0.655307 0.564873 0.031250 0.031646
0 0.325932 0.500000 0.032500 0.034810
0 0.654057 0.819620 0.036250 0.037975
0 0.765932 0.435918 0.035000 0.033228
0 0.269057 0.561709 0.036250 0.034810
0 0.255932 0.338608 0.022500 0.028481
0 0.284057 0.335443 0.021250 0.028481
0 0.599057 0.799051 0.028750 0.028481
0 0.214057 0.754747 0.031250 0.031646
0 0.435307 0.631329 0.033750 0.041139
0 0.764682 0.370253 0.032500 0.037975
0 0.711557 0.340190 0.033750 0.028481
0 0.600307 0.452532 0.036250 0.034810
0 0.805307 0.501582 0.023750 0.031646
0 0.213432 0.786392 0.035000 0.031646
0 0.820307 0.628956 0.033750 0.033228
0 0.821557 0.375000 0.031250 0.034810
0 0.807182 0.467563 0.022500 0.023734
0 0.765307 0.693038 0.033750 0.034810
0 0.269057 0.401108 0.033750 0.030063
0 0.213432 0.659019 0.032500 0.033228
0 0.434682 0.723892 0.035000 0.033228
0 0.435307 0.530063 0.031250 0.028481
0 0.434057 0.755538 0.033750 0.033228
0 0.380307 0.884731 0.033750 0.028006
0 0.379682 0.854430 0.032500 0.031646
0 0.325157 0.724454 0.032500 0.026408
0 0.324682 0.755063 0.035000 0.034177
0 0.434682 0.882516 0.035000 0.029272
0 0.214057 0.723022 0.033750 0.031804
0 0.214057 0.691060 0.033750 0.030854
0 0.930932 0.598101 0.035000 0.031646
0 0.916557 0.502373 0.021250 0.033228
0 0.269682 0.369462 0.032500 0.033228
0 0.379682 0.787975 0.035000 0.031646
0 0.212807 0.850475 0.036250 0.033228
0 0.932807 0.402690 0.036250 0.036392
0 0.820307 0.598101 0.033750 0.031646
0 0.435307 0.852057 0.033750 0.033228
0 0.984841 0.469146 0.027818 0.030063
0 0.379682 0.757120 0.035000 0.030063
0 0.765307 0.757120 0.033750 0.033228
0 0.765932 0.628165 0.035000 0.031646
0 0.820307 0.659810 0.033750 0.031646
0 0.765307 0.564082 0.033750 0.030063
0 0.379682 0.692247 0.037500 0.033228
0 0.434682 0.786392 0.032500 0.031646
0 0.269057 0.659019 0.033750 0.033228
0 0.490307 0.401108 0.028750 0.033228
0 0.282807 0.530854 0.023750 0.026899
0 0.984841 0.440665 0.027818 0.030063
0 0.269057 0.689873 0.036250 0.031646
0 0.614307 0.661290 0.021000 0.012136
0 0.612332 0.646519 0.020800 0.014114
0 0.614826 0.630910 0.020487 0.016345
0 0.613138 0.615301 0.017987 0.015918
0 0.612338 0.598165 0.018363 0.017089
0 0.601113 0.548616 0.029288 0.009509
0 0.601926 0.342729 0.036388 0.036218
0 0.835726 0.343062 0.024763 0.029383
0 0.946401 0.341108 0.023212 0.029399
0 0.613307 0.580696 0.020250 0.018987
0 0.600932 0.424842 0.035000 0.023734
0 0.601557 0.509019 0.031250 0.024367
0 0.601557 0.531962 0.036250 0.022785
0 0.601557 0.371044 0.036250 0.020570
0 0.656557 0.436709 0.033750 0.031646
0 0.984841 0.500791 0.027818 0.030063
0 0.435307 0.691456 0.036250 0.034810
0 0.917807 0.436709 0.021250 0.028481
0 0.711557 0.370253 0.031250 0.034810
0 0.945932 0.469146 0.022500 0.026899
0 0.944682 0.533228 0.025000 0.028481
0 0.917182 0.467563 0.020000 0.026899
0 0.380307 0.628956 0.031250 0.030063
0 0.612807 0.856013 0.021250 0.022152
0 0.764057 0.724684 0.033750 0.034810
0 0.211557 0.883703 0.038750 0.033228
0 0.945307 0.501582 0.023750 0.028481
0 0.214057 0.818038 0.033750 0.031646
0 0.613432 0.882120 0.022500 0.026899
0 0.820932 0.405854 0.032500 0.030063
0 0.491557 0.340190 0.033750 0.037975
0 0.490932 0.370253 0.035000 0.025316
0 0.930307 0.628956 0.033750 0.030063
