0 0.902301 0.661716 0.033333 0.039604
0 0.708412 0.452970 0.021111 0.037954
0 0.955634 0.659241 0.035556 0.041254
0 0.658412 0.412541 0.023333 0.033003
0 0.336190 0.373762 0.034444 0.044554
0 0.656190 0.287954 0.023333 0.034653
0 0.657857 0.455446 0.022222 0.033003
0 0.902301 0.704620 0.035556 0.046205
0 0.800079 0.617162 0.033333 0.046205
0 0.685634 0.412541 0.022222 0.033003
0 0.632857 0.455446 0.025556 0.036304
0 0.336190 0.290429 0.036667 0.042904
0 0.658968 0.537954 0.022222 0.036304
0 0.631746 0.287129 0.023333 0.036304
0 0.632857 0.539604 0.021111 0.033003
0 0.902301 0.617987 0.033333 0.047855
0 0.658968 0.495875 0.022222 0.031353
0 0.686190 0.827558 0.025556 0.037954
0 0.952301 0.286304 0.035556 0.047855
0 0.759523 0.452145 0.023333 0.036304
0 0.798412 0.329208 0.036667 0.037954
0 0.684523 0.454620 0.020000 0.034653
0 0.592301 0.245050 0.033333 0.034653
0 0.968412 0.784653 0.025556 0.034653
0 0.631190 0.328383 0.024444 0.033003
0 0.657857 0.578383 0.022222 0.034653
0 0.631746 0.411716 0.023333 0.031353
0 0.386746 0.246700 0.033333 0.034653
0 0.658412 0.370462 0.023333 0.031353
0 0.943968 0.741749 0.023333 0.037954
0 0.942857 0.783828 0.023333 0.036304
0 0.115634 0.417492 0.022222 0.036304
0 0.387857 0.330033 0.035556 0.033003
0 0.956190 0.700495 0.036667 0.044554
0 0.968412 0.742574 0.023333 0.036304
0 0.633412 0.497525 0.024444 0.037954
0 0.686190 0.745875 0.021111 0.036304
0 0.657857 0.330033 0.022222 0.029703
0 0.708412 0.414191 0.021111 0.036304
0 0.713968 0.914191 0.023333 0.039604
0 0.232301 0.331683 0.035556 0.036304
0 0.758412 0.413366 0.021111 0.034653
0 0.232301 0.249175 0.037778 0.033003
0 0.115634 0.457096 0.024444 0.036304
0 0.711746 0.746700 0.021111 0.031353
0 0.849523 0.330033 0.034444 0.042904
0 0.181746 0.332508 0.036667 0.031353
0 0.687301 0.869637 0.025556 0.036304
0 0.951746 0.330858 0.034444 0.041254
0 0.712857 0.827558 0.025556 0.034653
0 0.760634 0.533828 0.023333 0.034653
0 0.687301 0.914191 0.025556 0.036304
0 0.141746 0.417492 0.023333 0.029703
0 0.440079 0.332508 0.035556 0.041254
0 0.713412 0.870462 0.022222 0.037954
0 0.543412 0.534653 0.028889 0.039604
0 0.115634 0.500000 0.024444 0.036304
0 0.542301 0.142739 0.046667 0.037954
0 0.593412 0.329208 0.035556 0.024752
0 0.336190 0.328383 0.034444 0.036304
0 0.542301 0.180693 0.044444 0.037954
0 0.542857 0.376238 0.045556 0.036304
0 0.711746 0.785479 0.023333 0.036304
0 0.555079 0.741749 0.023333 0.031353
0 0.116746 0.539604 0.024444 0.036304
0 0.296190 0.415842 0.023333 0.029703
0 0.541190 0.242574 0.044444 0.046205
0 0.542857 0.343234 0.045556 0.036304
0 0.542301 0.208746 0.046667 0.031353
0 0.543412 0.317657 0.044444 0.034653
0 0.542857 0.287954 0.043333 0.041254
0 0.541746 0.450495 0.041111 0.042904
0 0.491190 0.376238 0.037778 0.042904
0 0.851190 0.661716 0.035556 0.039604
0 0.951746 0.372112 0.036667 0.041254
0 0.490634 0.330033 0.034444 0.039604
0 0.955634 0.614686 0.037778 0.047855
0 0.748412 0.700495 0.036667 0.047855
0 0.900079 0.331683 0.033333 0.039604
0 0.696190 0.702970 0.036667 0.049505
0 0.592857 0.287954 0.036667 0.044554
0 0.387301 0.287954 0.036667 0.044554
0 0.646190 0.706271 0.036667 0.049505
0 0.697857 0.618812 0.035556 0.056106
0 0.746746 0.287954 0.037778 0.047855
0 0.746190 0.369637 0.036667 0.049505
0 0.439523 0.288779 0.034444 0.046205
0 0.848412 0.284653 0.034444 0.047855
0 0.180634 0.372937 0.036667 0.046205
0 0.851190 0.617987 0.035556 0.047855
0 0.646190 0.622937 0.034444 0.047855
0 0.797857 0.286304 0.035556 0.047855
0 0.491190 0.290429 0.033333 0.042904
0 0.899523 0.372937 0.034444 0.042904
0 0.899523 0.287129 0.034444 0.046205
0 0.232857 0.372937 0.038889 0.046205
0 0.128968 0.334158 0.037778 0.041254
0 0.852301 0.702970 0.035556 0.042904
0 0.797857 0.371287 0.035556 0.046205
0 0.231746 0.289604 0.036667 0.044554
0 0.592301 0.198845 0.035556 0.054455
0 0.801190 0.706271 0.035556 0.049505
0 0.695079 0.368812 0.036667 0.047855
0 0.388412 0.372937 0.036667 0.049505
0 0.335634 0.244224 0.035556 0.049505
0 0.748968 0.622937 0.035556 0.051155
0 0.129523 0.374587 0.038889 0.042904
0 0.593412 0.369637 0.035556 0.049505
0 0.800634 0.661716 0.036667 0.042904
0 0.848968 0.374587 0.035556 0.046205
0 0.386746 0.199670 0.035556 0.056106
0 0.542301 0.495050 0.040000 0.042904
0 0.232301 0.203795 0.035556 0.054455
0 0.181746 0.291254 0.034444 0.044554
0 0.283412 0.289604 0.035556 0.047855
0 0.490634 0.245875 0.034444 0.049505
0 0.284523 0.374587 0.035556 0.042904
0 0.181746 0.244224 0.034444 0.049505
0 0.129523 0.288779 0.038889 0.049505
0 0.440634 0.375413 0.036667 0.044554
0 0.693968 0.289604 0.034444 0.051155
0 0.632301 0.371287 0.024444 0.039604
0 0.686190 0.784653 0.023333 0.037954
0 0.283412 0.334158 0.035556 0.037954
