0 0.653591 0.144262 0.044444 0.036066
0 0.856369 0.330328 0.034444 0.040984
0 0.909702 0.622131 0.036667 0.044262
0 0.498591 0.205738 0.036667 0.047541
0 0.498591 0.158197 0.036667 0.047541
0 0.550258 0.157377 0.037778 0.045902
0 0.909702 0.665574 0.036667 0.042623
0 0.961369 0.663934 0.033333 0.042623
0 0.909147 0.747541 0.035556 0.042623
0 0.550813 0.205738 0.038889 0.050820
0 0.910258 0.538525 0.037778 0.044262
0 0.909702 0.287705 0.036667 0.047541
0 0.909702 0.495902 0.038889 0.040984
0 0.960813 0.539344 0.036667 0.042623
0 0.291925 0.155738 0.038889 0.052459
0 0.910258 0.581148 0.035556 0.040984
0 0.497480 0.330328 0.036667 0.044262
0 0.806925 0.581967 0.035556 0.045902
0 0.961369 0.203279 0.037778 0.052459
0 0.394147 0.202459 0.036667 0.044262
0 0.393591 0.373770 0.037778 0.045902
0 0.446369 0.204098 0.038889 0.044262
0 0.342480 0.157377 0.037778 0.049180
0 0.995684 0.415574 0.006409 0.044262
0 0.341369 0.289344 0.040000 0.047541
0 0.805813 0.664754 0.035556 0.047541
0 0.960258 0.334426 0.035556 0.042623
0 0.857480 0.581148 0.034444 0.044262
0 0.806369 0.496721 0.036667 0.045902
0 0.601925 0.201639 0.038889 0.045902
0 0.394147 0.156557 0.038889 0.047541
0 0.960258 0.375410 0.035556 0.039344
0 0.909702 0.790164 0.036667 0.042623
0 0.960813 0.622131 0.034444 0.040984
0 0.960813 0.415574 0.034444 0.040984
0 0.602480 0.157377 0.037778 0.045902
0 0.804147 0.331148 0.036667 0.042623
0 0.858036 0.625410 0.035556 0.044262
0 0.858036 0.707377 0.035556 0.047541
0 0.806369 0.789344 0.036667 0.044262
0 0.995684 0.498361 0.006409 0.045902
0 0.909702 0.706557 0.032222 0.039344
0 0.393591 0.329508 0.035556 0.042623
0 0.960258 0.290984 0.035556 0.044262
0 0.858036 0.538525 0.033333 0.040984
0 0.961369 0.704918 0.035556 0.042623
0 0.393036 0.456557 0.036667 0.044262
0 0.857480 0.495902 0.032222 0.040984
0 0.995685 0.245082 0.006408 0.050820
0 0.909147 0.331967 0.033333 0.040984
0 0.445813 0.457377 0.037778 0.042623
0 0.445813 0.372951 0.037778 0.040984
0 0.703036 0.287705 0.032222 0.044262
0 0.497480 0.372951 0.036667 0.044262
0 0.857480 0.456557 0.034444 0.040984
0 0.445258 0.291803 0.036667 0.042623
0 0.342480 0.241803 0.037778 0.044262
0 0.858036 0.830328 0.037778 0.040984
0 0.805258 0.372131 0.034444 0.042623
0 0.445258 0.248361 0.036667 0.044262
0 0.394147 0.246721 0.036667 0.044262
0 0.856369 0.413115 0.034444 0.039344
0 0.960813 0.456557 0.034444 0.040984
0 0.806925 0.913115 0.033333 0.045902
0 0.910258 0.913115 0.037778 0.045902
0 0.445258 0.413115 0.034444 0.042623
0 0.703036 0.241803 0.032222 0.044262
0 0.856925 0.913934 0.037778 0.044262
0 0.996795 0.831148 0.004187 0.045902
0 0.804702 0.288525 0.035556 0.042623
0 0.393036 0.537705 0.038889 0.042623
0 0.856369 0.290164 0.034444 0.042623
0 0.961369 0.828689 0.035556 0.040984
0 0.960258 0.496721 0.035556 0.042623
0 0.909702 0.830328 0.036667 0.040984
0 0.995684 0.332787 0.006409 0.042623
0 0.996240 0.665574 0.005297 0.042623
0 0.996240 0.374590 0.005298 0.037705
0 0.909702 0.373770 0.036667 0.042623
0 0.961369 0.872131 0.035556 0.045902
0 0.805813 0.745902 0.035556 0.042623
0 0.393036 0.416393 0.036667 0.039344
0 0.601925 0.245902 0.038889 0.042623
0 0.996796 0.789344 0.004186 0.040984
0 0.996796 0.582787 0.004186 0.040984
0 0.858036 0.789344 0.037778 0.044262
0 0.342480 0.200000 0.037778 0.039344
0 0.701925 0.333607 0.034444 0.047541
0 0.805813 0.415574 0.035556 0.044262
0 0.996795 0.624590 0.004187 0.042623
0 0.996240 0.747541 0.005298 0.042623
0 0.960258 0.581967 0.035556 0.042623
0 0.603036 0.289344 0.036667 0.040984
0 0.961925 0.746721 0.036667 0.044262
0 0.806369 0.622951 0.032222 0.036066
0 0.996796 0.542623 0.004186 0.039344
0 0.996240 0.707377 0.005298 0.040984
0 0.806369 0.540164 0.034444 0.037705
0 0.909702 0.415574 0.036667 0.044262
0 0.754147 0.287705 0.034444 0.044262
0 0.996240 0.290984 0.005298 0.040984
0 0.909147 0.455738 0.035556 0.039344
0 0.996240 0.458197 0.005298 0.037705
0 0.961369 0.248361 0.035556 0.040984
0 0.446369 0.539344 0.036667 0.045902
0 0.754702 0.333607 0.035556 0.044262
0 0.961925 0.914754 0.036667 0.039344
0 0.393591 0.623770 0.040000 0.044262
0 0.857480 0.665574 0.034444 0.039344
0 0.909702 0.869672 0.036667 0.040984
0 0.805258 0.706557 0.034444 0.039344
0 0.856925 0.370492 0.035556 0.042623
0 0.445813 0.497541 0.037778 0.040984
0 0.653591 0.310738 0.042222 0.037541
0 0.601369 0.371311 0.035556 0.044262
0 0.601925 0.329508 0.038889 0.039344
0 0.652480 0.453279 0.035556 0.047541
0 0.654947 0.346377 0.041111 0.032787
0 0.601202 0.416393 0.035889 0.045902
0 0.446369 0.157541 0.038889 0.049508
0 0.653447 0.277639 0.042667 0.028525
0 0.654147 0.373770 0.041111 0.036066
0 0.653591 0.209016 0.044444 0.031148
0 0.653591 0.178689 0.042222 0.036066
0 0.238036 0.154098 0.033333 0.049180
0 0.393036 0.498361 0.038889 0.042623
0 0.393591 0.288525 0.035556 0.042623
0 0.445813 0.331967 0.037778 0.040984
0 0.496925 0.288525 0.035556 0.039344
0 0.806369 0.830328 0.034444 0.037705
0 0.805813 0.457377 0.033333 0.036066
0 0.858591 0.749180 0.034444 0.036066
0 0.857480 0.871311 0.036667 0.040984
0 0.392480 0.581148 0.037778 0.044262
0 0.805813 0.868852 0.033333 0.039344
0 0.392480 0.666393 0.040000 0.040984
0 0.961925 0.787705 0.034444 0.040984
0 0.653591 0.244262 0.042222 0.042623
0 0.496925 0.250000 0.035556 0.037705
