0 0.499332 0.706843 0.037333 0.038880
0 0.431332 0.706843 0.026667 0.035770
0 0.207998 0.451011 0.028000 0.034215
0 0.501332 0.344479 0.036000 0.038880
0 0.220665 0.597201 0.040000 0.034215
0 0.498665 0.886470 0.038667 0.037325
0 0.797998 0.705288 0.037333 0.035770
0 0.799998 0.633748 0.038667 0.038880
0 0.235998 0.376361 0.028000 0.034215
0 0.277332 0.705288 0.036000 0.032659
0 0.208665 0.377138 0.026667 0.035770
0 0.207998 0.304821 0.030667 0.037325
0 0.332665 0.523328 0.034667 0.032659
0 0.962665 0.451011 0.038667 0.037325
0 0.961332 0.562208 0.038667 0.035770
0 0.499332 0.415241 0.034667 0.034215
0 0.552665 0.560653 0.034667 0.032659
0 0.387998 0.667963 0.036000 0.032659
0 0.853332 0.345257 0.036000 0.034215
0 0.445332 0.562986 0.036000 0.034215
0 0.797998 0.558320 0.034667 0.037325
0 0.906665 0.384914 0.041333 0.035770
0 0.445998 0.345257 0.034667 0.037325
0 0.906665 0.347589 0.038667 0.038880
0 0.553332 0.379471 0.033333 0.037325
0 0.220665 0.559876 0.040000 0.037325
0 0.637332 0.343701 0.036000 0.031104
0 0.387998 0.704510 0.036000 0.037325
0 0.797998 0.417574 0.034667 0.038880
0 0.444665 0.416796 0.034667 0.034215
0 0.852665 0.487558 0.034667 0.032659
0 0.906665 0.525661 0.038667 0.037325
0 0.961332 0.488336 0.038667 0.034215
0 0.851332 0.596423 0.037333 0.035770
0 0.554665 0.632970 0.038667 0.034215
0 0.690665 0.307154 0.033333 0.032659
0 0.499998 0.524883 0.036000 0.035770
0 0.798665 0.671073 0.036000 0.032659
0 0.798665 0.524106 0.033333 0.031104
0 0.743998 0.306376 0.036000 0.040435
0 0.688665 0.705288 0.037333 0.035770
0 0.332665 0.706843 0.040000 0.038880
0 0.276665 0.562208 0.040000 0.035770
0 0.637332 0.377138 0.033333 0.032659
0 0.633332 0.704510 0.036000 0.034215
0 0.235998 0.450233 0.028000 0.035770
0 0.907998 0.452566 0.036000 0.034215
0 0.689332 0.632970 0.030667 0.034215
0 0.636665 0.521773 0.034667 0.032659
0 0.851998 0.451788 0.036000 0.035770
0 0.743998 0.524883 0.033333 0.032659
0 0.388665 0.560653 0.037333 0.032659
0 0.962665 0.308709 0.038667 0.038880
0 0.636665 0.486003 0.032000 0.032659
0 0.797332 0.595645 0.036000 0.034215
0 0.443332 0.490669 0.037333 0.038880
0 0.276665 0.633748 0.040000 0.038880
0 0.276665 0.488336 0.034667 0.037325
0 0.636665 0.413686 0.037333 0.037325
0 0.332665 0.414463 0.040000 0.038880
0 0.390665 0.303266 0.038667 0.040435
0 0.457332 0.741058 0.025333 0.029549
0 0.551998 0.305599 0.036000 0.038880
0 0.264665 0.888025 0.029333 0.034215
0 0.275998 0.814930 0.038667 0.037325
0 0.499998 0.741835 0.033333 0.031104
0 0.959998 0.885692 0.038667 0.032659
0 0.597998 0.777605 0.024000 0.027994
0 0.960665 0.849145 0.037333 0.034215
0 0.389332 0.849145 0.036000 0.034215
0 0.207998 0.340591 0.028000 0.031104
0 0.388665 0.816485 0.037333 0.034215
0 0.456665 0.777605 0.026667 0.034215
0 0.429998 0.778383 0.026667 0.032659
0 0.594665 0.193624 0.033333 0.026439
0 0.443998 0.527216 0.036000 0.037325
0 0.276665 0.852255 0.040000 0.037325
0 0.798665 0.846812 0.036000 0.035770
0 0.387332 0.884137 0.040000 0.035770
0 0.220665 0.702177 0.034667 0.032659
0 0.592665 0.432348 0.029333 0.034215
0 0.233332 0.487558 0.028000 0.029549
0 0.219998 0.778383 0.038667 0.038880
0 0.960665 0.813375 0.040000 0.037325
0 0.959998 0.525661 0.033333 0.037325
0 0.499332 0.849922 0.037333 0.035770
0 0.798665 0.741835 0.036000 0.037325
0 0.551998 0.778383 0.036000 0.032659
0 0.276665 0.597201 0.037333 0.034215
0 0.961998 0.704510 0.040000 0.037325
0 0.235332 0.304044 0.026667 0.032659
0 0.635332 0.597201 0.034667 0.034215
0 0.499998 0.668740 0.038667 0.037325
0 0.277998 0.415241 0.037333 0.037325
0 0.390665 0.266719 0.036000 0.023328
0 0.289998 0.888802 0.026667 0.029549
0 0.638665 0.269051 0.033333 0.021773
0 0.278665 0.265941 0.036000 0.024883
0 0.962665 0.344479 0.038667 0.023328
0 0.852665 0.270607 0.037333 0.024883
0 0.220665 0.737947 0.037333 0.038880
0 0.498665 0.814152 0.036000 0.032659
0 0.594665 0.222395 0.033333 0.031104
0 0.850665 0.849145 0.038667 0.037325
0 0.276665 0.526439 0.040000 0.035770
0 0.593998 0.398134 0.029333 0.027994
0 0.961332 0.776827 0.038667 0.032659
0 0.551998 0.811820 0.036000 0.031104
0 0.743332 0.884914 0.034667 0.031104
0 0.389332 0.741835 0.036000 0.031104
0 0.595332 0.363919 0.032000 0.037325
0 0.635332 0.630638 0.034667 0.032659
0 0.276665 0.777605 0.037333 0.034215
0 0.961998 0.416796 0.034667 0.031104
0 0.633998 0.849145 0.034667 0.031104
0 0.429998 0.742613 0.026667 0.032659
0 0.851332 0.632193 0.034667 0.035770
0 0.795998 0.812597 0.036000 0.032659
0 0.443998 0.633748 0.038667 0.038880
0 0.633998 0.883359 0.037333 0.031104
0 0.798665 0.884137 0.038667 0.035770
0 0.388665 0.634526 0.037333 0.034215
0 0.551998 0.846812 0.036000 0.038880
0 0.851998 0.741058 0.036000 0.035770
0 0.235332 0.412908 0.026667 0.029549
0 0.221332 0.632970 0.038667 0.034215
0 0.277332 0.741058 0.038667 0.038880
0 0.851998 0.704510 0.036000 0.034215
0 0.907332 0.419129 0.037333 0.029549
0 0.387332 0.776827 0.037333 0.038880
0 0.689332 0.742613 0.033333 0.038880
0 0.332665 0.633748 0.037333 0.035770
0 0.444665 0.670295 0.037333 0.031104
0 0.208665 0.414463 0.026667 0.029549
0 0.457998 0.706065 0.026667 0.034215
0 0.499998 0.634526 0.036000 0.034215
0 0.961332 0.667963 0.038667 0.035770
0 0.635332 0.740280 0.037333 0.037325
0 0.553332 0.667185 0.038667 0.034215
0 0.797332 0.778383 0.036000 0.032659
0 0.743998 0.778383 0.036000 0.035770
0 0.743332 0.850700 0.034667 0.037325
0 0.961332 0.632193 0.036000 0.032659
0 0.388665 0.524106 0.032000 0.031104
0 0.220665 0.521773 0.037333 0.035770
0 0.851332 0.813375 0.037333 0.034215
0 0.851998 0.778383 0.036000 0.035770
0 0.552665 0.886470 0.034667 0.034215
0 0.743332 0.812597 0.037333 0.035770
0 0.959998 0.597978 0.036000 0.035770
0 0.906665 0.307932 0.036000 0.040435
0 0.633332 0.812597 0.036000 0.038880
0 0.594665 0.291602 0.030667 0.032659
0 0.551998 0.742613 0.038667 0.038880
0 0.499332 0.776827 0.037333 0.035770
0 0.220665 0.667963 0.037333 0.035770
0 0.276665 0.670295 0.037333 0.034215
0 0.851332 0.885692 0.037333 0.032659
0 0.851998 0.668740 0.036000 0.037325
0 0.550665 0.453344 0.030667 0.035770
0 0.235332 0.340591 0.026667 0.031104
0 0.743998 0.559876 0.033333 0.031104
0 0.635332 0.776050 0.034667 0.034215
0 0.744665 0.738725 0.037333 0.040435
0 0.961332 0.740280 0.041333 0.037325
0 0.332665 0.339813 0.037333 0.035770
0 0.443332 0.307154 0.034667 0.038880
0 0.798665 0.489114 0.036000 0.032659
0 0.961998 0.381026 0.040000 0.037325
0 0.333998 0.452566 0.037333 0.034215
0 0.551332 0.703733 0.037333 0.035770
0 0.332665 0.669518 0.037333 0.035770
0 0.277332 0.451788 0.036000 0.035770
0 0.689998 0.379471 0.034667 0.034215
0 0.743998 0.343701 0.038667 0.034215
0 0.332665 0.597978 0.034667 0.032659
0 0.499332 0.489891 0.034667 0.034215
0 0.444665 0.597978 0.037333 0.032659
0 0.853332 0.307154 0.036000 0.038880
0 0.444665 0.452566 0.037333 0.034215
0 0.744665 0.452566 0.034667 0.034215
0 0.552665 0.525661 0.034667 0.034215
0 0.798665 0.307932 0.033333 0.040435
0 0.388665 0.490669 0.037333 0.035770
0 0.798665 0.346034 0.036000 0.035770
0 0.743332 0.597201 0.037333 0.040435
0 0.851998 0.381026 0.036000 0.037325
0 0.551332 0.489891 0.034667 0.034215
0 0.499998 0.381804 0.036000 0.035770
0 0.905998 0.488336 0.040000 0.037325
0 0.499332 0.452566 0.034667 0.037325
0 0.332665 0.304821 0.037333 0.034215
0 0.851332 0.416796 0.037333 0.034215
0 0.743332 0.379471 0.037333 0.034215
0 0.332665 0.376361 0.034667 0.037325
0 0.594665 0.258165 0.033333 0.034215
0 0.552665 0.343701 0.037333 0.034215
0 0.636665 0.453344 0.034667 0.035770
0 0.689998 0.597978 0.034667 0.035770
0 0.797998 0.454899 0.037333 0.035770
0 0.499998 0.304044 0.036000 0.038880
0 0.797998 0.381804 0.034667 0.032659
0 0.551332 0.416796 0.034667 0.034215
0 0.499998 0.598756 0.033333 0.037325
0 0.635332 0.667185 0.037333 0.037325
0 0.851332 0.558320 0.040000 0.037325
0 0.277998 0.340591 0.037333 0.034215
0 0.690665 0.342924 0.036000 0.035770
0 0.332665 0.488336 0.037333 0.037325
0 0.852665 0.522551 0.037333 0.034215
0 0.389998 0.450233 0.037333 0.035770
0 0.688665 0.489114 0.037333 0.035770
0 0.499332 0.561431 0.037333 0.034215
0 0.445332 0.381804 0.036000 0.035770
0 0.389332 0.381026 0.038667 0.034215
0 0.637332 0.307154 0.036000 0.038880
0 0.387998 0.597978 0.036000 0.035770
0 0.689998 0.413686 0.037333 0.034215
0 0.389998 0.416019 0.037333 0.032659
0 0.552665 0.595645 0.037333 0.037325
0 0.688665 0.451788 0.040000 0.038880
0 0.636665 0.561431 0.037333 0.037325
0 0.689332 0.524883 0.036000 0.032659
0 0.331332 0.559876 0.037333 0.040435
0 0.743998 0.488336 0.038667 0.037325
0 0.689332 0.561431 0.036000 0.037325
0 0.688665 0.668740 0.037333 0.037325
0 0.277332 0.304044 0.033333 0.038880
0 0.743332 0.416019 0.037333 0.035770
0 0.389998 0.344479 0.037333 0.038880
0 0.278665 0.377138 0.036000 0.035770
