0 0.712878 0.906710 0.031111 0.045827
0 0.250656 0.868249 0.033333 0.044190
0 0.301767 0.784779 0.033333 0.040917
0 0.506212 0.662029 0.035556 0.044190
0 0.456212 0.378069 0.035556 0.042553
0 0.404545 0.338789 0.034444 0.042553
0 0.250100 0.421440 0.034444 0.040917
0 0.455100 0.544190 0.033333 0.040917
0 0.404545 0.419804 0.032222 0.044190
0 0.608989 0.420622 0.034444 0.045827
0 0.250656 0.337971 0.033333 0.040917
0 0.505656 0.579378 0.036667 0.045827
0 0.456212 0.620295 0.031111 0.042553
0 0.197878 0.462357 0.032222 0.044190
0 0.198989 0.542553 0.032222 0.040917
0 0.250100 0.380524 0.032222 0.040917
0 0.506767 0.379705 0.034444 0.042553
0 0.249545 0.463175 0.033333 0.042553
0 0.557323 0.541735 0.033333 0.042553
0 0.147323 0.543372 0.033333 0.039280
0 0.300656 0.381342 0.033333 0.039280
0 0.199545 0.625205 0.031111 0.039280
0 0.455656 0.501637 0.032222 0.044190
0 0.403989 0.461538 0.031111 0.042553
0 0.197878 0.337971 0.032222 0.040917
0 0.301212 0.460720 0.032222 0.040917
0 0.506212 0.743044 0.031111 0.042553
0 0.251212 0.294599 0.034444 0.045827
0 0.403434 0.254501 0.034444 0.044190
0 0.404545 0.541735 0.034444 0.042553
0 0.096212 0.626841 0.033333 0.045827
0 0.301212 0.419804 0.032222 0.040917
0 0.198989 0.665303 0.032222 0.040917
0 0.147323 0.623568 0.033333 0.042553
0 0.661212 0.621931 0.034444 0.042553
0 0.455100 0.338789 0.033333 0.039280
0 0.660656 0.459083 0.033333 0.040917
0 0.556767 0.420622 0.036667 0.042553
0 0.711212 0.663666 0.032222 0.040917
0 0.557878 0.745499 0.034444 0.044190
0 0.506212 0.297872 0.035556 0.042553
0 0.506767 0.824877 0.032222 0.042553
0 0.042878 0.422259 0.033333 0.039280
0 0.301767 0.664484 0.035556 0.042553
0 0.249545 0.541735 0.028889 0.039280
0 0.506767 0.500000 0.032222 0.044190
0 0.557878 0.378887 0.034444 0.044190
0 0.096767 0.706219 0.032222 0.044190
0 0.608434 0.297054 0.033333 0.047463
0 0.456212 0.703764 0.033333 0.042553
0 0.094545 0.421440 0.032222 0.044190
0 0.147323 0.463175 0.033333 0.042553
0 0.004773 0.628478 0.009545 0.042553
0 0.198989 0.705401 0.030000 0.039280
0 0.302323 0.340426 0.032222 0.042553
0 0.198434 0.295417 0.033333 0.044190
0 0.198989 0.585106 0.032222 0.037643
0 0.456212 0.826514 0.035556 0.045827
0 0.146767 0.339607 0.032222 0.040917
0 0.302323 0.296236 0.032222 0.045827
0 0.506767 0.621113 0.034444 0.037643
0 0.557323 0.255319 0.033333 0.045827
0 0.096212 0.750409 0.033333 0.040917
0 0.095656 0.297872 0.034444 0.045827
0 0.096767 0.871522 0.034444 0.044190
0 0.506767 0.256956 0.034444 0.042553
0 0.043989 0.792144 0.033333 0.042553
0 0.402878 0.378887 0.031111 0.037643
0 0.711212 0.581015 0.034444 0.039280
0 0.557323 0.623568 0.031111 0.039280
0 0.199545 0.787234 0.035556 0.042553
0 0.455656 0.662848 0.032222 0.042553
0 0.557323 0.702946 0.033333 0.040917
0 0.198989 0.745499 0.032222 0.040917
0 0.147878 0.791326 0.034444 0.040917
0 0.455656 0.459083 0.032222 0.040917
0 0.711212 0.418985 0.032222 0.042553
0 0.095100 0.545827 0.035556 0.040917
0 0.711767 0.743863 0.035556 0.040917
0 0.146767 0.380524 0.034444 0.040917
0 0.557323 0.337971 0.033333 0.040917
0 0.712323 0.622750 0.032222 0.040917
0 0.004217 0.424714 0.008434 0.040917
0 0.608989 0.340426 0.034444 0.039280
0 0.096767 0.790507 0.030000 0.039280
0 0.250100 0.626023 0.034444 0.040917
0 0.556767 0.460720 0.034444 0.040917
0 0.405100 0.168576 0.033333 0.052373
0 0.660656 0.382160 0.033333 0.040917
0 0.660100 0.662848 0.032222 0.039280
0 0.004217 0.547463 0.008434 0.044190
0 0.146767 0.423077 0.032222 0.040917
0 0.301767 0.502455 0.031111 0.042553
0 0.557878 0.582651 0.032222 0.039280
0 0.455100 0.296236 0.033333 0.045827
0 0.505656 0.338789 0.032222 0.039280
0 0.095656 0.585106 0.034444 0.037643
0 0.711212 0.459902 0.032222 0.039280
0 0.506212 0.166939 0.033333 0.045827
0 0.198434 0.419804 0.033333 0.037643
0 0.301767 0.581015 0.033333 0.039280
0 0.301767 0.622750 0.033333 0.040917
0 0.147323 0.747954 0.033333 0.045827
0 0.660656 0.338789 0.033333 0.042553
0 0.711767 0.341244 0.033333 0.044190
0 0.250100 0.504092 0.032222 0.036007
0 0.661212 0.827332 0.034444 0.044190
0 0.661767 0.577741 0.031111 0.042553
0 0.456212 0.419804 0.033333 0.037643
0 0.711212 0.297054 0.034444 0.044190
0 0.004217 0.505728 0.008434 0.042553
0 0.198989 0.828969 0.032222 0.040917
0 0.353989 0.457447 0.037778 0.047463
0 0.506767 0.420622 0.030000 0.039280
0 0.711212 0.703764 0.034444 0.039280
0 0.661212 0.501637 0.034444 0.044190
0 0.096212 0.830606 0.033333 0.040917
0 0.557878 0.662848 0.032222 0.039280
0 0.094545 0.463993 0.034444 0.040917
0 0.200100 0.911620 0.036667 0.045827
0 0.456212 0.783961 0.035556 0.042553
0 0.097323 0.914894 0.035556 0.042553
0 0.250100 0.582651 0.032222 0.042553
0 0.198434 0.502455 0.031111 0.036007
0 0.147323 0.705401 0.028889 0.039280
0 0.145656 0.504092 0.032222 0.039280
0 0.711767 0.823241 0.033333 0.042553
0 0.005328 0.835516 0.010656 0.044190
0 0.506212 0.703764 0.033333 0.036007
0 0.712323 0.214403 0.034444 0.042553
0 0.199545 0.869067 0.035556 0.042553
0 0.608989 0.379705 0.032222 0.039280
0 0.455100 0.582651 0.031111 0.036007
0 0.042878 0.463993 0.035556 0.040917
0 0.006439 0.917349 0.012878 0.044190
0 0.506212 0.866612 0.033333 0.040917
0 0.455656 0.744681 0.034444 0.039280
0 0.004217 0.381342 0.008433 0.042553
0 0.093989 0.378069 0.033333 0.042553
0 0.198434 0.378887 0.031111 0.037643
0 0.042878 0.626841 0.033333 0.039280
0 0.004772 0.711129 0.009545 0.040917
0 0.302878 0.542553 0.033333 0.037643
0 0.763434 0.256137 0.034444 0.044190
0 0.043434 0.708674 0.032222 0.042553
0 0.043434 0.544190 0.032222 0.040917
0 0.711212 0.540917 0.030000 0.037643
0 0.045656 0.914894 0.034444 0.045827
0 0.045100 0.873159 0.033333 0.037643
0 0.148434 0.831424 0.033333 0.039280
0 0.146767 0.296236 0.034444 0.045827
0 0.661767 0.908347 0.035556 0.045827
0 0.506767 0.458265 0.030000 0.036007
0 0.147323 0.583470 0.033333 0.037643
0 0.353989 0.252864 0.042222 0.040917
0 0.404545 0.501637 0.032222 0.037643
0 0.403989 0.744681 0.033333 0.042553
0 0.763434 0.214403 0.034444 0.039280
0 0.403989 0.622750 0.033333 0.044190
0 0.505656 0.783142 0.032222 0.037643
0 0.762878 0.458265 0.033333 0.039280
0 0.147878 0.872340 0.032222 0.042553
0 0.404545 0.297872 0.034444 0.039280
0 0.661212 0.743044 0.027778 0.042553
0 0.763434 0.500000 0.034444 0.040917
0 0.148434 0.914894 0.033333 0.042553
0 0.003661 0.465630 0.007323 0.040917
0 0.405100 0.581833 0.031111 0.037643
0 0.557878 0.167758 0.032222 0.050736
0 0.405656 0.912439 0.034444 0.044190
0 0.004217 0.587561 0.008434 0.039280
0 0.763434 0.540098 0.034444 0.039280
0 0.043434 0.297054 0.034444 0.047463
0 0.095100 0.338789 0.031111 0.039280
0 0.302323 0.703764 0.030000 0.039280
0 0.004773 0.671031 0.009545 0.042553
0 0.661212 0.700491 0.032222 0.039280
0 0.660100 0.297054 0.032222 0.040917
0 0.711767 0.256137 0.033333 0.037643
0 0.042878 0.584288 0.033333 0.042553
0 0.302323 0.743863 0.032222 0.040917
0 0.762878 0.419804 0.033333 0.040917
0 0.507878 0.907529 0.032222 0.040917
0 0.763434 0.581015 0.034444 0.045827
0 0.506767 0.211948 0.034444 0.044190
0 0.095100 0.504092 0.035556 0.042553
0 0.404545 0.786416 0.032222 0.040917
0 0.711767 0.783961 0.033333 0.039280
0 0.712323 0.167758 0.034444 0.047463
0 0.004217 0.752046 0.008433 0.040917
0 0.250656 0.705401 0.031111 0.036007
0 0.302323 0.826514 0.034444 0.042553
0 0.355100 0.320786 0.042222 0.039280
0 0.762878 0.340426 0.033333 0.039280
0 0.404545 0.662848 0.032222 0.036007
0 0.711767 0.500000 0.031111 0.040917
0 0.660656 0.420622 0.033333 0.036007
0 0.249545 0.784779 0.033333 0.040917
0 0.661212 0.784779 0.030000 0.037643
0 0.043989 0.339607 0.031111 0.037643
0 0.365100 0.736498 0.022222 0.029460
0 0.405656 0.214403 0.036667 0.026187
0 0.711767 0.380524 0.033333 0.024550
0 0.353989 0.220949 0.044444 0.026187
0 0.354545 0.355155 0.043333 0.032733
0 0.042878 0.667758 0.033333 0.042553
0 0.506767 0.540098 0.036667 0.022913
0 0.353989 0.382979 0.044444 0.032733
0 0.106767 0.666939 0.021111 0.031097
0 0.353989 0.288871 0.042222 0.031097
0 0.672878 0.540917 0.020000 0.031097
0 0.661767 0.866612 0.035556 0.031097
0 0.355100 0.154664 0.042222 0.037643
0 0.301212 0.867430 0.034444 0.039280
0 0.353989 0.189034 0.042222 0.037643
0 0.302323 0.908347 0.034444 0.042553
0 0.763989 0.171849 0.035556 0.045827
0 0.043989 0.833879 0.035556 0.040917
0 0.002550 0.339607 0.005100 0.037643
0 0.043989 0.750409 0.031111 0.037643
0 0.556767 0.500818 0.032222 0.036007
0 0.251212 0.911620 0.034444 0.039280
0 0.146767 0.666121 0.032222 0.042553
0 0.762323 0.378887 0.032222 0.040917
0 0.250656 0.825696 0.033333 0.034370
0 0.404545 0.825696 0.027778 0.037643
0 0.557323 0.297872 0.031111 0.039280
0 0.249545 0.744681 0.028889 0.039280
0 0.405100 0.868249 0.033333 0.044190
0 0.250656 0.666121 0.033333 0.039280
0 0.712323 0.864157 0.032222 0.039280
0 0.004772 0.792962 0.009544 0.040917
0 0.557323 0.211948 0.033333 0.040917
0 0.005328 0.875614 0.010656 0.036007
0 0.042878 0.378069 0.033333 0.042553
0 0.404545 0.701309 0.032222 0.040917
0 0.043434 0.503273 0.034444 0.037643
0 0.004217 0.297872 0.008433 0.042553
0 0.763434 0.299509 0.034444 0.039280
