0 0.298620 0.659810 0.035000 0.034810
0 0.669864 0.342437 0.021637 0.027627
0 0.462370 0.333703 0.035000 0.021835
0 0.464245 0.371915 0.036250 0.021994
0 0.479308 0.613449 0.018125 0.022468
0 0.477933 0.574604 0.021125 0.016297
0 0.465282 0.353671 0.022950 0.019177
0 0.464064 0.391487 0.027987 0.018703
0 0.463158 0.416424 0.033950 0.031835
0 0.478001 0.593275 0.020738 0.020570
0 0.478933 0.633307 0.016875 0.016456
0 0.477120 0.650554 0.020750 0.018354
0 0.476820 0.666013 0.020500 0.009652
0 0.476570 0.678671 0.019000 0.014082
0 0.476120 0.694620 0.020000 0.022152
0 0.572370 0.848892 0.032500 0.026899
0 0.407995 0.878956 0.036250 0.036392
0 0.187370 0.816456 0.035000 0.034810
0 0.242995 0.466772 0.036250 0.034810
0 0.188620 0.530063 0.032500 0.031646
0 0.792995 0.469146 0.033750 0.033228
0 0.573620 0.691456 0.035000 0.031646
0 0.696120 0.469146 0.022500 0.026899
0 0.408620 0.499209 0.032500 0.033228
0 0.242995 0.369462 0.033750 0.036392
0 0.188620 0.403481 0.032500 0.031646
0 0.627370 0.530854 0.032500 0.026899
0 0.849245 0.407437 0.033750 0.039557
0 0.187995 0.500000 0.031250 0.031646
0 0.186745 0.627373 0.036250 0.033228
0 0.408620 0.465981 0.035000 0.033228
0 0.241745 0.879747 0.033750 0.031646
0 0.573620 0.659810 0.035000 0.031646
0 0.627995 0.405854 0.031250 0.033228
0 0.241745 0.848892 0.033750 0.030063
0 0.242995 0.593354 0.036250 0.034810
0 0.517370 0.530854 0.032500 0.030063
0 0.242370 0.531646 0.035000 0.028481
0 0.353620 0.529272 0.035000 0.030063
0 0.684870 0.722310 0.032500 0.033228
0 0.628620 0.372627 0.035000 0.033228
0 0.792995 0.627373 0.033750 0.030063
0 0.517995 0.465190 0.031250 0.031646
0 0.242370 0.657437 0.035000 0.033228
0 0.737995 0.500791 0.033750 0.033228
0 0.353620 0.433544 0.032500 0.031646
0 0.737995 0.438291 0.033750 0.031646
0 0.241745 0.626582 0.033750 0.031646
0 0.629245 0.659019 0.033750 0.033228
0 0.684245 0.628165 0.033750 0.031646
0 0.187370 0.686709 0.035000 0.034810
0 0.133620 0.371835 0.037500 0.041139
0 0.848620 0.564873 0.035000 0.034810
0 0.187370 0.720728 0.035000 0.033228
0 0.627995 0.626582 0.036250 0.031646
0 0.298620 0.563291 0.032500 0.031646
0 0.187370 0.561709 0.035000 0.034810
0 0.627995 0.722310 0.033750 0.036392
0 0.298620 0.593354 0.032500 0.031646
0 0.737995 0.533228 0.033750 0.031646
0 0.298620 0.435918 0.035000 0.033228
0 0.354245 0.498418 0.036250 0.031646
0 0.683620 0.563291 0.032500 0.028481
0 0.792370 0.501582 0.035000 0.031646
0 0.187995 0.435918 0.033750 0.033228
0 0.739870 0.564082 0.035000 0.033228
0 0.242370 0.817247 0.035000 0.033228
0 0.573620 0.401899 0.037500 0.041139
0 0.187995 0.468354 0.036250 0.031646
0 0.298620 0.625791 0.035000 0.033228
0 0.626745 0.500791 0.033750 0.033228
0 0.187995 0.594146 0.036250 0.033228
0 0.792995 0.564873 0.033750 0.031646
0 0.076120 0.721519 0.037500 0.037975
0 0.243620 0.405063 0.035000 0.034810
0 0.684245 0.531646 0.033750 0.034810
0 0.573620 0.533228 0.037500 0.037975
0 0.573620 0.628956 0.037500 0.033228
0 0.627370 0.437500 0.032500 0.030063
0 0.517995 0.628165 0.033750 0.034810
0 0.476745 0.877373 0.021250 0.030063
0 0.849870 0.719146 0.035000 0.039557
0 0.849245 0.690665 0.033750 0.030063
0 0.573620 0.568038 0.035000 0.031646
0 0.739870 0.623418 0.035000 0.037975
0 0.683620 0.685127 0.032500 0.041139
0 0.794245 0.848892 0.033750 0.033228
0 0.476120 0.852848 0.022500 0.022152
0 0.517995 0.688291 0.031250 0.031646
0 0.793620 0.721519 0.032500 0.034810
0 0.794245 0.878956 0.036250 0.036392
0 0.739245 0.597310 0.033750 0.033228
0 0.794245 0.785601 0.036250 0.033228
0 0.684870 0.878165 0.035000 0.031646
0 0.571745 0.869462 0.038750 0.055380
0 0.464245 0.791930 0.031250 0.026899
0 0.682995 0.372627 0.033750 0.026899
0 0.696120 0.340190 0.022500 0.031646
0 0.849870 0.848101 0.035000 0.028481
0 0.848620 0.439873 0.032500 0.028481
0 0.465495 0.539557 0.036250 0.025316
0 0.794870 0.817247 0.035000 0.033228
0 0.794245 0.694620 0.033750 0.034810
0 0.062995 0.340190 0.021250 0.028481
0 0.517370 0.784810 0.032500 0.031646
0 0.407995 0.656646 0.031250 0.031646
0 0.089245 0.339399 0.023750 0.026899
0 0.739245 0.659810 0.036250 0.031646
0 0.573620 0.590981 0.037500 0.039557
0 0.684245 0.849684 0.033750 0.031646
0 0.076120 0.403481 0.035000 0.034810
0 0.517995 0.814082 0.036250 0.033228
0 0.061120 0.435127 0.022500 0.028481
0 0.076120 0.371835 0.035000 0.031646
0 0.061120 0.467563 0.020000 0.026899
0 0.684245 0.659019 0.031250 0.030063
0 0.087995 0.497627 0.023750 0.030063
0 0.187370 0.850475 0.032500 0.033228
0 0.850495 0.625791 0.036250 0.033228
0 0.696120 0.499209 0.022500 0.030063
0 0.668620 0.468354 0.020000 0.028481
0 0.849245 0.752373 0.036250 0.033228
0 0.849870 0.816456 0.037500 0.031646
0 0.408620 0.625000 0.032500 0.031646
0 0.572995 0.466772 0.031250 0.028481
0 0.409245 0.439873 0.036250 0.025316
0 0.849870 0.878165 0.037500 0.034810
0 0.572370 0.435918 0.032500 0.030063
0 0.464245 0.508703 0.036250 0.036392
0 0.794245 0.754747 0.033750 0.031646
0 0.847995 0.784019 0.036250 0.033228
0 0.572370 0.818829 0.037500 0.033228
0 0.243620 0.721519 0.032500 0.034810
0 0.187995 0.879747 0.033750 0.034810
0 0.407370 0.784810 0.035000 0.031646
0 0.571745 0.786392 0.036250 0.034810
0 0.517370 0.435918 0.032500 0.026899
0 0.849245 0.597310 0.033750 0.033228
0 0.517995 0.722310 0.033750 0.033228
0 0.407995 0.848101 0.033750 0.028481
0 0.407370 0.817247 0.035000 0.033228
0 0.682370 0.404272 0.035000 0.033228
0 0.517995 0.753956 0.033750 0.033228
0 0.298620 0.372627 0.035000 0.033228
0 0.242995 0.436709 0.033750 0.028481
0 0.075495 0.561709 0.036250 0.031646
0 0.684245 0.818038 0.033750 0.031646
0 0.297995 0.340190 0.038750 0.034810
0 0.242370 0.753956 0.035000 0.033228
0 0.849245 0.500791 0.033750 0.030063
0 0.408620 0.530063 0.032500 0.031646
0 0.076120 0.624209 0.035000 0.030063
0 0.409245 0.593354 0.031250 0.031646
0 0.075495 0.529272 0.036250 0.036392
0 0.573620 0.499209 0.032500 0.033228
0 0.409245 0.562500 0.033750 0.033228
0 0.739870 0.723101 0.032500 0.034810
0 0.739245 0.690665 0.033750 0.030063
0 0.088620 0.466772 0.022500 0.028481
0 0.407995 0.753165 0.033750 0.034810
0 0.518620 0.847310 0.035000 0.033228
0 0.353620 0.563291 0.035000 0.031646
0 0.627995 0.788766 0.036250 0.036392
0 0.848620 0.467563 0.032500 0.033228
0 0.074870 0.687500 0.035000 0.030063
0 0.518620 0.594937 0.032500 0.034810
0 0.696745 0.437500 0.023750 0.033228
0 0.794245 0.659019 0.036250 0.033228
0 0.684245 0.786392 0.031250 0.031646
0 0.627370 0.755538 0.035000 0.033228
0 0.737995 0.469146 0.033750 0.030063
0 0.299245 0.468354 0.033750 0.031646
0 0.574245 0.722310 0.033750 0.033228
0 0.518620 0.562500 0.032500 0.030063
0 0.408620 0.690665 0.035000 0.036392
0 0.736745 0.404272 0.031250 0.033228
0 0.792995 0.439082 0.033750 0.030063
0 0.628620 0.689873 0.032500 0.028481
0 0.089870 0.433544 0.027500 0.034810
0 0.187370 0.753165 0.032500 0.031646
0 0.187370 0.656646 0.035000 0.028481
0 0.407995 0.722310 0.033750 0.030063
0 0.848620 0.659810 0.037500 0.034810
0 0.518620 0.659019 0.032500 0.030063
0 0.848620 0.531646 0.032500 0.028481
0 0.187995 0.369462 0.033750 0.033228
0 0.683620 0.754747 0.032500 0.031646
0 0.464245 0.452532 0.033750 0.037975
0 0.626745 0.340981 0.033750 0.033228
0 0.571745 0.753956 0.036250 0.033228
0 0.519245 0.880538 0.033750 0.033228
0 0.186745 0.784810 0.033750 0.031646
0 0.243620 0.689873 0.032500 0.031646
0 0.241745 0.786392 0.033750 0.031646
0 0.242995 0.561709 0.033750 0.031646
0 0.076120 0.594146 0.035000 0.033228
0 0.298620 0.403481 0.035000 0.031646
0 0.669245 0.436709 0.021250 0.025316
0 0.354870 0.400316 0.037500 0.034810
0 0.298620 0.500000 0.035000 0.031646
0 0.075495 0.656646 0.038750 0.034810
0 0.794245 0.596519 0.033750 0.031646
0 0.517995 0.498418 0.033750 0.031646
0 0.793620 0.406646 0.035000 0.034810
0 0.682995 0.595728 0.033750 0.033228
0 0.409870 0.405854 0.037500 0.045886
0 0.792370 0.533228 0.035000 0.031646
0 0.297995 0.530063 0.033750 0.031646
0 0.626745 0.469146 0.033750 0.033228
0 0.627995 0.595728 0.033750 0.033228
0 0.242995 0.499209 0.036250 0.033228
0 0.353620 0.466772 0.035000 0.034810
0 0.628620 0.562500 0.035000 0.033228
0 0.516745 0.403481 0.033750 0.037975
