0 0.072597 0.226266 0.021250 0.031646
0 0.470097 0.598101 0.033750 0.031646
0 0.360722 0.469146 0.032500 0.033228
0 0.085097 0.625000 0.028750 0.034810
0 0.029472 0.594146 0.035000 0.033228
0 0.195722 0.499209 0.032500 0.030063
0 0.360722 0.438291 0.032500 0.031646
0 0.470097 0.566456 0.033750 0.031646
0 0.416347 0.408228 0.033750 0.031646
0 0.581972 0.534810 0.035000 0.031646
0 0.017597 0.260285 0.023750 0.030063
0 0.470722 0.502373 0.032500 0.030063
0 0.525722 0.503165 0.032500 0.031646
0 0.252597 0.438291 0.031250 0.031646
0 0.470097 0.883703 0.036250 0.036392
0 0.030097 0.690665 0.033750 0.033228
0 0.073222 0.295095 0.025000 0.030063
0 0.580722 0.503165 0.032500 0.031646
0 0.360097 0.501582 0.033750 0.031646
0 0.358847 0.373418 0.033750 0.034810
0 0.416347 0.693038 0.036250 0.034810
0 0.195097 0.532437 0.031250 0.033228
0 0.360097 0.659810 0.033750 0.034810
0 0.469472 0.756329 0.035000 0.031646
0 0.416347 0.439082 0.036250 0.030063
0 0.071972 0.192247 0.025000 0.030063
0 0.017597 0.296677 0.023750 0.033228
0 0.085097 0.404272 0.036250 0.036392
0 0.525722 0.534810 0.032500 0.031646
0 0.635097 0.374209 0.033750 0.036392
0 0.358847 0.628165 0.033750 0.031646
0 0.525722 0.756329 0.035000 0.034810
0 0.416972 0.470728 0.035000 0.033228
0 0.359472 0.565665 0.032500 0.033228
0 0.470097 0.375791 0.033750 0.036392
0 0.525097 0.373418 0.033750 0.034810
0 0.470097 0.470728 0.033750 0.033228
0 0.526347 0.567247 0.033750 0.033228
0 0.140097 0.437500 0.036250 0.036392
0 0.581347 0.408228 0.033750 0.034810
0 0.251972 0.469937 0.032500 0.031646
0 0.360097 0.534019 0.031250 0.033228
0 0.030097 0.402690 0.036250 0.036392
0 0.359472 0.597310 0.035000 0.030063
0 0.526347 0.693038 0.036250 0.034810
0 0.251347 0.627373 0.033750 0.026899
0 0.678222 0.753956 0.020000 0.023734
0 0.636347 0.470728 0.033750 0.033228
0 0.100722 0.156646 0.020000 0.025316
0 0.690097 0.820411 0.033750 0.033228
0 0.000361 0.155854 0.000722 0.030063
0 0.359472 0.852848 0.032500 0.031646
0 0.470097 0.850475 0.033750 0.030063
0 0.415722 0.503165 0.030000 0.031646
0 0.085722 0.560918 0.035000 0.033228
0 0.000986 0.226266 0.001972 0.028481
0 0.415722 0.661392 0.035000 0.028481
0 0.360722 0.882911 0.035000 0.034810
0 0.250722 0.755538 0.032500 0.030063
0 0.690097 0.852848 0.036250 0.034810
0 0.691347 0.725475 0.036250 0.033228
0 0.581972 0.786392 0.035000 0.031646
0 0.139472 0.689082 0.032500 0.030063
0 0.000361 0.294304 0.000722 0.025316
0 0.085097 0.658228 0.031250 0.031646
0 0.100722 0.261076 0.020000 0.025316
0 0.360722 0.787184 0.032500 0.033228
0 0.581347 0.629747 0.036250 0.031646
0 0.691347 0.628956 0.036250 0.033228
0 0.250722 0.659019 0.035000 0.033228
0 0.636972 0.884494 0.035000 0.031646
0 0.000361 0.190665 0.000722 0.026899
0 0.636347 0.786392 0.033750 0.031646
0 0.637597 0.439873 0.031250 0.031646
0 0.413847 0.753165 0.036250 0.037975
0 0.248847 0.819620 0.033750 0.034810
0 0.100097 0.227057 0.021250 0.033228
0 0.156347 0.227057 0.023750 0.030063
0 0.636347 0.723101 0.033750 0.031646
0 0.196347 0.591772 0.033750 0.025316
0 0.691972 0.568038 0.035000 0.031646
0 0.085097 0.689082 0.036250 0.033228
0 0.249472 0.723892 0.032500 0.033228
0 0.085097 0.850475 0.036250 0.033228
0 0.155722 0.261076 0.025000 0.031646
0 0.085722 0.467563 0.035000 0.033228
0 0.581347 0.470728 0.033750 0.033228
0 0.140097 0.595728 0.033750 0.033228
0 0.691347 0.375791 0.033750 0.036392
0 0.156347 0.191456 0.026250 0.031646
0 0.470722 0.692247 0.035000 0.033228
0 0.016972 0.192247 0.022500 0.030063
0 0.470097 0.787184 0.033750 0.033228
0 0.470722 0.724684 0.035000 0.031646
0 0.470097 0.439082 0.033750 0.030063
0 0.415097 0.566456 0.033750 0.034810
0 0.045097 0.191456 0.023750 0.031646
0 0.018222 0.227057 0.022500 0.033228
0 0.471347 0.534019 0.033750 0.033228
0 0.306347 0.339636 0.033750 0.030538
0 0.318847 0.602848 0.021250 0.022152
0 0.320097 0.623339 0.021250 0.019146
0 0.307597 0.533307 0.033750 0.022310
0 0.307409 0.412358 0.035000 0.015158
0 0.306972 0.446835 0.032500 0.017089
0 0.307597 0.369146 0.033750 0.029430
0 0.306347 0.393671 0.036250 0.021203
0 0.318897 0.882785 0.019625 0.023734
0 0.307528 0.549881 0.028987 0.008655
0 0.307622 0.463370 0.032975 0.016930
0 0.306291 0.429217 0.032137 0.019415
0 0.140097 0.529272 0.033750 0.033228
0 0.703847 0.786392 0.023750 0.031646
0 0.250097 0.786392 0.031250 0.031646
0 0.318847 0.580696 0.021250 0.022152
0 0.085722 0.593354 0.027500 0.025316
0 0.690097 0.882911 0.036250 0.034810
0 0.678847 0.784810 0.021250 0.025316
0 0.194472 0.820411 0.032500 0.030063
0 0.415097 0.851266 0.036250 0.031646
0 0.085097 0.528481 0.036250 0.028481
0 0.018847 0.156646 0.021250 0.025316
0 0.415097 0.725475 0.033750 0.026899
0 0.306972 0.509494 0.032500 0.025316
0 0.308222 0.793513 0.030000 0.023734
0 0.705097 0.753956 0.021250 0.026899
0 0.415722 0.534019 0.030000 0.030063
0 0.317597 0.856804 0.021250 0.023734
0 0.319472 0.663766 0.020000 0.023734
0 0.140097 0.554589 0.038750 0.049051
0 0.635722 0.630538 0.032500 0.030063
0 0.193847 0.787975 0.033750 0.031646
0 0.319472 0.642405 0.020000 0.018987
0 0.086347 0.500791 0.036250 0.033228
0 0.636972 0.598892 0.035000 0.033228
0 0.139472 0.657437 0.032500 0.033228
0 0.029472 0.848892 0.032500 0.030063
0 0.030722 0.435127 0.032500 0.028481
0 0.415097 0.820411 0.036250 0.033228
0 0.635722 0.692247 0.032500 0.030063
0 0.691347 0.470728 0.033750 0.030063
0 0.690722 0.440665 0.035000 0.033228
0 0.580722 0.755538 0.035000 0.033228
0 0.581347 0.882911 0.033750 0.031646
0 0.045097 0.295886 0.021250 0.028481
0 0.140097 0.882911 0.033750 0.031646
0 0.196347 0.435918 0.031250 0.030063
0 0.193847 0.882911 0.031250 0.031646
0 0.415722 0.631329 0.037500 0.034810
0 0.691972 0.598101 0.035000 0.031646
0 0.084472 0.722310 0.035000 0.033228
0 0.085097 0.436709 0.033750 0.031646
0 0.139472 0.627373 0.032500 0.030063
0 0.525722 0.788766 0.035000 0.030063
0 0.194472 0.755538 0.035000 0.033228
0 0.128222 0.226266 0.022500 0.031646
0 0.196347 0.401899 0.031250 0.034810
0 0.045722 0.157437 0.025000 0.030063
0 0.194472 0.850475 0.035000 0.030063
0 0.525722 0.628165 0.032500 0.031646
0 0.029472 0.786392 0.035000 0.031646
0 0.083847 0.756329 0.033750 0.031646
0 0.029472 0.879747 0.035000 0.031646
0 0.195097 0.660601 0.036250 0.033228
0 0.525722 0.819620 0.035000 0.031646
0 0.360097 0.821994 0.033750 0.033228
0 0.028847 0.498418 0.033750 0.031646
0 0.251972 0.500791 0.032500 0.030063
0 0.635722 0.660601 0.032500 0.033228
0 0.526347 0.598101 0.033750 0.028481
0 0.140097 0.753956 0.033750 0.033228
0 0.139472 0.500000 0.035000 0.031646
0 0.195722 0.564082 0.032500 0.030063
0 0.029472 0.562500 0.032500 0.030063
0 0.128222 0.295886 0.022500 0.028481
0 0.525097 0.852057 0.033750 0.030063
0 0.581347 0.440665 0.033750 0.030063
0 0.139472 0.786392 0.032500 0.031646
0 0.085097 0.817247 0.033750 0.030063
0 0.636972 0.755538 0.035000 0.033228
0 0.139472 0.469937 0.035000 0.028481
0 0.636347 0.851266 0.033750 0.031646
0 0.415722 0.882911 0.035000 0.034810
0 0.635722 0.820411 0.035000 0.033228
0 0.692597 0.535601 0.036250 0.033228
0 0.030722 0.658228 0.032500 0.031646
0 0.249472 0.692247 0.032500 0.033228
0 0.043847 0.227057 0.023750 0.030063
0 0.195097 0.623418 0.036250 0.037975
0 0.195722 0.468354 0.030000 0.031646
0 0.415097 0.787184 0.036250 0.033228
0 0.128222 0.157437 0.025000 0.030063
0 0.581347 0.818829 0.036250 0.033228
0 0.073847 0.159019 0.023750 0.030063
0 0.415722 0.598101 0.035000 0.031646
0 0.525722 0.882911 0.037500 0.034810
0 0.691347 0.692247 0.033750 0.033228
0 0.251347 0.564082 0.033750 0.030063
0 0.072597 0.260285 0.021250 0.030063
0 0.470097 0.820411 0.033750 0.036392
0 0.525097 0.659810 0.033750 0.031646
0 0.636972 0.408228 0.032500 0.031646
0 0.360097 0.754747 0.033750 0.031646
0 0.635722 0.535601 0.035000 0.030063
0 0.525722 0.469937 0.032500 0.034810
0 0.140097 0.850475 0.033750 0.033228
0 0.044472 0.261076 0.022500 0.028481
0 0.581347 0.374209 0.031250 0.033228
0 0.000986 0.260285 0.001972 0.026899
0 0.030097 0.755538 0.033750 0.033228
0 0.360097 0.723101 0.033750 0.031646
0 0.141347 0.401108 0.036250 0.036392
0 0.100097 0.295095 0.023750 0.030063
0 0.084472 0.786392 0.035000 0.031646
0 0.580722 0.851266 0.035000 0.031646
0 0.690722 0.409810 0.032500 0.031646
0 0.251972 0.596519 0.035000 0.028481
0 0.030097 0.465981 0.033750 0.033228
0 0.084472 0.882120 0.035000 0.033228
0 0.526347 0.439082 0.033750 0.026899
0 0.470097 0.409810 0.033750 0.031646
0 0.030097 0.722310 0.033750 0.033228
0 0.030722 0.627373 0.032500 0.033228
0 0.581972 0.660601 0.035000 0.030063
0 0.156347 0.156646 0.026250 0.031646
0 0.029472 0.817247 0.035000 0.033228
0 0.139472 0.818038 0.035000 0.031646
0 0.580722 0.723892 0.035000 0.033228
0 0.140097 0.722310 0.036250 0.033228
0 0.100722 0.191456 0.022500 0.031646
0 0.360097 0.692247 0.033750 0.030063
0 0.028847 0.530063 0.031250 0.031646
0 0.128222 0.190665 0.022500 0.030063
0 0.581347 0.598892 0.036250 0.033228
0 0.195097 0.691456 0.033750 0.031646
0 0.525722 0.725475 0.035000 0.030063
0 0.580722 0.693038 0.035000 0.031646
0 0.581347 0.568038 0.036250 0.031646
0 0.691347 0.503165 0.033750 0.034810
0 0.194472 0.722310 0.035000 0.033228
0 0.128222 0.260285 0.022500 0.030063
0 0.691347 0.661392 0.033750 0.031646
0 0.470722 0.628165 0.030000 0.031646
0 0.470722 0.660601 0.035000 0.033228
0 0.155722 0.296677 0.025000 0.030063
0 0.636972 0.567247 0.035000 0.033228
0 0.635722 0.503956 0.035000 0.033228
0 0.360097 0.407437 0.033750 0.033228
0 0.252597 0.371835 0.036250 0.034810
0 0.251972 0.533228 0.035000 0.034810
0 0.415722 0.375000 0.035000 0.037975
0 0.251972 0.406646 0.035000 0.031646
0 0.525722 0.408228 0.035000 0.034810
