0 0.271866 0.843104 0.030780 0.025347
0 0.218408 0.741203 0.034795 0.033456
0 0.116552 0.480662 0.036259 0.039848
0 0.340719 0.401035 0.035613 0.020877
0 0.163604 0.770680 0.034634 0.028714
0 0.608288 0.663492 0.033493 0.031807
0 0.671850 0.413560 0.033600 0.034969
0 0.659421 0.796941 0.034903 0.036617
0 0.822475 0.895318 0.034849 0.035037
0 0.342786 0.781248 0.023448 0.029681
0 0.482150 0.730254 0.023125 0.020196
0 0.479146 0.855206 0.023340 0.026519
0 0.486709 0.633102 0.020681 0.021641
0 0.118172 0.451451 0.034741 0.031875
0 0.346376 0.620694 0.022145 0.028032
0 0.476894 0.880929 0.025421 0.029063
0 0.351434 0.464447 0.020318 0.022694
0 0.349855 0.496678 0.021338 0.026678
0 0.349650 0.526021 0.018619 0.027713
0 0.348925 0.556532 0.019150 0.024997
0 0.346108 0.588885 0.020115 0.026233
0 0.325157 0.463607 0.018771 0.023004
0 0.323949 0.494480 0.016053 0.024828
0 0.507549 0.357304 0.030597 0.019972
0 0.507338 0.394748 0.031801 0.022405
0 0.501493 0.510368 0.035368 0.026465
0 0.501361 0.533697 0.032051 0.024249
0 0.501303 0.548629 0.032836 0.009965
0 0.489342 0.561667 0.022224 0.014956
0 0.487135 0.576125 0.025128 0.018254
0 0.481259 0.764493 0.022441 0.018423
0 0.482118 0.712831 0.019486 0.023154
0 0.483410 0.674891 0.021984 0.023290
0 0.485520 0.649666 0.019271 0.016830
0 0.273583 0.774304 0.034903 0.036617
0 0.716577 0.735125 0.032298 0.033320
0 0.602292 0.857965 0.034849 0.035037
0 0.666413 0.573221 0.030995 0.031670
0 0.783395 0.389555 0.037454 0.038334
0 0.277809 0.650211 0.037347 0.035173
0 0.451694 0.375416 0.036152 0.036686
0 0.550599 0.759328 0.032298 0.033320
0 0.396201 0.370012 0.034849 0.035037
0 0.559944 0.411414 0.034903 0.036617
0 0.713799 0.798323 0.036044 0.033525
0 0.389940 0.590603 0.034688 0.030294
0 0.447296 0.467825 0.033600 0.034969
0 0.616702 0.379668 0.033762 0.039711
0 0.773706 0.674101 0.032351 0.034901
0 0.276134 0.681003 0.036044 0.033525
0 0.712669 0.831521 0.033654 0.036549
0 0.386630 0.687823 0.037239 0.032011
0 0.387680 0.656998 0.034795 0.033456
0 0.390339 0.560534 0.036044 0.033525
0 0.769373 0.801356 0.034903 0.036617
0 0.551052 0.727678 0.033546 0.033388
0 0.275682 0.712653 0.034795 0.033456
0 0.772123 0.738948 0.033600 0.034969
0 0.775940 0.608497 0.032298 0.033320
0 0.662704 0.700511 0.034795 0.033456
0 0.382948 0.814322 0.036098 0.035105
0 0.780817 0.483647 0.033654 0.036549
0 0.720404 0.641102 0.033600 0.034969
0 0.554841 0.598017 0.034688 0.030294
0 0.551531 0.695237 0.034849 0.035037
0 0.772602 0.706508 0.034795 0.033456
0 0.768242 0.834553 0.034795 0.033456
0 0.381220 0.846695 0.034795 0.033456
0 0.344342 0.717191 0.027356 0.034628
0 0.225863 0.522261 0.032351 0.034901
0 0.826448 0.741912 0.037454 0.038334
0 0.395749 0.401663 0.033385 0.028646
0 0.313836 0.841435 0.022199 0.029613
0 0.447468 0.499509 0.033493 0.031807
0 0.615717 0.445339 0.035990 0.031943
0 0.175872 0.392041 0.033546 0.033388
0 0.611012 0.601874 0.032136 0.028578
0 0.312108 0.873807 0.026107 0.034560
0 0.452824 0.342219 0.033654 0.036549
0 0.560477 0.377392 0.036206 0.038266
0 0.613591 0.507781 0.036044 0.033525
0 0.614667 0.476166 0.036044 0.033525
0 0.893945 0.394795 0.033762 0.039711
0 0.169838 0.550878 0.032244 0.031739
0 0.230875 0.393459 0.036259 0.039848
0 0.171539 0.519297 0.031103 0.034833
0 0.777560 0.579286 0.033493 0.031807
0 0.665934 0.605662 0.029908 0.036345
0 0.114291 0.547056 0.038542 0.033661
0 0.483334 0.695476 0.020627 0.020060
0 0.656272 0.889418 0.032244 0.031739
0 0.104774 0.863286 0.036044 0.033525
0 0.668567 0.509989 0.030995 0.031670
0 0.724565 0.482162 0.036044 0.033525
0 0.495745 0.790306 0.034413 0.022232
0 0.505924 0.454632 0.034919 0.037092
0 0.508023 0.337866 0.035759 0.025145
0 0.494800 0.807921 0.033375 0.015565
0 0.727278 0.384117 0.035011 0.039780
0 0.556941 0.536366 0.032298 0.033320
0 0.384024 0.782706 0.036098 0.035105
0 0.547289 0.856548 0.032136 0.028578
0 0.604445 0.794733 0.034849 0.035037
0 0.107888 0.771836 0.035953 0.030837
0 0.505026 0.374446 0.034120 0.020954
0 0.107533 0.800641 0.037148 0.029324
0 0.831376 0.615560 0.033380 0.028488
0 0.215921 0.869351 0.038434 0.030499
0 0.483426 0.747902 0.024277 0.017419
0 0.546288 0.885951 0.034785 0.033140
0 0.505814 0.421130 0.034903 0.036617
0 0.385752 0.750333 0.037293 0.033593
0 0.394193 0.465719 0.034903 0.036617
0 0.670268 0.478408 0.034849 0.035037
0 0.216949 0.839157 0.036033 0.033208
0 0.110763 0.705793 0.034758 0.032349
0 0.159069 0.867120 0.037234 0.031853
0 0.109705 0.736855 0.034903 0.036617
0 0.111801 0.675314 0.034790 0.033298
0 0.604020 0.825592 0.035936 0.030362
0 0.657768 0.827100 0.035926 0.030047
0 0.611384 0.572595 0.033546 0.033388
0 0.391868 0.497268 0.032190 0.030158
0 0.606081 0.728304 0.036098 0.035105
0 0.722584 0.577078 0.033654 0.036549
0 0.660444 0.766905 0.034795 0.033456
0 0.781807 0.436189 0.035549 0.055587
0 0.319273 0.681773 0.021984 0.023290
0 0.892868 0.426411 0.033439 0.030226
0 0.164029 0.739819 0.036044 0.033525
0 0.224959 0.585561 0.034849 0.035037
0 0.227591 0.489888 0.030941 0.030090
0 0.822685 0.870782 0.036152 0.036686
0 0.107126 0.830948 0.036098 0.035105
0 0.112590 0.578638 0.034795 0.033456
0 0.167738 0.612530 0.034957 0.038198
0 0.164482 0.708169 0.034795 0.033456
0 0.882129 0.741783 0.033600 0.034969
0 0.270299 0.870733 0.034903 0.036617
0 0.282567 0.492096 0.028282 0.025211
0 0.218634 0.771306 0.037401 0.036754
0 0.161370 0.836283 0.037293 0.033593
0 0.671506 0.442048 0.032459 0.038062
0 0.828256 0.707168 0.036098 0.035105
0 0.174117 0.425204 0.032298 0.033320
0 0.664152 0.639616 0.033600 0.034969
0 0.837295 0.423379 0.032298 0.033320
0 0.220679 0.711236 0.034795 0.033456
0 0.553232 0.663655 0.033493 0.031807
0 0.832482 0.583074 0.033762 0.039711
0 0.663754 0.669685 0.034741 0.031875
0 0.825996 0.773562 0.035990 0.031943
0 0.341763 0.811283 0.023448 0.029681
0 0.166635 0.644937 0.037293 0.033593
0 0.317120 0.745005 0.022092 0.026451
0 0.345897 0.653134 0.023340 0.026519
0 0.384762 0.338505 0.024697 0.029749
0 0.330438 0.335541 0.023448 0.029681
0 0.877914 0.902303 0.036044 0.033525
0 0.279418 0.584573 0.033546 0.033388
0 0.112789 0.609532 0.037347 0.035173
0 0.445767 0.531091 0.032351 0.034901
0 0.169439 0.580948 0.030995 0.031670
0 0.724113 0.513812 0.037401 0.036754
0 0.315392 0.777378 0.020897 0.027964
0 0.883857 0.709410 0.034903 0.036617
0 0.221729 0.680409 0.034849 0.035037
0 0.277663 0.617736 0.034795 0.033456
0 0.881795 0.806698 0.032244 0.031739
0 0.111008 0.643485 0.036152 0.036686
0 0.355388 0.337694 0.025892 0.028237
0 0.222208 0.647969 0.033654 0.036549
0 0.723036 0.545428 0.034688 0.030294
0 0.173068 0.456029 0.034849 0.035037
0 0.162554 0.801505 0.037508 0.039916
0 0.445234 0.565113 0.031049 0.033252
0 0.892497 0.455690 0.034849 0.035037
0 0.668195 0.539268 0.032405 0.036481
0 0.340778 0.876955 0.023394 0.028101
0 0.887539 0.582911 0.033439 0.030226
0 0.885558 0.677828 0.036044 0.033525
0 0.824348 0.803563 0.037347 0.035173
0 0.228017 0.459028 0.032351 0.034901
0 0.223909 0.616387 0.037293 0.033593
0 0.319725 0.650122 0.023448 0.029681
0 0.833467 0.517403 0.033600 0.034969
0 0.343997 0.745680 0.023287 0.024939
0 0.558496 0.472309 0.033493 0.031807
0 0.165585 0.675762 0.037347 0.035173
0 0.322277 0.556821 0.022092 0.026451
0 0.838344 0.392553 0.032351 0.034901
0 0.712216 0.863171 0.032190 0.030158
0 0.341365 0.841353 0.022092 0.026451
0 0.829931 0.676377 0.034795 0.033456
0 0.449594 0.437067 0.033546 0.033388
0 0.320151 0.619263 0.022253 0.031193
0 0.717680 0.702719 0.032244 0.031739
0 0.341144 0.370176 0.034849 0.035037
0 0.172642 0.486890 0.033654 0.036549
0 0.119141 0.422996 0.037347 0.035173
0 0.320657 0.586031 0.020897 0.027964
0 0.879496 0.837456 0.034795 0.033456
0 0.881623 0.775014 0.034849 0.035037
0 0.217450 0.806085 0.034903 0.036617
0 0.324629 0.524482 0.022145 0.028032
0 0.273411 0.742620 0.034688 0.030294
0 0.554281 0.632829 0.033762 0.039711
0 0.280441 0.554538 0.033546 0.033388
0 0.726772 0.417348 0.033546 0.033388
0 0.346667 0.685643 0.024643 0.028169
0 0.823245 0.835970 0.037293 0.033593
0 0.229745 0.426656 0.033546 0.033388
0 0.891991 0.488921 0.033493 0.031807
0 0.657267 0.860173 0.034903 0.036617
0 0.608687 0.633422 0.034849 0.035037
0 0.891565 0.519781 0.032298 0.033320
0 0.284042 0.430410 0.032351 0.034901
0 0.725642 0.450545 0.033654 0.036549
0 0.766686 0.898610 0.035990 0.031943
0 0.115992 0.515473 0.037401 0.036754
0 0.339723 0.430280 0.036206 0.038266
0 0.317545 0.714145 0.023502 0.031262
0 0.605548 0.762326 0.032298 0.033320
0 0.607809 0.695932 0.037401 0.036754
0 0.879017 0.869896 0.036098 0.035105
0 0.616196 0.412899 0.034795 0.033456
0 0.224162 0.553843 0.033493 0.031807
0 0.832418 0.548228 0.036044 0.033525
0 0.549523 0.790944 0.032298 0.033320
0 0.282992 0.461236 0.032298 0.033320
0 0.558868 0.443029 0.034795 0.033456
0 0.314262 0.810574 0.023394 0.028101
0 0.672275 0.382700 0.034795 0.033456
0 0.886608 0.647002 0.033493 0.031807
0 0.450617 0.407032 0.033546 0.033388
0 0.394699 0.432488 0.031049 0.033252
0 0.601215 0.889582 0.034741 0.031875
0 0.771047 0.770564 0.033493 0.031807
0 0.831659 0.644004 0.036098 0.035105
0 0.835766 0.486645 0.033546 0.033388
0 0.886489 0.613737 0.036206 0.038266
0 0.558017 0.504749 0.029908 0.036345
0 0.719327 0.672717 0.033600 0.034969
0 0.119050 0.388941 0.035011 0.039780
0 0.767763 0.866994 0.033600 0.034969
0 0.836218 0.454995 0.034795 0.033456
0 0.285253 0.394842 0.037401 0.036754
0 0.779116 0.515229 0.034795 0.033456
0 0.889240 0.551329 0.032298 0.033320
0 0.711194 0.893206 0.034903 0.036617
0 0.380116 0.879102 0.037347 0.035173
0 0.385607 0.717858 0.037347 0.035173
0 0.660976 0.732883 0.036098 0.035105
0 0.612514 0.539398 0.036044 0.033525
0 0.391389 0.529708 0.036098 0.035105
0 0.774836 0.640904 0.032351 0.034901
0 0.721508 0.608695 0.033546 0.033388
0 0.388783 0.624591 0.034957 0.038198
0 0.548365 0.824932 0.034957 0.038198
0 0.272345 0.810663 0.034903 0.036617
0 0.280893 0.522887 0.034903 0.036617
0 0.778012 0.547636 0.034849 0.035037
0 0.555213 0.568739 0.033600 0.034969
0 0.715500 0.766742 0.034903 0.036617
