0 0.446027 0.496361 0.030640 0.037414
0 0.442660 0.246818 0.035230 0.045824
0 0.443414 0.288813 0.035200 0.044177
0 0.649437 0.279861 0.034119 0.045780
0 0.392475 0.330374 0.034090 0.044133
0 0.648456 0.194203 0.035230 0.045824
0 0.289352 0.251217 0.035230 0.045824
0 0.649225 0.237020 0.032949 0.042442
0 0.647088 0.148936 0.036371 0.047515
0 0.545145 0.197454 0.035200 0.044177
0 0.445888 0.457638 0.034060 0.042486
0 0.597248 0.282744 0.034090 0.044133
0 0.444564 0.414841 0.035230 0.045824
0 0.651326 0.447062 0.034090 0.044133
0 0.237134 0.252453 0.035259 0.047471
0 0.546682 0.283090 0.035259 0.047471
0 0.547648 0.367926 0.036400 0.049161
0 0.393258 0.374017 0.036341 0.045867
0 0.236107 0.164324 0.036400 0.049161
0 0.488135 0.736961 0.023857 0.030564
0 0.493861 0.343680 0.044990 0.033043
0 0.497690 0.495147 0.042828 0.036249
0 0.140970 0.716046 0.035141 0.040883
0 0.707422 0.692877 0.035230 0.045824
0 0.143415 0.883225 0.036282 0.042574
0 0.919582 0.902047 0.038503 0.042661
0 0.493103 0.208571 0.046042 0.029794
0 0.602821 0.531376 0.036312 0.044221
0 0.918799 0.858406 0.038592 0.047602
0 0.492512 0.175634 0.043938 0.036293
0 0.493282 0.373367 0.047330 0.039718
0 0.905543 0.181589 0.034149 0.047427
0 0.143231 0.842032 0.032831 0.035854
0 0.492634 0.275335 0.040577 0.034515
0 0.136097 0.382513 0.032949 0.042442
0 0.141184 0.758887 0.029588 0.040664
0 0.917789 0.771100 0.035141 0.040883
0 0.135929 0.342143 0.036312 0.044221
0 0.350008 0.875075 0.034119 0.045780
0 0.918001 0.813941 0.036312 0.044221
0 0.137986 0.549713 0.035141 0.040883
0 0.347068 0.711212 0.034030 0.040839
0 0.351376 0.920342 0.032979 0.044089
0 0.755917 0.484137 0.032920 0.040796
0 0.082501 0.214056 0.034149 0.047427
0 0.084831 0.467760 0.034030 0.040839
0 0.655049 0.654566 0.029588 0.040664
0 0.862600 0.606826 0.035141 0.040883
0 0.085743 0.425699 0.037452 0.045911
0 0.491322 0.140248 0.047360 0.041365
0 0.292138 0.375534 0.031750 0.037458
0 0.083284 0.257698 0.036341 0.045867
0 0.348729 0.834750 0.032920 0.040796
0 0.347762 0.749914 0.034060 0.042486
0 0.347405 0.791953 0.034090 0.044133
0 0.699520 0.190540 0.035171 0.042530
0 0.907109 0.268872 0.034030 0.040839
0 0.341411 0.334037 0.034090 0.044133
0 0.143117 0.928558 0.036371 0.047515
0 0.084053 0.300517 0.036341 0.045867
0 0.084974 0.382882 0.037393 0.042617
0 0.906356 0.226877 0.034060 0.042486
0 0.705022 0.528169 0.036400 0.049161
0 0.914204 0.602319 0.034001 0.039192
0 0.862431 0.566456 0.036282 0.042574
0 0.863339 0.647997 0.037363 0.040971
0 0.340058 0.289594 0.030817 0.047296
0 0.137589 0.465679 0.035141 0.040883
0 0.084806 0.342511 0.036312 0.044221
0 0.706713 0.653353 0.032890 0.039148
0 0.137406 0.424486 0.036312 0.044221
0 0.654311 0.613395 0.031809 0.040752
0 0.915200 0.688801 0.037422 0.044265
0 0.915954 0.730796 0.035171 0.042530
0 0.189421 0.504835 0.030699 0.040708
0 0.854480 0.185251 0.036371 0.047515
0 0.190358 0.588024 0.031780 0.039104
0 0.802846 0.188112 0.035171 0.042530
0 0.293090 0.459545 0.032920 0.040796
0 0.806232 0.314877 0.032890 0.039148
0 0.135730 0.300126 0.035230 0.045824
0 0.343300 0.501238 0.029558 0.039017
0 0.143078 0.802485 0.034119 0.045780
0 0.910480 0.394814 0.034001 0.039192
0 0.912002 0.479627 0.031809 0.040752
0 0.134734 0.213644 0.034090 0.044133
0 0.704824 0.486152 0.035141 0.040883
0 0.344565 0.540740 0.032949 0.042442
0 0.085614 0.511403 0.036341 0.045867
0 0.801989 0.140353 0.035289 0.049117
0 0.081644 0.166297 0.034208 0.050720
0 0.860582 0.525329 0.036400 0.049161
0 0.339874 0.248400 0.029529 0.037370
0 0.137788 0.507696 0.034060 0.042486
0 0.904701 0.134653 0.036400 0.049161
0 0.394027 0.416835 0.031839 0.042398
0 0.907877 0.311691 0.036312 0.044221
0 0.600006 0.405413 0.035111 0.039236
0 0.912940 0.562815 0.035171 0.042530
0 0.709360 0.738946 0.035230 0.045824
0 0.753845 0.275743 0.034060 0.042486
0 0.909756 0.354465 0.034090 0.044133
0 0.851956 0.137558 0.037541 0.050851
0 0.804710 0.230064 0.030758 0.044002
0 0.187577 0.340105 0.032920 0.040796
0 0.135503 0.256462 0.036312 0.044221
0 0.190174 0.546830 0.033008 0.045736
0 0.192465 0.674462 0.032979 0.044089
0 0.443042 0.330028 0.030640 0.037414
0 0.133907 0.167532 0.036430 0.050808
0 0.190378 0.465245 0.031868 0.044046
0 0.338834 0.159448 0.033097 0.050676
0 0.492684 0.309117 0.041835 0.042793
0 0.705250 0.571833 0.032920 0.040796
0 0.288281 0.160618 0.036400 0.049161
0 0.857895 0.313663 0.034030 0.040839
0 0.912201 0.521644 0.037452 0.045911
0 0.191667 0.629997 0.033038 0.047383
0 0.914987 0.645960 0.036312 0.044221
0 0.492598 0.242376 0.046249 0.041321
0 0.864108 0.690816 0.037541 0.050851
0 0.855277 0.229716 0.036312 0.044221
0 0.860340 0.480842 0.035171 0.042530
0 0.698707 0.145252 0.035259 0.047471
0 0.344991 0.626421 0.035230 0.045824
0 0.858292 0.397697 0.036312 0.044221
0 0.856046 0.272535 0.034090 0.044133
0 0.141372 0.676478 0.035141 0.040883
0 0.911249 0.437632 0.034119 0.045780
0 0.237902 0.295271 0.030640 0.037414
0 0.139295 0.591686 0.034060 0.042486
0 0.656374 0.697363 0.035259 0.047471
0 0.496277 0.447410 0.044116 0.046174
0 0.339106 0.205582 0.034149 0.047427
0 0.755178 0.442965 0.037363 0.040971
0 0.703559 0.446649 0.034090 0.044133
0 0.238853 0.379283 0.031809 0.040752
0 0.601314 0.447386 0.036312 0.044221
0 0.706529 0.612159 0.034119 0.045780
0 0.140603 0.633660 0.035200 0.044177
0 0.346329 0.670041 0.036312 0.044221
0 0.703347 0.403809 0.032920 0.040796
0 0.547435 0.325086 0.035111 0.039236
0 0.859631 0.441317 0.035171 0.042530
0 0.188301 0.380453 0.033008 0.045736
0 0.439924 0.156283 0.035289 0.049117
0 0.603035 0.574217 0.037422 0.044265
0 0.757212 0.525286 0.036312 0.044221
0 0.543747 0.150540 0.036400 0.049161
0 0.293288 0.501562 0.036341 0.045867
0 0.594855 0.149348 0.034208 0.050720
0 0.344763 0.582757 0.034090 0.044133
0 0.649665 0.323525 0.032920 0.040796
0 0.448104 0.581152 0.036341 0.045867
0 0.652050 0.487410 0.034060 0.042486
0 0.446751 0.536709 0.033008 0.045736
0 0.391166 0.288402 0.032949 0.042442
0 0.239636 0.422925 0.036341 0.045867
0 0.753136 0.236218 0.031839 0.042398
0 0.291781 0.417572 0.034119 0.045780
0 0.656349 0.572114 0.035200 0.044177
0 0.288584 0.208399 0.035171 0.042530
0 0.394224 0.458852 0.032979 0.044089
0 0.189070 0.423272 0.032949 0.042442
0 0.236935 0.210436 0.034060 0.042486
0 0.342676 0.373540 0.032920 0.040796
0 0.601498 0.488580 0.035141 0.040883
0 0.755025 0.403418 0.036312 0.044221
0 0.651158 0.406691 0.032949 0.042442
0 0.650389 0.363873 0.035230 0.045824
0 0.290135 0.294859 0.035200 0.044177
0 0.597576 0.239058 0.034119 0.045780
0 0.750911 0.143192 0.035318 0.050764
0 0.186224 0.295662 0.034149 0.047427
0 0.751767 0.190951 0.035259 0.047471
0 0.443766 0.370376 0.035230 0.045824
0 0.290333 0.336876 0.034060 0.042486
0 0.857523 0.354878 0.036312 0.044221
0 0.702211 0.278604 0.035141 0.040883
0 0.238085 0.336464 0.034149 0.047427
0 0.757965 0.567281 0.036282 0.042574
0 0.546468 0.240251 0.034030 0.040839
0 0.343117 0.460043 0.032949 0.042442
0 0.754028 0.316936 0.035171 0.042530
0 0.441848 0.201529 0.035200 0.044177
0 0.599113 0.324696 0.034060 0.042486
0 0.702037 0.361836 0.034060 0.042486
0 0.701825 0.318995 0.035171 0.042530
0 0.653899 0.528537 0.036341 0.045867
0 0.595712 0.197107 0.034090 0.044133
0 0.599297 0.365889 0.032949 0.042442
0 0.806049 0.273683 0.034119 0.045780
0 0.700332 0.235829 0.035259 0.047471
0 0.342348 0.417226 0.033008 0.045736
0 0.754796 0.359755 0.035230 0.045824
