0 0.712696 0.880334 0.036520 0.023110
0 0.494865 0.262203 0.034045 0.030842
0 0.498012 0.363861 0.035531 0.037144
0 0.833923 0.873911 0.028714 0.030663
0 0.863225 0.872143 0.028828 0.035356
0 0.834397 0.838669 0.026010 0.029009
0 0.496294 0.293467 0.032712 0.030797
0 0.875656 0.834934 0.036863 0.037189
0 0.704603 0.521303 0.038196 0.037234
0 0.889862 0.870465 0.028790 0.033791
0 0.707180 0.626894 0.035492 0.035580
0 0.859771 0.730574 0.028790 0.033791
0 0.494577 0.223074 0.032636 0.027668
0 0.809055 0.838738 0.028790 0.033791
0 0.885741 0.728918 0.027496 0.035311
0 0.498909 0.400622 0.030084 0.032272
0 0.873310 0.766127 0.038119 0.034105
0 0.871478 0.691040 0.035531 0.037144
0 0.497788 0.436668 0.031494 0.035445
0 0.830904 0.695535 0.028714 0.030663
0 0.700119 0.337498 0.030084 0.032272
0 0.650587 0.521553 0.036710 0.030931
0 0.825599 0.478097 0.028714 0.030663
0 0.874131 0.799760 0.035492 0.035580
0 0.829816 0.623555 0.027381 0.030618
0 0.492557 0.194961 0.032712 0.030797
0 0.863155 0.295227 0.035531 0.037144
0 0.869094 0.620669 0.034121 0.033970
0 0.709851 0.736395 0.035492 0.035580
0 0.707660 0.701244 0.032865 0.037054
0 0.869934 0.655084 0.034197 0.037099
0 0.809619 0.369826 0.036825 0.035624
0 0.824529 0.406898 0.027419 0.032182
0 0.798789 0.445338 0.030161 0.035400
0 0.808741 0.333847 0.036825 0.035624
0 0.763829 0.734581 0.031494 0.035445
0 0.796522 0.407057 0.027458 0.033746
0 0.594399 0.487433 0.032788 0.033926
0 0.802705 0.660475 0.027458 0.033746
0 0.711569 0.806789 0.032827 0.035490
0 0.655643 0.701426 0.032788 0.033926
0 0.711210 0.846724 0.035607 0.040273
0 0.813342 0.549743 0.032827 0.035490
0 0.824740 0.442900 0.028828 0.035356
0 0.703457 0.446977 0.031418 0.032317
0 0.819140 0.732722 0.035569 0.038708
0 0.703668 0.482978 0.035569 0.038708
0 0.595981 0.524954 0.037016 0.043446
0 0.760946 0.589078 0.035569 0.038708
0 0.643912 0.302596 0.036939 0.040317
0 0.757627 0.480381 0.034197 0.037099
0 0.754308 0.371685 0.032903 0.038619
0 0.652324 0.592729 0.036978 0.041882
0 0.755890 0.409205 0.031570 0.038574
0 0.699889 0.300715 0.036939 0.040317
0 0.758524 0.517143 0.034235 0.038664
0 0.592412 0.378692 0.036901 0.038753
0 0.651408 0.555186 0.036825 0.035624
0 0.762054 0.661841 0.034197 0.037099
0 0.646198 0.341658 0.036863 0.037189
0 0.649062 0.486379 0.035645 0.041837
0 0.707410 0.663678 0.034197 0.037099
0 0.761862 0.626622 0.035492 0.035580
0 0.762304 0.699407 0.032865 0.037054
0 0.589915 0.303628 0.035569 0.038708
0 0.868902 0.585450 0.035569 0.038708
0 0.593976 0.415431 0.035531 0.037144
0 0.863635 0.369576 0.035492 0.035580
0 0.710729 0.772375 0.035492 0.035580
0 0.699664 0.373522 0.032903 0.038619
0 0.706264 0.589351 0.035492 0.035580
0 0.647076 0.377637 0.034197 0.037099
0 0.648146 0.448836 0.035492 0.035580
0 0.706091 0.554913 0.036749 0.032496
0 0.757397 0.443598 0.032750 0.032361
0 0.766214 0.804953 0.035492 0.035580
0 0.591515 0.341931 0.034197 0.037099
0 0.656085 0.774211 0.035645 0.041837
0 0.653240 0.630273 0.036825 0.035624
0 0.863827 0.404795 0.034121 0.033970
0 0.866423 0.511168 0.036863 0.037189
0 0.654099 0.665469 0.036863 0.037189
0 0.759402 0.553121 0.031418 0.032317
0 0.753219 0.299704 0.034235 0.038664
0 0.830027 0.659556 0.031532 0.037010
0 0.594187 0.451433 0.034197 0.037099
0 0.812464 0.513765 0.035569 0.038708
0 0.802474 0.623691 0.028828 0.035356
0 0.764669 0.768996 0.034159 0.035535
0 0.808491 0.296281 0.038234 0.038798
0 0.819998 0.767919 0.035454 0.034015
0 0.865334 0.439188 0.032788 0.033926
0 0.657667 0.811731 0.036825 0.035624
0 0.814239 0.586505 0.038196 0.037234
0 0.766425 0.840953 0.034159 0.035535
0 0.867986 0.547906 0.035492 0.035580
0 0.866192 0.474384 0.035492 0.035580
0 0.700580 0.411064 0.035492 0.035580
0 0.659859 0.846884 0.036863 0.037189
0 0.862757 0.333597 0.035569 0.038708
0 0.660736 0.882862 0.036863 0.037189
0 0.768635 0.876888 0.034235 0.038664
0 0.754744 0.334878 0.032788 0.033926
0 0.820895 0.804679 0.038157 0.035669
0 0.655835 0.736645 0.034159 0.035535
0 0.647287 0.413639 0.035531 0.037144
