0 0.139444 0.204770 0.036667 0.044408
0 0.502222 0.344655 0.042222 0.031414
0 0.502778 0.374095 0.043333 0.034704
0 0.501667 0.276316 0.043333 0.029605
0 0.861111 0.245888 0.035556 0.024671
0 0.502778 0.145559 0.043333 0.031250
0 0.501667 0.529605 0.032222 0.032895
0 0.501667 0.178454 0.045556 0.034539
0 0.501667 0.211349 0.045556 0.027961
0 0.913333 0.536184 0.028889 0.039474
0 0.501667 0.244243 0.043333 0.041118
0 0.603333 0.329770 0.033333 0.041118
0 0.911667 0.331414 0.034444 0.037829
0 0.502222 0.309211 0.042222 0.042763
0 0.552778 0.245888 0.032222 0.034539
0 0.243333 0.247533 0.033333 0.041118
0 0.087222 0.247533 0.034444 0.037829
0 0.295556 0.247533 0.033333 0.037829
0 0.757222 0.333059 0.034444 0.041118
0 0.653889 0.372533 0.034444 0.041118
0 0.653889 0.330592 0.034444 0.042763
0 0.808333 0.245066 0.034444 0.046053
0 0.295000 0.202303 0.034444 0.052632
0 0.347222 0.158717 0.034444 0.044408
0 0.243333 0.290296 0.035556 0.044408
0 0.603333 0.371711 0.033333 0.042763
0 0.603333 0.414474 0.033333 0.042763
0 0.602778 0.245888 0.034444 0.047697
0 0.911667 0.496711 0.036667 0.039474
0 0.501111 0.448191 0.040000 0.041118
0 0.451667 0.291118 0.034444 0.042763
0 0.347222 0.291118 0.032222 0.042763
0 0.398889 0.291118 0.035556 0.042763
0 0.087222 0.290296 0.036667 0.047697
0 0.451111 0.244243 0.033333 0.047697
0 0.398889 0.158717 0.037778 0.047697
0 0.655000 0.157895 0.034444 0.042763
0 0.912222 0.414474 0.035556 0.039474
0 0.397778 0.203125 0.035556 0.041118
0 0.911667 0.247533 0.034444 0.041118
0 0.705000 0.371711 0.036667 0.042763
0 0.140556 0.157895 0.036667 0.046053
0 0.190556 0.246711 0.034444 0.039474
0 0.653333 0.415296 0.035556 0.041118
0 0.911667 0.455592 0.036667 0.042763
0 0.347222 0.203947 0.034444 0.042763
0 0.295556 0.289474 0.035556 0.046053
0 0.706111 0.285362 0.034444 0.044408
0 0.705556 0.328125 0.035556 0.044408
0 0.756111 0.245888 0.036667 0.044408
0 0.191667 0.159539 0.036667 0.046053
0 0.860000 0.287829 0.035556 0.049342
0 0.087778 0.202303 0.035556 0.052632
0 0.139444 0.293586 0.034444 0.044408
0 0.654444 0.290296 0.035556 0.041118
0 0.501111 0.491776 0.037778 0.042763
0 0.654444 0.246711 0.035556 0.042763
0 0.653889 0.203947 0.034444 0.042763
0 0.191111 0.291118 0.035556 0.046053
0 0.912222 0.203947 0.035556 0.046053
0 0.603333 0.290296 0.035556 0.041118
0 0.552222 0.289474 0.035556 0.046053
0 0.808333 0.290296 0.034444 0.044408
0 0.757222 0.290296 0.034444 0.044408
0 0.551667 0.202303 0.034444 0.052632
0 0.756667 0.375000 0.035556 0.042763
0 0.911667 0.371711 0.036667 0.042763
0 0.756667 0.203947 0.035556 0.042763
0 0.860000 0.202303 0.035556 0.052632
0 0.912222 0.157895 0.037778 0.046053
0 0.757222 0.157895 0.036667 0.046053
0 0.191111 0.205592 0.035556 0.042763
0 0.911667 0.290296 0.036667 0.044408
0 0.140000 0.249178 0.037778 0.044408
0 0.347778 0.247533 0.035556 0.044408
0 0.398889 0.247533 0.037778 0.044408
