0 0.556117 0.912130 0.037847 0.050932
0 0.501603 0.453274 0.041176 0.047663
0 0.915497 0.865164 0.036723 0.041092
0 0.862781 0.910402 0.033391 0.042722
0 0.915555 0.907787 0.038954 0.047656
0 0.500682 0.184423 0.042269 0.034551
0 0.501418 0.317208 0.041162 0.037827
0 0.606061 0.870998 0.035612 0.041089
0 0.917108 0.823356 0.035614 0.042728
0 0.658337 0.911007 0.037845 0.049292
0 0.606115 0.911162 0.035614 0.042728
0 0.812782 0.911370 0.035616 0.044367
0 0.554888 0.826068 0.037845 0.049292
0 0.606001 0.826736 0.037843 0.047653
0 0.708279 0.868236 0.035614 0.042728
0 0.812723 0.867927 0.035614 0.042728
0 0.762228 0.912339 0.036729 0.046010
0 0.863774 0.823514 0.035618 0.046007
0 0.763219 0.823811 0.034506 0.046004
0 0.813219 0.823663 0.036729 0.046010
0 0.658220 0.824942 0.035621 0.047646
0 0.709452 0.913315 0.037838 0.044374
0 0.708776 0.825613 0.034511 0.049282
0 0.657722 0.867567 0.034495 0.037807
0 0.720386 0.783774 0.022269 0.034492
0 0.668718 0.783108 0.021156 0.032849
0 0.499660 0.250001 0.044495 0.037837
0 0.502616 0.381140 0.041153 0.031270
0 0.824829 0.782646 0.020045 0.032846
0 0.501375 0.285241 0.041156 0.032909
0 0.928162 0.781520 0.022269 0.034492
0 0.501192 0.150816 0.043378 0.032915
0 0.876495 0.781673 0.021158 0.034488
0 0.617609 0.784078 0.023380 0.034495
0 0.502578 0.353271 0.041153 0.031270
0 0.514217 0.740942 0.021156 0.032849
0 0.863280 0.868597 0.034504 0.044364
0 0.565386 0.783414 0.023378 0.032856
0 0.500725 0.216390 0.042262 0.029633
0 0.762724 0.868895 0.035616 0.044367
0 0.772052 0.782802 0.023378 0.032856
