0 0.860556 0.204770 0.036667 0.044408
0 0.497778 0.344655 0.042222 0.031414
0 0.497222 0.374095 0.043333 0.034704
0 0.498333 0.276316 0.043333 0.029605
0 0.138889 0.245888 0.035556 0.024671
0 0.497222 0.145559 0.043333 0.031250
0 0.498333 0.529605 0.032222 0.032895
0 0.498333 0.178454 0.045556 0.034539
0 0.498333 0.211349 0.045556 0.027961
0 0.086667 0.536184 0.028889 0.039474
0 0.498333 0.244243 0.043333 0.041118
0 0.396667 0.329770 0.033333 0.041118
0 0.088333 0.331414 0.034444 0.037829
0 0.497778 0.309211 0.042222 0.042763
0 0.447222 0.245888 0.032222 0.034539
0 0.756667 0.247533 0.033333 0.041118
0 0.912778 0.247533 0.034444 0.037829
0 0.704444 0.247533 0.033333 0.037829
0 0.242778 0.333059 0.034444 0.041118
0 0.346111 0.372533 0.034444 0.041118
0 0.346111 0.330592 0.034444 0.042763
0 0.191667 0.245066 0.034444 0.046053
0 0.705000 0.202303 0.034444 0.052632
0 0.652778 0.158717 0.034444 0.044408
0 0.756667 0.290296 0.035556 0.044408
0 0.396667 0.371711 0.033333 0.042763
0 0.396667 0.414474 0.033333 0.042763
0 0.397222 0.245888 0.034444 0.047697
0 0.088333 0.496711 0.036667 0.039474
0 0.498889 0.448191 0.040000 0.041118
0 0.548333 0.291118 0.034444 0.042763
0 0.652778 0.291118 0.032222 0.042763
0 0.601111 0.291118 0.035556 0.042763
0 0.912778 0.290296 0.036667 0.047697
0 0.548889 0.244243 0.033333 0.047697
0 0.601111 0.158717 0.037778 0.047697
0 0.345000 0.157895 0.034444 0.042763
0 0.087778 0.414474 0.035556 0.039474
0 0.602222 0.203125 0.035556 0.041118
0 0.088333 0.247533 0.034444 0.041118
0 0.295000 0.371711 0.036667 0.042763
0 0.859444 0.157895 0.036667 0.046053
0 0.809444 0.246711 0.034444 0.039474
0 0.346667 0.415296 0.035556 0.041118
0 0.088333 0.455592 0.036667 0.042763
0 0.652778 0.203947 0.034444 0.042763
0 0.704444 0.289474 0.035556 0.046053
0 0.293889 0.285362 0.034444 0.044408
0 0.294444 0.328125 0.035556 0.044408
0 0.243889 0.245888 0.036667 0.044408
0 0.808333 0.159539 0.036667 0.046053
0 0.140000 0.287829 0.035556 0.049342
0 0.912222 0.202303 0.035556 0.052632
0 0.860556 0.293586 0.034444 0.044408
0 0.345556 0.290296 0.035556 0.041118
0 0.498889 0.491776 0.037778 0.042763
0 0.345556 0.246711 0.035556 0.042763
0 0.346111 0.203947 0.034444 0.042763
0 0.808889 0.291118 0.035556 0.046053
0 0.087778 0.203947 0.035556 0.046053
0 0.396667 0.290296 0.035556 0.041118
0 0.447778 0.289474 0.035556 0.046053
0 0.191667 0.290296 0.034444 0.044408
0 0.242778 0.290296 0.034444 0.044408
0 0.448333 0.202303 0.034444 0.052632
0 0.243333 0.375000 0.035556 0.042763
0 0.088333 0.371711 0.036667 0.042763
0 0.243333 0.203947 0.035556 0.042763
0 0.140000 0.202303 0.035556 0.052632
0 0.087778 0.157895 0.037778 0.046053
0 0.242778 0.157895 0.036667 0.046053
0 0.808889 0.205592 0.035556 0.042763
0 0.088333 0.290296 0.036667 0.044408
0 0.860000 0.249178 0.037778 0.044408
0 0.652222 0.247533 0.035556 0.044408
0 0.601111 0.247533 0.037778 0.044408
