0 0.776084 0.819331 0.039410 0.031343
0 0.452374 0.268788 0.038408 0.038197
0 0.473664 0.367396 0.040974 0.044650
0 0.893450 0.783130 0.033228 0.036706
0 0.921779 0.774169 0.034181 0.041266
0 0.887598 0.748559 0.030320 0.034441
0 0.459373 0.299000 0.037113 0.037824
0 0.927265 0.734724 0.042268 0.045022
0 0.703845 0.470326 0.043563 0.045395
0 0.947520 0.765954 0.033864 0.039746
0 0.725282 0.572920 0.040656 0.043130
0 0.893038 0.636618 0.033864 0.039746
0 0.445081 0.230605 0.036478 0.034784
0 0.862836 0.754882 0.033864 0.039746
0 0.918130 0.628589 0.032886 0.040893
0 0.481128 0.403114 0.034841 0.038599
0 0.912645 0.668034 0.042928 0.042355
0 0.897400 0.595079 0.040974 0.044650
0 0.486490 0.438631 0.036771 0.042012
0 0.858539 0.609488 0.033228 0.036706
0 0.666528 0.291738 0.034841 0.038599
0 0.651082 0.483903 0.040998 0.038943
0 0.814394 0.398221 0.033228 0.036706
0 0.919473 0.700712 0.040656 0.043130
0 0.844578 0.539386 0.031934 0.036333
0 0.438070 0.203619 0.037113 0.037824
0 0.818345 0.210171 0.040974 0.044650
0 0.882461 0.526869 0.039043 0.041237
0 0.747514 0.679313 0.040656 0.043130
0 0.739073 0.645488 0.038384 0.043904
0 0.889448 0.560307 0.039678 0.044277
0 0.779372 0.296316 0.041951 0.043503
0 0.800591 0.328879 0.032251 0.037853
0 0.782314 0.372812 0.035476 0.041639
0 0.772068 0.261358 0.041951 0.043503
0 0.799959 0.664216 0.036771 0.042012
0 0.773239 0.335947 0.032569 0.039373
0 0.590037 0.464414 0.037748 0.040864
0 0.824688 0.582171 0.032569 0.039373
0 0.761805 0.747709 0.038066 0.042384
0 0.688252 0.658506 0.037748 0.040864
0 0.768609 0.786839 0.041609 0.047690
0 0.815247 0.471290 0.038066 0.042384
0 0.807248 0.364023 0.034181 0.041266
0 0.689407 0.397944 0.036136 0.038972
0 0.853700 0.648747 0.041291 0.046170
0 0.696064 0.433089 0.041291 0.046170
0 0.598306 0.500706 0.043539 0.051102
0 0.771071 0.522679 0.041291 0.046170
0 0.605325 0.271490 0.042904 0.048062
0 0.748351 0.417232 0.039678 0.044277
0 0.725631 0.311786 0.038701 0.045424
0 0.665532 0.553059 0.043221 0.049582
0 0.733901 0.348076 0.037407 0.045052
0 0.659713 0.255834 0.042904 0.048062
0 0.755815 0.452950 0.039996 0.045797
0 0.568611 0.358596 0.042586 0.046542
0 0.657910 0.516581 0.041951 0.043503
0 0.785192 0.593541 0.039678 0.044277
0 0.614559 0.309114 0.042268 0.045022
0 0.643288 0.449892 0.041927 0.049210
0 0.732098 0.608824 0.039678 0.044277
0 0.778694 0.559157 0.040656 0.043130
0 0.792166 0.630205 0.038384 0.043904
0 0.552720 0.285826 0.041291 0.046170
0 0.875963 0.492485 0.041291 0.046170
0 0.576722 0.394127 0.040974 0.044650
0 0.832136 0.282739 0.040656 0.043130
0 0.754818 0.714271 0.040656 0.043130
0 0.672538 0.327068 0.038701 0.045424
0 0.717660 0.536442 0.040656 0.043130
0 0.621863 0.344072 0.039678 0.044277
0 0.635666 0.413414 0.040656 0.043130
0 0.711321 0.502817 0.041316 0.040463
0 0.741536 0.381328 0.037431 0.039344
0 0.814899 0.732426 0.040656 0.043130
0 0.561148 0.322877 0.039678 0.044277
0 0.701725 0.729554 0.041927 0.049210
0 0.673154 0.589537 0.041951 0.043503
0 0.838634 0.317123 0.039043 0.041237
0 0.860230 0.420476 0.042268 0.045022
0 0.680300 0.623734 0.042268 0.045022
0 0.763119 0.487907 0.036136 0.038972
0 0.711669 0.241683 0.039996 0.045797
0 0.851234 0.574530 0.037089 0.043532
0 0.583379 0.429271 0.039678 0.044277
0 0.807943 0.436333 0.041291 0.046170
0 0.817872 0.546268 0.034181 0.041266
0 0.806946 0.697654 0.039361 0.042757
0 0.765092 0.224694 0.043881 0.046915
0 0.860846 0.682944 0.040339 0.041610
0 0.846268 0.350375 0.037748 0.040864
0 0.709995 0.765845 0.041951 0.043503
0 0.822711 0.507009 0.043563 0.045395
0 0.821556 0.767569 0.039361 0.042757
0 0.868341 0.456007 0.040656 0.043130
0 0.853414 0.384572 0.040656 0.043130
0 0.680160 0.363545 0.040656 0.043130
0 0.718435 0.799671 0.042268 0.045022
0 0.824831 0.247781 0.041291 0.046170
0 0.725740 0.834628 0.042268 0.045022
0 0.830155 0.802155 0.039996 0.045797
0 0.719463 0.275694 0.037748 0.040864
0 0.868309 0.718662 0.043245 0.043875
0 0.694750 0.692890 0.039361 0.042757
0 0.628520 0.379216 0.040974 0.044650
