0 0.691175 0.877561 0.031509 0.026929
0 0.754592 0.785264 0.035785 0.035222
0 0.882205 0.543579 0.037463 0.041664
0 0.668052 0.427934 0.036166 0.022747
0 0.805925 0.823462 0.035461 0.030492
0 0.375921 0.644397 0.034432 0.033508
0 0.338421 0.386160 0.034648 0.036661
0 0.311588 0.768358 0.036001 0.038374
0 0.139854 0.839224 0.035893 0.036798
0 0.627168 0.804617 0.024361 0.030837
0 0.494182 0.731242 0.023713 0.021379
0 0.484398 0.855637 0.024145 0.027684
0 0.499584 0.634160 0.021330 0.022682
0 0.883582 0.514348 0.035677 0.033644
0 0.640007 0.644823 0.023008 0.029124
0 0.484004 0.881513 0.026304 0.030331
0 0.650951 0.489060 0.021005 0.023710
0 0.649224 0.521279 0.022158 0.027732
0 0.646430 0.550409 0.019487 0.028612
0 0.644033 0.580783 0.019922 0.025938
0 0.643521 0.613324 0.020925 0.027221
0 0.677093 0.492528 0.019476 0.023933
0 0.675137 0.523339 0.016834 0.025598
0 0.507090 0.357266 0.031141 0.021569
0 0.503474 0.394431 0.032424 0.024057
0 0.497461 0.510037 0.036114 0.028295
0 0.495209 0.533192 0.032736 0.025906
0 0.493741 0.548008 0.033025 0.011732
0 0.504270 0.562894 0.022635 0.016114
0 0.504981 0.577592 0.025639 0.019556
0 0.491568 0.765340 0.022971 0.019577
0 0.495994 0.713971 0.020193 0.024121
0 0.498588 0.676138 0.022684 0.024395
0 0.499072 0.650779 0.019761 0.017816
0 0.696499 0.809057 0.036001 0.038374
0 0.261225 0.697707 0.033295 0.034948
0 0.362004 0.838220 0.035893 0.036798
0 0.327505 0.545372 0.031941 0.033234
0 0.230264 0.344101 0.038600 0.040223
0 0.704984 0.685314 0.038384 0.037071
0 0.560626 0.384368 0.037247 0.038511
0 0.423338 0.748870 0.033295 0.034948
0 0.616205 0.388091 0.035893 0.036798
0 0.449607 0.402347 0.036001 0.038374
0 0.257525 0.760829 0.037031 0.035358
0 0.599881 0.607855 0.035569 0.032068
0 0.555548 0.476721 0.034648 0.036661
0 0.396568 0.361579 0.034972 0.041390
0 0.210809 0.627845 0.033403 0.036524
0 0.703499 0.716121 0.037031 0.035358
0 0.255255 0.793933 0.034756 0.038237
0 0.593234 0.704801 0.038168 0.033918
0 0.595342 0.674062 0.035785 0.035222
0 0.602558 0.577973 0.037031 0.035358
0 0.202108 0.754741 0.036001 0.038374
0 0.426122 0.717412 0.034540 0.035085
0 0.700715 0.747580 0.035785 0.035222
0 0.205755 0.692406 0.034648 0.036661
0 0.215294 0.562426 0.033295 0.034948
0 0.318181 0.672200 0.035785 0.035222
0 0.583965 0.830840 0.037139 0.036934
0 0.223210 0.437825 0.034756 0.038237
0 0.267034 0.603846 0.034648 0.036661
0 0.435608 0.588219 0.035569 0.032068
0 0.428960 0.685165 0.035893 0.036798
0 0.208593 0.660160 0.035785 0.035222
0 0.199838 0.787844 0.035785 0.035222
0 0.582372 0.863224 0.035785 0.035222
0 0.632168 0.740843 0.028421 0.035977
0 0.769562 0.566939 0.033403 0.036524
0 0.151583 0.686455 0.038600 0.040223
0 0.613420 0.419550 0.034216 0.030356
0 0.649727 0.869036 0.023116 0.030700
0 0.552141 0.508110 0.034432 0.033508
0 0.390837 0.426860 0.036923 0.033781
0 0.832434 0.445994 0.034540 0.035085
0 0.379514 0.582851 0.032970 0.030219
0 0.648134 0.901420 0.027176 0.035840
0 0.562896 0.351264 0.034756 0.038237
0 0.452553 0.368523 0.037355 0.040087
0 0.386568 0.489126 0.037031 0.035358
0 0.388730 0.457599 0.037031 0.035358
0 0.120108 0.331205 0.034972 0.041390
0 0.822194 0.604486 0.033187 0.033371
0 0.777748 0.438398 0.037463 0.041664
0 0.823733 0.572891 0.032157 0.036387
0 0.216671 0.533195 0.034432 0.033508
0 0.324666 0.577619 0.031020 0.037826
0 0.877665 0.609786 0.039521 0.035632
0 0.496560 0.696563 0.021222 0.021105
0 0.305265 0.860574 0.033187 0.033371
0 0.854803 0.924920 0.037031 0.035358
0 0.331828 0.482318 0.031941 0.033234
0 0.279142 0.445559 0.037031 0.035358
0 0.474568 0.788566 0.035018 0.024029
0 0.498760 0.454043 0.036034 0.038847
0 0.508604 0.337914 0.036458 0.027003
0 0.473705 0.806188 0.033755 0.017335
0 0.286466 0.347893 0.036218 0.041527
0 0.439823 0.526742 0.033295 0.034948
0 0.586126 0.799314 0.037139 0.036934
0 0.416690 0.845816 0.032970 0.030219
0 0.366328 0.775166 0.035893 0.036798
0 0.861055 0.833728 0.036847 0.032678
0 0.507840 0.374677 0.034682 0.022741
0 0.858466 0.862349 0.037984 0.031238
0 0.159602 0.560357 0.034205 0.030198
0 0.743969 0.912743 0.039305 0.032479
0 0.491114 0.748534 0.024764 0.018678
0 0.414680 0.875136 0.035764 0.034906
0 0.502291 0.420840 0.036001 0.038374
0 0.587720 0.766930 0.038276 0.035495
0 0.608420 0.483324 0.036001 0.038374
0 0.333367 0.450723 0.035893 0.036798
0 0.746034 0.882634 0.037009 0.035043
0 0.864951 0.767768 0.035710 0.034118
0 0.800572 0.919835 0.038157 0.033761
0 0.862827 0.798743 0.036001 0.038374
0 0.867035 0.737375 0.035774 0.035063
0 0.363597 0.805836 0.036814 0.032205
0 0.310146 0.798534 0.036793 0.031890
0 0.382136 0.553757 0.034540 0.035085
0 0.607504 0.514988 0.033078 0.031795
0 0.371490 0.709027 0.037139 0.036934
0 0.271411 0.540003 0.034756 0.038237
0 0.313641 0.738406 0.035785 0.035222
0 0.227076 0.390604 0.037298 0.057290
0 0.660643 0.709825 0.022684 0.024395
0 0.117946 0.362732 0.034324 0.031932
0 0.808655 0.792791 0.037031 0.035358
0 0.763993 0.629856 0.035893 0.036798
0 0.771155 0.534555 0.031833 0.031658
0 0.142152 0.814859 0.037247 0.038511
0 0.855773 0.892468 0.037139 0.036934
0 0.876126 0.641382 0.035785 0.035222
0 0.817979 0.665964 0.036110 0.039950
0 0.811440 0.761333 0.035785 0.035222
0 0.096383 0.677214 0.034648 0.036661
0 0.689906 0.905215 0.036001 0.038374
0 0.716415 0.527747 0.029018 0.026655
0 0.751293 0.815077 0.038492 0.038647
0 0.801440 0.888880 0.038276 0.035495
0 0.335853 0.414466 0.033619 0.039676
0 0.153338 0.651707 0.037139 0.036934
0 0.830787 0.479166 0.033295 0.034948
0 0.322965 0.611579 0.034648 0.036661
0 0.173363 0.368820 0.033295 0.034948
0 0.755400 0.755176 0.035785 0.035222
0 0.430499 0.653569 0.034432 0.033508
0 0.161823 0.527963 0.034972 0.041390
0 0.320289 0.641461 0.035677 0.033644
0 0.148799 0.717914 0.036923 0.033781
0 0.625114 0.834567 0.024361 0.030837
0 0.815763 0.698279 0.038276 0.035495
0 0.656320 0.772879 0.022900 0.027547
0 0.637168 0.677069 0.024145 0.027684
0 0.630766 0.358721 0.025607 0.030974
0 0.684937 0.364672 0.024361 0.030837
0 0.084167 0.837077 0.037031 0.035358
0 0.710092 0.619964 0.034540 0.035085
0 0.872773 0.671984 0.038384 0.037071
0 0.550602 0.539706 0.033403 0.036524
0 0.819518 0.634368 0.031941 0.033234
0 0.276357 0.477017 0.038492 0.038647
0 0.654727 0.805263 0.021763 0.028987
0 0.097976 0.644830 0.036001 0.038374
0 0.757508 0.724437 0.035893 0.036798
0 0.708445 0.653136 0.035785 0.035222
0 0.090083 0.741639 0.033187 0.033371
0 0.871072 0.705944 0.037247 0.038511
0 0.659977 0.362724 0.026744 0.029535
0 0.760347 0.692191 0.034756 0.038237
0 0.274196 0.508545 0.035569 0.032068
0 0.828679 0.509904 0.035893 0.036798
0 0.803817 0.854201 0.038708 0.041800
0 0.547656 0.573529 0.032049 0.034811
0 0.115324 0.391826 0.035893 0.036798
0 0.329206 0.511412 0.033511 0.038100
0 0.619383 0.899850 0.024253 0.029261
0 0.107245 0.518791 0.034324 0.031932
0 0.099515 0.613235 0.037031 0.035358
0 0.147368 0.747933 0.038384 0.037071
0 0.773885 0.503884 0.033403 0.036524
0 0.761886 0.660595 0.038276 0.035495
0 0.663428 0.678366 0.024361 0.030837
0 0.167554 0.462682 0.034648 0.036661
0 0.629600 0.769149 0.024037 0.026108
0 0.444823 0.462968 0.034432 0.033508
0 0.813656 0.729018 0.038384 0.037071
0 0.670428 0.585430 0.022900 0.027547
0 0.175470 0.338081 0.033403 0.036524
0 0.252470 0.825392 0.033078 0.031795
0 0.622438 0.864450 0.022900 0.027547
0 0.154823 0.620900 0.035785 0.035222
0 0.556411 0.445845 0.034540 0.035085
0 0.666158 0.647696 0.023224 0.032276
0 0.263441 0.665392 0.033187 0.033371
0 0.670783 0.397264 0.035893 0.036798
0 0.825949 0.540575 0.034756 0.038237
0 0.885527 0.485974 0.038384 0.037071
0 0.669051 0.614661 0.021763 0.028987
0 0.089221 0.772515 0.035785 0.035222
0 0.093490 0.710249 0.035893 0.036798
0 0.748915 0.849758 0.036001 0.038374
0 0.671398 0.552978 0.023008 0.029124
0 0.699906 0.777667 0.035569 0.032068
0 0.432607 0.622831 0.034972 0.041390
0 0.712146 0.590013 0.034540 0.035085
0 0.283573 0.380928 0.034540 0.035085
0 0.633084 0.709179 0.025499 0.029398
0 0.145152 0.780248 0.038276 0.035495
0 0.775479 0.471501 0.034540 0.035085
0 0.112431 0.424861 0.034432 0.033508
0 0.307264 0.831412 0.036001 0.038374
0 0.378598 0.614514 0.035893 0.036798
0 0.109701 0.455532 0.033295 0.034948
0 0.721253 0.466338 0.033403 0.036524
0 0.281303 0.414032 0.034756 0.038237
0 0.194838 0.851619 0.036923 0.033781
0 0.879204 0.578190 0.038492 0.038647
0 0.666053 0.457096 0.037355 0.040087
0 0.659050 0.742208 0.024469 0.032413
0 0.368544 0.742850 0.033295 0.034948
0 0.373083 0.676643 0.038492 0.038647
0 0.086383 0.804761 0.037139 0.036934
0 0.393676 0.394614 0.035785 0.035222
0 0.768023 0.598534 0.034432 0.033508
0 0.165446 0.493420 0.037031 0.035358
0 0.421176 0.780398 0.033295 0.034948
0 0.719146 0.497076 0.033295 0.034948
0 0.447445 0.433873 0.035785 0.035222
0 0.652457 0.838365 0.024253 0.029261
0 0.341152 0.355490 0.035785 0.035222
0 0.101623 0.582496 0.034432 0.033508
0 0.558464 0.415894 0.034540 0.035085
0 0.611313 0.450288 0.032049 0.034811
0 0.359843 0.869747 0.035677 0.033644
0 0.203593 0.723934 0.034432 0.033508
0 0.156417 0.588516 0.037139 0.036934
0 0.168416 0.431805 0.034540 0.035085
0 0.105138 0.549529 0.037355 0.040087
0 0.441985 0.495214 0.031020 0.037826
0 0.264872 0.635372 0.034648 0.036661
0 0.889096 0.452219 0.036218 0.041527
0 0.197000 0.820091 0.034648 0.036661
0 0.171201 0.400347 0.035785 0.035222
0 0.723685 0.430870 0.038492 0.038647
0 0.221671 0.469421 0.035785 0.035222
0 0.108784 0.487195 0.033295 0.034948
0 0.250417 0.855342 0.036001 0.038374
0 0.580156 0.895540 0.038384 0.037071
0 0.591181 0.734751 0.038384 0.037071
0 0.316588 0.704583 0.037139 0.036934
0 0.384406 0.520653 0.037031 0.035358
0 0.604665 0.547234 0.037139 0.036934
0 0.213079 0.594741 0.033403 0.036524
0 0.269249 0.571530 0.034540 0.035085
0 0.597558 0.641747 0.036110 0.039950
0 0.418852 0.814289 0.036110 0.039950
0 0.694013 0.845314 0.036001 0.038374
0 0.714930 0.558554 0.036001 0.038374
0 0.219456 0.501737 0.035893 0.036798
0 0.438230 0.559125 0.034648 0.036661
0 0.259064 0.729234 0.036001 0.038374
