0 0.870241 0.186636 0.043018 0.056412
0 0.306362 0.616331 0.040030 0.050829
0 0.712411 0.202919 0.037600 0.048420
0 0.799002 0.382355 0.040030 0.050829
0 0.292831 0.535984 0.040828 0.049654
0 0.285587 0.494722 0.041385 0.052828
0 0.600292 0.459982 0.042739 0.054826
0 0.298720 0.576068 0.037639 0.054357
0 0.613962 0.541123 0.041663 0.054415
0 0.739343 0.058844 0.040347 0.058353
0 0.804663 0.123637 0.041942 0.056001
0 0.199235 0.310113 0.038475 0.059118
0 0.669916 0.264880 0.039233 0.052006
0 0.493813 0.454948 0.048155 0.062817
0 0.320968 0.696268 0.034931 0.050362
0 0.769790 0.222481 0.042182 0.051651
0 0.798077 0.079584 0.037918 0.055945
0 0.714484 0.799909 0.036525 0.048009
0 0.698602 0.120983 0.039992 0.044893
0 0.469855 0.318468 0.046484 0.053295
0 0.481396 0.380948 0.048875 0.049767
0 0.457358 0.253813 0.047041 0.056470
0 0.774698 0.773512 0.025730 0.037963
0 0.441977 0.156391 0.047002 0.050533
0 0.475705 0.351794 0.047521 0.047770
0 0.463884 0.287728 0.046167 0.045772
0 0.553322 0.728560 0.028159 0.040371
0 0.451674 0.221438 0.046629 0.042691
0 0.447376 0.190414 0.046735 0.054724
0 0.792268 0.641484 0.041942 0.056001
0 0.819010 0.205366 0.043815 0.055237
0 0.620836 0.282787 0.042182 0.051651
0 0.635442 0.362725 0.039233 0.052006
0 0.826651 0.245629 0.040308 0.052417
0 0.783182 0.302036 0.037360 0.052770
0 0.684922 0.343817 0.039233 0.052006
0 0.220845 0.436483 0.042460 0.053239
0 0.279040 0.457428 0.041106 0.051240
0 0.776754 0.262155 0.037879 0.050007
0 0.206637 0.355547 0.043018 0.056412
0 0.578740 0.343750 0.039751 0.049242
0 0.721866 0.841964 0.042221 0.057589
0 0.677509 0.602359 0.041385 0.052828
0 0.606997 0.501449 0.038954 0.050418
0 0.756181 0.739946 0.043018 0.056412
0 0.700016 0.720766 0.043018 0.056412
0 0.572034 0.302283 0.042499 0.059175
0 0.229025 0.476540 0.044890 0.055648
0 0.313048 0.654419 0.040030 0.050829
0 0.833476 0.284510 0.040030 0.050829
0 0.772939 0.819061 0.043335 0.063936
0 0.862859 0.144581 0.042739 0.054826
0 0.689984 0.075166 0.044411 0.064347
0 0.643483 0.401988 0.036525 0.048009
0 0.755463 0.144131 0.039233 0.052006
0 0.799651 0.683539 0.041663 0.054415
0 0.727296 0.284442 0.038954 0.050418
0 0.863227 0.444178 0.042221 0.057589
0 0.762028 0.184804 0.040030 0.050829
0 0.855197 0.100939 0.040866 0.055590
0 0.677140 0.302761 0.040308 0.052417
0 0.699109 0.421374 0.040308 0.052417
0 0.656227 0.180359 0.039790 0.055179
0 0.563298 0.259052 0.035209 0.051948
0 0.692375 0.680503 0.038954 0.050418
0 0.848083 0.364447 0.041942 0.056001
0 0.840840 0.323185 0.039233 0.052006
0 0.586502 0.381426 0.040308 0.052417
0 0.855586 0.403916 0.040308 0.052417
0 0.811367 0.165104 0.040308 0.052417
0 0.720820 0.541779 0.041942 0.056001
0 0.728601 0.582835 0.042460 0.053239
0 0.649770 0.441075 0.040587 0.054003
0 0.416495 0.318537 0.041663 0.054415
0 0.409790 0.277070 0.040587 0.054003
0 0.264136 0.372524 0.042499 0.059175
0 0.514915 0.280928 0.042739 0.054826
0 0.742391 0.661391 0.040587 0.054003
0 0.627123 0.321874 0.039233 0.052006
0 0.713716 0.501311 0.041663 0.054415
0 0.612796 0.243524 0.041144 0.057177
0 0.213881 0.396809 0.043018 0.056412
0 0.734261 0.324116 0.041663 0.054415
0 0.522297 0.322982 0.043018 0.056412
0 0.401452 0.232840 0.042778 0.060762
0 0.770438 0.523665 0.043815 0.055237
0 0.791501 0.342886 0.039512 0.053592
0 0.423460 0.358211 0.041106 0.051240
0 0.705446 0.163244 0.043018 0.056412
0 0.671342 0.560686 0.041942 0.056001
0 0.358280 0.294213 0.045765 0.066345
0 0.663022 0.519836 0.039233 0.052006
0 0.662812 0.224412 0.039512 0.053592
0 0.271797 0.416166 0.043815 0.055237
0 0.691069 0.382110 0.038157 0.051595
0 0.506576 0.236698 0.042778 0.060762
0 0.749615 0.699272 0.041106 0.051240
0 0.719654 0.244180 0.043018 0.056412
0 0.748588 0.402467 0.040308 0.052417
0 0.430963 0.397680 0.040587 0.054003
0 0.593467 0.421101 0.040308 0.052417
0 0.763453 0.480612 0.040587 0.054003
0 0.655938 0.482747 0.037879 0.050007
0 0.741763 0.363586 0.040030 0.050829
0 0.708076 0.763408 0.041385 0.052828
0 0.735426 0.621716 0.040030 0.050829
0 0.327135 0.737940 0.041942 0.056001
0 0.747820 0.103869 0.040587 0.054003
0 0.704999 0.461460 0.040308 0.052417
0 0.757306 0.442318 0.038954 0.050418
0 0.685410 0.640828 0.041663 0.054415
0 0.778478 0.562928 0.043815 0.055237
0 0.784765 0.602015 0.040308 0.052417
