0 0.703333 0.887324 0.036000 0.021909
0 0.500667 0.262128 0.033333 0.029734
0 0.501333 0.363850 0.034667 0.035994
0 0.824667 0.884977 0.028000 0.029734
0 0.854000 0.884194 0.028000 0.034429
0 0.826000 0.849765 0.025333 0.028169
0 0.501333 0.293427 0.032000 0.029734
0 0.867333 0.847418 0.036000 0.035994
0 0.704000 0.528169 0.037333 0.035994
0 0.880667 0.883412 0.028000 0.032864
0 0.704000 0.633803 0.034667 0.034429
0 0.854000 0.742567 0.028000 0.032864
0 0.501333 0.223005 0.032000 0.026604
0 0.800667 0.848983 0.028000 0.032864
0 0.880000 0.741784 0.026667 0.034429
0 0.501333 0.400626 0.029333 0.031299
0 0.866667 0.778560 0.037333 0.032864
0 0.866667 0.703443 0.034667 0.035994
0 0.499333 0.436620 0.030667 0.034429
0 0.826000 0.706573 0.028000 0.029734
0 0.704000 0.344288 0.029333 0.031299
0 0.650000 0.526604 0.036000 0.029734
0 0.826000 0.489045 0.028000 0.029734
0 0.866667 0.812207 0.034667 0.034429
0 0.826667 0.634585 0.026667 0.029734
0 0.500000 0.194836 0.032000 0.029734
0 0.868000 0.307512 0.034667 0.035994
0 0.866000 0.633020 0.033333 0.032864
0 0.704000 0.743349 0.034667 0.034429
0 0.702667 0.708138 0.032000 0.035994
0 0.866000 0.667449 0.033333 0.035994
0 0.812667 0.380282 0.036000 0.034429
0 0.826667 0.417840 0.026667 0.031299
0 0.800000 0.455399 0.029333 0.034429
0 0.812667 0.344288 0.036000 0.034429
0 0.758000 0.743349 0.030667 0.034429
0 0.798667 0.417058 0.026667 0.032864
0 0.594667 0.490610 0.032000 0.032864
0 0.798667 0.670579 0.026667 0.032864
0 0.704000 0.813772 0.032000 0.034429
0 0.650667 0.706573 0.032000 0.032864
0 0.702667 0.853678 0.034667 0.039124
0 0.812000 0.560250 0.032000 0.034429
0 0.826000 0.453834 0.028000 0.034429
0 0.704667 0.453834 0.030667 0.031299
0 0.813333 0.743349 0.034667 0.037559
0 0.704000 0.489828 0.034667 0.037559
0 0.595333 0.528169 0.036000 0.042254
0 0.758667 0.597809 0.034667 0.037559
0 0.648667 0.307512 0.036000 0.039124
0 0.758000 0.489045 0.033333 0.035994
0 0.757333 0.380282 0.032000 0.037559
0 0.650000 0.597809 0.036000 0.040689
0 0.758000 0.417840 0.030667 0.037559
0 0.704667 0.307512 0.036000 0.039124
0 0.758000 0.525822 0.033333 0.037559
0 0.595333 0.381847 0.036000 0.037559
0 0.650000 0.560250 0.036000 0.034429
0 0.758000 0.670579 0.033333 0.035994
0 0.650000 0.346635 0.036000 0.035994
0 0.649333 0.491393 0.034667 0.040689
0 0.703333 0.670579 0.033333 0.035994
0 0.758667 0.635368 0.034667 0.034429
0 0.757333 0.708138 0.032000 0.035994
0 0.594667 0.306729 0.034667 0.037559
0 0.866667 0.597809 0.034667 0.037559
0 0.596000 0.418623 0.034667 0.035994
0 0.866667 0.381847 0.034667 0.034429
0 0.704000 0.779343 0.034667 0.034429
0 0.702667 0.380282 0.032000 0.037559
0 0.704000 0.596244 0.034667 0.034429
0 0.650000 0.382629 0.033333 0.035994
0 0.649333 0.453834 0.034667 0.034429
0 0.704667 0.561815 0.036000 0.031299
0 0.758667 0.452269 0.032000 0.031299
0 0.758667 0.813772 0.034667 0.034429
0 0.595333 0.345070 0.033333 0.035994
0 0.649333 0.779343 0.034667 0.040689
0 0.650000 0.635368 0.036000 0.034429
0 0.866000 0.417058 0.033333 0.032864
0 0.866000 0.523474 0.036000 0.035994
0 0.650000 0.670579 0.036000 0.035994
0 0.758000 0.561815 0.030667 0.031299
0 0.758000 0.308294 0.033333 0.037559
0 0.826000 0.670579 0.030667 0.035994
0 0.595333 0.454617 0.033333 0.035994
0 0.812000 0.524257 0.034667 0.037559
0 0.799333 0.633803 0.028000 0.034429
0 0.758000 0.777778 0.033333 0.034429
0 0.813333 0.306729 0.037333 0.037559
0 0.813333 0.778560 0.034667 0.032864
0 0.866667 0.451487 0.032000 0.032864
0 0.650000 0.816901 0.036000 0.034429
0 0.812000 0.597027 0.037333 0.035994
0 0.758000 0.849765 0.033333 0.034429
0 0.866667 0.560250 0.034667 0.034429
0 0.866667 0.486698 0.034667 0.034429
0 0.702667 0.417840 0.034667 0.034429
0 0.651333 0.852113 0.036000 0.035994
0 0.866667 0.345853 0.034667 0.037559
0 0.651333 0.888106 0.036000 0.035994
0 0.759333 0.885759 0.033333 0.037559
0 0.758667 0.343505 0.032000 0.032864
0 0.813333 0.815336 0.037333 0.034429
0 0.650000 0.741784 0.033333 0.034429
0 0.649333 0.418623 0.034667 0.035994
