0 0.653333 0.290774 0.035556 0.044481
0 0.450556 0.667216 0.034444 0.046129
0 0.652778 0.331960 0.034444 0.037891
0 0.501667 0.182867 0.043333 0.036244
0 0.501667 0.147446 0.047778 0.034596
0 0.652778 0.248764 0.034444 0.036244
0 0.807778 0.247117 0.033333 0.036244
0 0.808333 0.329489 0.036667 0.032949
0 0.502222 0.315486 0.042222 0.037891
0 0.500556 0.250412 0.043333 0.036244
0 0.503333 0.381384 0.044444 0.031301
0 0.501667 0.218287 0.045556 0.031301
0 0.757222 0.332784 0.034444 0.032949
0 0.502778 0.533773 0.032222 0.036244
0 0.503333 0.351730 0.042222 0.031301
0 0.515556 0.752883 0.022222 0.023064
0 0.602222 0.334432 0.033333 0.039539
0 0.501667 0.284185 0.041111 0.031301
0 0.502778 0.495058 0.038889 0.041186
0 0.553333 0.664745 0.033333 0.044481
0 0.653333 0.374794 0.035556 0.044481
0 0.807778 0.370675 0.035556 0.046129
0 0.502778 0.452224 0.041111 0.044481
0 0.704444 0.289127 0.033333 0.047776
0 0.756667 0.292422 0.031111 0.041186
0 0.651667 0.204283 0.034444 0.052718
0 0.515000 0.732290 0.023333 0.024712
0 0.911111 0.329489 0.035556 0.026359
0 0.451111 0.621911 0.033333 0.047776
0 0.552222 0.618616 0.033333 0.047776
0 0.602222 0.292422 0.031111 0.041186
0 0.450000 0.336903 0.035556 0.044481
0 0.756667 0.247117 0.035556 0.046129
0 0.910000 0.245470 0.037778 0.046129
0 0.706111 0.616969 0.034444 0.047776
0 0.704444 0.336903 0.035556 0.047776
0 0.910556 0.291598 0.032222 0.042834
0 0.451111 0.290774 0.031111 0.044481
0 0.602222 0.247941 0.033333 0.044481
0 0.549444 0.289951 0.034444 0.046129
0 0.707778 0.662273 0.037778 0.042834
0 0.858889 0.332784 0.035556 0.042834
0 0.708333 0.744646 0.036667 0.046129
0 0.858889 0.288303 0.033333 0.049423
0 0.707222 0.704283 0.034444 0.041186
0 0.550000 0.334432 0.031111 0.042834
0 0.807222 0.289127 0.036667 0.044481
0 0.807222 0.201812 0.034444 0.054366
