0 0.141667 0.836349 0.034444 0.041118
0 0.141111 0.877467 0.033333 0.044408
0 0.555556 0.875000 0.033333 0.046053
0 0.912778 0.337171 0.034444 0.042763
0 0.400000 0.752467 0.033333 0.037829
0 0.913889 0.417763 0.032222 0.039474
0 0.861111 0.163651 0.035556 0.047697
0 0.088333 0.464638 0.032222 0.041118
0 0.347778 0.836349 0.033333 0.041118
0 0.243889 0.256579 0.034444 0.039474
0 0.862222 0.627467 0.037778 0.044408
0 0.657222 0.460526 0.030000 0.039474
0 0.245556 0.879112 0.035556 0.041118
0 0.140000 0.504934 0.033333 0.039474
0 0.705556 0.209704 0.028889 0.041118
0 0.451667 0.299342 0.032222 0.042763
0 0.861111 0.254934 0.035556 0.042763
0 0.808889 0.211349 0.033333 0.047697
0 0.757778 0.208882 0.033333 0.042763
0 0.706667 0.382401 0.035556 0.047697
0 0.192222 0.338816 0.031111 0.039474
0 0.451111 0.667763 0.033333 0.039474
0 0.706667 0.339638 0.031111 0.041118
0 0.503333 0.458882 0.040000 0.046053
0 0.553333 0.165296 0.033333 0.047697
0 0.296667 0.587171 0.033333 0.039474
0 0.089444 0.627467 0.034444 0.044408
0 0.141667 0.586349 0.034444 0.037829
0 0.450556 0.210526 0.032222 0.046053
0 0.808889 0.252467 0.033333 0.037829
0 0.760000 0.419408 0.035556 0.042763
0 0.140556 0.627467 0.032222 0.041118
0 0.244444 0.585526 0.033333 0.036184
0 0.140000 0.339638 0.031111 0.041118
0 0.451111 0.588816 0.033333 0.039474
0 0.811111 0.544408 0.033333 0.042763
0 0.861667 0.460526 0.034444 0.039474
0 0.088889 0.547697 0.035556 0.039474
0 0.450556 0.463816 0.034444 0.042763
0 0.245000 0.921053 0.034444 0.039474
0 0.861667 0.337993 0.034444 0.044408
0 0.451667 0.504112 0.034444 0.041118
0 0.348333 0.794408 0.032222 0.039474
0 0.296667 0.877467 0.033333 0.041118
0 0.141111 0.208882 0.035556 0.046053
0 0.655556 0.254112 0.031111 0.041118
0 0.451667 0.629934 0.034444 0.039474
0 0.348333 0.625822 0.032222 0.041118
0 0.656111 0.210526 0.032222 0.042763
0 0.089444 0.506579 0.034444 0.042763
0 0.140000 0.465461 0.035556 0.039474
0 0.400000 0.712171 0.033333 0.042763
0 0.553889 0.211349 0.034444 0.044408
0 0.451111 0.380757 0.033333 0.041118
0 0.554444 0.338816 0.031111 0.039474
0 0.348889 0.876645 0.035556 0.042763
0 0.245556 0.835526 0.035556 0.046053
0 0.296111 0.338816 0.032222 0.036184
0 0.451667 0.709704 0.034444 0.041118
0 0.555000 0.626645 0.034444 0.046053
0 0.297222 0.751645 0.034444 0.039474
0 0.399444 0.208882 0.032222 0.042763
0 0.296111 0.256579 0.032222 0.042763
0 0.193333 0.711349 0.033333 0.041118
0 0.243333 0.504934 0.033333 0.042763
0 0.451111 0.546875 0.037778 0.044408
0 0.759444 0.461349 0.036667 0.041118
0 0.656111 0.296875 0.030000 0.044408
0 0.348333 0.585526 0.032222 0.039474
0 0.656667 0.419408 0.031111 0.042763
0 0.192778 0.629934 0.034444 0.039474
0 0.757778 0.296053 0.035556 0.042763
0 0.295556 0.422697 0.033333 0.042763
0 0.192778 0.257401 0.034444 0.041118
0 0.656111 0.338816 0.027778 0.039474
0 0.191667 0.587993 0.034444 0.041118
0 0.192778 0.546875 0.034444 0.041118
0 0.090000 0.340461 0.033333 0.042763
0 0.193333 0.210526 0.035556 0.052632
0 0.811111 0.421053 0.033333 0.042763
0 0.348889 0.751645 0.033333 0.042763
0 0.451111 0.255757 0.031111 0.041118
0 0.400000 0.420230 0.033333 0.037829
0 0.347778 0.504934 0.035556 0.046053
0 0.296667 0.793586 0.033333 0.041118
0 0.192222 0.794408 0.033333 0.042763
0 0.348333 0.546053 0.034444 0.039474
0 0.243889 0.546875 0.034444 0.041118
0 0.245000 0.792763 0.034444 0.042763
0 0.297778 0.711349 0.033333 0.041118
0 0.140556 0.379934 0.032222 0.039474
0 0.553889 0.254934 0.032222 0.042763
0 0.705556 0.252467 0.033333 0.044408
0 0.810556 0.337993 0.032222 0.041118
0 0.245556 0.711349 0.033333 0.041118
0 0.245000 0.750822 0.034444 0.041118
0 0.348889 0.710526 0.033333 0.039474
0 0.450000 0.421875 0.033333 0.041118
0 0.553889 0.298520 0.034444 0.041118
0 0.244444 0.671875 0.035556 0.041118
0 0.243333 0.296875 0.035556 0.041118
0 0.347222 0.255757 0.034444 0.041118
0 0.810556 0.379112 0.032222 0.041118
0 0.399444 0.545230 0.034444 0.041118
0 0.243333 0.337993 0.033333 0.041118
0 0.347778 0.209704 0.035556 0.047697
0 0.295556 0.210526 0.035556 0.046053
0 0.296667 0.627467 0.033333 0.041118
0 0.347778 0.462171 0.033333 0.042763
0 0.142222 0.256579 0.035556 0.042763
0 0.656111 0.379112 0.032222 0.041118
0 0.554444 0.379934 0.033333 0.042763
0 0.809444 0.294408 0.034444 0.042763
0 0.088889 0.423520 0.031111 0.041118
0 0.243333 0.464638 0.033333 0.041118
0 0.758889 0.337993 0.033333 0.041118
0 0.348333 0.337993 0.032222 0.041118
0 0.347778 0.296875 0.033333 0.041118
0 0.554444 0.422697 0.033333 0.042763
0 0.141111 0.423520 0.033333 0.044408
0 0.757778 0.252467 0.035556 0.044408
0 0.400000 0.627467 0.033333 0.041118
0 0.243333 0.379112 0.033333 0.041118
0 0.243889 0.422697 0.034444 0.042763
0 0.399444 0.254934 0.034444 0.046053
0 0.296667 0.379112 0.033333 0.044408
0 0.244444 0.210526 0.035556 0.049342
0 0.348333 0.421053 0.032222 0.042763
0 0.192222 0.379934 0.033333 0.042763
0 0.400000 0.379934 0.033333 0.042763
0 0.398889 0.338816 0.033333 0.042763
0 0.244444 0.626645 0.033333 0.046053
0 0.141111 0.545230 0.035556 0.041118
0 0.191667 0.422697 0.032222 0.042763
0 0.347778 0.379112 0.033333 0.041118
0 0.348333 0.669408 0.034444 0.042763
0 0.296111 0.464638 0.032222 0.037829
0 0.912778 0.206414 0.036667 0.050987
0 0.657778 0.750822 0.033333 0.037829
0 0.140556 0.710526 0.032222 0.042763
0 0.862222 0.500822 0.033333 0.041118
0 0.554444 0.833882 0.033333 0.036184
0 0.192778 0.462993 0.032222 0.037829
0 0.913333 0.254934 0.035556 0.042763
0 0.295556 0.546875 0.033333 0.041118
0 0.089444 0.210526 0.034444 0.042763
0 0.090000 0.836349 0.035556 0.041118
0 0.516667 0.740132 0.022222 0.029605
0 0.502778 0.187171 0.043333 0.036842
0 0.503333 0.287007 0.042222 0.031250
0 0.503333 0.154523 0.042222 0.029441
0 0.504444 0.354687 0.040000 0.028454
0 0.503144 0.218257 0.046667 0.028289
0 0.502778 0.495395 0.038889 0.020395
0 0.555000 0.584704 0.034444 0.031250
0 0.515067 0.761554 0.027200 0.007352
0 0.192222 0.298520 0.031111 0.041118
0 0.555000 0.670230 0.034444 0.037829
0 0.297222 0.668586 0.027778 0.037829
0 0.090556 0.878289 0.032222 0.042763
0 0.091111 0.921875 0.033333 0.044408
0 0.555000 0.751645 0.032222 0.039474
0 0.191667 0.837171 0.034444 0.039474
0 0.090556 0.750822 0.032222 0.041118
0 0.296667 0.299342 0.033333 0.042763
0 0.399444 0.793586 0.032222 0.041118
0 0.657222 0.669408 0.032222 0.039474
0 0.706111 0.163651 0.032222 0.047697
0 0.505000 0.384868 0.041111 0.032895
0 0.657778 0.916941 0.031111 0.041118
0 0.912778 0.296053 0.034444 0.039474
0 0.090556 0.712171 0.034444 0.039474
0 0.090000 0.671053 0.033333 0.042763
0 0.088889 0.297697 0.035556 0.039474
0 0.399444 0.298520 0.032222 0.037829
0 0.090000 0.794408 0.037778 0.042763
0 0.141111 0.922697 0.033333 0.042763
0 0.863333 0.542763 0.033333 0.042763
0 0.657222 0.502467 0.034444 0.041118
0 0.400000 0.586349 0.033333 0.041118
0 0.399444 0.458882 0.034444 0.036184
0 0.656111 0.583882 0.034444 0.042763
0 0.090000 0.379934 0.031111 0.039474
0 0.193333 0.921053 0.037778 0.042763
0 0.400000 0.670230 0.033333 0.044408
0 0.505000 0.320724 0.041111 0.039474
0 0.811667 0.464638 0.032222 0.041118
0 0.862778 0.583059 0.034444 0.041118
0 0.451111 0.793586 0.033333 0.041118
0 0.706667 0.296875 0.033333 0.044408
0 0.657222 0.543586 0.032222 0.041118
0 0.141111 0.669408 0.033333 0.042763
0 0.657222 0.710526 0.034444 0.042763
0 0.657222 0.791941 0.034444 0.041118
0 0.451667 0.338816 0.030000 0.036184
0 0.656667 0.629112 0.035556 0.044408
0 0.862222 0.419408 0.033333 0.042763
0 0.296667 0.920230 0.035556 0.044408
0 0.451667 0.917763 0.038889 0.046053
0 0.554444 0.463816 0.033333 0.042763
0 0.400000 0.877467 0.033333 0.044408
0 0.555000 0.547697 0.034444 0.039474
0 0.913333 0.458882 0.033333 0.042763
0 0.913333 0.501645 0.035556 0.046053
0 0.191667 0.504112 0.034444 0.044408
0 0.192778 0.752467 0.032222 0.041118
0 0.655556 0.163651 0.031111 0.044408
0 0.399444 0.500822 0.034444 0.047697
0 0.451111 0.751645 0.033333 0.042763
0 0.757778 0.162007 0.031111 0.044408
0 0.192778 0.671053 0.032222 0.039474
0 0.503333 0.253289 0.042222 0.039474
0 0.401111 0.919408 0.035556 0.039474
0 0.657222 0.833059 0.034444 0.041118
0 0.605000 0.298520 0.032222 0.047697
0 0.141111 0.794408 0.033333 0.042763
0 0.142222 0.299342 0.033333 0.036184
0 0.861111 0.210526 0.035556 0.042763
0 0.554444 0.506579 0.033333 0.042763
0 0.348333 0.919408 0.034444 0.042763
0 0.758889 0.379112 0.033333 0.037829
0 0.088889 0.586349 0.033333 0.037829
0 0.555000 0.793586 0.034444 0.041118
0 0.860556 0.296875 0.034444 0.037829
0 0.141667 0.752467 0.034444 0.041118
0 0.657222 0.875000 0.034444 0.039474
0 0.296667 0.835526 0.033333 0.042763
0 0.296111 0.506579 0.032222 0.042763
0 0.810000 0.163651 0.033333 0.047697
0 0.090000 0.254934 0.035556 0.042763
0 0.451111 0.164474 0.033333 0.042763
0 0.400000 0.833059 0.035556 0.044408
0 0.913333 0.378289 0.033333 0.039474
0 0.192778 0.879112 0.034444 0.044408
0 0.811667 0.502467 0.032222 0.041118
0 0.451667 0.874178 0.034444 0.041118
0 0.555000 0.710526 0.030000 0.042763
0 0.861111 0.379112 0.031111 0.037829
0 0.451111 0.833059 0.033333 0.041118
