0 0.787500 0.340190 0.020000 0.025316
0 0.883125 0.726266 0.038750 0.028481
0 0.510000 0.583070 0.022500 0.020570
0 0.774375 0.435127 0.031250 0.028481
0 0.771875 0.851266 0.036250 0.034810
0 0.813125 0.722310 0.021250 0.026899
0 0.705000 0.500791 0.022500 0.026899
0 0.760625 0.341772 0.021250 0.025316
0 0.773125 0.819620 0.036250 0.034810
0 0.815000 0.690665 0.022500 0.026899
0 0.281250 0.435127 0.032500 0.034810
0 0.841875 0.371835 0.021250 0.028481
0 0.280625 0.409019 0.033750 0.039557
0 0.500625 0.510285 0.028750 0.023734
0 0.772500 0.784810 0.035000 0.031646
0 0.772500 0.882911 0.037500 0.031646
0 0.842500 0.500791 0.022500 0.030063
0 0.731250 0.501582 0.020000 0.028481
0 0.280000 0.469146 0.032500 0.036392
0 0.774375 0.689082 0.033750 0.036392
0 0.498750 0.338608 0.030000 0.031646
0 0.841875 0.466772 0.018750 0.025316
0 0.827500 0.818829 0.035000 0.033228
0 0.815000 0.657437 0.022500 0.026899
0 0.774375 0.469146 0.036250 0.036392
0 0.279375 0.596519 0.033750 0.028481
0 0.773750 0.753956 0.035000 0.030063
0 0.826875 0.786392 0.031250 0.031646
0 0.500000 0.403481 0.030000 0.037975
0 0.718125 0.469937 0.036250 0.031646
0 0.113125 0.848101 0.033750 0.031646
0 0.500625 0.368671 0.031250 0.028481
0 0.336250 0.434335 0.035000 0.030063
0 0.826250 0.852057 0.035000 0.036392
0 0.662500 0.785601 0.035000 0.030063
0 0.827500 0.753165 0.030000 0.034810
0 0.787500 0.658228 0.022500 0.028481
0 0.114375 0.369462 0.033750 0.036392
0 0.111250 0.658228 0.032500 0.034810
0 0.112500 0.816456 0.032500 0.031646
0 0.167500 0.720728 0.030000 0.030063
0 0.606875 0.469146 0.033750 0.033228
0 0.842500 0.565665 0.020000 0.026899
0 0.815000 0.404272 0.020000 0.026899
0 0.884375 0.660601 0.036250 0.033228
0 0.841875 0.595728 0.021250 0.026899
0 0.815000 0.627373 0.022500 0.026899
0 0.607500 0.818829 0.035000 0.030063
0 0.281250 0.500000 0.032500 0.031646
0 0.883125 0.439082 0.031250 0.030063
0 0.759375 0.626582 0.021250 0.028481
0 0.841875 0.436709 0.021250 0.028481
0 0.111875 0.468354 0.036250 0.031646
0 0.884375 0.628956 0.036250 0.033228
0 0.774375 0.722310 0.033750 0.036392
0 0.883750 0.693038 0.037500 0.034810
0 0.111875 0.751582 0.033750 0.031646
0 0.606875 0.849684 0.036250 0.031646
0 0.884375 0.566456 0.028750 0.031646
0 0.787500 0.627373 0.022500 0.026899
0 0.787500 0.594937 0.022500 0.025316
0 0.660000 0.852057 0.035000 0.030063
0 0.169375 0.499209 0.031250 0.030063
0 0.111875 0.784810 0.033750 0.031646
0 0.444375 0.754747 0.033750 0.031646
0 0.661250 0.723101 0.035000 0.034810
0 0.607500 0.787184 0.035000 0.033228
0 0.223750 0.657437 0.035000 0.033228
0 0.388750 0.852848 0.035000 0.031646
0 0.333750 0.852057 0.035000 0.033228
0 0.607500 0.439082 0.035000 0.033228
0 0.445000 0.883703 0.032500 0.033228
0 0.333750 0.884494 0.037500 0.031646
0 0.168750 0.404272 0.032500 0.033228
0 0.662500 0.626582 0.035000 0.031646
0 0.446875 0.369462 0.033750 0.036392
0 0.883750 0.406646 0.035000 0.034810
0 0.168750 0.561709 0.032500 0.031646
0 0.276875 0.787184 0.033750 0.033228
0 0.225000 0.594937 0.035000 0.031646
0 0.390000 0.756329 0.035000 0.028481
0 0.606250 0.693038 0.032500 0.031646
0 0.222500 0.755538 0.035000 0.033228
0 0.169375 0.434335 0.033750 0.030063
0 0.445000 0.723892 0.032500 0.030063
0 0.336250 0.371044 0.035000 0.036392
0 0.391250 0.466772 0.032500 0.031646
0 0.445625 0.659810 0.033750 0.031646
0 0.388750 0.884494 0.037500 0.031646
0 0.112500 0.626582 0.035000 0.031646
0 0.333125 0.788766 0.036250 0.036392
0 0.884375 0.501582 0.033750 0.031646
0 0.662500 0.467563 0.032500 0.030063
0 0.606250 0.723892 0.035000 0.033228
0 0.168750 0.467563 0.032500 0.033228
0 0.333750 0.658228 0.035000 0.034810
0 0.167500 0.689873 0.035000 0.031646
0 0.553750 0.818038 0.032500 0.031646
0 0.662500 0.564873 0.030000 0.031646
0 0.335625 0.564082 0.033750 0.033228
0 0.278125 0.724684 0.033750 0.031646
0 0.606250 0.627373 0.032500 0.030063
0 0.553125 0.628956 0.031250 0.030063
0 0.390000 0.564873 0.032500 0.031646
0 0.224375 0.435127 0.033750 0.031646
0 0.552500 0.754747 0.032500 0.031646
0 0.445625 0.530854 0.033750 0.033228
0 0.390000 0.786392 0.035000 0.031646
0 0.731875 0.533228 0.023750 0.028481
0 0.605000 0.659019 0.035000 0.033228
0 0.552500 0.469146 0.032500 0.030063
0 0.113125 0.562500 0.036250 0.033228
0 0.884375 0.534019 0.036250 0.033228
0 0.606875 0.597310 0.033750 0.030063
0 0.663125 0.436709 0.033750 0.031646
0 0.718125 0.439082 0.033750 0.033228
0 0.663750 0.405854 0.035000 0.033228
0 0.278125 0.884494 0.038750 0.031646
0 0.552500 0.786392 0.032500 0.031646
0 0.224375 0.403481 0.033750 0.031646
0 0.389375 0.625791 0.033750 0.030063
0 0.444375 0.819620 0.036250 0.034810
0 0.719375 0.406646 0.033750 0.031646
0 0.335000 0.596519 0.035000 0.031646
0 0.223750 0.467563 0.032500 0.036392
0 0.278750 0.625791 0.035000 0.033228
0 0.389375 0.594937 0.033750 0.031646
0 0.607500 0.406646 0.035000 0.031646
0 0.445000 0.692247 0.035000 0.033228
0 0.333750 0.499209 0.035000 0.033228
0 0.335625 0.530854 0.033750 0.033228
0 0.663125 0.371835 0.033750 0.034810
0 0.224375 0.563291 0.033750 0.031646
0 0.390000 0.658228 0.032500 0.034810
0 0.333750 0.723892 0.035000 0.033228
0 0.279375 0.659019 0.033750 0.033228
0 0.168125 0.626582 0.031250 0.031646
0 0.277500 0.852057 0.035000 0.033228
0 0.391250 0.371044 0.035000 0.036392
0 0.661875 0.532437 0.031250 0.030063
0 0.719375 0.341772 0.033750 0.034810
0 0.390625 0.436709 0.036250 0.031646
0 0.553750 0.850475 0.032500 0.033228
0 0.390000 0.725475 0.032500 0.033228
0 0.334375 0.691456 0.036250 0.031646
0 0.281250 0.531646 0.035000 0.031646
0 0.333125 0.756329 0.036250 0.031646
0 0.445625 0.469146 0.033750 0.033228
0 0.552500 0.659810 0.032500 0.034810
0 0.223125 0.691456 0.033750 0.034810
0 0.168125 0.594146 0.033750 0.033228
0 0.390625 0.497627 0.031250 0.033228
0 0.553125 0.405854 0.033750 0.030063
0 0.389375 0.820411 0.036250 0.036392
0 0.606875 0.533228 0.033750 0.031646
0 0.279375 0.692247 0.033750 0.033228
0 0.391250 0.405854 0.035000 0.033228
0 0.553125 0.692247 0.033750 0.033228
0 0.661875 0.499209 0.031250 0.033228
0 0.719375 0.375000 0.033750 0.031646
0 0.281250 0.564873 0.035000 0.034810
0 0.551875 0.501582 0.031250 0.031646
0 0.606250 0.500791 0.035000 0.033228
0 0.552500 0.564082 0.032500 0.030063
0 0.553125 0.438291 0.033750 0.034810
0 0.390625 0.531646 0.033750 0.034810
0 0.607500 0.565665 0.035000 0.033228
0 0.223750 0.531646 0.032500 0.034810
0 0.606875 0.371044 0.036250 0.036392
0 0.551875 0.534810 0.031250 0.031646
0 0.446250 0.597310 0.032500 0.033228
0 0.445625 0.564082 0.033750 0.033228
0 0.446250 0.404272 0.035000 0.033228
0 0.446250 0.437500 0.032500 0.030063
0 0.553125 0.371835 0.036250 0.037975
0 0.553125 0.596519 0.033750 0.034810
0 0.223125 0.723892 0.033750 0.030063
0 0.336250 0.404272 0.035000 0.033228
0 0.760625 0.564082 0.021250 0.033228
0 0.661875 0.690665 0.033750 0.030063
0 0.167500 0.753165 0.035000 0.034810
0 0.661250 0.818038 0.035000 0.034810
0 0.883750 0.596519 0.032500 0.031646
0 0.773750 0.503165 0.035000 0.028481
0 0.168750 0.530854 0.032500 0.033228
0 0.444375 0.852057 0.033750 0.030063
0 0.167500 0.786392 0.035000 0.031646
0 0.511862 0.604430 0.021000 0.021329
0 0.511737 0.645111 0.020225 0.019367
0 0.512519 0.663647 0.018663 0.017073
0 0.278750 0.818829 0.032500 0.033228
0 0.661875 0.756329 0.033750 0.031646
0 0.280000 0.371835 0.032500 0.034810
0 0.166875 0.818038 0.036250 0.031646
0 0.499813 0.438766 0.032625 0.035759
0 0.224375 0.498418 0.031250 0.028481
0 0.113125 0.435127 0.036250 0.034810
0 0.168750 0.369462 0.032500 0.033228
0 0.883750 0.340190 0.035000 0.034810
0 0.224375 0.369462 0.033750 0.033228
0 0.111250 0.689873 0.032500 0.031646
0 0.224375 0.626582 0.033750 0.031646
0 0.841875 0.404272 0.021250 0.026899
0 0.776250 0.405854 0.030000 0.033228
0 0.500625 0.536392 0.031250 0.028481
0 0.511250 0.625000 0.020000 0.022152
0 0.776250 0.371044 0.035000 0.030063
0 0.500000 0.795095 0.032500 0.026899
0 0.168750 0.882120 0.037500 0.033228
0 0.111250 0.721519 0.035000 0.031646
0 0.815625 0.594937 0.021250 0.028481
0 0.112500 0.530063 0.037500 0.031646
0 0.843125 0.533228 0.021250 0.031646
0 0.333750 0.820411 0.035000 0.030063
0 0.774375 0.531646 0.033750 0.028481
0 0.760000 0.596519 0.022500 0.028481
0 0.816875 0.372627 0.021250 0.030063
0 0.703750 0.532437 0.022500 0.030063
0 0.111250 0.498418 0.037500 0.031646
0 0.224375 0.883703 0.036250 0.033228
0 0.445000 0.786392 0.035000 0.031646
0 0.113750 0.882120 0.040000 0.036392
0 0.553125 0.723892 0.031250 0.030063
0 0.222500 0.787975 0.035000 0.031646
0 0.168125 0.658228 0.033750 0.034810
0 0.606875 0.882911 0.036250 0.034810
0 0.662500 0.595728 0.032500 0.030063
0 0.278125 0.755538 0.031250 0.033228
0 0.815000 0.468354 0.022500 0.028481
0 0.113125 0.402690 0.036250 0.033228
0 0.388750 0.692247 0.030000 0.030063
0 0.223750 0.850475 0.035000 0.033228
0 0.884375 0.375000 0.033750 0.031646
0 0.334375 0.627373 0.033750 0.030063
0 0.223125 0.818829 0.033750 0.030063
0 0.334375 0.465190 0.036250 0.034810
0 0.607500 0.754747 0.032500 0.031646
0 0.445625 0.500791 0.033750 0.030063
0 0.883750 0.469146 0.032500 0.033228
0 0.815000 0.499209 0.020000 0.030063
0 0.553125 0.882120 0.031250 0.030063
0 0.788750 0.565665 0.025000 0.033228
0 0.446250 0.628956 0.032500 0.030063
0 0.815000 0.564873 0.022500 0.028481
0 0.662500 0.658228 0.035000 0.034810
0 0.661875 0.882911 0.031250 0.031646
0 0.815000 0.438291 0.020000 0.025316
0 0.815000 0.531646 0.022500 0.028481
0 0.168125 0.850475 0.036250 0.033228
0 0.113125 0.594146 0.033750 0.033228
