0 0.332500 0.659810 0.035000 0.034810
0 0.703744 0.342437 0.021637 0.027627
0 0.496250 0.333703 0.035000 0.021835
0 0.498125 0.371915 0.036250 0.021994
0 0.513188 0.613449 0.018125 0.022468
0 0.511813 0.574604 0.021125 0.016297
0 0.499162 0.353671 0.022950 0.019177
0 0.497944 0.391487 0.027987 0.018703
0 0.497038 0.416424 0.033950 0.031835
0 0.511881 0.593275 0.020738 0.020570
0 0.512813 0.633307 0.016875 0.016456
0 0.511000 0.650554 0.020750 0.018354
0 0.510700 0.666013 0.020500 0.009652
0 0.510450 0.678671 0.019000 0.014082
0 0.510000 0.694620 0.020000 0.022152
0 0.606250 0.848892 0.032500 0.026899
0 0.441875 0.878956 0.036250 0.036392
0 0.221250 0.816456 0.035000 0.034810
0 0.276875 0.466772 0.036250 0.034810
0 0.222500 0.530063 0.032500 0.031646
0 0.826875 0.469146 0.033750 0.033228
0 0.607500 0.691456 0.035000 0.031646
0 0.730000 0.469146 0.022500 0.026899
0 0.442500 0.499209 0.032500 0.033228
0 0.276875 0.369462 0.033750 0.036392
0 0.222500 0.403481 0.032500 0.031646
0 0.661250 0.530854 0.032500 0.026899
0 0.883125 0.407437 0.033750 0.039557
0 0.221875 0.500000 0.031250 0.031646
0 0.220625 0.627373 0.036250 0.033228
0 0.442500 0.465981 0.035000 0.033228
0 0.275625 0.879747 0.033750 0.031646
0 0.607500 0.659810 0.035000 0.031646
0 0.661875 0.405854 0.031250 0.033228
0 0.275625 0.848892 0.033750 0.030063
0 0.276875 0.593354 0.036250 0.034810
0 0.551250 0.530854 0.032500 0.030063
0 0.276250 0.531646 0.035000 0.028481
0 0.387500 0.529272 0.035000 0.030063
0 0.718750 0.722310 0.032500 0.033228
0 0.662500 0.372627 0.035000 0.033228
0 0.826875 0.627373 0.033750 0.030063
0 0.551875 0.465190 0.031250 0.031646
0 0.276250 0.657437 0.035000 0.033228
0 0.771875 0.500791 0.033750 0.033228
0 0.387500 0.433544 0.032500 0.031646
0 0.771875 0.438291 0.033750 0.031646
0 0.275625 0.626582 0.033750 0.031646
0 0.663125 0.659019 0.033750 0.033228
0 0.718125 0.628165 0.033750 0.031646
0 0.221250 0.686709 0.035000 0.034810
0 0.167500 0.371835 0.037500 0.041139
0 0.882500 0.564873 0.035000 0.034810
0 0.221250 0.720728 0.035000 0.033228
0 0.661875 0.626582 0.036250 0.031646
0 0.332500 0.563291 0.032500 0.031646
0 0.221250 0.561709 0.035000 0.034810
0 0.661875 0.722310 0.033750 0.036392
0 0.332500 0.593354 0.032500 0.031646
0 0.771875 0.533228 0.033750 0.031646
0 0.332500 0.435918 0.035000 0.033228
0 0.388125 0.498418 0.036250 0.031646
0 0.717500 0.563291 0.032500 0.028481
0 0.826250 0.501582 0.035000 0.031646
0 0.221875 0.435918 0.033750 0.033228
0 0.773750 0.564082 0.035000 0.033228
0 0.276250 0.817247 0.035000 0.033228
0 0.607500 0.401899 0.037500 0.041139
0 0.221875 0.468354 0.036250 0.031646
0 0.332500 0.625791 0.035000 0.033228
0 0.660625 0.500791 0.033750 0.033228
0 0.221875 0.594146 0.036250 0.033228
0 0.826875 0.564873 0.033750 0.031646
0 0.110000 0.721519 0.037500 0.037975
0 0.277500 0.405063 0.035000 0.034810
0 0.718125 0.531646 0.033750 0.034810
0 0.607500 0.533228 0.037500 0.037975
0 0.607500 0.628956 0.037500 0.033228
0 0.661250 0.437500 0.032500 0.030063
0 0.551875 0.628165 0.033750 0.034810
0 0.510625 0.877373 0.021250 0.030063
0 0.883750 0.719146 0.035000 0.039557
0 0.883125 0.690665 0.033750 0.030063
0 0.607500 0.568038 0.035000 0.031646
0 0.773750 0.623418 0.035000 0.037975
0 0.717500 0.685127 0.032500 0.041139
0 0.828125 0.848892 0.033750 0.033228
0 0.510000 0.852848 0.022500 0.022152
0 0.551875 0.688291 0.031250 0.031646
0 0.827500 0.721519 0.032500 0.034810
0 0.828125 0.878956 0.036250 0.036392
0 0.773125 0.597310 0.033750 0.033228
0 0.828125 0.785601 0.036250 0.033228
0 0.718750 0.878165 0.035000 0.031646
0 0.605625 0.869462 0.038750 0.055380
0 0.498125 0.791930 0.031250 0.026899
0 0.716875 0.372627 0.033750 0.026899
0 0.730000 0.340190 0.022500 0.031646
0 0.883750 0.848101 0.035000 0.028481
0 0.882500 0.439873 0.032500 0.028481
0 0.499375 0.539557 0.036250 0.025316
0 0.828750 0.817247 0.035000 0.033228
0 0.828125 0.694620 0.033750 0.034810
0 0.096875 0.340190 0.021250 0.028481
0 0.551250 0.784810 0.032500 0.031646
0 0.441875 0.656646 0.031250 0.031646
0 0.123125 0.339399 0.023750 0.026899
0 0.773125 0.659810 0.036250 0.031646
0 0.607500 0.590981 0.037500 0.039557
0 0.718125 0.849684 0.033750 0.031646
0 0.110000 0.403481 0.035000 0.034810
0 0.551875 0.814082 0.036250 0.033228
0 0.095000 0.435127 0.022500 0.028481
0 0.110000 0.371835 0.035000 0.031646
0 0.095000 0.467563 0.020000 0.026899
0 0.718125 0.659019 0.031250 0.030063
0 0.121875 0.497627 0.023750 0.030063
0 0.221250 0.850475 0.032500 0.033228
0 0.884375 0.625791 0.036250 0.033228
0 0.730000 0.499209 0.022500 0.030063
0 0.702500 0.468354 0.020000 0.028481
0 0.883125 0.752373 0.036250 0.033228
0 0.883750 0.816456 0.037500 0.031646
0 0.442500 0.625000 0.032500 0.031646
0 0.606875 0.466772 0.031250 0.028481
0 0.443125 0.439873 0.036250 0.025316
0 0.883750 0.878165 0.037500 0.034810
0 0.606250 0.435918 0.032500 0.030063
0 0.498125 0.508703 0.036250 0.036392
0 0.828125 0.754747 0.033750 0.031646
0 0.881875 0.784019 0.036250 0.033228
0 0.606250 0.818829 0.037500 0.033228
0 0.277500 0.721519 0.032500 0.034810
0 0.221875 0.879747 0.033750 0.034810
0 0.441250 0.784810 0.035000 0.031646
0 0.605625 0.786392 0.036250 0.034810
0 0.551250 0.435918 0.032500 0.026899
0 0.883125 0.597310 0.033750 0.033228
0 0.551875 0.722310 0.033750 0.033228
0 0.441875 0.848101 0.033750 0.028481
0 0.441250 0.817247 0.035000 0.033228
0 0.716250 0.404272 0.035000 0.033228
0 0.551875 0.753956 0.033750 0.033228
0 0.332500 0.372627 0.035000 0.033228
0 0.276875 0.436709 0.033750 0.028481
0 0.109375 0.561709 0.036250 0.031646
0 0.718125 0.818038 0.033750 0.031646
0 0.331875 0.340190 0.038750 0.034810
0 0.276250 0.753956 0.035000 0.033228
0 0.883125 0.500791 0.033750 0.030063
0 0.442500 0.530063 0.032500 0.031646
0 0.110000 0.624209 0.035000 0.030063
0 0.443125 0.593354 0.031250 0.031646
0 0.109375 0.529272 0.036250 0.036392
0 0.607500 0.499209 0.032500 0.033228
0 0.443125 0.562500 0.033750 0.033228
0 0.773750 0.723101 0.032500 0.034810
0 0.773125 0.690665 0.033750 0.030063
0 0.122500 0.466772 0.022500 0.028481
0 0.441875 0.753165 0.033750 0.034810
0 0.552500 0.847310 0.035000 0.033228
0 0.387500 0.563291 0.035000 0.031646
0 0.661875 0.788766 0.036250 0.036392
0 0.882500 0.467563 0.032500 0.033228
0 0.108750 0.687500 0.035000 0.030063
0 0.552500 0.594937 0.032500 0.034810
0 0.730625 0.437500 0.023750 0.033228
0 0.828125 0.659019 0.036250 0.033228
0 0.718125 0.786392 0.031250 0.031646
0 0.661250 0.755538 0.035000 0.033228
0 0.771875 0.469146 0.033750 0.030063
0 0.333125 0.468354 0.033750 0.031646
0 0.608125 0.722310 0.033750 0.033228
0 0.552500 0.562500 0.032500 0.030063
0 0.442500 0.690665 0.035000 0.036392
0 0.770625 0.404272 0.031250 0.033228
0 0.826875 0.439082 0.033750 0.030063
0 0.662500 0.689873 0.032500 0.028481
0 0.123750 0.433544 0.027500 0.034810
0 0.221250 0.753165 0.032500 0.031646
0 0.221250 0.656646 0.035000 0.028481
0 0.441875 0.722310 0.033750 0.030063
0 0.882500 0.659810 0.037500 0.034810
0 0.552500 0.659019 0.032500 0.030063
0 0.882500 0.531646 0.032500 0.028481
0 0.221875 0.369462 0.033750 0.033228
0 0.717500 0.754747 0.032500 0.031646
0 0.498125 0.452532 0.033750 0.037975
0 0.660625 0.340981 0.033750 0.033228
0 0.605625 0.753956 0.036250 0.033228
0 0.553125 0.880538 0.033750 0.033228
0 0.220625 0.784810 0.033750 0.031646
0 0.277500 0.689873 0.032500 0.031646
0 0.275625 0.786392 0.033750 0.031646
0 0.276875 0.561709 0.033750 0.031646
0 0.110000 0.594146 0.035000 0.033228
0 0.332500 0.403481 0.035000 0.031646
0 0.703125 0.436709 0.021250 0.025316
0 0.388750 0.400316 0.037500 0.034810
0 0.332500 0.500000 0.035000 0.031646
0 0.109375 0.656646 0.038750 0.034810
0 0.828125 0.596519 0.033750 0.031646
0 0.551875 0.498418 0.033750 0.031646
0 0.827500 0.406646 0.035000 0.034810
0 0.716875 0.595728 0.033750 0.033228
0 0.443750 0.405854 0.037500 0.045886
0 0.826250 0.533228 0.035000 0.031646
0 0.331875 0.530063 0.033750 0.031646
0 0.660625 0.469146 0.033750 0.033228
0 0.661875 0.595728 0.033750 0.033228
0 0.276875 0.499209 0.036250 0.033228
0 0.387500 0.466772 0.035000 0.034810
0 0.662500 0.562500 0.035000 0.033228
0 0.550625 0.403481 0.033750 0.037975
