0 0.291333 0.784375 0.033333 0.034375
0 0.238000 0.420312 0.036000 0.037500
0 0.810667 0.672656 0.034667 0.032813
0 0.810000 0.707812 0.036000 0.037500
0 0.180667 0.817187 0.036000 0.034375
0 0.810667 0.745313 0.037333 0.034375
0 0.592000 0.883594 0.034667 0.029687
0 0.500000 0.404687 0.029333 0.028125
0 0.864000 0.671875 0.034667 0.034375
0 0.236000 0.818750 0.034667 0.031250
0 0.592000 0.817969 0.034667 0.032813
0 0.500667 0.228906 0.033333 0.029687
0 0.808667 0.889844 0.038667 0.035937
0 0.594667 0.242969 0.037333 0.035937
0 0.500000 0.297656 0.032000 0.029687
0 0.810000 0.817187 0.036000 0.037500
0 0.593333 0.566406 0.034667 0.029687
0 0.530000 0.387500 0.022667 0.031250
0 0.595333 0.206250 0.036000 0.034375
0 0.700667 0.852344 0.036000 0.032813
0 0.127333 0.421094 0.036000 0.039062
0 0.700667 0.817187 0.036000 0.034375
0 0.456000 0.673438 0.034667 0.031250
0 0.592000 0.851562 0.034667 0.034375
0 0.124667 0.528906 0.036000 0.035937
0 0.543333 0.310937 0.036000 0.040625
0 0.500667 0.199219 0.033333 0.029687
0 0.126667 0.457031 0.034667 0.029687
0 0.124000 0.853125 0.037333 0.034375
0 0.538000 0.853906 0.033333 0.029687
0 0.701333 0.780469 0.037333 0.035937
0 0.180000 0.852344 0.034667 0.032813
0 0.554000 0.350781 0.028000 0.029687
0 0.866000 0.498437 0.033333 0.034375
0 0.126000 0.635938 0.036000 0.034375
0 0.346667 0.852344 0.034667 0.029687
0 0.180000 0.886719 0.034667 0.032813
0 0.456000 0.853125 0.034667 0.037500
0 0.454667 0.746875 0.037333 0.037500
0 0.810667 0.639062 0.034667 0.034375
0 0.290667 0.889844 0.037333 0.032813
0 0.292000 0.819531 0.034667 0.032813
0 0.594667 0.280469 0.032000 0.035937
0 0.181333 0.707812 0.034667 0.031250
0 0.757333 0.565625 0.034667 0.034375
0 0.234000 0.887500 0.036000 0.034375
0 0.456667 0.529687 0.033333 0.031250
0 0.346667 0.820312 0.037333 0.034375
0 0.555333 0.458594 0.028000 0.029687
0 0.868000 0.315625 0.034667 0.034375
0 0.454667 0.601562 0.032000 0.034375
0 0.864000 0.571875 0.034667 0.034375
0 0.348667 0.456250 0.033333 0.031250
0 0.700667 0.708594 0.036000 0.035937
0 0.455333 0.638281 0.036000 0.035937
0 0.125333 0.670312 0.034667 0.031250
0 0.700000 0.888281 0.037333 0.035937
0 0.456000 0.708594 0.037333 0.035937
0 0.552667 0.566406 0.030667 0.035937
0 0.529333 0.421094 0.024000 0.029687
0 0.538000 0.819531 0.036000 0.039062
0 0.526667 0.528125 0.026667 0.034375
0 0.702000 0.675781 0.036000 0.032813
0 0.183333 0.528906 0.036000 0.035937
0 0.591333 0.710938 0.033333 0.034375
0 0.530000 0.351562 0.025333 0.034375
0 0.538000 0.708594 0.033333 0.035937
0 0.292000 0.746875 0.037333 0.037500
0 0.866667 0.389062 0.037333 0.037500
0 0.591333 0.748437 0.036000 0.037500
0 0.812000 0.314063 0.034667 0.037500
0 0.180000 0.781250 0.037333 0.037500
0 0.348667 0.490625 0.036000 0.037500
0 0.236667 0.743750 0.036000 0.037500
0 0.290667 0.710938 0.037333 0.034375
0 0.124667 0.781250 0.036000 0.037500
0 0.236667 0.639062 0.036000 0.034375
0 0.702667 0.528906 0.034667 0.035937
0 0.555333 0.386719 0.028000 0.035937
0 0.538667 0.635156 0.034667 0.035937
0 0.180667 0.674219 0.036000 0.035937
0 0.648000 0.566406 0.037333 0.032813
0 0.235333 0.564063 0.036000 0.037500
0 0.292667 0.564844 0.038667 0.032813
0 0.811333 0.532031 0.036000 0.039062
0 0.294000 0.383594 0.036000 0.032813
0 0.183333 0.345313 0.038667 0.034375
0 0.758000 0.459375 0.033333 0.034375
0 0.593333 0.600000 0.034667 0.037500
0 0.456667 0.417969 0.033333 0.032813
0 0.126000 0.707812 0.036000 0.037500
0 0.236667 0.707812 0.036000 0.034375
0 0.182667 0.380469 0.037333 0.035937
0 0.554000 0.423438 0.028000 0.031250
0 0.594000 0.493750 0.030667 0.034375
0 0.648000 0.493750 0.034667 0.034375
0 0.648667 0.457031 0.036000 0.035937
0 0.812000 0.387500 0.034667 0.034375
0 0.538667 0.746094 0.034667 0.035937
0 0.292667 0.639062 0.036000 0.034375
0 0.292667 0.528906 0.038667 0.035937
0 0.648667 0.347656 0.036000 0.035937
0 0.292667 0.601562 0.036000 0.037500
0 0.292667 0.420312 0.036000 0.034375
0 0.292000 0.674219 0.040000 0.035937
0 0.184667 0.306250 0.036000 0.040625
0 0.456667 0.455469 0.033333 0.039062
0 0.236667 0.456250 0.036000 0.034375
0 0.236000 0.601562 0.034667 0.037500
0 0.184000 0.455469 0.037333 0.039062
0 0.237333 0.383594 0.034667 0.035937
0 0.454000 0.783594 0.036000 0.035937
0 0.126667 0.382031 0.037333 0.035937
0 0.457333 0.383594 0.032000 0.032813
0 0.702667 0.457813 0.034667 0.034375
0 0.593333 0.422656 0.037333 0.035937
0 0.554667 0.493750 0.029333 0.034375
0 0.237333 0.492188 0.034667 0.034375
0 0.591333 0.674219 0.036000 0.035937
0 0.539333 0.782031 0.036000 0.035937
0 0.594667 0.457813 0.034667 0.034375
0 0.127333 0.307031 0.036000 0.039062
0 0.292000 0.456250 0.037333 0.037500
0 0.181333 0.600000 0.037333 0.037500
0 0.458000 0.310156 0.036000 0.039062
0 0.702000 0.639844 0.036000 0.039062
0 0.349333 0.385156 0.037333 0.032813
0 0.351333 0.347656 0.036000 0.039062
0 0.236667 0.783594 0.036000 0.039062
0 0.594000 0.350000 0.033333 0.037500
0 0.704667 0.276562 0.033333 0.021875
0 0.354000 0.271875 0.036000 0.025000
0 0.868000 0.278906 0.037333 0.026562
0 0.863333 0.850000 0.036000 0.031250
0 0.503333 0.784375 0.022667 0.028125
0 0.500000 0.370312 0.032000 0.037500
0 0.182000 0.560937 0.036000 0.025000
0 0.128667 0.269531 0.036000 0.023438
0 0.865333 0.710156 0.037333 0.039062
0 0.864667 0.815625 0.038667 0.037500
0 0.863333 0.746094 0.033333 0.032813
0 0.865333 0.604688 0.034667 0.034375
0 0.864000 0.885156 0.037333 0.035937
0 0.499333 0.440625 0.030667 0.037500
0 0.864000 0.779687 0.037333 0.031250
0 0.810667 0.778125 0.037333 0.031250
0 0.455333 0.817969 0.033333 0.032813
0 0.809333 0.853906 0.034667 0.035937
0 0.864667 0.639062 0.033333 0.034375
0 0.124000 0.817187 0.037333 0.034375
0 0.125333 0.745313 0.034667 0.034375
0 0.648000 0.709375 0.037333 0.034375
0 0.703333 0.492969 0.030667 0.032813
0 0.528667 0.457031 0.025333 0.032813
0 0.650000 0.312500 0.036000 0.034375
0 0.703333 0.310937 0.036000 0.037500
0 0.866000 0.534375 0.036000 0.037500
0 0.646000 0.746875 0.036000 0.034375
0 0.346667 0.886719 0.037333 0.035937
0 0.348000 0.565625 0.034667 0.034375
0 0.236667 0.528125 0.033333 0.034375
0 0.123333 0.889062 0.038667 0.037500
0 0.590667 0.784375 0.034667 0.031250
0 0.702667 0.421875 0.029333 0.034375
0 0.180000 0.743750 0.037333 0.037500
0 0.348000 0.601562 0.034667 0.034375
0 0.126000 0.489844 0.036000 0.035937
0 0.126000 0.600781 0.036000 0.032813
0 0.810667 0.423438 0.034667 0.034375
0 0.810667 0.603906 0.034667 0.035937
0 0.595333 0.314063 0.033333 0.031250
0 0.346667 0.785156 0.037333 0.035937
0 0.236667 0.851562 0.036000 0.034375
0 0.866000 0.425000 0.036000 0.034375
0 0.528667 0.492188 0.028000 0.031250
0 0.405333 0.310937 0.037333 0.034375
0 0.700667 0.746094 0.036000 0.035937
0 0.648667 0.421875 0.036000 0.034375
0 0.646000 0.783594 0.038667 0.039062
0 0.647333 0.639062 0.033333 0.031250
0 0.540667 0.600000 0.033333 0.034375
0 0.702667 0.567187 0.034667 0.037500
0 0.756667 0.530469 0.036000 0.032813
0 0.592667 0.637500 0.033333 0.031250
0 0.702667 0.602344 0.034667 0.032813
0 0.346667 0.710156 0.037333 0.035937
0 0.182667 0.417969 0.037333 0.035937
0 0.352000 0.310156 0.034667 0.032813
0 0.181333 0.636719 0.037333 0.039062
0 0.647333 0.673438 0.033333 0.031250
0 0.500667 0.264844 0.036000 0.035937
0 0.126000 0.566406 0.038667 0.035937
0 0.346667 0.673438 0.037333 0.034375
0 0.406000 0.423438 0.033333 0.040625
0 0.811333 0.458594 0.033333 0.035937
0 0.236667 0.673438 0.033333 0.031250
0 0.866000 0.460938 0.036000 0.037500
0 0.758000 0.312500 0.036000 0.034375
0 0.455333 0.565625 0.036000 0.037500
0 0.126667 0.345313 0.034667 0.034375
0 0.811333 0.494531 0.036000 0.035937
0 0.702000 0.387500 0.030667 0.034375
0 0.866667 0.352344 0.037333 0.035937
0 0.456667 0.493750 0.036000 0.037500
0 0.348000 0.637500 0.037333 0.034375
0 0.182667 0.493750 0.034667 0.034375
0 0.646667 0.530469 0.037333 0.039062
0 0.538667 0.671094 0.034667 0.035937
0 0.538667 0.888281 0.034667 0.039062
0 0.291333 0.854688 0.036000 0.034375
0 0.292667 0.493750 0.033333 0.034375
0 0.346667 0.747656 0.037333 0.035937
0 0.454667 0.889844 0.034667 0.035937
0 0.810667 0.568750 0.037333 0.034375
0 0.347333 0.528906 0.038667 0.039062
0 0.646667 0.603125 0.037333 0.037500
0 0.593333 0.386719 0.034667 0.035937
0 0.457333 0.348438 0.032000 0.034375
0 0.592667 0.532031 0.036000 0.042188
0 0.648667 0.386719 0.036000 0.035937
0 0.757333 0.388281 0.034667 0.035937
0 0.553333 0.530469 0.029333 0.032813
0 0.757333 0.494531 0.034667 0.035937
0 0.348000 0.421094 0.037333 0.035937
0 0.756667 0.350781 0.036000 0.035937
0 0.238667 0.345313 0.037333 0.040625
0 0.757333 0.424219 0.034667 0.035937
0 0.812000 0.351562 0.037333 0.037500
0 0.239333 0.307031 0.036000 0.039062
0 0.405333 0.385937 0.034667 0.034375
0 0.294667 0.309375 0.037333 0.037500
0 0.405333 0.350000 0.037333 0.037500
0 0.702667 0.350781 0.034667 0.035937
0 0.294000 0.349219 0.038667 0.035937
