0 0.716250 0.855222 0.030000 0.023734
0 0.773125 0.756329 0.033750 0.031646
0 0.883750 0.501582 0.035000 0.037975
0 0.662500 0.409810 0.035000 0.018987
0 0.826875 0.788766 0.033750 0.026899
0 0.386250 0.657437 0.032500 0.030063
0 0.331250 0.404272 0.032500 0.033228
0 0.330625 0.787975 0.033750 0.034810
0 0.164375 0.877373 0.033750 0.033228
0 0.647500 0.789557 0.022500 0.028481
0 0.510000 0.731013 0.022500 0.018987
0 0.508750 0.856013 0.022500 0.025316
0 0.508750 0.633703 0.020000 0.020570
0 0.883125 0.472310 0.033750 0.030063
0 0.649375 0.628956 0.021250 0.026899
0 0.510125 0.881835 0.024500 0.027753
0 0.649638 0.472579 0.019600 0.021646
0 0.650119 0.504866 0.020487 0.025585
0 0.649325 0.534193 0.017725 0.026772
0 0.649012 0.564715 0.018350 0.024019
0 0.650725 0.597191 0.019275 0.025206
0 0.675919 0.473172 0.018038 0.022041
0 0.676075 0.504082 0.015250 0.024019
0 0.497313 0.357025 0.030000 0.018354
0 0.496250 0.394446 0.031125 0.020728
0 0.498156 0.510277 0.034563 0.024604
0 0.497494 0.533592 0.031312 0.022563
0 0.497044 0.548513 0.032587 0.008196
0 0.508550 0.562191 0.021775 0.013782
0 0.510263 0.576756 0.024575 0.016930
0 0.509725 0.765269 0.021875 0.017247
0 0.510625 0.713608 0.018750 0.022152
0 0.510625 0.675633 0.021250 0.022152
0 0.509375 0.650316 0.018750 0.015823
0 0.716875 0.786392 0.033750 0.034810
0 0.275625 0.723101 0.031250 0.031646
0 0.385625 0.852057 0.033750 0.033228
0 0.331250 0.564082 0.030000 0.030063
0 0.220625 0.374209 0.036250 0.036392
0 0.716875 0.662184 0.036250 0.033228
0 0.552500 0.378165 0.035000 0.034810
0 0.440625 0.756329 0.031250 0.031646
0 0.608125 0.375791 0.033750 0.033228
0 0.443125 0.408228 0.033750 0.034810
0 0.276250 0.786392 0.035000 0.031646
0 0.606875 0.596519 0.033750 0.028481
0 0.553750 0.470728 0.032500 0.033228
0 0.387500 0.373418 0.032500 0.037975
0 0.220625 0.659019 0.031250 0.033228
0 0.717500 0.693038 0.035000 0.031646
0 0.276250 0.819620 0.032500 0.034810
0 0.606875 0.693829 0.036250 0.030063
0 0.606875 0.662975 0.033750 0.031646
0 0.607500 0.566456 0.035000 0.031646
0 0.220625 0.786392 0.033750 0.034810
0 0.441250 0.724684 0.032500 0.031646
0 0.716875 0.724684 0.033750 0.031646
0 0.220000 0.723892 0.032500 0.033228
0 0.220625 0.593354 0.031250 0.031646
0 0.330625 0.691456 0.033750 0.031646
0 0.606250 0.820411 0.035000 0.033228
0 0.220000 0.468354 0.032500 0.034810
0 0.275000 0.628956 0.032500 0.033228
0 0.441875 0.594937 0.033750 0.028481
0 0.441875 0.692247 0.033750 0.033228
0 0.220625 0.691456 0.033750 0.031646
0 0.220625 0.819620 0.033750 0.031646
0 0.606875 0.852848 0.033750 0.031646
0 0.648125 0.725475 0.026250 0.033228
0 0.773125 0.537184 0.031250 0.033228
0 0.165625 0.723892 0.036250 0.036392
0 0.607500 0.407437 0.032500 0.026899
0 0.674375 0.851266 0.021250 0.028481
0 0.552500 0.502373 0.032500 0.030063
0 0.386250 0.439082 0.035000 0.030063
0 0.827500 0.409810 0.032500 0.031646
0 0.385625 0.595728 0.031250 0.026899
0 0.675000 0.883703 0.025000 0.033228
0 0.552500 0.344937 0.032500 0.034810
0 0.443750 0.374209 0.035000 0.036392
0 0.386250 0.501582 0.035000 0.031646
0 0.386250 0.469937 0.035000 0.031646
0 0.110000 0.373418 0.032500 0.037975
0 0.828125 0.568829 0.031250 0.030063
0 0.772500 0.408228 0.035000 0.037975
0 0.827500 0.537184 0.030000 0.033228
0 0.220000 0.564082 0.032500 0.030063
0 0.330625 0.596519 0.028750 0.034810
0 0.883750 0.568038 0.037500 0.031646
0 0.510000 0.696203 0.020000 0.018987
0 0.330625 0.880538 0.031250 0.030063
0 0.882500 0.884494 0.035000 0.031646
0 0.331250 0.500791 0.030000 0.030063
0 0.276250 0.469937 0.035000 0.031646
0 0.494375 0.790269 0.033750 0.020411
0 0.495625 0.454351 0.033750 0.035285
0 0.497500 0.337579 0.035000 0.023259
0 0.494719 0.807919 0.032937 0.013782
0 0.276875 0.371835 0.033750 0.037975
0 0.441875 0.533228 0.031250 0.031646
0 0.606250 0.788766 0.035000 0.033228
0 0.440625 0.853639 0.031250 0.026899
0 0.385625 0.788766 0.033750 0.033228
0 0.882500 0.792959 0.035000 0.028956
0 0.499250 0.374288 0.033500 0.019146
0 0.881875 0.821756 0.036250 0.027373
0 0.165000 0.597389 0.032500 0.026741
0 0.771250 0.884494 0.037500 0.028481
0 0.508125 0.748576 0.023750 0.016139
0 0.440625 0.883070 0.033750 0.031329
0 0.496875 0.420886 0.033750 0.034810
0 0.605625 0.756329 0.036250 0.031646
0 0.606875 0.471519 0.033750 0.034810
0 0.330625 0.469146 0.033750 0.033228
0 0.771250 0.854272 0.035000 0.031329
0 0.881875 0.726820 0.033750 0.030538
0 0.828125 0.885364 0.036250 0.029905
0 0.881875 0.757911 0.033750 0.034810
0 0.881875 0.696313 0.033750 0.031487
0 0.385000 0.819620 0.035000 0.028481
0 0.331250 0.818196 0.035000 0.028165
0 0.386250 0.566456 0.032500 0.031646
0 0.608125 0.503165 0.031250 0.028481
0 0.386250 0.722310 0.035000 0.033228
0 0.275000 0.564873 0.032500 0.034810
0 0.330625 0.757911 0.033750 0.031646
0 0.220625 0.420886 0.033750 0.053797
0 0.674375 0.691456 0.021250 0.022152
0 0.110000 0.405063 0.032500 0.028481
0 0.827500 0.757911 0.035000 0.031646
0 0.771875 0.600475 0.033750 0.033228
0 0.772500 0.504747 0.030000 0.028481
0 0.165000 0.852848 0.035000 0.034810
0 0.881250 0.852057 0.035000 0.033228
0 0.884375 0.599684 0.033750 0.031646
0 0.828125 0.630538 0.033750 0.036392
0 0.828125 0.726266 0.033750 0.031646
0 0.110000 0.720728 0.032500 0.033228
0 0.716875 0.882911 0.033750 0.034810
0 0.717500 0.503956 0.027500 0.023734
0 0.771875 0.786392 0.036250 0.034810
0 0.826875 0.854430 0.036250 0.031646
0 0.330625 0.432753 0.031250 0.036392
0 0.165000 0.689082 0.035000 0.033228
0 0.828125 0.443038 0.031250 0.031646
0 0.331250 0.630538 0.032500 0.033228
0 0.165625 0.405063 0.031250 0.031646
0 0.771875 0.726266 0.033750 0.031646
0 0.441250 0.660601 0.032500 0.030063
0 0.165000 0.564873 0.032500 0.037975
0 0.330625 0.660601 0.033750 0.030063
0 0.165000 0.755538 0.035000 0.030063
0 0.647500 0.819620 0.022500 0.028481
0 0.828125 0.662975 0.036250 0.031646
0 0.674375 0.754747 0.021250 0.025316
0 0.648750 0.661392 0.022500 0.025316
0 0.620625 0.344937 0.023750 0.028481
0 0.675000 0.344937 0.022500 0.028481
0 0.108750 0.881329 0.035000 0.031646
0 0.717500 0.596519 0.032500 0.031646
0 0.883125 0.630538 0.036250 0.033228
0 0.553125 0.534019 0.031250 0.033228
0 0.827500 0.598892 0.030000 0.030063
0 0.275625 0.501582 0.036250 0.034810
0 0.675000 0.787184 0.020000 0.026899
0 0.109375 0.688291 0.033750 0.034810
0 0.771875 0.695411 0.033750 0.033228
0 0.718125 0.629747 0.033750 0.031646
0 0.108125 0.785601 0.031250 0.030063
0 0.883750 0.664557 0.035000 0.034810
0 0.650000 0.345728 0.025000 0.026899
0 0.772500 0.662975 0.032500 0.034810
0 0.275625 0.533228 0.033750 0.028481
0 0.828125 0.473892 0.033750 0.033228
0 0.826875 0.819620 0.036250 0.037975
0 0.552500 0.568038 0.030000 0.031646
0 0.109375 0.434335 0.033750 0.033228
0 0.330625 0.530063 0.031250 0.034810
0 0.646250 0.885285 0.022500 0.026899
0 0.110000 0.561709 0.032500 0.028481
0 0.108750 0.656646 0.035000 0.031646
0 0.165625 0.785601 0.036250 0.033228
0 0.773125 0.473892 0.031250 0.033228
0 0.771875 0.631329 0.036250 0.031646
0 0.675000 0.659810 0.022500 0.028481
0 0.166250 0.499209 0.032500 0.033228
0 0.647500 0.753956 0.022500 0.023734
0 0.442500 0.469146 0.032500 0.030063
0 0.828125 0.693829 0.036250 0.033228
0 0.675625 0.566456 0.021250 0.025316
0 0.165625 0.374209 0.031250 0.033228
0 0.275625 0.851266 0.031250 0.028481
0 0.646875 0.849684 0.021250 0.025316
0 0.164375 0.658228 0.033750 0.031646
0 0.552500 0.439873 0.032500 0.031646
0 0.675625 0.628956 0.021250 0.030063
0 0.275625 0.690665 0.031250 0.030063
0 0.663125 0.378956 0.033750 0.033228
0 0.827500 0.504747 0.032500 0.034810
0 0.883125 0.443829 0.036250 0.033228
0 0.676250 0.595728 0.020000 0.026899
0 0.109375 0.816456 0.033750 0.031646
0 0.109375 0.753956 0.033750 0.033228
0 0.771875 0.821203 0.033750 0.034810
0 0.674375 0.534019 0.021250 0.026899
0 0.718125 0.754747 0.033750 0.028481
0 0.441250 0.629747 0.032500 0.037975
0 0.717500 0.566456 0.032500 0.031646
0 0.276250 0.405063 0.032500 0.031646
0 0.646875 0.693829 0.023750 0.026899
0 0.165625 0.818038 0.036250 0.031646
0 0.772500 0.441456 0.032500 0.031646
0 0.108750 0.467563 0.032500 0.030063
0 0.330625 0.851266 0.033750 0.034810
0 0.386875 0.627373 0.033750 0.033228
0 0.108125 0.498418 0.031250 0.031646
0 0.718125 0.442247 0.031250 0.033228
0 0.276250 0.438291 0.032500 0.034810
0 0.220000 0.883703 0.035000 0.030063
0 0.883125 0.536392 0.036250 0.034810
0 0.662500 0.439082 0.035000 0.036392
0 0.675000 0.723892 0.022500 0.030063
0 0.385625 0.756329 0.031250 0.031646
0 0.385625 0.689873 0.036250 0.034810
0 0.108750 0.848892 0.035000 0.033228
0 0.386875 0.406646 0.033750 0.031646
0 0.773750 0.568829 0.032500 0.030063
0 0.166250 0.530063 0.035000 0.031646
0 0.440625 0.787975 0.031250 0.031646
0 0.718125 0.473101 0.031250 0.031646
0 0.443125 0.439873 0.033750 0.031646
0 0.675000 0.820411 0.022500 0.026899
0 0.331875 0.373418 0.033750 0.031646
0 0.108750 0.625791 0.032500 0.030063
0 0.552500 0.409810 0.032500 0.031646
0 0.607500 0.438291 0.030000 0.031646
0 0.385625 0.883703 0.033750 0.030063
0 0.220000 0.755538 0.032500 0.030063
0 0.163750 0.625791 0.035000 0.033228
0 0.165000 0.468354 0.032500 0.031646
0 0.110000 0.592563 0.035000 0.036392
0 0.441875 0.501582 0.028750 0.034810
0 0.275000 0.660601 0.032500 0.033228
0 0.884375 0.409810 0.033750 0.037975
0 0.220000 0.852057 0.032500 0.033228
0 0.165625 0.436709 0.033750 0.031646
0 0.718125 0.406646 0.036250 0.034810
0 0.220625 0.500000 0.033750 0.031646
0 0.109375 0.530063 0.031250 0.031646
0 0.275625 0.881329 0.033750 0.034810
0 0.606875 0.885285 0.036250 0.033228
0 0.606875 0.723892 0.036250 0.033228
0 0.331250 0.723892 0.035000 0.033228
0 0.386250 0.533228 0.035000 0.031646
0 0.607500 0.535601 0.035000 0.033228
0 0.220625 0.625791 0.031250 0.033228
0 0.275000 0.596519 0.032500 0.031646
0 0.606875 0.630538 0.033750 0.036392
0 0.440625 0.821994 0.033750 0.036392
0 0.716875 0.822785 0.033750 0.034810
0 0.718125 0.534810 0.033750 0.034810
0 0.220625 0.532437 0.033750 0.033228
0 0.442500 0.565665 0.032500 0.033228
0 0.275625 0.754747 0.033750 0.034810
