0 0.317309 0.884232 0.031950 0.027927
0 0.251861 0.794234 0.036391 0.036330
0 0.118918 0.557199 0.038205 0.042799
0 0.330410 0.433959 0.036487 0.023936
0 0.201399 0.834249 0.035961 0.031614
0 0.627245 0.639912 0.035006 0.034576
0 0.658980 0.380440 0.035292 0.037721
0 0.694313 0.761528 0.036677 0.039473
0 0.867557 0.826239 0.036534 0.037902
0 0.379666 0.809033 0.024929 0.031555
0 0.510965 0.730943 0.024070 0.022124
0 0.523515 0.854939 0.024642 0.028411
0 0.503403 0.634092 0.021729 0.023334
0 0.116890 0.528029 0.036248 0.034758
0 0.363274 0.649761 0.023544 0.029802
0 0.524485 0.880791 0.026850 0.031122
0 0.348866 0.494450 0.021429 0.024345
0 0.351309 0.526595 0.022667 0.028386
0 0.354751 0.555614 0.020030 0.029165
0 0.357823 0.585890 0.020402 0.026521
0 0.359059 0.618400 0.021429 0.027834
0 0.322811 0.498849 0.019913 0.024511
0 0.325453 0.529578 0.017323 0.026072
0 0.489735 0.357576 0.031463 0.022582
0 0.494176 0.394597 0.032795 0.025103
0 0.502762 0.509942 0.036561 0.029452
0 0.505528 0.533008 0.033147 0.026953
0 0.507325 0.547765 0.033114 0.012866
0 0.497133 0.563021 0.022879 0.016848
0 0.496748 0.577739 0.025945 0.020381
0 0.514337 0.764934 0.023291 0.020304
0 0.508769 0.713743 0.020631 0.024724
0 0.505334 0.676018 0.023114 0.025087
0 0.504285 0.650686 0.020058 0.018437
0 0.310461 0.815945 0.036677 0.039473
0 0.743082 0.689109 0.033907 0.035968
0 0.645472 0.833162 0.036534 0.037902
0 0.673437 0.539199 0.032522 0.034214
0 0.766157 0.334539 0.039304 0.041407
0 0.299224 0.692555 0.039018 0.038264
0 0.436823 0.386577 0.037919 0.039654
0 0.582174 0.746036 0.033907 0.035968
0 0.381349 0.392282 0.036534 0.037902
0 0.548198 0.400587 0.036677 0.039473
0 0.748187 0.752074 0.037633 0.036511
0 0.402560 0.611376 0.036105 0.033186
0 0.443955 0.478712 0.035292 0.037721
0 0.600308 0.357943 0.035722 0.042436
0 0.791923 0.617476 0.034050 0.037539
0 0.301395 0.723296 0.037633 0.036511
0 0.751193 0.785083 0.035435 0.039292
0 0.411363 0.708046 0.038731 0.035120
0 0.408572 0.677395 0.036391 0.036330
0 0.399219 0.581602 0.037633 0.036511
0 0.803446 0.744011 0.036677 0.039473
0 0.578690 0.714690 0.035149 0.036149
0 0.304878 0.754643 0.036391 0.036330
0 0.798413 0.681831 0.035292 0.037721
0 0.785983 0.552243 0.033907 0.035968
0 0.685581 0.665644 0.036391 0.036330
0 0.423436 0.833705 0.037776 0.038083
0 0.775295 0.427974 0.035435 0.039292
0 0.735186 0.595492 0.035292 0.037721
0 0.566331 0.585887 0.036105 0.033186
0 0.575135 0.682557 0.036534 0.037902
0 0.794858 0.649699 0.036391 0.036330
0 0.806452 0.777020 0.036391 0.036330
0 0.425749 0.866019 0.036391 0.036330
0 0.373248 0.745463 0.029083 0.036815
0 0.232036 0.576531 0.034050 0.037539
0 0.852430 0.673949 0.039304 0.041407
0 0.384833 0.423629 0.034720 0.031433
0 0.358550 0.874232 0.023687 0.031374
0 0.448060 0.509968 0.035006 0.034576
0 0.607491 0.422994 0.037489 0.034939
0 0.166495 0.457877 0.035149 0.036149
0 0.622283 0.578519 0.033478 0.031252
0 0.360864 0.906546 0.027842 0.036633
0 0.433817 0.353567 0.035435 0.039292
0 0.544500 0.366883 0.038062 0.041226
0 0.613145 0.485083 0.037633 0.036511
0 0.610282 0.453646 0.037633 0.036511
0 0.875983 0.317718 0.035722 0.042436
0 0.180260 0.615940 0.033764 0.034395
0 0.220990 0.448332 0.038205 0.042799
0 0.178018 0.584413 0.032809 0.037358
0 0.783955 0.523073 0.035006 0.034576
0 0.676993 0.571332 0.031710 0.038749
0 0.124930 0.623218 0.040116 0.036874
0 0.507816 0.696362 0.021586 0.021761
0 0.702687 0.853483 0.033764 0.034395
0 0.154801 0.937411 0.037633 0.036511
0 0.667711 0.476324 0.032522 0.034214
0 0.719558 0.437701 0.037633 0.036511
0 0.531848 0.787544 0.035375 0.025169
0 0.500216 0.454017 0.036720 0.039945
0 0.487790 0.338285 0.036874 0.028179
0 0.533103 0.805128 0.033967 0.018466
0 0.710062 0.340335 0.036963 0.042617
0 0.560749 0.524584 0.033907 0.035968
0 0.420573 0.802268 0.037776 0.038083
0 0.590977 0.842706 0.033478 0.031252
0 0.639747 0.770287 0.036534 0.037902
0 0.146520 0.846478 0.037389 0.033839
0 0.489372 0.375006 0.035012 0.023876
0 0.149746 0.874995 0.038488 0.032448
0 0.841607 0.548188 0.034705 0.031276
0 0.265319 0.921284 0.039830 0.033730
0 0.514417 0.748118 0.025054 0.019476
0 0.593640 0.871943 0.036362 0.036015
0 0.495947 0.420953 0.036677 0.039473
0 0.418259 0.769954 0.038874 0.036692
0 0.391251 0.487199 0.036677 0.039473
0 0.665469 0.444797 0.036534 0.037902
0 0.262585 0.891261 0.037604 0.036196
0 0.141157 0.780683 0.036291 0.035229
0 0.208897 0.930393 0.038717 0.034963
0 0.143970 0.811570 0.036677 0.039473
0 0.138397 0.750377 0.036377 0.036172
0 0.643159 0.800847 0.037346 0.033367
0 0.696426 0.791641 0.037318 0.033053
0 0.619014 0.549530 0.035149 0.036149
0 0.392873 0.518818 0.033621 0.032824
0 0.633114 0.704359 0.037776 0.038083
0 0.729389 0.531831 0.035435 0.039292
0 0.691593 0.731662 0.036391 0.036330
0 0.770380 0.380909 0.038395 0.058335
0 0.344093 0.715473 0.023114 0.025087
0 0.878846 0.349154 0.034863 0.033005
0 0.197987 0.803688 0.037633 0.036511
0 0.239003 0.639224 0.036534 0.037902
0 0.229722 0.544216 0.032379 0.032642
0 0.864717 0.801966 0.037919 0.039654
0 0.153108 0.905006 0.037776 0.038083
0 0.127172 0.654746 0.036391 0.036330
0 0.185843 0.677243 0.036820 0.041045
0 0.194503 0.772341 0.036391 0.036330
0 0.907403 0.662743 0.035292 0.037721
0 0.319193 0.911829 0.036677 0.039473
0 0.284289 0.535458 0.029466 0.027564
0 0.255823 0.823918 0.039161 0.039836
0 0.207340 0.899481 0.038874 0.036692
0 0.662177 0.408643 0.034337 0.040682
0 0.849902 0.639278 0.037776 0.038083
0 0.168880 0.490977 0.033907 0.035968
0 0.679449 0.605218 0.035292 0.037721
0 0.823587 0.357218 0.033907 0.035968
0 0.250383 0.764188 0.036391 0.036330
0 0.572893 0.651028 0.035006 0.034576
0 0.838665 0.515886 0.035722 0.042436
0 0.682790 0.634992 0.036248 0.034758
0 0.855914 0.705296 0.037489 0.034939
0 0.382386 0.838898 0.024929 0.031555
0 0.188778 0.709467 0.038874 0.036692
0 0.349818 0.778348 0.023400 0.028230
0 0.366829 0.681893 0.024642 0.028411
0 0.366140 0.363443 0.026170 0.031736
0 0.312123 0.371325 0.024929 0.031555
0 0.923174 0.822106 0.037633 0.036511
0 0.292663 0.627412 0.035149 0.036149
0 0.131205 0.685216 0.039018 0.038264
0 0.450302 0.541496 0.034050 0.037539
0 0.183601 0.645715 0.032522 0.034214
0 0.723042 0.469047 0.039161 0.039836
0 0.352132 0.810662 0.022302 0.029621
0 0.905089 0.630429 0.036677 0.039473
0 0.247592 0.733536 0.036534 0.037902
0 0.295048 0.660512 0.036391 0.036330
0 0.915135 0.726917 0.033764 0.034395
0 0.133662 0.719102 0.037919 0.039654
0 0.337030 0.368486 0.027269 0.030346
0 0.244037 0.701404 0.035435 0.039292
0 0.725905 0.500485 0.036105 0.033186
0 0.171672 0.521628 0.036534 0.037902
0 0.204191 0.864900 0.039447 0.042980
0 0.454001 0.575201 0.032666 0.035787
0 0.882115 0.378143 0.036534 0.037902
0 0.670980 0.505313 0.034194 0.039111
0 0.389568 0.903950 0.024785 0.029984
0 0.893017 0.504770 0.034863 0.033005
0 0.902848 0.598901 0.037633 0.036511
0 0.858013 0.735252 0.039018 0.038264
0 0.226310 0.513655 0.034050 0.037539
0 0.241795 0.669875 0.038874 0.036692
0 0.340609 0.684126 0.024929 0.031555
0 0.831483 0.450835 0.035292 0.037721
0 0.376445 0.773666 0.024499 0.026839
0 0.554330 0.461014 0.035006 0.034576
0 0.191569 0.740118 0.039018 0.038264
0 0.331542 0.591477 0.023400 0.028230
0 0.820795 0.326567 0.034050 0.037539
0 0.754677 0.816430 0.033621 0.032824
0 0.385726 0.868674 0.023400 0.028230
0 0.847732 0.608536 0.036391 0.036330
0 0.442406 0.447879 0.035149 0.036149
0 0.337197 0.653566 0.023830 0.032946
0 0.740148 0.656886 0.033764 0.034395
0 0.326998 0.403398 0.036534 0.037902
0 0.175084 0.552189 0.035435 0.039292
0 0.114314 0.499735 0.039018 0.038264
0 0.333570 0.620647 0.022302 0.029621
0 0.916684 0.757750 0.036391 0.036330
0 0.911030 0.695662 0.036534 0.037902
0 0.258972 0.858500 0.036677 0.039473
0 0.329850 0.559072 0.023544 0.029802
0 0.306356 0.784690 0.036105 0.033186
0 0.570101 0.620377 0.035722 0.042436
0 0.289943 0.597547 0.035149 0.036149
0 0.713689 0.373253 0.035149 0.036149
0 0.371626 0.713844 0.026027 0.030165
0 0.860947 0.767476 0.038874 0.036692
0 0.223996 0.481342 0.035149 0.036149
0 0.885742 0.411062 0.035006 0.034576
0 0.700039 0.824403 0.036677 0.039473
0 0.623904 0.610137 0.036534 0.037902
0 0.889154 0.441623 0.033907 0.035968
0 0.278085 0.474246 0.034050 0.037539
0 0.716695 0.406263 0.035435 0.039292
0 0.812871 0.840591 0.037489 0.034939
0 0.122688 0.591689 0.039161 0.039836
0 0.333058 0.463038 0.038062 0.041226
0 0.346406 0.747787 0.025072 0.033127
0 0.636812 0.738063 0.033907 0.035968
0 0.630800 0.672044 0.039161 0.039836
0 0.920240 0.789882 0.037776 0.038083
0 0.603935 0.390862 0.036391 0.036330
0 0.234278 0.608058 0.035006 0.034576
0 0.834274 0.481486 0.037633 0.036511
0 0.585037 0.777474 0.033907 0.035968
0 0.280876 0.504897 0.033907 0.035968
0 0.551061 0.432024 0.036391 0.036330
0 0.355138 0.843671 0.024785 0.029984
0 0.655567 0.349880 0.036391 0.036330
0 0.900056 0.568249 0.035006 0.034576
0 0.439686 0.418014 0.035149 0.036149
0 0.387625 0.454280 0.032666 0.035787
0 0.648335 0.864599 0.036248 0.034758
0 0.801276 0.713269 0.035006 0.034576
0 0.845418 0.576222 0.037776 0.038083
0 0.829933 0.420002 0.035149 0.036149
0 0.895808 0.535421 0.038062 0.041226
0 0.557886 0.493146 0.031710 0.038749
0 0.738049 0.626929 0.035292 0.037721
0 0.109994 0.466121 0.036963 0.042617
0 0.810008 0.809153 0.035292 0.037721
0 0.826450 0.388655 0.036391 0.036330
0 0.274864 0.438879 0.039161 0.039836
0 0.777537 0.459503 0.036391 0.036330
0 0.890775 0.473241 0.033907 0.035968
0 0.757397 0.846296 0.036677 0.039473
0 0.428684 0.898243 0.039018 0.038264
0 0.414083 0.737911 0.039018 0.038264
0 0.687895 0.697958 0.037776 0.038083
0 0.616008 0.516521 0.037633 0.036511
0 0.396428 0.550950 0.037776 0.038083
0 0.788917 0.584466 0.034050 0.037539
0 0.732252 0.563269 0.035149 0.036149
0 0.405638 0.645171 0.036820 0.041045
0 0.588114 0.811269 0.036820 0.041045
0 0.313753 0.852099 0.036677 0.039473
0 0.286459 0.566200 0.036677 0.039473
0 0.780472 0.491726 0.036534 0.037902
0 0.563062 0.556898 0.035292 0.037721
0 0.745945 0.720546 0.036677 0.039473
