0 0.075497 0.448903 0.035208 0.044948
0 0.817119 0.436237 0.027218 0.040291
0 0.779362 0.276524 0.025147 0.041526
0 0.648525 0.298440 0.024044 0.041328
0 0.641261 0.216905 0.024878 0.038260
0 0.750531 0.572500 0.023910 0.039695
0 0.618166 0.221895 0.026950 0.037026
0 0.131662 0.478549 0.034939 0.041682
0 0.723547 0.244329 0.021167 0.032766
0 0.638504 0.469246 0.022404 0.034598
0 0.087752 0.611555 0.037279 0.043712
0 0.726970 0.285963 0.024044 0.041328
0 0.706727 0.373282 0.026950 0.037026
0 0.634295 0.125375 0.024313 0.044592
0 0.655372 0.381707 0.023776 0.038062
0 0.852528 0.220263 0.023776 0.038062
0 0.085081 0.572271 0.036177 0.043513
0 0.831163 0.600223 0.026518 0.044990
0 0.782166 0.317440 0.026250 0.041725
0 0.257449 0.749153 0.038786 0.048809
0 0.766545 0.780866 0.023776 0.038062
0 0.843268 0.767872 0.027218 0.040291
0 0.811375 0.352771 0.024744 0.036628
0 0.524556 0.363026 0.024744 0.036628
0 0.672757 0.246025 0.024341 0.031731
0 0.250184 0.667619 0.035208 0.044948
0 0.698111 0.248084 0.021301 0.034399
0 0.628854 0.345062 0.023239 0.031532
0 0.851419 0.853388 0.029828 0.045586
0 0.365417 0.312996 0.024044 0.041328
0 0.104668 0.817273 0.032868 0.042917
0 0.721188 0.535537 0.027084 0.038658
0 0.678448 0.669160 0.026816 0.035393
0 0.744370 0.490766 0.025013 0.039893
0 0.740462 0.450048 0.023910 0.039695
0 0.841983 0.725024 0.027218 0.040291
0 0.703788 0.330733 0.026116 0.040092
0 0.514554 0.241390 0.024878 0.038260
0 0.710151 0.414916 0.027353 0.041924
0 0.773526 0.865766 0.023776 0.038062
0 0.746072 0.531882 0.023910 0.039695
0 0.590505 0.518488 0.025847 0.036827
0 0.734719 0.366582 0.023910 0.039695
0 0.821161 0.478587 0.025847 0.036827
0 0.825001 0.518489 0.022673 0.037863
0 0.769186 0.486295 0.023641 0.036430
0 0.124882 0.396099 0.037279 0.043712
0 0.796713 0.188069 0.025013 0.039893
0 0.686619 0.115119 0.025013 0.039893
0 0.756663 0.320379 0.023507 0.034797
0 0.619944 0.890123 0.028456 0.042123
0 0.675091 0.628342 0.025415 0.044791
0 0.478083 0.281099 0.045566 0.038771
0 0.834586 0.641856 0.028322 0.040490
0 0.731295 0.324949 0.023239 0.031532
0 0.664821 0.503442 0.024476 0.033363
0 0.472512 0.213342 0.047639 0.037536
0 0.789613 0.094906 0.026384 0.043358
0 0.244791 0.581604 0.036714 0.050044
0 0.827120 0.557872 0.026816 0.035393
0 0.101110 0.774007 0.033539 0.051081
0 0.096718 0.734205 0.036742 0.037181
0 0.139194 0.563349 0.039054 0.052075
0 0.848897 0.809107 0.027084 0.038658
0 0.793640 0.143886 0.020899 0.029502
0 0.725095 0.576254 0.025981 0.038459
0 0.718248 0.492987 0.025713 0.035194
0 0.485513 0.378261 0.044611 0.040368
0 0.505449 0.750035 0.022702 0.025001
0 0.503770 0.729626 0.022836 0.026633
0 0.226974 0.378533 0.034105 0.044749
0 0.270322 0.912521 0.037682 0.048610
0 0.580302 0.394403 0.025310 0.030296
0 0.690445 0.161651 0.025147 0.041526
0 0.483587 0.348039 0.045566 0.038771
0 0.497190 0.493051 0.042258 0.038175
0 0.229846 0.420266 0.040023 0.050641
0 0.333041 0.402501 0.036579 0.048411
0 0.283407 0.411444 0.036579 0.048411
0 0.179795 0.430941 0.038920 0.050442
0 0.162075 0.215425 0.039189 0.053707
0 0.269244 0.239196 0.039189 0.053707
0 0.891199 0.214124 0.037951 0.051876
0 0.212811 0.206284 0.039189 0.053707
0 0.289367 0.490729 0.035342 0.046580
0 0.326261 0.320051 0.036445 0.046778
0 0.322704 0.276785 0.036848 0.051677
0 0.216637 0.252816 0.039054 0.052075
0 0.373925 0.266728 0.035611 0.049846
0 0.220262 0.296898 0.038786 0.048809
0 0.311474 0.780012 0.038920 0.050442
0 0.438355 0.424120 0.037816 0.050243
0 0.280603 0.370528 0.037682 0.048610
0 0.617690 0.849108 0.030931 0.045785
0 0.173016 0.348489 0.036579 0.048411
0 0.582824 0.438685 0.028322 0.040490
0 0.223752 0.339348 0.034105 0.044749
0 0.304762 0.698379 0.036714 0.050044
0 0.061118 0.280836 0.039860 0.061871
0 0.130094 0.439066 0.036579 0.048411
0 0.176990 0.390024 0.035342 0.046580
0 0.597150 0.599306 0.026250 0.041725
0 0.758365 0.361494 0.027353 0.041924
0 0.742419 0.153944 0.025147 0.041526
0 0.240883 0.540886 0.032599 0.039651
0 0.111822 0.223651 0.037951 0.051876
0 0.267032 0.872520 0.037279 0.043712
0 0.091041 0.651556 0.037682 0.048610
0 0.624945 0.304345 0.025415 0.044791
0 0.641928 0.510880 0.025013 0.039893
0 0.066666 0.327886 0.037414 0.045345
0 0.539438 0.237736 0.023910 0.039695
0 0.593861 0.559305 0.026116 0.040092
0 0.631106 0.386079 0.023776 0.038062
0 0.536230 0.191921 0.025550 0.046424
0 0.263609 0.830887 0.037682 0.048610
0 0.772059 0.528028 0.027353 0.041924
0 0.295393 0.570830 0.032034 0.045984
0 0.737590 0.408315 0.025147 0.041526
0 0.799095 0.863645 0.028322 0.040490
0 0.605349 0.726237 0.025847 0.036827
0 0.661599 0.464257 0.025013 0.039893
0 0.684124 0.751809 0.027487 0.043557
0 0.745909 0.196394 0.024878 0.038260
0 0.328999 0.360151 0.035208 0.044948
0 0.107122 0.860738 0.038219 0.055141
0 0.507654 0.150677 0.026116 0.040092
0 0.688167 0.794159 0.028322 0.040490
0 0.598407 0.308299 0.025013 0.039893
0 0.609056 0.764505 0.024878 0.038260
0 0.550408 0.357540 0.023776 0.038062
0 0.897978 0.296574 0.033405 0.049448
0 0.720057 0.201880 0.023641 0.036430
0 0.365922 0.176213 0.037116 0.054942
0 0.765763 0.444662 0.026250 0.041725
0 0.466524 0.147317 0.046938 0.042235
0 0.613989 0.177911 0.026116 0.040092
0 0.652432 0.339158 0.025147 0.041526
0 0.645787 0.258340 0.022538 0.036231
0 0.753671 0.617499 0.025147 0.041526
0 0.610096 0.130564 0.026384 0.043358
0 0.470379 0.180590 0.045135 0.046736
0 0.788907 0.732930 0.026950 0.037026
0 0.405428 0.166610 0.027353 0.041924
0 0.908383 0.423108 0.039889 0.049008
0 0.532572 0.446910 0.024610 0.034995
0 0.712673 0.112082 0.024178 0.042961
0 0.714058 0.455634 0.025981 0.038459
0 0.531853 0.145489 0.024313 0.044592
0 0.814314 0.395321 0.026116 0.040092
0 0.771004 0.821485 0.028188 0.038857
0 0.792666 0.778645 0.027218 0.040291
0 0.668931 0.546608 0.025981 0.038459
0 0.774796 0.568128 0.025847 0.036827
0 0.562083 0.186435 0.026518 0.044990
0 0.779591 0.612829 0.025981 0.038459
0 0.828396 0.226268 0.025981 0.038459
0 0.760182 0.696683 0.025013 0.039893
0 0.247246 0.625068 0.039054 0.052075
0 0.752890 0.281293 0.024878 0.038260
0 0.420344 0.341208 0.024044 0.041328
0 0.700230 0.287468 0.026250 0.041725
0 0.786855 0.694363 0.022404 0.034598
0 0.764090 0.737402 0.026384 0.043358
0 0.804663 0.271137 0.022538 0.036231
0 0.416302 0.298858 0.025415 0.044791
0 0.775036 0.237538 0.025147 0.041526
0 0.911187 0.464025 0.040723 0.045941
0 0.413013 0.258857 0.026950 0.037026
0 0.681387 0.711709 0.025981 0.038459
0 0.635081 0.427613 0.024744 0.036628
0 0.801373 0.231137 0.025147 0.041526
0 0.756893 0.656682 0.024878 0.038260
0 0.796506 0.818546 0.025981 0.038459
0 0.528046 0.405475 0.025281 0.043159
0 0.808086 0.312770 0.025147 0.041526
0 0.594983 0.266665 0.020735 0.040731
0 0.762407 0.403844 0.025981 0.038459
0 0.838493 0.682574 0.025013 0.039893
0 0.638121 0.171906 0.023910 0.039695
0 0.695282 0.880692 0.031065 0.047418
0 0.693585 0.206649 0.026384 0.043358
0 0.122346 0.358447 0.036177 0.043513
0 0.273328 0.955887 0.038920 0.050442
0 0.559023 0.482738 0.025013 0.039893
0 0.094666 0.695638 0.037951 0.051876
0 0.613097 0.806857 0.028456 0.042123
0 0.134951 0.518550 0.037816 0.050243
0 0.115164 0.271098 0.036848 0.051677
0 0.901469 0.339025 0.035342 0.046580
0 0.600157 0.642671 0.025013 0.039893
0 0.691523 0.834976 0.030796 0.044153
0 0.072759 0.408803 0.036445 0.046778
0 0.409523 0.216407 0.027218 0.040291
0 0.307566 0.739295 0.035074 0.043315
0 0.480284 0.314668 0.045135 0.046736
0 0.545464 0.317837 0.022538 0.036231
0 0.476367 0.246614 0.046372 0.048567
0 0.552244 0.400288 0.025415 0.044791
0 0.517910 0.282208 0.022941 0.041129
0 0.671601 0.585892 0.027353 0.041924
0 0.916466 0.507809 0.042632 0.055936
0 0.659965 0.423958 0.026250 0.041725
0 0.511413 0.196393 0.025847 0.036827
0 0.325652 0.945631 0.037682 0.048610
0 0.781360 0.654759 0.027218 0.040291
0 0.558809 0.139804 0.027487 0.043557
0 0.620352 0.262094 0.025147 0.041526
0 0.904892 0.380658 0.037682 0.048610
0 0.078921 0.490537 0.037548 0.046977
0 0.603715 0.685938 0.027353 0.041924
0 0.521818 0.322926 0.026250 0.041725
0 0.319430 0.230154 0.035879 0.053110
0 0.893452 0.255140 0.037414 0.045345
0 0.233269 0.461900 0.037414 0.045345
0 0.748915 0.239759 0.026384 0.043358
0 0.314965 0.822463 0.036445 0.046778
0 0.586598 0.477770 0.027218 0.040291
0 0.572070 0.314700 0.025013 0.039893
0 0.298266 0.612563 0.035476 0.048213
0 0.716499 0.158614 0.026250 0.041725
0 0.322363 0.905630 0.035342 0.046580
0 0.301689 0.654197 0.037548 0.046977
0 0.569817 0.273684 0.025013 0.039893
0 0.442047 0.469020 0.040157 0.052274
0 0.565775 0.231334 0.026384 0.043358
0 0.068852 0.368086 0.037548 0.046977
0 0.119474 0.316714 0.037951 0.051876
0 0.534826 0.487926 0.027621 0.045189
0 0.166035 0.263590 0.036848 0.051677
0 0.435148 0.378306 0.036982 0.053309
0 0.556353 0.443454 0.026116 0.040092
0 0.168906 0.305323 0.037548 0.046977
0 0.286696 0.451445 0.036177 0.043513
0 0.081792 0.532270 0.038786 0.048809
0 0.277179 0.328894 0.033136 0.046182
0 0.493014 0.449067 0.044703 0.054700
0 0.259702 0.790169 0.038517 0.045544
0 0.292723 0.531546 0.037548 0.046977
0 0.337634 0.444752 0.041260 0.052472
0 0.318388 0.864096 0.036579 0.048411
0 0.369748 0.222744 0.033971 0.043116
0 0.542175 0.277836 0.025147 0.041526
0 0.236558 0.501901 0.035342 0.046580
0 0.253473 0.707619 0.037548 0.046977
0 0.273689 0.286444 0.035611 0.049846
0 0.576596 0.356135 0.025147 0.041526
