0 0.492387 0.293138 0.030757 0.031636
0 0.495282 0.378240 0.027708 0.023656
0 0.496542 0.363285 0.029426 0.031545
0 0.511452 0.784075 0.025200 0.026594
0 0.491462 0.261115 0.032166 0.033287
0 0.497111 0.401592 0.026221 0.020445
0 0.820126 0.719959 0.035060 0.038148
0 0.498080 0.421091 0.029116 0.025307
0 0.765513 0.722905 0.029659 0.036225
0 0.874190 0.719398 0.028250 0.034575
0 0.715803 0.622999 0.033497 0.033378
0 0.709218 0.477107 0.040075 0.032272
0 0.708217 0.443525 0.038976 0.036861
0 0.230113 0.256264 0.036702 0.044479
0 0.781312 0.839212 0.036780 0.046039
0 0.711784 0.515278 0.039441 0.046221
0 0.704649 0.371771 0.038821 0.033742
0 0.130742 0.446954 0.040308 0.036952
0 0.129036 0.412637 0.040308 0.036952
0 0.836358 0.831541 0.043047 0.038693
0 0.488897 0.222944 0.030757 0.031636
0 0.706200 0.402968 0.038821 0.033742
0 0.831932 0.755934 0.039286 0.043101
0 0.834496 0.794105 0.043047 0.038693
0 0.714349 0.553449 0.040230 0.035393
0 0.183022 0.410516 0.036314 0.036680
0 0.487501 0.194866 0.030602 0.028516
0 0.776769 0.761265 0.035293 0.042828
0 0.714763 0.588637 0.040308 0.036952
0 0.779257 0.797876 0.039053 0.038421
0 0.891520 0.826210 0.044844 0.048143
0 0.124686 0.338589 0.039209 0.041540
0 0.132603 0.484390 0.037645 0.036771
0 0.816911 0.400105 0.038976 0.036861
0 0.887992 0.755237 0.041949 0.043283
0 0.125999 0.378411 0.037645 0.036771
0 0.178008 0.336514 0.039053 0.038421
0 0.718253 0.658831 0.043124 0.040254
0 0.181200 0.373860 0.036392 0.038239
0 0.810249 0.252654 0.040230 0.035393
0 0.815089 0.363448 0.039053 0.038421
0 0.177400 0.297427 0.039209 0.041540
0 0.756321 0.296247 0.040773 0.046311
0 0.812110 0.290090 0.040385 0.038512
0 0.807683 0.214482 0.041949 0.043283
0 0.812602 0.326838 0.040463 0.040072
0 0.703492 0.335070 0.043202 0.041813
0 0.700810 0.294559 0.041871 0.041722
0 0.488934 0.242506 0.026947 0.008898
