0 0.178389 0.792631 0.039013 0.050879
0 0.330219 0.517592 0.026910 0.044673
0 0.126381 0.810355 0.041445 0.053314
0 0.371665 0.459628 0.028212 0.040722
0 0.676688 0.300572 0.040934 0.056086
0 0.352507 0.338288 0.028494 0.042318
0 0.379539 0.500916 0.027138 0.040303
0 0.185726 0.834128 0.042292 0.058102
0 0.269638 0.710978 0.040142 0.057264
0 0.345335 0.469896 0.027138 0.040303
0 0.403719 0.491486 0.030927 0.044754
0 0.662436 0.219972 0.042802 0.055328
0 0.392575 0.581137 0.027702 0.043496
0 0.376008 0.328269 0.028777 0.043915
0 0.418112 0.572884 0.026063 0.039884
0 0.170910 0.750336 0.040424 0.058859
0 0.385379 0.540438 0.026855 0.038707
0 0.415775 0.871513 0.031209 0.046350
0 0.065824 0.448391 0.042574 0.059698
0 0.280643 0.536074 0.028777 0.043915
0 0.222004 0.431838 0.041956 0.050541
0 0.353606 0.510176 0.025271 0.041061
0 0.406963 0.272691 0.038166 0.046090
0 0.135471 0.936474 0.030644 0.043157
0 0.383601 0.367961 0.029287 0.041141
0 0.400564 0.619822 0.027420 0.041899
0 0.397315 0.448771 0.027930 0.039126
0 0.606059 0.196748 0.038166 0.046090
0 0.364468 0.418929 0.027930 0.039126
0 0.151775 0.885757 0.029059 0.045511
0 0.160046 0.926037 0.028777 0.043915
0 0.897489 0.259670 0.027702 0.043496
0 0.619236 0.277767 0.040034 0.045333
0 0.132899 0.850466 0.043084 0.056924
0 0.128274 0.895775 0.028777 0.043915
0 0.410379 0.532394 0.030133 0.045930
0 0.401805 0.792509 0.026627 0.043077
0 0.358091 0.379616 0.026573 0.037111
0 0.323587 0.480084 0.026627 0.043077
0 0.403724 0.965783 0.029341 0.047107
0 0.769973 0.220684 0.040599 0.048526
0 0.275085 0.498147 0.026345 0.041480
0 0.755862 0.140882 0.042183 0.046171
0 0.904263 0.297975 0.029851 0.044334
0 0.377229 0.802947 0.025781 0.038288
0 0.172710 0.451916 0.040652 0.054490
0 0.819011 0.202412 0.040827 0.044156
0 0.421897 0.912631 0.030927 0.044754
0 0.073981 0.491275 0.040370 0.052894
0 0.389983 0.881572 0.030644 0.043157
0 0.293538 0.615497 0.028494 0.042318
0 0.429517 0.955724 0.030927 0.044754
0 0.872234 0.269520 0.027648 0.037531
0 0.569150 0.299860 0.041445 0.053314
0 0.396783 0.923278 0.027984 0.045092
0 0.503777 0.534355 0.034715 0.049203
0 0.911600 0.339472 0.029851 0.044334
0 0.437826 0.154874 0.051628 0.054313
0 0.420281 0.354508 0.038623 0.037353
0 0.668927 0.256681 0.039523 0.048106
0 0.444317 0.191584 0.049477 0.053474
0 0.477222 0.380926 0.050271 0.052298
0 0.383861 0.840454 0.028777 0.043915
0 0.527911 0.739060 0.027930 0.039126
0 0.917298 0.378197 0.029851 0.044334
0 0.722572 0.326183 0.027648 0.037531
0 0.455974 0.251016 0.050889 0.061455
0 0.471577 0.349004 0.050271 0.052298
0 0.449114 0.218717 0.050499 0.047928
0 0.466666 0.324475 0.048913 0.050282
0 0.462123 0.295537 0.048967 0.056247
0 0.490996 0.452328 0.047100 0.057005
0 0.527194 0.361436 0.043877 0.055748
0 0.227823 0.773351 0.041163 0.051718
0 0.081036 0.531176 0.042520 0.053733
0 0.519830 0.316536 0.040088 0.051298
0 0.118761 0.767261 0.044723 0.060536
0 0.333863 0.772088 0.043649 0.060117
0 0.124094 0.472583 0.039013 0.050879
0 0.384796 0.754783 0.043931 0.061713
0 0.413763 0.314398 0.043084 0.056924
0 0.612578 0.236858 0.043084 0.056924
0 0.433720 0.739115 0.043931 0.061713
0 0.368790 0.674013 0.043985 0.067678
0 0.264920 0.372448 0.044723 0.060536
0 0.279428 0.451242 0.043931 0.061713
0 0.562209 0.257355 0.041217 0.057683
0 0.166024 0.407605 0.041499 0.059279
0 0.827001 0.241095 0.043367 0.058521
0 0.220345 0.731056 0.042574 0.059698
0 0.419468 0.658513 0.041499 0.059279
0 0.215203 0.390132 0.042574 0.059698
0 0.512519 0.278441 0.039577 0.054071
0 0.131688 0.512274 0.040652 0.054490
0 0.117012 0.429280 0.041217 0.057683
0 0.776491 0.260795 0.045516 0.059359
0 0.870341 0.184099 0.043594 0.054152
0 0.233804 0.813671 0.041728 0.054909
0 0.229737 0.472328 0.042292 0.058102
0 0.763313 0.179776 0.043084 0.056924
0 0.399061 0.228001 0.043703 0.066082
0 0.283804 0.797584 0.042856 0.061294
0 0.328722 0.431164 0.043649 0.060117
0 0.626037 0.319473 0.043931 0.061713
0 0.655071 0.175072 0.042856 0.061294
0 0.320061 0.697283 0.043139 0.062890
0 0.876718 0.223411 0.044951 0.056167
0 0.427196 0.393611 0.042856 0.061294
0 0.276721 0.754280 0.042802 0.055328
0 0.180867 0.494800 0.042292 0.058102
0 0.598016 0.151260 0.043985 0.067678
0 0.498079 0.495631 0.046026 0.056586
0 0.748101 0.096990 0.043703 0.066082
0 0.811956 0.162510 0.040934 0.056086
0 0.713342 0.199265 0.042574 0.059698
0 0.505437 0.235138 0.041781 0.060874
0 0.726801 0.281880 0.041728 0.054909
0 0.803913 0.117023 0.041781 0.060874
0 0.862043 0.140417 0.046080 0.062551
0 0.575951 0.341567 0.043084 0.056924
0 0.316250 0.354135 0.042063 0.062470
0 0.389864 0.409877 0.030416 0.047526
0 0.408437 0.830015 0.029059 0.045511
0 0.720962 0.242358 0.040881 0.050122
