0 0.398889 0.413115 0.035556 0.039344
0 0.191667 0.285246 0.034444 0.045902
0 0.296667 0.831967 0.035556 0.044262
0 0.295556 0.494262 0.035556 0.040984
0 0.656667 0.331967 0.035556 0.044262
0 0.606111 0.706557 0.034444 0.042623
0 0.811111 0.328689 0.035556 0.044262
0 0.450556 0.495082 0.034444 0.042623
0 0.347222 0.620492 0.034444 0.044262
0 0.296667 0.706557 0.033333 0.039344
0 0.347222 0.413934 0.034444 0.040984
0 0.399444 0.707377 0.034444 0.044262
0 0.242778 0.707377 0.034444 0.044262
0 0.555000 0.624590 0.034444 0.042623
0 0.347222 0.537705 0.034444 0.045902
0 0.347222 0.371311 0.036667 0.044262
0 0.244444 0.790164 0.035556 0.042623
0 0.296667 0.620492 0.033333 0.044262
0 0.606667 0.371311 0.035556 0.044262
0 0.242778 0.581148 0.034444 0.044262
0 0.399444 0.372131 0.034444 0.042623
0 0.451111 0.663115 0.033333 0.040984
0 0.451111 0.621311 0.033333 0.039344
0 0.243333 0.413115 0.033333 0.042623
0 0.243889 0.663115 0.034444 0.044262
0 0.553889 0.329508 0.034444 0.042623
0 0.190556 0.580328 0.036667 0.045902
0 0.243333 0.536066 0.033333 0.042623
0 0.192222 0.791803 0.035556 0.042623
0 0.553889 0.372131 0.034444 0.042623
0 0.398889 0.662295 0.035556 0.045902
0 0.514444 0.732213 0.024444 0.028361
0 0.504444 0.341230 0.042222 0.030000
0 0.515556 0.755328 0.022222 0.018852
0 0.505556 0.373525 0.044444 0.036557
0 0.503889 0.276066 0.041111 0.030820
0 0.504444 0.142049 0.044444 0.034918
0 0.707778 0.290164 0.033333 0.042623
0 0.243889 0.369672 0.034444 0.044262
0 0.398889 0.497541 0.035556 0.040984
0 0.400000 0.788525 0.035556 0.042623
0 0.141111 0.414754 0.035556 0.042623
0 0.346667 0.664754 0.033333 0.040984
0 0.348333 0.327049 0.034444 0.040984
0 0.451667 0.284426 0.034444 0.047541
0 0.088333 0.413934 0.038889 0.047541
0 0.296111 0.413115 0.034444 0.042623
0 0.759444 0.288525 0.034444 0.042623
0 0.451667 0.832787 0.034444 0.042623
0 0.140000 0.370492 0.033333 0.042623
0 0.760000 0.153279 0.033333 0.050820
0 0.708333 0.332787 0.034444 0.042623
0 0.707222 0.154918 0.034444 0.047541
0 0.295556 0.372951 0.033333 0.040984
0 0.605556 0.289344 0.035556 0.047541
0 0.346667 0.495902 0.031111 0.040984
0 0.553889 0.580328 0.034444 0.042623
0 0.707778 0.413115 0.035556 0.045902
0 0.191667 0.749180 0.034444 0.042623
0 0.243889 0.327869 0.032222 0.039344
0 0.451111 0.367213 0.033333 0.036066
0 0.553889 0.539344 0.034444 0.042623
0 0.553889 0.413934 0.034444 0.040984
0 0.295556 0.327869 0.035556 0.049180
0 0.502778 0.449180 0.043333 0.045902
0 0.606111 0.622951 0.034444 0.042623
0 0.656667 0.541803 0.035556 0.040984
0 0.605556 0.154098 0.035556 0.049180
0 0.139444 0.328689 0.034444 0.040984
0 0.398889 0.622131 0.033333 0.037705
0 0.347222 0.747541 0.034444 0.042623
0 0.296111 0.745902 0.034444 0.039344
0 0.811111 0.372131 0.035556 0.042623
0 0.398889 0.831967 0.033333 0.040984
0 0.243333 0.749180 0.033333 0.039344
0 0.191667 0.454098 0.034444 0.042623
0 0.296111 0.454918 0.032222 0.037705
0 0.398889 0.283607 0.035556 0.045902
0 0.296111 0.664754 0.034444 0.044262
0 0.863333 0.289344 0.035556 0.047541
0 0.554444 0.456557 0.035556 0.040984
0 0.348333 0.283607 0.032222 0.045902
0 0.605000 0.245082 0.036667 0.040984
0 0.140000 0.286066 0.033333 0.044262
0 0.554444 0.705738 0.033333 0.044262
0 0.399444 0.873770 0.034444 0.045902
0 0.296667 0.787705 0.035556 0.044262
0 0.707778 0.245082 0.033333 0.047541
0 0.087778 0.285246 0.035556 0.049180
0 0.657222 0.747541 0.036667 0.042623
0 0.657222 0.791803 0.036667 0.042623
0 0.191111 0.368852 0.035556 0.039344
0 0.451667 0.788525 0.032222 0.045902
0 0.347778 0.788525 0.033333 0.042623
0 0.760000 0.245082 0.037778 0.044262
0 0.555000 0.829508 0.034444 0.042623
0 0.139444 0.664754 0.034444 0.044262
0 0.605556 0.455738 0.033333 0.042623
0 0.295556 0.536885 0.035556 0.044262
0 0.191667 0.413115 0.034444 0.042623
0 0.243333 0.495902 0.033333 0.037705
0 0.191111 0.538525 0.035556 0.037705
0 0.452778 0.704918 0.036667 0.042623
0 0.554444 0.497541 0.035556 0.040984
0 0.140556 0.454918 0.034444 0.037705
0 0.605000 0.788525 0.036667 0.042623
0 0.915000 0.154098 0.036667 0.052459
0 0.088333 0.746721 0.038889 0.047541
0 0.605556 0.541803 0.035556 0.040984
0 0.088889 0.495902 0.037778 0.044262
0 0.656111 0.289344 0.034444 0.044262
0 0.140556 0.790164 0.034444 0.042623
0 0.708333 0.201639 0.034444 0.042623
0 0.605556 0.913934 0.035556 0.050820
0 0.606667 0.581967 0.035556 0.039344
0 0.451111 0.873770 0.035556 0.042623
0 0.088333 0.368852 0.034444 0.042623
0 0.657222 0.372951 0.034444 0.037705
0 0.605556 0.331148 0.035556 0.036066
0 0.191667 0.329508 0.036667 0.039344
0 0.295556 0.578689 0.035556 0.039344
0 0.192222 0.623770 0.035556 0.040984
0 0.605556 0.500820 0.033333 0.044262
0 0.242778 0.284426 0.034444 0.047541
0 0.863333 0.455738 0.033333 0.039344
0 0.088333 0.329508 0.034444 0.039344
0 0.243889 0.831967 0.034444 0.040984
0 0.811111 0.495082 0.033333 0.042623
0 0.192222 0.917213 0.035556 0.047541
0 0.707778 0.455738 0.033333 0.042623
0 0.088889 0.454918 0.035556 0.037705
0 0.347222 0.454098 0.032222 0.039344
0 0.555000 0.915574 0.034444 0.044262
0 0.811111 0.412295 0.033333 0.040984
0 0.811667 0.453279 0.030000 0.037705
0 0.914444 0.332787 0.035556 0.045902
0 0.554444 0.786885 0.031111 0.039344
0 0.656667 0.412295 0.035556 0.037705
0 0.191667 0.664754 0.036667 0.044262
0 0.657222 0.872131 0.034444 0.039344
0 0.192222 0.833607 0.035556 0.040984
0 0.088333 0.701639 0.036667 0.042623
0 0.916111 0.662295 0.036667 0.042623
0 0.347222 0.831148 0.034444 0.039344
0 0.914444 0.579508 0.033333 0.040984
0 0.914444 0.290164 0.033333 0.039344
0 0.708333 0.829508 0.034444 0.042623
0 0.294444 0.873770 0.031111 0.039344
0 0.399444 0.536066 0.034444 0.032787
0 0.708333 0.746721 0.034444 0.037705
0 0.707778 0.912295 0.033333 0.050820
0 0.915000 0.537705 0.034444 0.042623
0 0.811111 0.620492 0.031111 0.044262
0 0.760556 0.333607 0.034444 0.044262
0 0.916667 0.705738 0.035556 0.044262
0 0.862778 0.334426 0.034444 0.042623
0 0.916667 0.746721 0.035556 0.040984
0 0.863333 0.495902 0.033333 0.040984
0 0.863333 0.537705 0.035556 0.045902
0 0.915000 0.374590 0.034444 0.037705
0 0.863333 0.622131 0.033333 0.040984
0 0.863889 0.662295 0.034444 0.042623
0 0.914444 0.454918 0.035556 0.037705
0 0.916111 0.789344 0.036667 0.044262
0 0.915000 0.619672 0.036667 0.042623
0 0.862222 0.200000 0.035556 0.055738
0 0.915000 0.495902 0.036667 0.044262
0 0.708333 0.580328 0.034444 0.039344
0 0.452222 0.744262 0.031111 0.039344
0 0.605000 0.869672 0.034444 0.037705
0 0.864444 0.829508 0.035556 0.045902
0 0.864444 0.745902 0.035556 0.042623
0 0.088889 0.788525 0.035556 0.036066
0 0.917222 0.918852 0.036667 0.050820
0 0.863889 0.913934 0.034444 0.044262
0 0.865000 0.704098 0.034444 0.044262
0 0.399444 0.915574 0.034444 0.034426
0 0.917222 0.871311 0.034444 0.044262
0 0.864444 0.786066 0.033333 0.040984
0 0.503889 0.176230 0.043333 0.037705
0 0.503889 0.209836 0.045556 0.029508
0 0.864444 0.872131 0.035556 0.039344
0 0.347778 0.577049 0.035556 0.026230
0 0.922222 0.830328 0.026667 0.037705
0 0.708889 0.867213 0.035556 0.026230
0 0.502778 0.495082 0.043333 0.032787
0 0.606111 0.663934 0.034444 0.042623
0 0.606111 0.413934 0.034444 0.040984
0 0.450556 0.915574 0.036667 0.040984
0 0.087778 0.622131 0.035556 0.037705
0 0.863333 0.581148 0.035556 0.040984
0 0.656111 0.706557 0.032222 0.039344
0 0.657778 0.832787 0.035556 0.039344
0 0.605556 0.830328 0.035556 0.040984
0 0.503333 0.242623 0.042222 0.039344
0 0.812222 0.579508 0.033333 0.037705
0 0.554444 0.664754 0.035556 0.037705
0 0.089444 0.660656 0.034444 0.039344
0 0.139444 0.621311 0.030000 0.042623
0 0.862222 0.245902 0.033333 0.039344
0 0.140556 0.915574 0.036667 0.044262
0 0.707778 0.540984 0.035556 0.045902
0 0.914444 0.201639 0.035556 0.042623
0 0.707778 0.497541 0.033333 0.040984
0 0.398889 0.748361 0.035556 0.037705
0 0.707778 0.664754 0.035556 0.040984
0 0.708333 0.622131 0.036667 0.040984
0 0.605000 0.749180 0.036667 0.039344
0 0.140000 0.750000 0.033333 0.040984
0 0.656111 0.581148 0.034444 0.037705
0 0.810556 0.245902 0.032222 0.039344
0 0.140000 0.831148 0.035556 0.039344
0 0.191111 0.873770 0.031111 0.039344
0 0.553889 0.872951 0.032222 0.040984
0 0.862222 0.373770 0.033333 0.036066
0 0.296111 0.916393 0.036667 0.045902
0 0.811111 0.200000 0.033333 0.052459
0 0.657222 0.913934 0.034444 0.044262
0 0.707778 0.705738 0.035556 0.044262
0 0.914444 0.247541 0.035556 0.049180
0 0.140000 0.871311 0.035556 0.044262
0 0.192222 0.705738 0.035556 0.040984
0 0.088889 0.830328 0.035556 0.047541
0 0.656111 0.664754 0.032222 0.044262
0 0.605000 0.201639 0.034444 0.045902
0 0.708889 0.786885 0.035556 0.045902
0 0.088889 0.538525 0.035556 0.040984
0 0.242778 0.621311 0.034444 0.036066
0 0.707778 0.372131 0.033333 0.036066
0 0.656667 0.622131 0.033333 0.040984
0 0.553889 0.748361 0.034444 0.037705
0 0.656667 0.499180 0.033333 0.040984
0 0.140556 0.539344 0.034444 0.039344
0 0.088889 0.580328 0.035556 0.045902
0 0.243889 0.872131 0.034444 0.042623
0 0.088889 0.920492 0.037778 0.044262
0 0.862222 0.413934 0.033333 0.040984
0 0.811111 0.286885 0.033333 0.042623
0 0.553889 0.286066 0.034444 0.044262
0 0.244444 0.915574 0.035556 0.044262
0 0.296111 0.284426 0.034444 0.040984
0 0.914444 0.413934 0.035556 0.044262
0 0.348889 0.871311 0.033333 0.040984
0 0.347778 0.706557 0.035556 0.039344
0 0.140556 0.579508 0.034444 0.040984
0 0.347222 0.914754 0.034444 0.045902
0 0.140000 0.708197 0.033333 0.042623
0 0.656111 0.453279 0.032222 0.044262
0 0.090000 0.875410 0.035556 0.042623
0 0.504444 0.309016 0.042222 0.040984
0 0.812222 0.538525 0.035556 0.044262
0 0.760000 0.200820 0.035556 0.044262
0 0.244444 0.454918 0.031111 0.040984
0 0.398889 0.327869 0.035556 0.045902
0 0.451667 0.329508 0.036667 0.042623
0 0.450556 0.581967 0.032222 0.039344
0 0.140000 0.497541 0.035556 0.047541
0 0.398889 0.454918 0.035556 0.044262
0 0.451111 0.409836 0.033333 0.045902
0 0.191111 0.496721 0.035556 0.045902
0 0.450556 0.454918 0.034444 0.040984
0 0.398889 0.578689 0.035556 0.045902
0 0.451111 0.538525 0.035556 0.044262
