0 0.500556 0.492599 0.043333 0.031250
0 0.759444 0.287007 0.034444 0.031250
0 0.188889 0.870066 0.035556 0.046053
0 0.706111 0.291118 0.032222 0.042763
0 0.551667 0.247533 0.032222 0.041118
0 0.653889 0.705592 0.034444 0.039474
0 0.344444 0.703947 0.035556 0.042763
0 0.859444 0.499178 0.034444 0.041118
0 0.188889 0.290296 0.033333 0.041118
0 0.396667 0.245888 0.035556 0.041118
0 0.087778 0.456414 0.035556 0.044408
0 0.136667 0.619243 0.033333 0.041118
0 0.809444 0.746711 0.034444 0.042763
0 0.861111 0.455592 0.035556 0.042763
0 0.087222 0.499178 0.034444 0.041118
0 0.345000 0.745888 0.034444 0.041118
0 0.911667 0.831414 0.034444 0.044408
0 0.809444 0.915296 0.036667 0.044408
0 0.758889 0.497533 0.035556 0.041118
0 0.656667 0.160362 0.035556 0.047697
0 0.810000 0.789474 0.033333 0.039474
0 0.448333 0.247533 0.032222 0.041118
0 0.137778 0.578947 0.031111 0.039474
0 0.448333 0.289474 0.034444 0.039474
0 0.188333 0.828125 0.034444 0.041118
0 0.087778 0.411184 0.035556 0.042763
0 0.396111 0.204770 0.036667 0.041118
0 0.396667 0.537007 0.035556 0.041118
0 0.705000 0.747533 0.036667 0.044408
0 0.189444 0.785362 0.036667 0.041118
0 0.808889 0.662007 0.035556 0.044408
0 0.603889 0.580592 0.034444 0.042763
0 0.552222 0.161184 0.035556 0.049342
0 0.396111 0.453947 0.034444 0.046053
0 0.912222 0.665296 0.035556 0.041118
0 0.810000 0.413651 0.033333 0.041118
0 0.860556 0.333059 0.032222 0.037829
0 0.860556 0.413651 0.034444 0.041118
0 0.240556 0.372533 0.034444 0.041118
0 0.343889 0.286184 0.034444 0.046053
0 0.344444 0.413651 0.031111 0.041118
0 0.447778 0.493421 0.033333 0.042763
0 0.859444 0.539474 0.034444 0.042763
0 0.809444 0.829770 0.034444 0.041118
0 0.912222 0.414474 0.035556 0.042763
0 0.604444 0.162007 0.035556 0.047697
0 0.912222 0.622533 0.035556 0.044408
0 0.654444 0.495888 0.035556 0.037829
0 0.448333 0.203125 0.034444 0.044408
0 0.706667 0.414474 0.033333 0.039474
0 0.395556 0.328125 0.035556 0.044408
0 0.859444 0.581414 0.034444 0.041118
0 0.188889 0.577303 0.033333 0.042763
0 0.912222 0.915296 0.037778 0.047697
0 0.757778 0.662007 0.035556 0.044408
0 0.705556 0.579770 0.035556 0.041118
0 0.344444 0.660362 0.035556 0.044408
0 0.655556 0.250000 0.033333 0.042763
0 0.240556 0.744243 0.034444 0.041118
0 0.343333 0.454770 0.033333 0.041118
0 0.912778 0.706414 0.034444 0.044408
0 0.189444 0.372533 0.034444 0.044408
0 0.656667 0.206414 0.035556 0.044408
0 0.240000 0.828125 0.035556 0.041118
0 0.706111 0.495888 0.032222 0.041118
0 0.396667 0.286184 0.035556 0.039474
0 0.605000 0.331414 0.034444 0.041118
0 0.189444 0.745066 0.034444 0.039474
0 0.810556 0.620066 0.034444 0.039474
0 0.913333 0.372533 0.035556 0.041118
0 0.241111 0.161184 0.035556 0.046053
0 0.810000 0.500822 0.033333 0.037829
0 0.397222 0.578125 0.034444 0.037829
0 0.138333 0.826480 0.034444 0.041118
0 0.604444 0.499178 0.035556 0.037829
0 0.240556 0.413651 0.034444 0.041118
0 0.912778 0.458059 0.034444 0.041118
0 0.240556 0.869243 0.036667 0.044408
0 0.513000 0.735938 0.020444 0.014967
0 0.514444 0.718750 0.023333 0.021053
0 0.240556 0.703125 0.034444 0.037829
0 0.759444 0.329770 0.034444 0.044408
0 0.447778 0.535362 0.033333 0.041118
0 0.086667 0.662829 0.035556 0.042763
0 0.707222 0.332237 0.034444 0.039474
0 0.240556 0.246711 0.034444 0.042763
0 0.241111 0.453947 0.033333 0.039474
0 0.189444 0.918586 0.036667 0.047697
0 0.086111 0.745066 0.036667 0.042763
0 0.343889 0.328947 0.030000 0.039474
0 0.810000 0.537829 0.031111 0.036184
0 0.810556 0.703947 0.034444 0.039474
0 0.396111 0.412007 0.036667 0.041118
0 0.656111 0.456414 0.034444 0.041118
0 0.808889 0.871711 0.035556 0.042763
0 0.138333 0.246711 0.034444 0.042763
0 0.603333 0.662829 0.035556 0.042763
0 0.188333 0.330592 0.034444 0.039474
0 0.292778 0.332237 0.036667 0.042763
0 0.911667 0.748355 0.034444 0.039474
0 0.705000 0.620066 0.034444 0.039474
0 0.188333 0.537007 0.034444 0.037829
0 0.343333 0.495888 0.033333 0.041118
0 0.138333 0.291118 0.034444 0.042763
0 0.240556 0.205592 0.034444 0.039474
0 0.758333 0.620888 0.036667 0.034539
0 0.087222 0.541118 0.034444 0.039474
0 0.240000 0.785362 0.035556 0.041118
0 0.138889 0.537007 0.033333 0.044408
0 0.086111 0.580592 0.034444 0.039474
0 0.809444 0.373355 0.032222 0.039474
0 0.188889 0.247533 0.033333 0.041118
0 0.292222 0.287007 0.035556 0.044408
0 0.188889 0.201480 0.033333 0.047697
0 0.396111 0.744243 0.036667 0.044408
0 0.396111 0.158717 0.036667 0.047697
0 0.241111 0.914474 0.035556 0.046053
0 0.758333 0.415296 0.034444 0.037829
0 0.860556 0.705592 0.034444 0.039474
0 0.395556 0.496711 0.033333 0.039474
0 0.552778 0.290296 0.034444 0.041118
0 0.706111 0.537007 0.034444 0.044408
0 0.500000 0.449836 0.042222 0.044408
0 0.396111 0.372533 0.034444 0.041118
0 0.188333 0.617599 0.034444 0.041118
0 0.138333 0.456414 0.034444 0.044408
0 0.861111 0.372533 0.033333 0.037829
0 0.654444 0.745888 0.037778 0.041118
0 0.706667 0.704770 0.035556 0.044408
0 0.860556 0.748355 0.036667 0.042763
0 0.605000 0.291941 0.034444 0.041118
0 0.448333 0.157072 0.034444 0.047697
0 0.241111 0.495066 0.035556 0.042763
0 0.239444 0.662829 0.034444 0.042763
0 0.913889 0.291118 0.036667 0.046053
0 0.188889 0.453125 0.035556 0.044408
0 0.860000 0.665296 0.035556 0.041118
0 0.654444 0.535362 0.035556 0.041118
0 0.188889 0.496711 0.033333 0.042763
0 0.656667 0.292763 0.035556 0.042763
0 0.605556 0.250000 0.033333 0.039474
0 0.604444 0.458059 0.035556 0.044408
0 0.551667 0.375000 0.034444 0.042763
0 0.448889 0.371711 0.033333 0.039474
0 0.861111 0.291118 0.033333 0.046053
0 0.860556 0.622533 0.034444 0.044408
0 0.605000 0.415296 0.034444 0.041118
0 0.706111 0.454770 0.032222 0.041118
0 0.552222 0.207237 0.033333 0.039474
0 0.810000 0.578947 0.035556 0.042763
0 0.396111 0.912007 0.036667 0.047697
0 0.655556 0.333059 0.033333 0.041118
0 0.343889 0.371711 0.032222 0.042763
0 0.603889 0.538651 0.034444 0.044408
0 0.448333 0.331414 0.032222 0.041118
0 0.240556 0.578125 0.034444 0.044408
0 0.448889 0.413651 0.035556 0.044408
0 0.188889 0.703947 0.035556 0.039474
0 0.758333 0.538651 0.034444 0.041118
0 0.605000 0.208059 0.034444 0.041118
0 0.137778 0.662007 0.035556 0.041118
0 0.604444 0.622533 0.033333 0.041118
0 0.758889 0.455592 0.035556 0.042763
0 0.706667 0.372533 0.033333 0.044408
0 0.552222 0.332237 0.033333 0.042763
0 0.809444 0.457237 0.034444 0.046053
0 0.655556 0.374178 0.033333 0.041118
0 0.760000 0.374178 0.035556 0.041118
0 0.605000 0.373355 0.034444 0.042763
0 0.706111 0.661184 0.034444 0.042763
0 0.188889 0.660362 0.035556 0.044408
0 0.757778 0.581414 0.035556 0.044408
0 0.654444 0.621711 0.035556 0.042763
0 0.656111 0.415296 0.034444 0.041118
0 0.654444 0.664474 0.035556 0.042763
0 0.655000 0.578947 0.034444 0.042763
0 0.913333 0.539474 0.035556 0.036184
0 0.085000 0.828947 0.034444 0.039474
0 0.448333 0.453125 0.030000 0.034539
0 0.848333 0.789474 0.021111 0.032895
0 0.396111 0.702303 0.034444 0.042763
0 0.500556 0.245066 0.043333 0.039474
0 0.087222 0.245888 0.036667 0.041118
0 0.395000 0.868421 0.034444 0.036184
0 0.085556 0.870066 0.035556 0.039474
0 0.706111 0.208882 0.036667 0.046053
0 0.603333 0.746711 0.033333 0.042763
0 0.603333 0.785362 0.033333 0.037829
0 0.086667 0.288651 0.035556 0.041118
0 0.603333 0.826480 0.028889 0.041118
0 0.395556 0.784539 0.035556 0.036184
0 0.846667 0.913651 0.024444 0.034539
0 0.240000 0.287829 0.033333 0.039474
0 0.872778 0.912829 0.023333 0.036184
0 0.602778 0.705592 0.034444 0.042763
0 0.501667 0.180921 0.041111 0.036184
0 0.137778 0.869243 0.035556 0.044408
0 0.501667 0.145559 0.043333 0.034539
0 0.501111 0.277961 0.044444 0.029605
0 0.873333 0.871711 0.022222 0.029605
0 0.501111 0.212171 0.044444 0.029605
0 0.502222 0.344572 0.044444 0.031250
0 0.872778 0.790296 0.021111 0.031250
0 0.502778 0.375822 0.043333 0.037829
0 0.797778 0.330592 0.022222 0.032895
0 0.847222 0.872533 0.023333 0.037829
0 0.241111 0.333059 0.033333 0.034539
0 0.137778 0.703125 0.035556 0.041118
0 0.706667 0.162007 0.035556 0.047697
0 0.136111 0.913651 0.036667 0.044408
0 0.086667 0.329770 0.037778 0.041118
0 0.345000 0.578947 0.032222 0.036184
0 0.848333 0.830592 0.023333 0.036184
0 0.395556 0.661184 0.035556 0.036184
0 0.823333 0.332237 0.022222 0.032895
0 0.138333 0.375000 0.034444 0.039474
0 0.396111 0.618421 0.034444 0.046053
0 0.873889 0.831414 0.021111 0.034539
0 0.757778 0.705592 0.035556 0.042763
0 0.138889 0.203125 0.035556 0.044408
0 0.706667 0.250822 0.033333 0.034539
0 0.911667 0.872533 0.034444 0.037829
0 0.240556 0.535362 0.036667 0.041118
0 0.344444 0.828125 0.035556 0.041118
0 0.086111 0.786184 0.036667 0.042763
0 0.345000 0.786184 0.034444 0.039474
0 0.448333 0.576480 0.030000 0.041118
0 0.344444 0.869243 0.035556 0.041118
0 0.912222 0.498355 0.035556 0.042763
0 0.343333 0.537829 0.033333 0.046053
0 0.913333 0.332237 0.035556 0.039474
0 0.086111 0.703947 0.036667 0.039474
0 0.138333 0.334704 0.034444 0.044408
0 0.138333 0.786184 0.034444 0.039474
0 0.345000 0.616776 0.032222 0.039474
0 0.086667 0.201480 0.035556 0.044408
0 0.240556 0.620066 0.032222 0.036184
0 0.798889 0.288651 0.020000 0.037829
0 0.137778 0.495888 0.033333 0.037829
0 0.086111 0.619243 0.034444 0.041118
0 0.084444 0.914474 0.037778 0.049342
0 0.087222 0.370066 0.034444 0.039474
0 0.513267 0.749984 0.022222 0.012500
0 0.343889 0.912007 0.036667 0.047697
0 0.911111 0.788651 0.033333 0.041118
0 0.822778 0.287829 0.021111 0.036184
0 0.912222 0.578947 0.033333 0.039474
0 0.189444 0.412007 0.034444 0.037829
0 0.138333 0.414474 0.034444 0.039474
0 0.502222 0.311678 0.042222 0.037829
0 0.137222 0.745888 0.034444 0.044408
0 0.396111 0.825658 0.036667 0.046053
