0 0.653889 0.448105 0.032222 0.042834
0 0.085000 0.156507 0.032222 0.046129
0 0.911111 0.366804 0.035556 0.038386
0 0.500000 0.485997 0.042222 0.032949
0 0.513889 0.738880 0.023333 0.031301
0 0.500556 0.275947 0.047778 0.031301
0 0.500000 0.207578 0.048889 0.029654
0 0.501667 0.341845 0.045556 0.031301
0 0.138889 0.616145 0.033333 0.039539
0 0.499444 0.177100 0.047778 0.034596
0 0.910556 0.197694 0.036667 0.046129
0 0.190556 0.789127 0.036667 0.046129
0 0.137778 0.332784 0.035556 0.039539
0 0.085556 0.500824 0.033333 0.042834
0 0.346111 0.829489 0.034444 0.037891
0 0.910556 0.409390 0.034444 0.041186
0 0.086111 0.786656 0.030000 0.034596
0 0.137778 0.579901 0.033333 0.039539
0 0.499444 0.241351 0.045556 0.041186
0 0.137778 0.453871 0.031111 0.041186
0 0.344444 0.453048 0.033333 0.029654
0 0.138333 0.703460 0.034444 0.042834
0 0.501111 0.373147 0.046667 0.037891
0 0.085556 0.579901 0.035556 0.039539
0 0.190556 0.828666 0.034444 0.039539
0 0.188889 0.454695 0.035556 0.036244
0 0.085556 0.540362 0.035556 0.039539
0 0.086111 0.457166 0.034444 0.044481
0 0.087778 0.869852 0.035556 0.042834
0 0.348333 0.575783 0.027778 0.037891
0 0.190556 0.746293 0.034444 0.046129
0 0.137222 0.413509 0.032222 0.039539
0 0.086111 0.620264 0.034444 0.044481
0 0.499444 0.444811 0.041111 0.042834
0 0.342778 0.197694 0.034444 0.042834
0 0.446111 0.286656 0.034444 0.042834
0 0.500556 0.306425 0.045556 0.039539
0 0.087222 0.826194 0.034444 0.044481
0 0.807778 0.366557 0.033333 0.037891
0 0.293889 0.704283 0.036667 0.044481
0 0.086667 0.663921 0.035556 0.042834
0 0.703889 0.198517 0.034444 0.044481
0 0.191111 0.869852 0.035556 0.042834
0 0.911667 0.700165 0.034444 0.046129
0 0.707778 0.738880 0.035556 0.044481
0 0.137778 0.372323 0.033333 0.036244
0 0.707778 0.821252 0.033333 0.037891
0 0.704444 0.367381 0.033333 0.042834
0 0.655556 0.910214 0.035556 0.047776
0 0.138333 0.537068 0.034444 0.046129
0 0.910000 0.242998 0.035556 0.044481
0 0.086667 0.705107 0.035556 0.039539
0 0.860000 0.906096 0.037778 0.042834
0 0.707778 0.697694 0.035556 0.037891
0 0.137778 0.493410 0.033333 0.041186
0 0.344444 0.412685 0.035556 0.044481
0 0.292222 0.329489 0.035556 0.039539
0 0.137778 0.660626 0.035556 0.046129
0 0.707778 0.780890 0.035556 0.042834
0 0.345556 0.867381 0.035556 0.044481
0 0.910000 0.327018 0.035556 0.041186
0 0.909444 0.285832 0.034444 0.041186
0 0.859444 0.447282 0.032222 0.037891
0 0.808889 0.906919 0.035556 0.041186
0 0.655556 0.782537 0.033333 0.036244
0 0.187222 0.413509 0.036667 0.042834
0 0.191111 0.915157 0.035556 0.047776
0 0.190000 0.704283 0.033333 0.041186
0 0.656111 0.867381 0.034444 0.041186
0 0.911111 0.448105 0.033333 0.039539
0 0.088333 0.913509 0.034444 0.041186
0 0.190000 0.616969 0.035556 0.041186
0 0.911667 0.532949 0.034444 0.041186
0 0.861667 0.698517 0.038889 0.042834
0 0.706667 0.910214 0.035556 0.044481
0 0.500000 0.140033 0.048889 0.042834
0 0.346111 0.742998 0.034444 0.039539
0 0.911667 0.572488 0.034444 0.041186
0 0.346111 0.785832 0.034444 0.046129
0 0.190000 0.578254 0.033333 0.039539
0 0.858333 0.196046 0.034444 0.046129
0 0.137778 0.290774 0.033333 0.041186
0 0.137778 0.201812 0.033333 0.044481
0 0.808889 0.532125 0.035556 0.039539
0 0.450000 0.910214 0.033333 0.044481
0 0.656111 0.822900 0.034444 0.044481
0 0.086667 0.746293 0.033333 0.042834
0 0.706111 0.615321 0.034444 0.041186
0 0.858889 0.365733 0.035556 0.036244
0 0.860556 0.822076 0.034444 0.042834
0 0.911111 0.614498 0.035556 0.042834
0 0.137778 0.789127 0.035556 0.046129
0 0.706667 0.864086 0.035556 0.044481
0 0.343333 0.289127 0.033333 0.041186
0 0.138333 0.744646 0.034444 0.042834
0 0.189444 0.541186 0.034444 0.037891
0 0.085000 0.202636 0.034444 0.042834
0 0.861111 0.742175 0.035556 0.041186
0 0.860556 0.864086 0.036667 0.041186
0 0.860000 0.532125 0.035556 0.039539
0 0.137778 0.246293 0.033333 0.044481
0 0.240000 0.327842 0.033333 0.039539
0 0.858333 0.239703 0.034444 0.044481
0 0.344444 0.370675 0.033333 0.042834
0 0.656111 0.741351 0.034444 0.042834
0 0.911667 0.656507 0.034444 0.041186
0 0.448889 0.781713 0.033333 0.037891
0 0.085000 0.328666 0.034444 0.041186
0 0.655556 0.614498 0.033333 0.036244
0 0.294444 0.747117 0.035556 0.041186
0 0.238889 0.289127 0.031111 0.037891
0 0.342778 0.243822 0.034444 0.046129
0 0.291667 0.286656 0.034444 0.046129
0 0.343889 0.329489 0.034444 0.039539
0 0.860556 0.780890 0.034444 0.039539
0 0.346111 0.537068 0.032222 0.042834
0 0.085556 0.287479 0.033333 0.041186
0 0.810000 0.827018 0.033333 0.039539
0 0.346667 0.614498 0.035556 0.039539
0 0.085556 0.371499 0.035556 0.041186
0 0.808889 0.655684 0.033333 0.039539
0 0.085556 0.413509 0.035556 0.042834
0 0.346111 0.913509 0.036667 0.047776
0 0.705556 0.532125 0.033333 0.042834
0 0.448889 0.866557 0.033333 0.042834
0 0.292778 0.577430 0.032222 0.037891
0 0.447778 0.153213 0.033333 0.046129
0 0.446667 0.326194 0.033333 0.039539
0 0.188333 0.329489 0.034444 0.039539
0 0.240556 0.411862 0.034444 0.039539
0 0.239444 0.200988 0.034444 0.046129
0 0.188889 0.369852 0.035556 0.044481
0 0.238889 0.246293 0.033333 0.044481
0 0.240000 0.496705 0.033333 0.044481
0 0.345556 0.703460 0.033333 0.039539
0 0.550556 0.286656 0.036667 0.039539
0 0.858889 0.406919 0.033333 0.042834
0 0.908889 0.149094 0.035556 0.051071
0 0.448333 0.741351 0.034444 0.036244
0 0.860000 0.489292 0.035556 0.046129
0 0.911667 0.490939 0.034444 0.042834
0 0.809444 0.742175 0.034444 0.041186
0 0.656111 0.654860 0.034444 0.044481
0 0.188333 0.496705 0.036667 0.047776
0 0.707778 0.658155 0.035556 0.041186
0 0.858333 0.150741 0.036667 0.047776
0 0.655000 0.698517 0.034444 0.042834
0 0.239444 0.152389 0.034444 0.047776
0 0.860000 0.614498 0.035556 0.042834
0 0.240556 0.451400 0.034444 0.042834
0 0.446667 0.242175 0.033333 0.046129
0 0.808889 0.616969 0.033333 0.041186
0 0.809444 0.867381 0.034444 0.041186
0 0.086111 0.244646 0.034444 0.041186
0 0.655556 0.574135 0.033333 0.041186
0 0.395000 0.285008 0.034444 0.052718
0 0.808889 0.784185 0.035556 0.046129
0 0.293333 0.660626 0.035556 0.046129
0 0.858333 0.282537 0.034444 0.041186
0 0.190000 0.660626 0.035556 0.046129
0 0.447778 0.493410 0.033333 0.041186
0 0.807778 0.406919 0.033333 0.042834
0 0.550556 0.242998 0.034444 0.041186
0 0.188333 0.246293 0.036667 0.041186
0 0.809444 0.697694 0.034444 0.044481
0 0.551111 0.198517 0.035556 0.041186
0 0.602222 0.327842 0.035556 0.042834
0 0.446667 0.199341 0.033333 0.042834
0 0.703889 0.242175 0.034444 0.042834
0 0.860000 0.573311 0.035556 0.042834
0 0.187778 0.287479 0.035556 0.041186
0 0.293333 0.369028 0.037778 0.042834
0 0.757778 0.448929 0.033333 0.037891
0 0.703889 0.324547 0.032222 0.042834
0 0.706667 0.574135 0.033333 0.041186
0 0.704444 0.409390 0.033333 0.041186
0 0.292778 0.411862 0.036667 0.042834
0 0.342778 0.151565 0.034444 0.049423
0 0.292778 0.454695 0.034444 0.042834
0 0.654444 0.408567 0.031111 0.039539
0 0.293889 0.616969 0.034444 0.041186
0 0.703889 0.151565 0.034444 0.046129
0 0.703889 0.283361 0.034444 0.039539
0 0.240556 0.369852 0.034444 0.044481
0 0.860556 0.657331 0.034444 0.042834
0 0.292778 0.496705 0.034444 0.041186
0 0.187222 0.200988 0.036667 0.046129
0 0.345000 0.492586 0.034444 0.046129
0 0.808889 0.494234 0.033333 0.039539
0 0.705000 0.450577 0.034444 0.041186
0 0.448889 0.824547 0.033333 0.044481
0 0.448333 0.577430 0.032222 0.037891
0 0.654444 0.532125 0.033333 0.042834
0 0.654444 0.491763 0.031111 0.041186
0 0.808889 0.450577 0.033333 0.044481
0 0.187778 0.154036 0.035556 0.047776
0 0.706111 0.490939 0.032222 0.039539
0 0.448333 0.536244 0.032222 0.044481
0 0.808889 0.574135 0.033333 0.044481
0 0.653889 0.368204 0.032222 0.041186
0 0.448333 0.452224 0.032222 0.041186
0 0.550556 0.152389 0.034444 0.047776
0 0.807222 0.327018 0.032222 0.041186
0 0.345000 0.659802 0.034444 0.047776
0 0.807222 0.281713 0.034444 0.046129
0 0.448333 0.658155 0.032222 0.041186
0 0.757778 0.577430 0.033333 0.044481
0 0.292222 0.537891 0.035556 0.041186
0 0.447222 0.368204 0.032222 0.044481
0 0.653333 0.281713 0.031111 0.046129
0 0.757778 0.491763 0.033333 0.041186
0 0.447778 0.616969 0.033333 0.041186
0 0.601667 0.282537 0.034444 0.047776
0 0.653333 0.327018 0.033333 0.041186
0 0.858889 0.325371 0.035556 0.044481
0 0.757222 0.533773 0.032222 0.042834
0 0.756667 0.367381 0.035556 0.039539
0 0.756111 0.282537 0.034444 0.044481
0 0.757778 0.409390 0.033333 0.044481
0 0.448889 0.699341 0.033333 0.044481
0 0.447778 0.411862 0.033333 0.042834
0 0.756667 0.326194 0.035556 0.042834
