0 0.517778 0.753268 0.022222 0.022876
0 0.517778 0.732843 0.022222 0.027778
0 0.910556 0.701797 0.023333 0.031046
0 0.505556 0.495915 0.040000 0.031046
0 0.931111 0.332516 0.024444 0.034314
0 0.194444 0.748366 0.035556 0.039216
0 0.910556 0.618464 0.023333 0.037582
0 0.194444 0.832516 0.033333 0.037582
0 0.089444 0.878268 0.036667 0.040850
0 0.934444 0.743464 0.022222 0.032680
0 0.507222 0.379085 0.038889 0.029412
0 0.921667 0.783497 0.036667 0.037582
0 0.658333 0.331699 0.034444 0.039216
0 0.932222 0.412582 0.024444 0.034314
0 0.088333 0.837418 0.036667 0.044118
0 0.910000 0.535948 0.022222 0.029412
0 0.910000 0.660131 0.022222 0.032680
0 0.660000 0.499183 0.033333 0.040850
0 0.908333 0.743464 0.023333 0.035948
0 0.192778 0.335784 0.034444 0.040850
0 0.194444 0.669118 0.037778 0.047386
0 0.089444 0.921569 0.036667 0.045752
0 0.934444 0.660131 0.022222 0.029412
0 0.931111 0.294118 0.022222 0.035948
0 0.193889 0.791667 0.036667 0.050654
0 0.935000 0.618464 0.021111 0.034314
0 0.193333 0.711601 0.035556 0.037582
0 0.908333 0.576797 0.021111 0.032680
0 0.933333 0.455882 0.024444 0.035948
0 0.933889 0.535131 0.021111 0.031046
0 0.906111 0.292484 0.021111 0.035948
0 0.087778 0.713235 0.035556 0.040850
0 0.935000 0.700980 0.023333 0.035948
0 0.907778 0.453431 0.022222 0.034314
0 0.817222 0.870098 0.034444 0.044118
0 0.087222 0.752451 0.036667 0.040850
0 0.712778 0.785131 0.032222 0.037582
0 0.906667 0.412582 0.022222 0.034314
0 0.933889 0.577614 0.023333 0.037582
0 0.453333 0.665850 0.033333 0.040850
0 0.932222 0.372549 0.022222 0.035948
0 0.933889 0.495098 0.023333 0.032680
0 0.505000 0.214052 0.041111 0.032680
0 0.088333 0.794935 0.036667 0.044118
0 0.558333 0.500817 0.036667 0.044118
0 0.816667 0.785948 0.033333 0.039216
0 0.088333 0.587418 0.034444 0.040850
0 0.762778 0.290850 0.032222 0.039216
0 0.243889 0.459967 0.032222 0.040850
0 0.243333 0.251634 0.037778 0.039216
0 0.713333 0.749183 0.035556 0.040850
0 0.348333 0.250000 0.032222 0.042484
0 0.557222 0.622549 0.034444 0.039216
0 0.140000 0.207516 0.033333 0.045752
0 0.245000 0.501634 0.034444 0.042484
0 0.296667 0.206699 0.035556 0.044118
0 0.557222 0.665033 0.036667 0.045752
0 0.348889 0.205065 0.031111 0.044118
0 0.816111 0.661765 0.032222 0.039216
0 0.764444 0.455882 0.035556 0.035948
0 0.608889 0.831699 0.037778 0.042484
0 0.762778 0.372549 0.030000 0.039216
0 0.297778 0.461601 0.035556 0.040850
0 0.140000 0.254085 0.035556 0.044118
0 0.402778 0.746732 0.034444 0.042484
0 0.608889 0.788399 0.035556 0.044118
0 0.764444 0.622549 0.035556 0.042484
0 0.660000 0.748366 0.037778 0.042484
0 0.244444 0.207516 0.033333 0.049020
0 0.297222 0.375817 0.034444 0.042484
0 0.766667 0.701797 0.037778 0.044118
0 0.660556 0.663399 0.032222 0.039216
0 0.866667 0.416667 0.033333 0.042484
0 0.298333 0.583333 0.034444 0.042484
0 0.609444 0.622549 0.034444 0.042484
0 0.815000 0.291667 0.034444 0.044118
0 0.403333 0.789216 0.035556 0.042484
0 0.608889 0.455065 0.033333 0.037582
0 0.816111 0.539216 0.032222 0.042484
0 0.351111 0.501634 0.033333 0.042484
0 0.659444 0.374183 0.034444 0.042484
0 0.401667 0.582516 0.034444 0.040850
0 0.454444 0.250000 0.033333 0.045752
0 0.712222 0.620915 0.035556 0.042484
0 0.245556 0.625817 0.037778 0.042484
0 0.710556 0.291667 0.032222 0.040850
0 0.556667 0.375817 0.031111 0.039216
0 0.816111 0.415033 0.034444 0.042484
0 0.607778 0.249183 0.033333 0.047386
0 0.557222 0.248366 0.034444 0.042484
0 0.295556 0.419118 0.035556 0.044118
0 0.763889 0.540033 0.036667 0.040850
0 0.866667 0.374183 0.033333 0.042484
0 0.815000 0.497549 0.034444 0.040850
0 0.401111 0.540850 0.035556 0.042484
0 0.243889 0.292484 0.034444 0.042484
0 0.763889 0.580882 0.036667 0.044118
0 0.400556 0.374183 0.034444 0.039216
0 0.711111 0.250000 0.031111 0.042484
0 0.765556 0.745915 0.037778 0.044118
0 0.816667 0.622549 0.033333 0.039216
0 0.658333 0.249183 0.034444 0.044118
0 0.244444 0.334967 0.033333 0.042484
0 0.607778 0.294118 0.033333 0.039216
0 0.763889 0.496732 0.034444 0.045752
0 0.453889 0.457516 0.036667 0.042484
0 0.660000 0.456699 0.033333 0.040850
0 0.661667 0.826797 0.036667 0.045752
0 0.556667 0.203431 0.035556 0.047386
0 0.401111 0.250000 0.035556 0.045752
0 0.659444 0.540033 0.034444 0.040850
0 0.401111 0.293301 0.035556 0.040850
0 0.505000 0.282516 0.043333 0.033007
0 0.866589 0.496422 0.036667 0.048725
0 0.401667 0.204248 0.032222 0.045752
0 0.087222 0.464052 0.036667 0.042484
0 0.348889 0.332516 0.033333 0.037582
0 0.453333 0.205065 0.031111 0.044118
0 0.087778 0.421569 0.035556 0.042484
0 0.609444 0.705882 0.034444 0.042484
0 0.297778 0.540033 0.033333 0.040850
0 0.455000 0.790033 0.034444 0.040850
0 0.191667 0.205882 0.036667 0.045752
0 0.299444 0.708333 0.036667 0.040850
0 0.402778 0.624183 0.034444 0.042484
0 0.245000 0.543301 0.036667 0.040850
0 0.454444 0.707516 0.033333 0.042484
0 0.243889 0.376634 0.032222 0.040850
0 0.140556 0.376634 0.036667 0.040850
0 0.765000 0.663399 0.036667 0.039216
0 0.558333 0.746732 0.034444 0.042484
0 0.296667 0.249183 0.033333 0.040850
0 0.298333 0.625000 0.034444 0.040850
0 0.658333 0.202614 0.036667 0.049020
0 0.296667 0.291667 0.031111 0.040850
0 0.453889 0.624183 0.034444 0.045752
0 0.660000 0.581699 0.033333 0.039216
0 0.608333 0.495915 0.032222 0.044118
0 0.609444 0.745915 0.036667 0.040850
0 0.713889 0.828431 0.036667 0.045752
0 0.505556 0.453431 0.040000 0.047386
0 0.556667 0.543301 0.035556 0.040850
0 0.711667 0.706699 0.036667 0.044118
0 0.710000 0.415850 0.035556 0.040850
0 0.660556 0.705065 0.036667 0.044118
0 0.710000 0.201797 0.035556 0.050654
0 0.763889 0.413399 0.034444 0.045752
0 0.608889 0.579248 0.035556 0.040850
0 0.816667 0.580882 0.035556 0.044118
0 0.607222 0.201797 0.034444 0.050654
0 0.658889 0.291667 0.035556 0.040850
0 0.710556 0.331699 0.034444 0.042484
0 0.243889 0.419118 0.034444 0.044118
0 0.710556 0.374183 0.034444 0.042484
0 0.608333 0.375000 0.034444 0.040850
0 0.711667 0.455882 0.034444 0.039216
0 0.608889 0.415850 0.035556 0.040850
0 0.556667 0.458333 0.033333 0.040850
0 0.452778 0.293301 0.034444 0.040850
0 0.401667 0.334150 0.034444 0.040850
0 0.816111 0.372549 0.034444 0.042484
0 0.348889 0.459967 0.033333 0.040850
0 0.453333 0.376634 0.035556 0.040850
0 0.712778 0.580065 0.034444 0.042484
0 0.609444 0.538399 0.036667 0.040850
0 0.348889 0.372549 0.033333 0.042484
0 0.816111 0.456699 0.034444 0.040850
0 0.607778 0.334150 0.035556 0.040850
0 0.556111 0.291667 0.034444 0.044118
0 0.711667 0.663399 0.036667 0.042484
0 0.400556 0.415033 0.034444 0.042484
0 0.711667 0.497549 0.034444 0.044118
0 0.608889 0.665033 0.035556 0.042484
0 0.348889 0.417484 0.035556 0.044118
0 0.350000 0.292484 0.037778 0.042484
0 0.401667 0.458333 0.034444 0.044118
0 0.867222 0.333333 0.030000 0.039216
0 0.087778 0.504085 0.035556 0.037582
0 0.245556 0.832516 0.035556 0.040850
0 0.922222 0.870098 0.037778 0.044118
0 0.298889 0.871732 0.035556 0.037582
0 0.246667 0.917484 0.035556 0.040850
0 0.088333 0.627451 0.034444 0.042484
0 0.505000 0.149510 0.043333 0.034314
0 0.557778 0.871732 0.031111 0.044118
0 0.921667 0.825163 0.036667 0.042484
0 0.195000 0.875000 0.036667 0.047386
0 0.505000 0.181373 0.041111 0.035948
0 0.088333 0.670752 0.036667 0.044118
0 0.403333 0.915850 0.035556 0.047386
0 0.246111 0.874183 0.036667 0.045752
0 0.245000 0.792484 0.036667 0.042484
0 0.192222 0.460784 0.035556 0.042484
0 0.817222 0.914216 0.038889 0.044118
0 0.455000 0.872549 0.034444 0.045752
0 0.453333 0.333333 0.035556 0.039216
0 0.402222 0.872549 0.033333 0.042484
0 0.908333 0.493464 0.023333 0.039216
0 0.906667 0.331699 0.022222 0.035948
0 0.923889 0.911765 0.036667 0.042484
0 0.245000 0.750000 0.036667 0.042484
0 0.662222 0.915033 0.035556 0.045752
0 0.453889 0.915850 0.034444 0.040850
0 0.088333 0.338235 0.034444 0.039216
0 0.815000 0.155229 0.034444 0.052288
0 0.298333 0.833333 0.036667 0.039216
0 0.557222 0.830065 0.030000 0.039216
0 0.816667 0.747549 0.035556 0.040850
0 0.765556 0.786765 0.035556 0.037582
0 0.455000 0.830065 0.032222 0.039216
0 0.088889 0.544935 0.037778 0.044118
0 0.245556 0.707516 0.035556 0.042484
0 0.453889 0.747549 0.034444 0.040850
0 0.865556 0.290033 0.028889 0.047386
0 0.661111 0.871732 0.035556 0.044118
0 0.815000 0.332516 0.032222 0.037582
0 0.298889 0.749183 0.035556 0.040850
0 0.299444 0.916667 0.034444 0.049020
0 0.350556 0.581699 0.032222 0.039216
0 0.193889 0.584150 0.034444 0.040850
0 0.766111 0.915033 0.036667 0.042484
0 0.866111 0.455065 0.032222 0.034314
0 0.557222 0.334967 0.034444 0.045752
0 0.297222 0.333333 0.034444 0.042484
0 0.088889 0.251634 0.035556 0.039216
0 0.195000 0.920752 0.038889 0.044118
0 0.088333 0.209150 0.034444 0.045752
0 0.351111 0.541667 0.028889 0.037582
0 0.246111 0.667484 0.034444 0.040850
0 0.402222 0.705882 0.031111 0.039216
0 0.453889 0.580882 0.034444 0.037582
0 0.713333 0.872549 0.037778 0.045752
0 0.661111 0.786765 0.035556 0.037582
0 0.609444 0.915850 0.036667 0.040850
0 0.815556 0.205065 0.033333 0.044118
0 0.192778 0.417484 0.034444 0.044118
0 0.712778 0.915033 0.036667 0.039216
0 0.765000 0.870915 0.036667 0.042484
0 0.504444 0.248366 0.042222 0.039216
0 0.193333 0.625817 0.035556 0.042484
0 0.765556 0.828431 0.035556 0.042484
0 0.906111 0.370915 0.021111 0.035948
0 0.191667 0.504902 0.034444 0.042484
0 0.192778 0.544118 0.034444 0.039216
0 0.816111 0.826797 0.034444 0.042484
0 0.557778 0.790033 0.033333 0.040850
0 0.192222 0.250000 0.035556 0.042484
0 0.350556 0.623366 0.032222 0.044118
0 0.087222 0.161765 0.036667 0.045752
0 0.559444 0.915850 0.036667 0.040850
0 0.140556 0.335784 0.036667 0.040850
0 0.557222 0.416667 0.032222 0.039216
0 0.610000 0.872549 0.035556 0.042484
0 0.762778 0.331699 0.032222 0.042484
0 0.298333 0.666667 0.036667 0.042484
0 0.088333 0.377451 0.034444 0.042484
0 0.557778 0.705882 0.035556 0.039216
0 0.192778 0.375000 0.036667 0.040850
0 0.556667 0.583333 0.035556 0.039216
0 0.400556 0.500817 0.034444 0.040850
0 0.659444 0.622549 0.034444 0.039216
0 0.453889 0.543301 0.034444 0.037582
0 0.763333 0.201797 0.037778 0.050654
0 0.402778 0.831699 0.032222 0.039216
0 0.140000 0.295752 0.033333 0.039216
0 0.402222 0.665850 0.033333 0.040850
0 0.762778 0.249183 0.036667 0.044118
0 0.297222 0.160948 0.034444 0.047386
0 0.298333 0.791667 0.036667 0.044118
0 0.711667 0.538399 0.030000 0.040850
0 0.660556 0.415033 0.034444 0.039216
0 0.453889 0.503268 0.038889 0.045752
0 0.816111 0.704248 0.034444 0.045752
0 0.297778 0.500817 0.035556 0.040850
0 0.087778 0.295752 0.037778 0.045752
0 0.140556 0.421569 0.036667 0.049020
0 0.192778 0.294118 0.036667 0.045752
0 0.815000 0.248366 0.034444 0.042484
0 0.245556 0.584150 0.035556 0.040850
0 0.453333 0.415850 0.033333 0.037582
0 0.506667 0.347958 0.042222 0.032516
0 0.506667 0.315359 0.042222 0.035948
