0 0.654444 0.491776 0.035556 0.039474
0 0.705000 0.445724 0.034444 0.042763
0 0.602778 0.240132 0.032222 0.039474
0 0.501111 0.236020 0.044444 0.041118
0 0.090000 0.148849 0.037778 0.047697
0 0.655000 0.573191 0.032222 0.037829
0 0.191111 0.618421 0.035556 0.042763
0 0.190556 0.450658 0.034444 0.039474
0 0.241667 0.409539 0.034444 0.036184
0 0.860000 0.405428 0.033333 0.041118
0 0.450000 0.492599 0.033333 0.037829
0 0.552778 0.491776 0.034444 0.042763
0 0.757778 0.282072 0.033333 0.037829
0 0.552222 0.324013 0.035556 0.039474
0 0.552222 0.365132 0.035556 0.039474
0 0.553333 0.741776 0.035556 0.046053
0 0.911667 0.275493 0.036667 0.047697
0 0.911667 0.323191 0.036667 0.044408
0 0.704444 0.144737 0.033333 0.049342
0 0.703889 0.238487 0.032222 0.042763
0 0.294444 0.660362 0.037778 0.047697
0 0.654444 0.449836 0.035556 0.041118
0 0.450000 0.574013 0.033333 0.039474
0 0.807778 0.408717 0.033333 0.041118
0 0.553333 0.406250 0.033333 0.042763
0 0.552222 0.449013 0.033333 0.039474
0 0.242778 0.828947 0.032222 0.046053
0 0.295000 0.321546 0.032222 0.041118
0 0.293333 0.363487 0.033333 0.042763
0 0.652778 0.323191 0.034444 0.041118
0 0.654444 0.532072 0.035556 0.041118
0 0.296111 0.148026 0.036667 0.046053
0 0.191111 0.576480 0.035556 0.041118
0 0.704444 0.281250 0.033333 0.042763
0 0.295000 0.236020 0.034444 0.044408
0 0.860556 0.532072 0.034444 0.044408
0 0.652222 0.148026 0.037778 0.046053
0 0.807778 0.279605 0.035556 0.046053
0 0.294444 0.574836 0.033333 0.041118
0 0.653333 0.280428 0.033333 0.041118
0 0.191111 0.361842 0.035556 0.042763
0 0.294444 0.615954 0.033333 0.037829
0 0.860556 0.446546 0.034444 0.041118
0 0.140556 0.192434 0.034444 0.049342
0 0.141111 0.240132 0.035556 0.042763
0 0.756667 0.240954 0.035556 0.044408
0 0.242222 0.533717 0.033333 0.041118
0 0.346111 0.146382 0.034444 0.049342
0 0.602222 0.281250 0.033333 0.042763
0 0.757222 0.405428 0.034444 0.041118
0 0.241667 0.449013 0.032222 0.042763
0 0.705000 0.193257 0.032222 0.044408
0 0.450000 0.533717 0.035556 0.044408
0 0.242222 0.618421 0.033333 0.042763
0 0.242778 0.745888 0.032222 0.041118
0 0.860000 0.364309 0.033333 0.041118
0 0.242222 0.491776 0.033333 0.039474
0 0.808889 0.569901 0.035556 0.047697
0 0.807778 0.324836 0.033333 0.041118
0 0.552778 0.148026 0.032222 0.049342
0 0.553333 0.701480 0.035556 0.037829
0 0.294444 0.491776 0.035556 0.039474
0 0.294444 0.279605 0.035556 0.042763
0 0.346667 0.237664 0.035556 0.044408
0 0.190556 0.323191 0.034444 0.037829
0 0.242222 0.280428 0.033333 0.041118
0 0.860556 0.487664 0.034444 0.041118
0 0.755000 0.146382 0.038889 0.049342
0 0.242778 0.367599 0.036667 0.044408
0 0.858333 0.192434 0.036667 0.042763
0 0.858889 0.143914 0.037778 0.047697
0 0.191111 0.236842 0.033333 0.046053
0 0.654444 0.408717 0.035556 0.041118
0 0.652778 0.238487 0.034444 0.046053
0 0.757222 0.448191 0.036667 0.044408
0 0.191111 0.408717 0.035556 0.044408
0 0.242778 0.323191 0.034444 0.044408
0 0.450000 0.450658 0.035556 0.042763
0 0.655000 0.613487 0.036667 0.042763
0 0.346667 0.324836 0.035556 0.041118
0 0.241667 0.662007 0.034444 0.041118
0 0.602222 0.324836 0.035556 0.044408
0 0.399444 0.237664 0.036667 0.044408
0 0.552222 0.658717 0.033333 0.044408
0 0.602778 0.146382 0.036667 0.049342
0 0.450000 0.325658 0.035556 0.042763
0 0.347222 0.192434 0.034444 0.042763
0 0.513889 0.747533 0.021111 0.024671
0 0.513889 0.723931 0.021111 0.023520
0 0.347222 0.282072 0.036667 0.044408
0 0.450000 0.278783 0.035556 0.047697
0 0.756667 0.364309 0.035556 0.041118
0 0.501667 0.444079 0.041111 0.046053
0 0.653333 0.365954 0.035556 0.044408
0 0.552778 0.240132 0.036667 0.042763
0 0.755556 0.194901 0.037778 0.047697
0 0.242222 0.191612 0.035556 0.050987
0 0.242778 0.703125 0.034444 0.041118
0 0.552222 0.196546 0.033333 0.044408
0 0.242222 0.575658 0.035556 0.042763
0 0.449444 0.406250 0.036667 0.046053
0 0.191667 0.281250 0.034444 0.042763
0 0.398889 0.282072 0.035556 0.044408
0 0.398333 0.193257 0.036667 0.044408
0 0.398889 0.144737 0.037778 0.049342
0 0.242778 0.238487 0.034444 0.042763
0 0.449444 0.618421 0.036667 0.046053
0 0.652778 0.194079 0.036667 0.042763
0 0.293333 0.449013 0.035556 0.042763
0 0.757222 0.323191 0.034444 0.041118
0 0.294444 0.407072 0.035556 0.041118
0 0.347222 0.368421 0.036667 0.046053
0 0.859444 0.323191 0.034444 0.041118
0 0.705556 0.404605 0.033333 0.036184
0 0.858889 0.236020 0.035556 0.047697
0 0.089444 0.238487 0.036667 0.046053
0 0.552778 0.614309 0.032222 0.037829
0 0.859444 0.279605 0.034444 0.042763
0 0.242222 0.786184 0.033333 0.039474
0 0.292778 0.532072 0.034444 0.041118
0 0.502778 0.340461 0.043333 0.032895
0 0.502778 0.368421 0.043333 0.032895
0 0.808333 0.488487 0.032222 0.039474
0 0.808333 0.449013 0.030000 0.036184
0 0.502222 0.485197 0.040000 0.029605
0 0.501667 0.203125 0.045556 0.027961
0 0.705000 0.364309 0.034444 0.044408
0 0.293333 0.703947 0.033333 0.039474
0 0.191111 0.659539 0.033333 0.039474
0 0.191111 0.870888 0.033333 0.037829
0 0.861667 0.909539 0.036667 0.042763
0 0.862222 0.866776 0.035556 0.042763
0 0.501667 0.171053 0.043333 0.036184
0 0.293333 0.871711 0.035556 0.046053
0 0.705556 0.534539 0.035556 0.046053
0 0.911111 0.365132 0.035556 0.039474
0 0.553333 0.787007 0.035556 0.041118
0 0.501667 0.136513 0.043333 0.036184
0 0.087778 0.363487 0.033333 0.039474
0 0.553333 0.828125 0.035556 0.044408
0 0.191667 0.743421 0.036667 0.039474
0 0.552222 0.529605 0.035556 0.032895
0 0.501667 0.270559 0.043333 0.031250
0 0.705556 0.491776 0.033333 0.042763
0 0.191111 0.786184 0.035556 0.046053
0 0.087778 0.495888 0.037778 0.041118
0 0.087778 0.406250 0.035556 0.046053
0 0.552778 0.571546 0.036667 0.044408
0 0.294444 0.741776 0.033333 0.039474
0 0.861111 0.574836 0.035556 0.044408
0 0.808333 0.366776 0.034444 0.046053
0 0.191111 0.702303 0.035556 0.042763
0 0.552222 0.868421 0.035556 0.039474
0 0.860556 0.615132 0.034444 0.036184
0 0.862222 0.741776 0.033333 0.039474
0 0.602778 0.194901 0.034444 0.047697
0 0.552778 0.912829 0.036667 0.049342
0 0.862778 0.827303 0.034444 0.039474
0 0.191111 0.534539 0.035556 0.042763
0 0.191111 0.912829 0.035556 0.046053
0 0.450556 0.364309 0.034444 0.031250
0 0.860556 0.699836 0.032222 0.041118
0 0.861667 0.782895 0.036667 0.042763
0 0.861111 0.656250 0.035556 0.042763
0 0.295556 0.915296 0.035556 0.041118
0 0.087778 0.538651 0.037778 0.044408
0 0.295000 0.783717 0.034444 0.041118
0 0.088333 0.279605 0.034444 0.036184
0 0.552778 0.282895 0.034444 0.039474
0 0.087778 0.452303 0.037778 0.042763
0 0.088889 0.321546 0.035556 0.044408
0 0.190556 0.830592 0.036667 0.042763
0 0.295000 0.192434 0.032222 0.039474
0 0.192778 0.146382 0.034444 0.042763
0 0.296111 0.827303 0.034444 0.042763
0 0.911111 0.406250 0.035556 0.046053
0 0.190556 0.492599 0.034444 0.041118
0 0.192222 0.190789 0.033333 0.042763
0 0.502778 0.304276 0.043333 0.039474
0 0.808333 0.528783 0.034444 0.037829
0 0.088889 0.193257 0.035556 0.041118
0 0.705556 0.322368 0.033333 0.039474
