0 0.703889 0.245082 0.036667 0.040984
0 0.499444 0.242787 0.043333 0.039672
0 0.138333 0.152131 0.034444 0.045246
0 0.499289 0.139574 0.045556 0.036066
0 0.500000 0.176148 0.044444 0.041148
0 0.137778 0.197541 0.033333 0.044262
0 0.501111 0.374508 0.044444 0.034590
0 0.513656 0.757492 0.020400 0.014852
0 0.513456 0.741664 0.020533 0.016410
0 0.513256 0.727984 0.020133 0.011738
0 0.501456 0.344721 0.044511 0.031902
0 0.705556 0.706557 0.031111 0.042623
0 0.808889 0.623770 0.033333 0.040984
0 0.396111 0.453279 0.034444 0.037705
0 0.446667 0.579508 0.035556 0.040984
0 0.241111 0.201639 0.035556 0.039344
0 0.551667 0.708197 0.036667 0.042623
0 0.808333 0.496721 0.034444 0.045902
0 0.758333 0.792623 0.036667 0.047541
0 0.343333 0.496721 0.031111 0.042623
0 0.703889 0.495082 0.034444 0.039344
0 0.703889 0.288525 0.034444 0.042623
0 0.806667 0.289344 0.035556 0.040984
0 0.240556 0.495082 0.032222 0.042623
0 0.859444 0.537705 0.034444 0.042623
0 0.342222 0.410656 0.033333 0.044262
0 0.343333 0.329508 0.033333 0.036066
0 0.551667 0.289344 0.030000 0.040984
0 0.188333 0.411475 0.032222 0.042623
0 0.499444 0.449180 0.041111 0.045902
0 0.395556 0.198361 0.033333 0.049180
0 0.858333 0.156557 0.036667 0.047541
0 0.653333 0.750000 0.033333 0.040984
0 0.601667 0.414754 0.032222 0.039344
0 0.705000 0.455738 0.032222 0.039344
0 0.342778 0.452459 0.032222 0.042623
0 0.807778 0.372131 0.035556 0.042623
0 0.292222 0.495082 0.033333 0.049180
0 0.551111 0.748361 0.035556 0.040984
0 0.703333 0.375410 0.033333 0.042623
0 0.291667 0.413115 0.034444 0.039344
0 0.704444 0.747541 0.033333 0.039344
0 0.858889 0.247541 0.035556 0.042623
0 0.239444 0.577869 0.034444 0.044262
0 0.551667 0.371311 0.034444 0.040984
0 0.551667 0.620492 0.034444 0.044262
0 0.809444 0.705738 0.032222 0.040984
0 0.757778 0.667213 0.033333 0.045902
0 0.809444 0.788525 0.034444 0.042623
0 0.860556 0.748361 0.034444 0.040984
0 0.860556 0.622131 0.034444 0.040984
0 0.859444 0.495082 0.036667 0.042623
0 0.188333 0.282787 0.032222 0.047541
0 0.859444 0.204918 0.036667 0.042623
0 0.808333 0.582787 0.034444 0.040984
0 0.603333 0.745902 0.033333 0.039344
0 0.446111 0.495902 0.027778 0.040984
0 0.705000 0.536885 0.034444 0.040984
0 0.703889 0.202459 0.036667 0.044262
0 0.292778 0.195902 0.034444 0.050820
0 0.240000 0.283607 0.035556 0.045902
0 0.551111 0.787705 0.033333 0.040984
0 0.652778 0.330328 0.032222 0.037705
0 0.705000 0.624590 0.032222 0.042623
0 0.602222 0.326230 0.035556 0.049180
0 0.652778 0.286885 0.034444 0.045902
0 0.704444 0.414754 0.033333 0.039344
0 0.291667 0.451639 0.032222 0.037705
0 0.136111 0.286066 0.034444 0.044262
0 0.858889 0.292623 0.035556 0.044262
0 0.757222 0.748361 0.032222 0.040984
0 0.146667 0.869672 0.022222 0.034426
0 0.500556 0.491803 0.043333 0.029508
0 0.146667 0.786066 0.022222 0.034426
0 0.603333 0.869672 0.033333 0.044262
0 0.121111 0.913115 0.022222 0.036066
0 0.603333 0.499180 0.033333 0.044262
0 0.237222 0.787705 0.030000 0.040984
0 0.446111 0.915574 0.034444 0.040984
0 0.082778 0.832787 0.034444 0.039344
0 0.655000 0.786885 0.034444 0.036066
0 0.238333 0.706557 0.034444 0.042623
0 0.395556 0.619672 0.033333 0.042623
0 0.551111 0.918852 0.037778 0.044262
0 0.135556 0.328689 0.035556 0.037705
0 0.602778 0.828689 0.030000 0.040984
0 0.082778 0.661475 0.034444 0.037705
0 0.240000 0.368852 0.035556 0.045902
0 0.083889 0.368852 0.034444 0.042623
0 0.446667 0.871311 0.035556 0.044262
0 0.549444 0.874590 0.036667 0.044262
0 0.861111 0.788525 0.033333 0.042623
0 0.706111 0.871311 0.036667 0.044262
0 0.756667 0.289344 0.033333 0.037705
0 0.238889 0.412295 0.033333 0.044262
0 0.500556 0.310656 0.043333 0.040984
0 0.809444 0.913115 0.036667 0.045902
0 0.395000 0.661475 0.034444 0.044262
0 0.859444 0.414754 0.036667 0.042623
0 0.240000 0.453279 0.031111 0.037705
0 0.187778 0.456557 0.033333 0.047541
0 0.602778 0.245082 0.034444 0.034426
0 0.654444 0.917213 0.037778 0.047541
0 0.082222 0.575410 0.033333 0.042623
0 0.446111 0.708197 0.034444 0.039344
0 0.446111 0.748361 0.034444 0.040984
0 0.705000 0.830328 0.034444 0.040984
0 0.602778 0.538525 0.032222 0.034426
0 0.807778 0.247541 0.035556 0.039344
0 0.133889 0.623770 0.036667 0.040984
0 0.550556 0.829508 0.032222 0.042623
0 0.082222 0.748361 0.035556 0.040984
0 0.084444 0.326230 0.035556 0.042623
0 0.861111 0.829508 0.035556 0.042623
0 0.136667 0.494262 0.035556 0.040984
0 0.082778 0.618852 0.034444 0.044262
0 0.135556 0.577869 0.037778 0.047541
0 0.083889 0.409836 0.034444 0.042623
0 0.238333 0.621311 0.034444 0.042623
0 0.757778 0.496721 0.033333 0.039344
0 0.705000 0.788525 0.034444 0.042623
0 0.343333 0.622131 0.033333 0.034426
0 0.551111 0.198361 0.033333 0.042623
0 0.446111 0.666393 0.034444 0.044262
0 0.551111 0.498361 0.033333 0.042623
0 0.082778 0.790164 0.034444 0.045902
0 0.393889 0.747541 0.036667 0.042623
0 0.807222 0.330328 0.034444 0.040984
0 0.808889 0.664754 0.028889 0.040984
0 0.342778 0.706557 0.034444 0.045902
0 0.240000 0.327049 0.033333 0.040984
0 0.602222 0.664754 0.033333 0.044262
0 0.860556 0.662295 0.032222 0.039344
0 0.654444 0.872131 0.035556 0.042623
0 0.754444 0.154918 0.035556 0.044262
0 0.860000 0.704918 0.033333 0.045902
0 0.083333 0.452459 0.035556 0.042623
0 0.241111 0.156557 0.035556 0.047541
0 0.240556 0.240164 0.034444 0.037705
0 0.292778 0.286885 0.034444 0.036066
0 0.082778 0.704098 0.036667 0.047541
0 0.756667 0.248361 0.033333 0.044262
0 0.395556 0.578689 0.033333 0.039344
0 0.447222 0.454918 0.025556 0.037705
0 0.447778 0.244262 0.033333 0.036066
0 0.393889 0.705738 0.036667 0.044262
0 0.342778 0.663115 0.034444 0.044262
0 0.238333 0.829508 0.034444 0.042623
0 0.705000 0.331967 0.034444 0.044262
0 0.147222 0.702459 0.023333 0.037705
0 0.238889 0.872951 0.035556 0.044262
0 0.342222 0.871311 0.033333 0.040984
0 0.096111 0.285246 0.023333 0.036066
0 0.498889 0.209836 0.046667 0.029508
0 0.148889 0.913115 0.024444 0.039344
0 0.121111 0.869672 0.022222 0.034426
0 0.121667 0.662295 0.021111 0.029508
0 0.910556 0.203279 0.034444 0.045902
0 0.500000 0.277869 0.044444 0.031148
0 0.135556 0.536066 0.037778 0.042623
0 0.147222 0.827869 0.023333 0.032787
0 0.342778 0.915574 0.036667 0.047541
0 0.238889 0.916393 0.035556 0.039344
0 0.122222 0.827869 0.022222 0.039344
0 0.342222 0.747541 0.033333 0.036066
0 0.121667 0.704098 0.021111 0.040984
0 0.122778 0.744262 0.021111 0.032787
0 0.147222 0.663115 0.023333 0.034426
0 0.342222 0.830328 0.031111 0.037705
0 0.602222 0.281967 0.033333 0.039344
0 0.808889 0.868033 0.037778 0.044262
0 0.393889 0.917213 0.038889 0.040984
0 0.082778 0.872131 0.034444 0.042623
0 0.082778 0.535246 0.032222 0.040984
0 0.237778 0.748361 0.033333 0.040984
0 0.121111 0.786066 0.022222 0.037705
0 0.859444 0.373770 0.034444 0.039344
0 0.755556 0.202459 0.035556 0.047541
0 0.083333 0.494262 0.033333 0.037705
0 0.861111 0.871311 0.033333 0.040984
0 0.082778 0.916393 0.036667 0.045902
0 0.446111 0.828689 0.034444 0.040984
0 0.652222 0.246721 0.033333 0.040984
0 0.136111 0.411475 0.034444 0.036066
0 0.393333 0.872951 0.037778 0.044262
0 0.911111 0.250000 0.035556 0.047541
0 0.603333 0.786066 0.033333 0.040984
0 0.147778 0.744262 0.024444 0.036066
0 0.807778 0.454098 0.033333 0.039344
0 0.238333 0.663934 0.034444 0.042623
0 0.602778 0.912295 0.036667 0.044262
0 0.446111 0.787705 0.036667 0.040984
0 0.860556 0.914754 0.034444 0.045902
0 0.808889 0.829508 0.035556 0.039344
0 0.238889 0.536885 0.028889 0.037705
0 0.551667 0.536066 0.032222 0.036066
0 0.911111 0.155738 0.035556 0.049180
0 0.704444 0.665574 0.031111 0.039344
0 0.342778 0.788525 0.034444 0.045902
0 0.807778 0.413934 0.033333 0.040984
0 0.705556 0.913934 0.035556 0.040984
0 0.135556 0.451639 0.035556 0.040984
0 0.860000 0.454098 0.033333 0.039344
0 0.857778 0.333607 0.037778 0.040984
0 0.394444 0.787705 0.035556 0.040984
0 0.136111 0.368852 0.034444 0.042623
0 0.757778 0.709016 0.028889 0.037705
0 0.137778 0.241803 0.033333 0.044262
0 0.395000 0.829508 0.036667 0.042623
0 0.446111 0.537705 0.034444 0.042623
0 0.602222 0.457377 0.031111 0.042623
0 0.187222 0.327869 0.034444 0.042623
0 0.343333 0.537705 0.033333 0.045902
0 0.756111 0.414754 0.034444 0.039344
0 0.550556 0.576230 0.034444 0.044262
0 0.704444 0.153279 0.035556 0.047541
0 0.757778 0.456557 0.035556 0.040984
0 0.603333 0.706557 0.031111 0.039344
0 0.808889 0.745902 0.033333 0.042623
0 0.292222 0.326230 0.033333 0.042623
0 0.551667 0.456557 0.034444 0.044262
0 0.186667 0.370492 0.035556 0.042623
0 0.704444 0.579508 0.035556 0.044262
0 0.551667 0.329508 0.034444 0.042623
0 0.396111 0.245082 0.036667 0.044262
0 0.446667 0.622951 0.035556 0.045902
0 0.293333 0.244262 0.037778 0.045902
0 0.654444 0.540984 0.033333 0.039344
0 0.653889 0.581967 0.034444 0.039344
0 0.652778 0.414754 0.034444 0.039344
0 0.859444 0.581148 0.036667 0.044262
0 0.808333 0.540984 0.034444 0.042623
0 0.757778 0.623770 0.031111 0.040984
0 0.343333 0.581148 0.033333 0.044262
0 0.653889 0.454918 0.034444 0.040984
0 0.343333 0.368852 0.033333 0.042623
0 0.808889 0.203279 0.035556 0.049180
0 0.654444 0.828689 0.035556 0.044262
0 0.653889 0.664754 0.036667 0.040984
0 0.395556 0.539344 0.033333 0.039344
0 0.756111 0.374590 0.034444 0.040984
0 0.653333 0.707377 0.035556 0.044262
0 0.757778 0.581148 0.035556 0.044262
0 0.344444 0.196721 0.035556 0.049180
0 0.757778 0.538525 0.035556 0.044262
0 0.756667 0.331148 0.035556 0.042623
0 0.291667 0.371311 0.034444 0.044262
0 0.601667 0.372951 0.034444 0.044262
0 0.551667 0.663934 0.036667 0.045902
0 0.602778 0.622131 0.034444 0.044262
0 0.653333 0.497541 0.033333 0.044262
0 0.446667 0.372131 0.035556 0.039344
0 0.396111 0.413115 0.032222 0.042623
0 0.343889 0.243443 0.034444 0.044262
0 0.396111 0.371311 0.030000 0.040984
0 0.652778 0.372131 0.034444 0.045902
0 0.603333 0.578689 0.033333 0.042623
0 0.447778 0.198361 0.035556 0.052459
0 0.602778 0.200000 0.036667 0.052459
0 0.652222 0.200820 0.033333 0.050820
0 0.652778 0.622131 0.036667 0.044262
0 0.396111 0.329508 0.034444 0.042623
0 0.551111 0.244262 0.037778 0.045902
0 0.395000 0.495082 0.034444 0.049180
0 0.552222 0.413934 0.035556 0.040984
0 0.447778 0.331148 0.035556 0.042623
0 0.396111 0.288525 0.034444 0.039344
0 0.447222 0.413934 0.034444 0.044262
0 0.448333 0.286066 0.034444 0.047541
0 0.343889 0.288525 0.034444 0.045902
