0 0.759444 0.363711 0.034444 0.044335
0 0.760000 0.701970 0.035556 0.044335
0 0.128333 0.822660 0.021111 0.032841
0 0.875556 0.364532 0.022222 0.032841
0 0.902778 0.909688 0.023333 0.032841
0 0.772778 0.911330 0.021111 0.032841
0 0.153333 0.781609 0.022222 0.032841
0 0.128889 0.740558 0.022222 0.032841
0 0.774444 0.867816 0.022222 0.034483
0 0.153889 0.825944 0.023333 0.039409
0 0.823889 0.742200 0.021111 0.032841
0 0.748333 0.909688 0.023333 0.032841
0 0.504444 0.334975 0.044444 0.032841
0 0.927778 0.912151 0.022222 0.034483
0 0.823333 0.782430 0.020000 0.031199
0 0.926111 0.406404 0.021111 0.031199
0 0.823889 0.404762 0.018889 0.034483
0 0.927222 0.867816 0.023333 0.037767
0 0.657778 0.701970 0.037778 0.044335
0 0.128333 0.780788 0.023333 0.037767
0 0.775000 0.824302 0.021111 0.036125
0 0.926667 0.784893 0.022222 0.032841
0 0.504444 0.366174 0.046667 0.036125
0 0.696111 0.781609 0.021111 0.032841
0 0.772222 0.404762 0.022222 0.034483
0 0.178333 0.445813 0.023333 0.031199
0 0.748889 0.782430 0.022222 0.031199
0 0.927222 0.824302 0.023333 0.032841
0 0.823333 0.444992 0.017778 0.029557
0 0.926111 0.444171 0.023333 0.037767
0 0.747778 0.864532 0.022222 0.037767
0 0.503333 0.527915 0.028889 0.037767
0 0.771667 0.445813 0.023333 0.037767
0 0.874444 0.278325 0.022222 0.034483
0 0.902222 0.867816 0.024444 0.037767
0 0.861667 0.702791 0.034444 0.049261
0 0.926667 0.744663 0.022222 0.034483
0 0.875000 0.488506 0.021111 0.034483
0 0.771667 0.743842 0.023333 0.032841
0 0.206111 0.572250 0.021111 0.031199
0 0.452222 0.363711 0.035556 0.041051
0 0.088333 0.366174 0.034444 0.045977
0 0.720556 0.784072 0.023333 0.034483
0 0.296111 0.703612 0.034444 0.050903
0 0.875556 0.446634 0.020000 0.036125
0 0.747778 0.823481 0.022222 0.034483
0 0.748889 0.742200 0.020000 0.032841
0 0.902222 0.824302 0.022222 0.032841
0 0.180556 0.573071 0.021111 0.029557
0 0.503889 0.128900 0.045556 0.037767
0 0.773333 0.781609 0.022222 0.032841
0 0.668889 0.447455 0.022222 0.034483
0 0.721111 0.401478 0.022222 0.034483
0 0.902778 0.743842 0.023333 0.032841
0 0.179444 0.488506 0.021111 0.037767
0 0.503889 0.164204 0.045556 0.036125
0 0.206111 0.445813 0.021111 0.031199
0 0.696667 0.486043 0.020000 0.032841
0 0.850556 0.488506 0.021111 0.034483
0 0.903333 0.783251 0.022222 0.032841
0 0.192778 0.363711 0.036667 0.044335
0 0.645000 0.446634 0.021111 0.036125
0 0.191667 0.701970 0.032222 0.044335
0 0.825000 0.569787 0.018889 0.029557
0 0.848889 0.277504 0.020000 0.032841
0 0.800556 0.487685 0.021111 0.032841
0 0.089444 0.322660 0.036667 0.041051
0 0.722222 0.487685 0.022222 0.032841
0 0.874444 0.407225 0.022222 0.032841
0 0.206667 0.530378 0.022222 0.032841
0 0.205000 0.408046 0.021111 0.034483
0 0.141667 0.701970 0.038889 0.044335
0 0.206667 0.490148 0.024444 0.041051
0 0.505000 0.300493 0.045556 0.039409
0 0.850000 0.362069 0.022222 0.031199
0 0.696111 0.400657 0.021111 0.029557
0 0.695556 0.276683 0.020000 0.031199
0 0.720556 0.744663 0.023333 0.034483
0 0.346667 0.703612 0.035556 0.050903
0 0.849444 0.404762 0.021111 0.034483
0 0.090000 0.656814 0.037778 0.039409
0 0.555556 0.233990 0.035556 0.037767
0 0.192778 0.278325 0.034444 0.044335
0 0.801111 0.570608 0.020000 0.031199
0 0.800556 0.402299 0.023333 0.032841
0 0.141111 0.365353 0.033333 0.044335
0 0.825556 0.528736 0.017778 0.029557
0 0.296667 0.659278 0.033333 0.041051
0 0.696111 0.743021 0.021111 0.037767
0 0.140556 0.659278 0.034444 0.041051
0 0.849444 0.320197 0.023333 0.032841
0 0.398889 0.701970 0.035556 0.044335
0 0.090000 0.611658 0.037778 0.047619
0 0.800556 0.527094 0.021111 0.029557
0 0.801667 0.444992 0.021111 0.032841
0 0.720556 0.277504 0.021111 0.032841
0 0.914444 0.701149 0.035556 0.042693
0 0.721667 0.360427 0.021111 0.031199
0 0.861667 0.614943 0.032222 0.047619
0 0.296111 0.614943 0.034444 0.047619
0 0.244444 0.656814 0.033333 0.039409
0 0.913889 0.659278 0.034444 0.041051
0 0.644444 0.405583 0.020000 0.036125
0 0.179444 0.405583 0.023333 0.036125
0 0.722222 0.445813 0.022222 0.031199
0 0.696111 0.361248 0.018889 0.032841
0 0.875000 0.322660 0.021111 0.037767
0 0.760556 0.612479 0.034444 0.045977
0 0.140556 0.323481 0.034444 0.042693
0 0.668333 0.406404 0.023333 0.034483
0 0.244444 0.698686 0.033333 0.047619
0 0.191111 0.614122 0.035556 0.045977
0 0.695556 0.319376 0.022222 0.031199
0 0.861667 0.659278 0.032222 0.041051
0 0.697222 0.444992 0.021111 0.032841
0 0.554444 0.275862 0.033333 0.039409
0 0.399444 0.660099 0.034444 0.042693
0 0.721111 0.319376 0.022222 0.034483
0 0.760000 0.323481 0.033333 0.039409
0 0.347222 0.658456 0.034444 0.042693
0 0.245000 0.319376 0.034444 0.041051
0 0.192778 0.321018 0.034444 0.041051
0 0.141111 0.278325 0.035556 0.044335
0 0.141111 0.613300 0.035556 0.050903
0 0.708333 0.611658 0.034444 0.044335
0 0.244444 0.362890 0.035556 0.045977
0 0.811111 0.701149 0.033333 0.042693
0 0.244444 0.270936 0.035556 0.059113
0 0.296667 0.277504 0.033333 0.045977
0 0.451667 0.277504 0.032222 0.039409
0 0.913333 0.322660 0.031111 0.041051
0 0.657222 0.614122 0.036667 0.049261
0 0.451111 0.317734 0.035556 0.044335
0 0.347778 0.614122 0.035556 0.049261
0 0.088333 0.279146 0.038889 0.045977
0 0.759444 0.279146 0.036667 0.049261
0 0.452778 0.231527 0.034444 0.049261
0 0.810556 0.658456 0.032222 0.042693
0 0.296111 0.321839 0.034444 0.042693
0 0.914444 0.614122 0.035556 0.045977
0 0.709444 0.701149 0.036667 0.045977
0 0.657222 0.660920 0.034444 0.041051
0 0.191667 0.659278 0.034444 0.041051
0 0.503333 0.441708 0.042222 0.045977
0 0.244444 0.613300 0.033333 0.047619
0 0.347222 0.364532 0.036667 0.049261
0 0.760556 0.658456 0.034444 0.042693
0 0.850556 0.445813 0.025556 0.037767
0 0.707222 0.655993 0.032222 0.044335
0 0.554444 0.319376 0.035556 0.044335
0 0.399444 0.320197 0.034444 0.042693
0 0.657778 0.363711 0.035556 0.044335
0 0.347778 0.321018 0.035556 0.041051
0 0.606111 0.319376 0.034444 0.044335
0 0.502778 0.486864 0.038889 0.044335
0 0.811667 0.614122 0.032222 0.045977
0 0.605556 0.363711 0.033333 0.044335
0 0.913889 0.363711 0.032222 0.044335
0 0.657222 0.274220 0.032222 0.042693
0 0.400556 0.613300 0.036667 0.050903
0 0.555000 0.188834 0.034444 0.052545
0 0.811111 0.363711 0.035556 0.041051
0 0.606111 0.274220 0.034444 0.045977
0 0.348889 0.276683 0.033333 0.047619
0 0.914444 0.277504 0.033333 0.045977
0 0.656667 0.317734 0.033333 0.044335
0 0.400556 0.275041 0.034444 0.047619
0 0.810556 0.322660 0.032222 0.041051
0 0.809444 0.277504 0.034444 0.052545
0 0.399444 0.362890 0.036667 0.045977
0 0.502222 0.233990 0.044444 0.037767
0 0.503333 0.200328 0.046667 0.032841
0 0.152778 0.743021 0.021111 0.031199
0 0.153333 0.868637 0.024444 0.036125
0 0.503333 0.266831 0.044444 0.031199
0 0.295556 0.366995 0.035556 0.050903
0 0.515556 0.740558 0.024444 0.032841
0 0.181111 0.533662 0.024444 0.036125
0 0.090556 0.699507 0.036667 0.049261
