0 0.590556 0.741351 0.023333 0.036244
0 0.123889 0.822900 0.023333 0.034596
0 0.242778 0.359967 0.038889 0.028007
0 0.513333 0.739703 0.020000 0.026359
0 0.123889 0.739703 0.023333 0.032949
0 0.098333 0.739703 0.021111 0.032949
0 0.503333 0.369028 0.042222 0.032949
0 0.503333 0.339374 0.040000 0.036244
0 0.151111 0.864909 0.024444 0.036244
0 0.150556 0.777595 0.021111 0.032949
0 0.591667 0.782537 0.023333 0.032949
0 0.151111 0.738880 0.022222 0.034596
0 0.098333 0.778418 0.023333 0.034596
0 0.502778 0.201812 0.043333 0.028007
0 0.359444 0.822900 0.021111 0.034596
0 0.502778 0.268534 0.041111 0.029654
0 0.073333 0.738880 0.024444 0.034596
0 0.073333 0.777595 0.024444 0.032949
0 0.335000 0.822900 0.023333 0.034596
0 0.151111 0.822076 0.022222 0.039539
0 0.125000 0.778418 0.023333 0.037891
0 0.565000 0.408567 0.021111 0.032949
0 0.295556 0.234761 0.033333 0.041186
0 0.602778 0.700165 0.032222 0.042834
0 0.616111 0.783361 0.023333 0.034596
0 0.358333 0.779242 0.021111 0.036244
0 0.357222 0.739703 0.021111 0.032949
0 0.137222 0.697694 0.038889 0.041186
0 0.333333 0.739703 0.022222 0.032949
0 0.085000 0.654036 0.038889 0.039539
0 0.085000 0.696046 0.038889 0.047776
0 0.099444 0.486820 0.023333 0.031301
0 0.073333 0.485997 0.022222 0.032949
0 0.502222 0.168040 0.042222 0.036244
0 0.098889 0.527183 0.024444 0.036244
0 0.073333 0.404448 0.024444 0.034596
0 0.333889 0.779242 0.023333 0.036244
0 0.616111 0.743822 0.021111 0.037891
0 0.073333 0.443987 0.024444 0.031301
0 0.913333 0.280066 0.035556 0.039539
0 0.437778 0.783361 0.022222 0.034596
0 0.100000 0.404448 0.022222 0.034596
0 0.502778 0.133443 0.043333 0.036244
0 0.136667 0.655684 0.035556 0.042834
0 0.913333 0.241351 0.035556 0.041186
0 0.461667 0.741351 0.021111 0.032949
0 0.295000 0.275947 0.032222 0.037891
0 0.462222 0.783361 0.022222 0.034596
0 0.437222 0.742175 0.023333 0.034596
0 0.706667 0.702636 0.035556 0.044481
0 0.189444 0.698517 0.036667 0.046129
0 0.564444 0.448929 0.024444 0.037891
0 0.502222 0.521417 0.028889 0.034596
0 0.706111 0.366557 0.036667 0.041186
0 0.099444 0.443987 0.025556 0.034596
0 0.861111 0.280890 0.033333 0.041186
0 0.140000 0.275124 0.035556 0.046129
0 0.502222 0.234761 0.042222 0.041186
0 0.346111 0.699341 0.036667 0.044481
0 0.086667 0.318781 0.035556 0.041186
0 0.189444 0.656507 0.034444 0.041186
0 0.085556 0.610379 0.037778 0.051071
0 0.758333 0.701812 0.034444 0.042834
0 0.192222 0.275947 0.035556 0.044481
0 0.087778 0.275124 0.035556 0.046129
0 0.860556 0.324547 0.034444 0.042834
0 0.810000 0.615321 0.035556 0.047776
0 0.810000 0.700988 0.033333 0.041186
0 0.810000 0.659802 0.033333 0.041186
0 0.503333 0.301483 0.040000 0.039539
0 0.346111 0.654860 0.036667 0.044481
0 0.758333 0.279242 0.034444 0.047776
0 0.758889 0.614498 0.035556 0.046129
0 0.086667 0.361614 0.037778 0.041186
0 0.397222 0.698517 0.034444 0.039539
0 0.243333 0.317957 0.035556 0.042834
0 0.346667 0.611203 0.033333 0.042834
0 0.758333 0.660626 0.034444 0.042834
0 0.706111 0.661450 0.034444 0.041186
0 0.294444 0.318781 0.035556 0.044481
0 0.295556 0.187809 0.033333 0.049423
0 0.603889 0.658155 0.032222 0.041186
0 0.243889 0.276771 0.032222 0.039539
0 0.655000 0.322900 0.032222 0.036244
0 0.912778 0.324547 0.036667 0.046129
0 0.137778 0.610379 0.035556 0.051071
0 0.398333 0.362438 0.034444 0.042834
0 0.655000 0.659802 0.034444 0.041186
0 0.705556 0.615321 0.035556 0.047776
0 0.347222 0.320428 0.034444 0.041186
0 0.450556 0.361614 0.034444 0.044481
0 0.655556 0.614498 0.035556 0.046129
0 0.758889 0.322900 0.033333 0.039539
0 0.912778 0.194399 0.036667 0.052718
0 0.705000 0.322900 0.034444 0.042834
0 0.706111 0.280066 0.034444 0.046129
0 0.602778 0.280066 0.032222 0.046129
0 0.604444 0.613674 0.035556 0.047776
0 0.552222 0.700165 0.035556 0.042834
0 0.502222 0.441516 0.040000 0.046129
0 0.552222 0.658155 0.035556 0.041186
0 0.861111 0.236409 0.035556 0.047776
0 0.397778 0.658155 0.033333 0.041186
0 0.346667 0.361614 0.033333 0.044481
0 0.655000 0.702636 0.036667 0.044481
0 0.243889 0.231466 0.034444 0.047776
0 0.808889 0.279242 0.035556 0.047776
0 0.451111 0.319605 0.035556 0.039539
0 0.449444 0.699341 0.034444 0.041186
0 0.655000 0.365733 0.034444 0.046129
0 0.450000 0.657331 0.033333 0.042834
0 0.398333 0.321252 0.034444 0.039539
0 0.400000 0.277595 0.035556 0.047776
0 0.397778 0.612026 0.035556 0.047776
0 0.603333 0.323723 0.033333 0.041186
0 0.138889 0.357496 0.035556 0.052718
0 0.452778 0.277595 0.034444 0.044481
0 0.757778 0.366557 0.035556 0.047776
0 0.655000 0.278418 0.034444 0.049423
0 0.552222 0.367381 0.037778 0.046129
0 0.552778 0.324547 0.034444 0.039539
0 0.347222 0.274300 0.034444 0.047776
0 0.603889 0.367381 0.034444 0.046129
0 0.450556 0.612850 0.036667 0.046129
0 0.810000 0.365733 0.035556 0.046129
0 0.809444 0.324547 0.034444 0.042834
0 0.553333 0.279242 0.035556 0.047776
0 0.190000 0.610379 0.037778 0.051071
0 0.551667 0.612850 0.036667 0.049423
0 0.190556 0.356672 0.036667 0.051071
0 0.503333 0.485173 0.037778 0.041186
