0 0.692778 0.705446 0.021111 0.031353
0 0.088889 0.621287 0.035556 0.041254
0 0.088333 0.786304 0.034444 0.037954
0 0.718889 0.787954 0.022222 0.034653
0 0.564444 0.918317 0.022222 0.031353
0 0.503333 0.208746 0.044444 0.028053
0 0.567222 0.830858 0.018889 0.031353
0 0.566111 0.873762 0.021111 0.028053
0 0.087778 0.748350 0.037778 0.041254
0 0.539444 0.873762 0.021111 0.031353
0 0.603333 0.330858 0.033333 0.041254
0 0.243333 0.451320 0.028889 0.037954
0 0.539444 0.787954 0.021111 0.031353
0 0.088889 0.663366 0.035556 0.039604
0 0.566111 0.707921 0.021111 0.033003
0 0.911667 0.578383 0.034444 0.034653
0 0.692778 0.742574 0.021111 0.029703
0 0.909444 0.333333 0.034444 0.042904
0 0.540000 0.705446 0.020000 0.034653
0 0.088333 0.917492 0.036667 0.046205
0 0.088333 0.706271 0.036667 0.046205
0 0.295556 0.494224 0.033333 0.041254
0 0.139444 0.538779 0.034444 0.044554
0 0.190556 0.580033 0.034444 0.034653
0 0.191111 0.705446 0.035556 0.041254
0 0.089444 0.200495 0.034444 0.044554
0 0.502778 0.174917 0.041111 0.039604
0 0.694444 0.537129 0.022222 0.031353
0 0.718889 0.747525 0.022222 0.033003
0 0.858333 0.330033 0.030000 0.039604
0 0.718889 0.702145 0.022222 0.034653
0 0.538889 0.748350 0.022222 0.031353
0 0.089444 0.539604 0.032222 0.036304
0 0.087778 0.827558 0.035556 0.041254
0 0.757778 0.241749 0.033333 0.034653
0 0.139444 0.578383 0.032222 0.041254
0 0.087222 0.872112 0.036667 0.044554
0 0.451111 0.414191 0.035556 0.039604
0 0.191111 0.619637 0.031111 0.041254
0 0.718333 0.620462 0.021111 0.036304
0 0.691667 0.621287 0.025556 0.034653
0 0.692778 0.661716 0.021111 0.036304
0 0.692778 0.577558 0.021111 0.036304
0 0.191667 0.414191 0.034444 0.046205
0 0.140556 0.622112 0.034444 0.046205
0 0.717778 0.538779 0.020000 0.034653
0 0.089444 0.579208 0.034444 0.042904
0 0.909444 0.288779 0.034444 0.046205
0 0.705556 0.330033 0.033333 0.042904
0 0.860000 0.498350 0.033333 0.042904
0 0.912778 0.792079 0.032222 0.039604
0 0.807778 0.372937 0.033333 0.046205
0 0.295556 0.454620 0.031111 0.041254
0 0.243889 0.414191 0.032222 0.036304
0 0.089444 0.327558 0.034444 0.044554
0 0.808333 0.329208 0.032222 0.041254
0 0.566667 0.747525 0.022222 0.033003
0 0.719444 0.662541 0.021111 0.031353
0 0.296667 0.242574 0.031111 0.036304
0 0.553333 0.620462 0.033333 0.042904
0 0.705556 0.496700 0.035556 0.042904
0 0.504100 0.342096 0.042222 0.033003
0 0.502778 0.274752 0.043333 0.031353
0 0.504444 0.375083 0.044444 0.035314
0 0.503333 0.140512 0.042222 0.033498
0 0.913333 0.923350 0.033333 0.044719
0 0.451667 0.329043 0.032222 0.037624
0 0.913333 0.749587 0.031111 0.042079
0 0.912222 0.707756 0.035556 0.042574
0 0.503889 0.307591 0.041111 0.038614
0 0.502778 0.490924 0.041111 0.028053
0 0.513889 0.725248 0.021111 0.021452
0 0.565556 0.786304 0.020000 0.024752
0 0.910556 0.196370 0.036667 0.026403
0 0.552778 0.493399 0.036667 0.026403
0 0.911111 0.495050 0.035556 0.026403
0 0.860556 0.533828 0.036667 0.024752
0 0.860000 0.412541 0.033333 0.019802
0 0.513333 0.745050 0.020000 0.024752
0 0.540000 0.826733 0.020000 0.033003
0 0.707222 0.873762 0.034444 0.041254
0 0.910556 0.455446 0.036667 0.046205
0 0.090556 0.151815 0.034444 0.052805
0 0.654444 0.917492 0.035556 0.046205
0 0.911667 0.537954 0.034444 0.049505
0 0.718333 0.579208 0.021111 0.036304
0 0.655000 0.873762 0.032222 0.041254
0 0.706111 0.917492 0.034444 0.046205
0 0.860000 0.577558 0.033333 0.049505
0 0.757222 0.368812 0.034444 0.044554
0 0.088333 0.498350 0.034444 0.046205
0 0.913889 0.877888 0.034444 0.046205
0 0.296667 0.283828 0.031111 0.042904
0 0.910556 0.411716 0.034444 0.041254
0 0.244444 0.151815 0.033333 0.049505
0 0.705000 0.243399 0.036667 0.037954
0 0.653889 0.789604 0.034444 0.037954
0 0.757778 0.326733 0.031111 0.036304
0 0.912222 0.665842 0.035556 0.041254
0 0.089444 0.285479 0.034444 0.039604
0 0.502778 0.448845 0.041111 0.046205
0 0.243333 0.494224 0.035556 0.044554
0 0.190556 0.663366 0.032222 0.042904
0 0.191111 0.496700 0.031111 0.039604
0 0.655000 0.413366 0.032222 0.044554
0 0.910000 0.372937 0.033333 0.039604
0 0.910000 0.240924 0.035556 0.049505
0 0.552778 0.535479 0.034444 0.044554
0 0.807222 0.247525 0.032222 0.042904
0 0.502778 0.241749 0.045556 0.041254
0 0.191111 0.457921 0.033333 0.041254
0 0.553333 0.410891 0.031111 0.039604
0 0.912778 0.832508 0.034444 0.041254
0 0.656111 0.830033 0.034444 0.042904
0 0.706667 0.830033 0.033333 0.046205
0 0.243889 0.538779 0.034444 0.041254
0 0.553333 0.578383 0.033333 0.037954
0 0.297222 0.198845 0.034444 0.044554
0 0.191667 0.198020 0.034444 0.042904
0 0.910556 0.155116 0.034444 0.049505
0 0.451667 0.286304 0.034444 0.047855
0 0.655000 0.454620 0.032222 0.037954
0 0.552222 0.665842 0.035556 0.041254
0 0.860556 0.623762 0.034444 0.046205
0 0.295556 0.413366 0.033333 0.041254
0 0.807778 0.288779 0.031111 0.039604
0 0.090000 0.370462 0.033333 0.041254
0 0.857222 0.287954 0.036667 0.044554
0 0.604444 0.287129 0.035556 0.046205
0 0.705000 0.413366 0.034444 0.041254
0 0.705556 0.285479 0.033333 0.046205
0 0.655000 0.537954 0.032222 0.042904
0 0.243333 0.199670 0.033333 0.046205
0 0.296667 0.153465 0.035556 0.046205
0 0.141111 0.153465 0.035556 0.046205
0 0.192222 0.325908 0.033333 0.041254
0 0.296667 0.327558 0.033333 0.044554
0 0.757778 0.154290 0.033333 0.047855
0 0.808889 0.155116 0.033333 0.049505
0 0.191111 0.538779 0.035556 0.047855
0 0.705556 0.154290 0.035556 0.047855
0 0.192778 0.242574 0.034444 0.046205
0 0.653889 0.707096 0.034444 0.037954
0 0.141111 0.288779 0.033333 0.042904
0 0.860000 0.667492 0.035556 0.044554
0 0.912222 0.621287 0.035556 0.047855
0 0.088889 0.244224 0.035556 0.039604
0 0.705556 0.201320 0.035556 0.042904
0 0.192222 0.371287 0.033333 0.046205
0 0.140556 0.371287 0.032222 0.042904
0 0.400556 0.199670 0.034444 0.046205
0 0.400556 0.150990 0.034444 0.047855
0 0.140000 0.329208 0.035556 0.041254
0 0.089444 0.455446 0.032222 0.039604
0 0.348889 0.152640 0.035556 0.051155
0 0.140556 0.198020 0.036667 0.042904
0 0.603333 0.372937 0.033333 0.042904
0 0.655000 0.285479 0.034444 0.042904
0 0.140000 0.456271 0.035556 0.041254
0 0.552778 0.245050 0.032222 0.041254
0 0.554444 0.285479 0.031111 0.039604
0 0.090000 0.412541 0.033333 0.042904
0 0.192778 0.286304 0.032222 0.041254
0 0.296111 0.371287 0.034444 0.042904
0 0.757222 0.202145 0.034444 0.047855
0 0.654444 0.370462 0.031111 0.041254
0 0.757778 0.284653 0.033333 0.044554
0 0.243333 0.243399 0.031111 0.041254
0 0.654444 0.495875 0.033333 0.044554
0 0.347222 0.328383 0.032222 0.042904
0 0.140556 0.497525 0.034444 0.041254
0 0.655000 0.623762 0.032222 0.039604
0 0.553889 0.201320 0.034444 0.046205
0 0.655000 0.328383 0.034444 0.042904
0 0.553333 0.151815 0.035556 0.049505
0 0.808889 0.202145 0.033333 0.047855
0 0.140000 0.413366 0.035556 0.044554
0 0.860000 0.452145 0.035556 0.049505
0 0.244444 0.327558 0.031111 0.041254
0 0.348889 0.201320 0.035556 0.042904
0 0.860556 0.375413 0.032222 0.047855
0 0.347778 0.287129 0.033333 0.042904
0 0.552778 0.452970 0.036667 0.044554
0 0.348333 0.243399 0.034444 0.041254
0 0.704444 0.372112 0.035556 0.041254
0 0.451667 0.369637 0.034444 0.046205
0 0.705556 0.455446 0.035556 0.042904
0 0.192778 0.153465 0.034444 0.046205
0 0.654444 0.749175 0.035556 0.042904
0 0.243333 0.371287 0.035556 0.046205
0 0.140000 0.243399 0.033333 0.047855
0 0.243333 0.285479 0.033333 0.042904
0 0.655000 0.581683 0.034444 0.044554
0 0.553333 0.369637 0.033333 0.042904
0 0.553333 0.326733 0.033333 0.042904
0 0.654444 0.666667 0.033333 0.042904
