0 0.816667 0.225780 0.031111 0.037767
0 0.498889 0.488506 0.044444 0.031199
0 0.410000 0.450739 0.022222 0.034483
0 0.436667 0.912972 0.024444 0.032841
0 0.398333 0.534483 0.030000 0.041051
0 0.137222 0.195402 0.034444 0.045977
0 0.856111 0.222496 0.043333 0.041051
0 0.190000 0.871100 0.035556 0.044335
0 0.436667 0.866174 0.022222 0.034483
0 0.460556 0.142857 0.021111 0.036125
0 0.410000 0.365353 0.022222 0.034483
0 0.138333 0.535304 0.032222 0.039409
0 0.500556 0.338259 0.043333 0.032841
0 0.564444 0.909688 0.026667 0.036125
0 0.292778 0.703612 0.034444 0.044335
0 0.437222 0.779967 0.023333 0.029557
0 0.190556 0.914614 0.034444 0.042693
0 0.190000 0.704433 0.035556 0.036125
0 0.435556 0.533662 0.022222 0.032841
0 0.913889 0.866174 0.034444 0.037767
0 0.140000 0.870279 0.037778 0.045977
0 0.436667 0.701970 0.022222 0.034483
0 0.860000 0.908046 0.035556 0.045977
0 0.436111 0.573892 0.023333 0.037767
0 0.538889 0.449097 0.022222 0.034483
0 0.913889 0.908046 0.034444 0.045977
0 0.757778 0.617406 0.033333 0.039409
0 0.808333 0.615764 0.032222 0.039409
0 0.138889 0.702791 0.035556 0.039409
0 0.705000 0.532020 0.034444 0.042693
0 0.911667 0.742200 0.034444 0.039409
0 0.436111 0.659278 0.023333 0.034483
0 0.501667 0.370279 0.043333 0.034483
0 0.436111 0.616585 0.023333 0.037767
0 0.139444 0.916256 0.038889 0.045977
0 0.086111 0.242200 0.038889 0.044335
0 0.912222 0.824302 0.035556 0.042693
0 0.912222 0.781609 0.035556 0.042693
0 0.910556 0.363711 0.034444 0.044335
0 0.138889 0.830049 0.037778 0.041051
0 0.500000 0.270936 0.044444 0.029557
0 0.437778 0.823481 0.022222 0.037767
0 0.408889 0.491790 0.022222 0.034483
0 0.601667 0.362890 0.034444 0.042693
0 0.189444 0.619048 0.034444 0.039409
0 0.811111 0.532841 0.040000 0.041051
0 0.602778 0.532020 0.032222 0.036125
0 0.499444 0.202791 0.045556 0.027915
0 0.436667 0.741379 0.024444 0.034483
0 0.382778 0.144499 0.025556 0.036125
0 0.563889 0.448276 0.021111 0.039409
0 0.565000 0.867816 0.025556 0.037767
0 0.911111 0.531199 0.033333 0.037767
0 0.190000 0.493432 0.035556 0.044335
0 0.513594 0.727282 0.023589 0.020148
0 0.513978 0.748325 0.024178 0.022693
0 0.808889 0.450985 0.035556 0.033990
0 0.499444 0.132677 0.045556 0.035468
0 0.499444 0.167980 0.043333 0.040394
0 0.500000 0.235961 0.044444 0.041708
0 0.704444 0.406404 0.033333 0.044335
0 0.292222 0.324302 0.035556 0.044335
0 0.187778 0.241379 0.037778 0.042693
0 0.550556 0.363711 0.034444 0.041051
0 0.653333 0.490969 0.033333 0.039409
0 0.858333 0.276683 0.034444 0.044335
0 0.756667 0.403120 0.035556 0.041051
0 0.758889 0.660099 0.035556 0.042693
0 0.757778 0.744663 0.035556 0.044335
0 0.240000 0.146962 0.037778 0.050903
0 0.550556 0.321839 0.032222 0.042693
0 0.860000 0.614122 0.033333 0.042693
0 0.602222 0.191297 0.033333 0.044335
0 0.602222 0.490148 0.031111 0.044335
0 0.703333 0.278325 0.037778 0.047619
0 0.808333 0.276683 0.036667 0.047619
0 0.858889 0.447455 0.033333 0.041051
0 0.652222 0.321018 0.033333 0.041051
0 0.859444 0.406404 0.034444 0.044335
0 0.601667 0.142857 0.034444 0.052545
0 0.550556 0.236453 0.034444 0.045977
0 0.858333 0.322660 0.034444 0.044335
0 0.859444 0.490148 0.032222 0.044335
0 0.654444 0.407225 0.033333 0.042693
0 0.757222 0.490148 0.034444 0.041051
0 0.342778 0.240558 0.034444 0.044335
0 0.343333 0.195402 0.033333 0.042693
0 0.652222 0.362890 0.033333 0.045977
0 0.550000 0.191297 0.035556 0.044335
0 0.602222 0.409688 0.035556 0.044335
0 0.756667 0.446634 0.035556 0.045977
0 0.292222 0.239737 0.035556 0.045977
0 0.653889 0.449918 0.034444 0.042693
0 0.187778 0.197044 0.037778 0.042693
0 0.550556 0.279967 0.034444 0.041051
0 0.188889 0.411330 0.037778 0.044335
0 0.291667 0.146962 0.034444 0.054187
0 0.086111 0.410509 0.036667 0.042693
0 0.858889 0.364532 0.033333 0.039409
0 0.654444 0.660920 0.033333 0.044335
0 0.808333 0.657635 0.032222 0.041051
0 0.807222 0.362069 0.032222 0.041051
0 0.499444 0.444171 0.043333 0.047619
0 0.755556 0.275041 0.033333 0.047619
0 0.807778 0.320197 0.033333 0.039409
0 0.240556 0.242200 0.036667 0.050903
0 0.703889 0.321839 0.034444 0.039409
0 0.396667 0.617406 0.033333 0.042693
0 0.293889 0.620690 0.034444 0.045977
0 0.653333 0.532841 0.033333 0.041051
0 0.859444 0.532841 0.032222 0.041051
0 0.188889 0.366995 0.037778 0.044335
0 0.860000 0.742200 0.033333 0.042693
0 0.292222 0.284072 0.033333 0.039409
0 0.342222 0.150246 0.033333 0.044335
0 0.601111 0.321018 0.031111 0.037767
0 0.653333 0.573892 0.035556 0.041051
0 0.910556 0.489327 0.034444 0.042693
0 0.086111 0.454844 0.036667 0.042693
0 0.601667 0.279146 0.034444 0.042693
0 0.293333 0.574713 0.033333 0.042693
0 0.291111 0.193760 0.035556 0.039409
0 0.240556 0.196223 0.038889 0.044335
0 0.408333 0.323481 0.023333 0.036125
0 0.293889 0.662562 0.034444 0.037767
0 0.137778 0.493432 0.035556 0.044335
0 0.860000 0.784893 0.035556 0.042693
0 0.601667 0.235632 0.032222 0.041051
0 0.602222 0.449097 0.033333 0.034483
0 0.758333 0.825944 0.034444 0.042693
0 0.190000 0.577997 0.037778 0.045977
0 0.910000 0.275041 0.035556 0.047619
0 0.564444 0.824302 0.026667 0.042693
0 0.602778 0.573071 0.032222 0.045977
0 0.292222 0.409688 0.035556 0.041051
0 0.292778 0.453202 0.034444 0.045977
0 0.706667 0.741379 0.035556 0.047619
0 0.292778 0.368637 0.036667 0.041051
0 0.758333 0.701149 0.036667 0.042693
0 0.755000 0.323481 0.034444 0.045977
0 0.603889 0.619048 0.034444 0.045977
0 0.706667 0.697044 0.033333 0.041051
0 0.137778 0.325123 0.035556 0.042693
0 0.703889 0.362890 0.034444 0.042693
0 0.189444 0.745484 0.036667 0.045977
0 0.911667 0.615764 0.034444 0.042693
0 0.808333 0.700328 0.032222 0.044335
0 0.436111 0.321018 0.023333 0.037767
0 0.911111 0.447455 0.033333 0.037767
0 0.564444 0.491790 0.024444 0.037767
0 0.809444 0.825944 0.036667 0.042693
0 0.136667 0.242200 0.035556 0.044335
0 0.189444 0.535304 0.036667 0.039409
0 0.910556 0.407225 0.034444 0.042693
0 0.564444 0.743021 0.024444 0.037767
0 0.860000 0.572250 0.028889 0.037767
0 0.398333 0.574713 0.030000 0.039409
0 0.705556 0.658456 0.033333 0.042693
0 0.188333 0.282430 0.034444 0.039409
0 0.500556 0.303777 0.043333 0.039409
0 0.706667 0.866995 0.035556 0.042693
0 0.188333 0.325123 0.036667 0.042693
0 0.808889 0.783251 0.037778 0.045977
0 0.085556 0.368637 0.037778 0.041051
0 0.436667 0.406404 0.022222 0.034483
0 0.138333 0.449918 0.036667 0.039409
0 0.860556 0.865353 0.036667 0.042693
0 0.085000 0.195402 0.036667 0.049261
0 0.809444 0.741379 0.034444 0.037767
0 0.706111 0.824302 0.034444 0.045977
0 0.189444 0.452381 0.036667 0.037767
0 0.564444 0.701149 0.026667 0.036125
0 0.383333 0.193760 0.024444 0.036125
0 0.408889 0.408867 0.022222 0.032841
0 0.434444 0.192118 0.020000 0.036125
0 0.085556 0.327586 0.037778 0.041051
0 0.810000 0.868637 0.037778 0.042693
0 0.911667 0.573071 0.034444 0.045977
0 0.538889 0.533662 0.022222 0.036125
0 0.436111 0.279967 0.023333 0.037767
0 0.704444 0.447455 0.033333 0.041051
0 0.757778 0.784893 0.033333 0.039409
0 0.461667 0.193760 0.021111 0.036125
0 0.565556 0.573892 0.022222 0.034483
0 0.860556 0.826765 0.034444 0.037767
0 0.810000 0.490148 0.037778 0.044335
0 0.292222 0.493432 0.035556 0.034483
0 0.758333 0.910509 0.034444 0.050903
0 0.138333 0.574713 0.034444 0.042693
0 0.758333 0.866995 0.034444 0.039409
0 0.137778 0.410509 0.037778 0.039409
0 0.292222 0.532841 0.031111 0.044335
0 0.540000 0.573071 0.022222 0.032841
0 0.137778 0.619048 0.035556 0.045977
0 0.860000 0.701149 0.033333 0.039409
0 0.436111 0.493432 0.023333 0.034483
0 0.756111 0.363711 0.034444 0.037767
0 0.705556 0.616585 0.033333 0.041051
0 0.705000 0.490148 0.034444 0.044335
0 0.565000 0.532020 0.023333 0.039409
0 0.565000 0.614943 0.023333 0.037767
0 0.436111 0.448276 0.023333 0.039409
0 0.435000 0.238095 0.023333 0.032841
0 0.538889 0.490148 0.022222 0.037767
0 0.564444 0.784072 0.024444 0.034483
0 0.383333 0.238095 0.022222 0.032841
0 0.085556 0.284072 0.037778 0.045977
0 0.911667 0.659278 0.034444 0.041051
0 0.138333 0.663383 0.036667 0.042693
0 0.137778 0.743842 0.035556 0.042693
0 0.757222 0.576355 0.034444 0.042693
0 0.706111 0.783251 0.034444 0.039409
0 0.138333 0.368637 0.036667 0.047619
0 0.137222 0.282430 0.032222 0.039409
0 0.909444 0.321839 0.032222 0.039409
0 0.190000 0.827586 0.035556 0.042693
0 0.912222 0.700328 0.033333 0.041051
0 0.138889 0.786535 0.035556 0.042693
0 0.189444 0.788177 0.036667 0.039409
0 0.436111 0.363711 0.021111 0.034483
0 0.433889 0.143678 0.023333 0.037767
0 0.808333 0.573071 0.034444 0.042693
0 0.706667 0.910509 0.035556 0.044335
0 0.565000 0.656814 0.023333 0.036125
0 0.188333 0.662562 0.036667 0.047619
0 0.705000 0.573892 0.034444 0.044335
0 0.407222 0.282430 0.023333 0.032841
0 0.810000 0.910509 0.037778 0.041051
0 0.757222 0.532841 0.034444 0.044335
0 0.551111 0.145320 0.035556 0.047619
0 0.651667 0.278325 0.032222 0.041051
0 0.860000 0.659278 0.033333 0.044335
0 0.654444 0.615764 0.035556 0.042693
0 0.188333 0.148604 0.036667 0.050903
0 0.807778 0.407225 0.035556 0.045977
0 0.550556 0.405583 0.034444 0.042693
