0 0.315785 0.630063 0.020000 0.019620
0 0.302660 0.560206 0.033750 0.015665
0 0.302660 0.378956 0.036250 0.023734
0 0.314785 0.668513 0.019500 0.020570
0 0.313910 0.650316 0.021250 0.018987
0 0.302660 0.517247 0.031250 0.025000
0 0.303285 0.345016 0.035000 0.022310
0 0.082035 0.571994 0.030000 0.026899
0 0.314535 0.708861 0.022500 0.022152
0 0.465785 0.514241 0.032500 0.028481
0 0.687660 0.543513 0.031250 0.030063
0 0.082035 0.549051 0.032500 0.047468
0 0.687035 0.727057 0.030000 0.030063
0 0.521410 0.481013 0.033750 0.025316
0 0.246410 0.757911 0.033750 0.031646
0 0.631410 0.758703 0.033750 0.033228
0 0.467035 0.534810 0.035000 0.044304
0 0.632035 0.512658 0.032500 0.031646
0 0.315160 0.609968 0.018750 0.020570
0 0.312035 0.855222 0.020000 0.020570
0 0.687035 0.885285 0.035000 0.033228
0 0.631410 0.544304 0.033750 0.031646
0 0.300160 0.799051 0.028750 0.028481
0 0.632035 0.727057 0.035000 0.033228
0 0.246410 0.727057 0.031250 0.030063
0 0.302660 0.465190 0.033750 0.034810
0 0.685785 0.758703 0.035000 0.033228
0 0.246410 0.790348 0.033750 0.036392
0 0.522035 0.417722 0.032500 0.031646
0 0.314535 0.589399 0.020000 0.023734
0 0.192035 0.787184 0.032500 0.033228
0 0.026410 0.852057 0.031250 0.033228
0 0.632035 0.606013 0.032500 0.028481
0 0.687035 0.821994 0.035000 0.030063
0 0.687035 0.852057 0.035000 0.033228
0 0.247035 0.698576 0.030000 0.030063
0 0.632035 0.854430 0.032500 0.028481
0 0.687660 0.698576 0.033750 0.030063
0 0.314535 0.879747 0.020000 0.025316
0 0.246410 0.820411 0.031250 0.030063
0 0.576410 0.757911 0.033750 0.031646
0 0.247660 0.415348 0.031250 0.030063
0 0.192660 0.446203 0.033750 0.031646
0 0.192660 0.541139 0.031250 0.028481
0 0.520785 0.852057 0.032500 0.033228
0 0.355785 0.882911 0.032500 0.031646
0 0.410785 0.695411 0.032500 0.030063
0 0.025785 0.787975 0.035000 0.031646
0 0.356410 0.634494 0.031250 0.028481
0 0.026410 0.632911 0.031250 0.028481
0 0.687660 0.636867 0.036250 0.033228
0 0.577035 0.513449 0.032500 0.030063
0 0.520785 0.727057 0.032500 0.030063
0 0.576410 0.821203 0.033750 0.031646
0 0.355160 0.789557 0.033750 0.031646
0 0.575785 0.853639 0.035000 0.033228
0 0.411410 0.851266 0.033750 0.031646
0 0.411410 0.788766 0.033750 0.030063
0 0.467035 0.414557 0.032500 0.031646
0 0.687035 0.420095 0.035000 0.033228
0 0.247035 0.542722 0.032500 0.031646
0 0.521410 0.696994 0.031250 0.033228
0 0.357035 0.513449 0.032500 0.030063
0 0.247035 0.382911 0.032500 0.034810
0 0.080785 0.757120 0.035000 0.033228
0 0.025785 0.540348 0.032500 0.030063
0 0.082660 0.444620 0.031250 0.031646
0 0.464535 0.883703 0.032500 0.030063
0 0.082660 0.477057 0.031250 0.036392
0 0.080785 0.664557 0.032500 0.031646
0 0.356410 0.851266 0.031250 0.031646
0 0.081410 0.601266 0.031250 0.031646
0 0.081410 0.695411 0.033750 0.033228
0 0.192035 0.479430 0.032500 0.031646
0 0.577035 0.574367 0.035000 0.028481
0 0.521410 0.604430 0.033750 0.028481
0 0.577035 0.448576 0.032500 0.030063
0 0.027035 0.663766 0.032500 0.033228
0 0.520785 0.820411 0.032500 0.030063
0 0.025785 0.571203 0.032500 0.031646
0 0.465785 0.666139 0.032500 0.031646
0 0.191410 0.511076 0.031250 0.031646
0 0.026410 0.695411 0.033750 0.033228
0 0.632035 0.481804 0.035000 0.030063
0 0.026410 0.602848 0.033750 0.031646
0 0.247035 0.666930 0.030000 0.033228
0 0.576410 0.544304 0.033750 0.031646
0 0.410785 0.882911 0.032500 0.031646
0 0.027035 0.445411 0.032500 0.030063
0 0.577660 0.417722 0.033750 0.031646
0 0.192660 0.603639 0.033750 0.030063
0 0.137035 0.511867 0.032500 0.030063
0 0.522035 0.542722 0.032500 0.031646
0 0.467035 0.573576 0.032500 0.030063
0 0.467035 0.757120 0.032500 0.030063
0 0.357035 0.481013 0.032500 0.034810
0 0.191410 0.696994 0.033750 0.033228
0 0.192035 0.413766 0.035000 0.033228
0 0.411410 0.382911 0.031250 0.034810
0 0.356410 0.382120 0.033750 0.033228
0 0.411410 0.758703 0.031250 0.030063
0 0.136410 0.542722 0.033750 0.031646
0 0.303329 0.438750 0.031713 0.016329
0 0.301716 0.421400 0.032788 0.018370
0 0.303866 0.401669 0.034937 0.021092
0 0.302254 0.365949 0.032788 0.017690
0 0.302385 0.540918 0.027900 0.020316
0 0.315085 0.689264 0.020525 0.018054
0 0.192035 0.663766 0.032500 0.030063
0 0.631410 0.576741 0.033750 0.033228
0 0.632035 0.697785 0.035000 0.028481
0 0.631410 0.791139 0.031250 0.031646
0 0.576410 0.697785 0.033750 0.031646
0 0.192035 0.757120 0.035000 0.033228
0 0.687660 0.511076 0.031250 0.031646
0 0.576410 0.727848 0.033750 0.031646
0 0.687660 0.667722 0.033750 0.031646
0 0.027035 0.883703 0.032500 0.030063
0 0.522035 0.508703 0.035000 0.036392
0 0.632660 0.885285 0.033750 0.030063
0 0.576410 0.885285 0.036250 0.030063
0 0.246410 0.852057 0.033750 0.030063
0 0.081410 0.725475 0.033750 0.030063
0 0.027035 0.724684 0.032500 0.028481
0 0.192035 0.819620 0.035000 0.031646
0 0.192660 0.882911 0.036250 0.031646
0 0.026410 0.822785 0.033750 0.034810
0 0.632035 0.635285 0.032500 0.030063
0 0.247035 0.882911 0.032500 0.031646
0 0.082660 0.882120 0.038750 0.030063
0 0.687035 0.791930 0.035000 0.033228
0 0.633285 0.382911 0.032500 0.034810
0 0.355785 0.820411 0.030000 0.030063
0 0.687035 0.606013 0.035000 0.028481
0 0.577035 0.667722 0.032500 0.031646
0 0.576410 0.788766 0.033750 0.033228
0 0.465160 0.694620 0.031250 0.028481
0 0.082035 0.852848 0.035000 0.031646
0 0.632035 0.822785 0.032500 0.031646
0 0.520785 0.884494 0.032500 0.031646
0 0.357035 0.414557 0.032500 0.031646
0 0.081410 0.510285 0.031250 0.030063
0 0.192660 0.635285 0.033750 0.033228
0 0.687035 0.450949 0.035000 0.028481
0 0.687660 0.575158 0.033750 0.033228
0 0.687660 0.480222 0.033750 0.033228
0 0.522035 0.665348 0.032500 0.030063
0 0.631410 0.417722 0.033750 0.031646
0 0.192035 0.852057 0.035000 0.033228
0 0.081410 0.787975 0.033750 0.031646
0 0.082660 0.407437 0.033750 0.036392
0 0.357035 0.542722 0.032500 0.028481
0 0.577035 0.603639 0.032500 0.030063
0 0.521410 0.789557 0.033750 0.031646
0 0.082035 0.820411 0.032500 0.033228
0 0.577035 0.636076 0.032500 0.031646
0 0.686410 0.385285 0.036250 0.036392
0 0.522660 0.386076 0.036250 0.041139
0 0.191410 0.727057 0.033750 0.030063
0 0.137035 0.574367 0.035000 0.034810
0 0.192660 0.380538 0.033750 0.033228
0 0.246410 0.574367 0.031250 0.031646
0 0.465785 0.820411 0.032500 0.030063
0 0.521410 0.758703 0.033750 0.033228
0 0.521410 0.575158 0.033750 0.030063
0 0.632660 0.449367 0.033750 0.031646
0 0.466410 0.636076 0.033750 0.028481
0 0.192660 0.571994 0.033750 0.033228
0 0.411410 0.820411 0.033750 0.033228
0 0.410160 0.634494 0.031250 0.028481
0 0.025785 0.509494 0.032500 0.031646
0 0.026410 0.411392 0.033750 0.034810
0 0.247035 0.635285 0.032500 0.030063
0 0.632660 0.667722 0.033750 0.034810
0 0.247035 0.605222 0.030000 0.030063
0 0.412035 0.571994 0.032500 0.030063
0 0.081410 0.632911 0.031250 0.031646
0 0.465785 0.788766 0.032500 0.033228
0 0.466410 0.725475 0.031250 0.033228
0 0.465160 0.852057 0.031250 0.033228
0 0.137035 0.480222 0.032500 0.033228
0 0.355785 0.606804 0.032500 0.030063
0 0.411410 0.510285 0.033750 0.030063
0 0.027035 0.756329 0.035000 0.034810
0 0.521410 0.634494 0.033750 0.031646
0 0.577035 0.481013 0.032500 0.034810
0 0.137035 0.415348 0.035000 0.033228
0 0.467035 0.382120 0.032500 0.033228
0 0.355785 0.727057 0.032500 0.030063
0 0.466410 0.447785 0.033750 0.034810
0 0.247660 0.478639 0.031250 0.030063
0 0.355160 0.758703 0.033750 0.033228
0 0.411410 0.727057 0.033750 0.033228
0 0.412035 0.479430 0.032500 0.031646
0 0.411410 0.665348 0.031250 0.033228
0 0.412660 0.416930 0.031250 0.033228
0 0.412035 0.447785 0.030000 0.031646
0 0.137660 0.447785 0.033750 0.031646
0 0.522035 0.452532 0.035000 0.034810
0 0.356410 0.666139 0.031250 0.031646
0 0.409535 0.541930 0.037500 0.033228
0 0.356410 0.573576 0.033750 0.033228
0 0.467035 0.605222 0.032500 0.033228
0 0.355160 0.696994 0.031250 0.030063
0 0.136410 0.380538 0.036250 0.036392
0 0.357035 0.448576 0.032500 0.033228
0 0.026410 0.477057 0.031250 0.033228
0 0.466410 0.480222 0.033750 0.033228
0 0.247660 0.447785 0.031250 0.031646
0 0.412035 0.603639 0.032500 0.030063
0 0.247035 0.511076 0.032500 0.031646
0 0.577660 0.383703 0.036250 0.036392
