0 0.542765 0.271829 0.042222 0.029654
0 0.695543 0.281713 0.034444 0.026359
0 0.542765 0.341845 0.044444 0.034596
0 0.543321 0.369852 0.045556 0.034596
0 0.552210 0.738880 0.021111 0.031301
0 0.862765 0.412685 0.022222 0.034596
0 0.542210 0.202636 0.045556 0.029654
0 0.178321 0.321252 0.033333 0.039539
0 0.861654 0.744646 0.022222 0.032949
0 0.333321 0.699341 0.034444 0.041186
0 0.901654 0.328666 0.033333 0.041186
0 0.798321 0.702636 0.033333 0.044481
0 0.541654 0.239703 0.044444 0.044481
0 0.862210 0.785008 0.025556 0.037891
0 0.437765 0.280066 0.034444 0.036244
0 0.188877 0.741351 0.023333 0.036244
0 0.334988 0.365733 0.035556 0.049423
0 0.127210 0.362438 0.035556 0.046129
0 0.190543 0.782537 0.024444 0.036244
0 0.542765 0.171334 0.044444 0.039539
0 0.543321 0.303954 0.043333 0.041186
0 0.541099 0.528007 0.032222 0.037891
0 0.127210 0.318781 0.033333 0.037891
0 0.542765 0.135914 0.046667 0.037891
0 0.644432 0.327018 0.032222 0.037891
0 0.593877 0.367381 0.033333 0.042834
0 0.179432 0.364086 0.033333 0.042834
0 0.438877 0.240527 0.034444 0.042834
0 0.696099 0.240527 0.033333 0.042834
0 0.592210 0.701812 0.034444 0.042834
0 0.126099 0.610379 0.035556 0.044481
0 0.386099 0.322900 0.031111 0.042834
0 0.696099 0.194399 0.033333 0.049423
0 0.798321 0.662273 0.033333 0.039539
0 0.849432 0.702636 0.033333 0.041186
0 0.593877 0.326194 0.033333 0.039539
0 0.953321 0.244646 0.032222 0.041186
0 0.593877 0.282537 0.031111 0.047776
0 0.798321 0.616145 0.033333 0.049423
0 0.953877 0.288303 0.033333 0.042834
0 0.128321 0.275947 0.035556 0.044481
0 0.332765 0.657331 0.033333 0.042834
0 0.799432 0.370675 0.033333 0.046129
0 0.334988 0.322076 0.033333 0.037891
0 0.177210 0.655684 0.033333 0.042834
0 0.593321 0.659802 0.034444 0.044481
0 0.901099 0.286656 0.032222 0.042834
0 0.281654 0.657331 0.035556 0.042834
0 0.228877 0.699341 0.034444 0.041186
0 0.837210 0.493410 0.022222 0.034596
0 0.863877 0.452224 0.022222 0.034596
0 0.838321 0.452224 0.022222 0.034596
0 0.849432 0.659802 0.033333 0.044481
0 0.386654 0.280066 0.032222 0.042834
0 0.644988 0.284185 0.033333 0.044481
0 0.864432 0.494234 0.023333 0.036244
0 0.281654 0.700988 0.035556 0.044481
0 0.592765 0.612850 0.033333 0.046129
0 0.334988 0.611203 0.033333 0.049423
0 0.953877 0.198517 0.033333 0.051071
0 0.126099 0.654860 0.035556 0.044481
0 0.798877 0.327018 0.034444 0.041186
0 0.177765 0.611203 0.034444 0.046129
0 0.126099 0.699341 0.037778 0.044481
0 0.283321 0.322076 0.032222 0.041186
0 0.177210 0.700165 0.035556 0.046129
0 0.230543 0.364909 0.033333 0.044481
0 0.489988 0.322900 0.034444 0.039539
0 0.745543 0.281713 0.032222 0.046129
0 0.490543 0.280066 0.033333 0.049423
0 0.489988 0.365733 0.034444 0.049423
0 0.901654 0.242175 0.031111 0.046129
0 0.744988 0.371499 0.033333 0.047776
0 0.849432 0.284185 0.033333 0.044481
0 0.282765 0.364086 0.033333 0.042834
0 0.387765 0.237232 0.032222 0.046129
0 0.849988 0.615321 0.032222 0.044481
0 0.745543 0.326194 0.032222 0.042834
0 0.231099 0.277595 0.034444 0.044481
0 0.334432 0.276771 0.034444 0.049423
0 0.696654 0.323723 0.034444 0.047776
0 0.850543 0.372323 0.031111 0.042834
0 0.228877 0.612026 0.034444 0.044481
0 0.438877 0.192751 0.034444 0.052718
0 0.798877 0.283361 0.034444 0.046129
0 0.228877 0.656507 0.034444 0.044481
0 0.437765 0.322076 0.036667 0.047776
0 0.281654 0.612026 0.035556 0.044481
0 0.541654 0.488468 0.040000 0.041186
0 0.230543 0.321252 0.033333 0.042834
0 0.541099 0.444811 0.041111 0.046129
0 0.179432 0.276771 0.035556 0.046129
0 0.283321 0.278418 0.034444 0.046129
0 0.645543 0.238056 0.034444 0.047776
0 0.849432 0.327842 0.033333 0.042834
