0 0.642013 0.887324 0.036000 0.021909
0 0.439347 0.262128 0.033333 0.029734
0 0.440013 0.363850 0.034667 0.035994
0 0.763347 0.884977 0.028000 0.029734
0 0.792680 0.884194 0.028000 0.034429
0 0.764680 0.849765 0.025333 0.028169
0 0.440013 0.293427 0.032000 0.029734
0 0.806013 0.847418 0.036000 0.035994
0 0.642680 0.528169 0.037333 0.035994
0 0.819347 0.883412 0.028000 0.032864
0 0.642680 0.633803 0.034667 0.034429
0 0.792680 0.742567 0.028000 0.032864
0 0.440013 0.223005 0.032000 0.026604
0 0.739347 0.848983 0.028000 0.032864
0 0.818680 0.741784 0.026667 0.034429
0 0.440013 0.400626 0.029333 0.031299
0 0.805347 0.778560 0.037333 0.032864
0 0.805347 0.703443 0.034667 0.035994
0 0.438013 0.436620 0.030667 0.034429
0 0.764680 0.706573 0.028000 0.029734
0 0.642680 0.344288 0.029333 0.031299
0 0.588680 0.526604 0.036000 0.029734
0 0.764680 0.489045 0.028000 0.029734
0 0.805347 0.812207 0.034667 0.034429
0 0.765347 0.634585 0.026667 0.029734
0 0.438680 0.194836 0.032000 0.029734
0 0.806680 0.307512 0.034667 0.035994
0 0.804680 0.633020 0.033333 0.032864
0 0.642680 0.743349 0.034667 0.034429
0 0.641347 0.708138 0.032000 0.035994
0 0.804680 0.667449 0.033333 0.035994
0 0.751347 0.380282 0.036000 0.034429
0 0.765347 0.417840 0.026667 0.031299
0 0.738680 0.455399 0.029333 0.034429
0 0.751347 0.344288 0.036000 0.034429
0 0.696680 0.743349 0.030667 0.034429
0 0.737347 0.417058 0.026667 0.032864
0 0.533347 0.490610 0.032000 0.032864
0 0.737347 0.670579 0.026667 0.032864
0 0.642680 0.813772 0.032000 0.034429
0 0.589347 0.706573 0.032000 0.032864
0 0.641347 0.853678 0.034667 0.039124
0 0.750680 0.560250 0.032000 0.034429
0 0.764680 0.453834 0.028000 0.034429
0 0.643347 0.453834 0.030667 0.031299
0 0.752013 0.743349 0.034667 0.037559
0 0.642680 0.489828 0.034667 0.037559
0 0.534013 0.528169 0.036000 0.042254
0 0.697347 0.597809 0.034667 0.037559
0 0.587347 0.307512 0.036000 0.039124
0 0.696680 0.489045 0.033333 0.035994
0 0.696013 0.380282 0.032000 0.037559
0 0.588680 0.597809 0.036000 0.040689
0 0.696680 0.417840 0.030667 0.037559
0 0.643347 0.307512 0.036000 0.039124
0 0.696680 0.525822 0.033333 0.037559
0 0.534013 0.381847 0.036000 0.037559
0 0.588680 0.560250 0.036000 0.034429
0 0.696680 0.670579 0.033333 0.035994
0 0.588680 0.346635 0.036000 0.035994
0 0.588013 0.491393 0.034667 0.040689
0 0.642013 0.670579 0.033333 0.035994
0 0.697347 0.635368 0.034667 0.034429
0 0.696013 0.708138 0.032000 0.035994
0 0.533347 0.306729 0.034667 0.037559
0 0.805347 0.597809 0.034667 0.037559
0 0.534680 0.418623 0.034667 0.035994
0 0.805347 0.381847 0.034667 0.034429
0 0.642680 0.779343 0.034667 0.034429
0 0.641347 0.380282 0.032000 0.037559
0 0.642680 0.596244 0.034667 0.034429
0 0.588680 0.382629 0.033333 0.035994
0 0.588013 0.453834 0.034667 0.034429
0 0.643347 0.561815 0.036000 0.031299
0 0.697347 0.452269 0.032000 0.031299
0 0.697347 0.813772 0.034667 0.034429
0 0.534013 0.345070 0.033333 0.035994
0 0.588013 0.779343 0.034667 0.040689
0 0.588680 0.635368 0.036000 0.034429
0 0.804680 0.417058 0.033333 0.032864
0 0.804680 0.523474 0.036000 0.035994
0 0.588680 0.670579 0.036000 0.035994
0 0.696680 0.561815 0.030667 0.031299
0 0.696680 0.308294 0.033333 0.037559
0 0.764680 0.670579 0.030667 0.035994
0 0.534013 0.454617 0.033333 0.035994
0 0.750680 0.524257 0.034667 0.037559
0 0.738013 0.633803 0.028000 0.034429
0 0.696680 0.777778 0.033333 0.034429
0 0.752013 0.306729 0.037333 0.037559
0 0.752013 0.778560 0.034667 0.032864
0 0.805347 0.451487 0.032000 0.032864
0 0.588680 0.816901 0.036000 0.034429
0 0.750680 0.597027 0.037333 0.035994
0 0.696680 0.849765 0.033333 0.034429
0 0.805347 0.560250 0.034667 0.034429
0 0.805347 0.486698 0.034667 0.034429
0 0.641347 0.417840 0.034667 0.034429
0 0.590013 0.852113 0.036000 0.035994
0 0.805347 0.345853 0.034667 0.037559
0 0.590013 0.888106 0.036000 0.035994
0 0.698013 0.885759 0.033333 0.037559
0 0.697347 0.343505 0.032000 0.032864
0 0.752013 0.815336 0.037333 0.034429
0 0.588680 0.741784 0.033333 0.034429
0 0.588013 0.418623 0.034667 0.035994
