0 0.959290 0.855222 0.030000 0.023734
0 0.905540 0.409810 0.035000 0.018987
0 0.629290 0.657437 0.032500 0.030063
0 0.574290 0.404272 0.032500 0.033228
0 0.573665 0.787975 0.033750 0.034810
0 0.407415 0.877373 0.033750 0.033228
0 0.890540 0.789557 0.022500 0.028481
0 0.753040 0.731013 0.022500 0.018987
0 0.751790 0.856013 0.022500 0.025316
0 0.751790 0.633703 0.020000 0.020570
0 0.892415 0.628956 0.021250 0.026899
0 0.753165 0.881835 0.024500 0.027753
0 0.892678 0.472579 0.019600 0.021646
0 0.893159 0.504866 0.020487 0.025585
0 0.892365 0.534193 0.017725 0.026772
0 0.892052 0.564715 0.018350 0.024019
0 0.893765 0.597191 0.019275 0.025206
0 0.918959 0.473172 0.018038 0.022041
0 0.919115 0.504082 0.015250 0.024019
0 0.740353 0.357025 0.030000 0.018354
0 0.739290 0.394446 0.031125 0.020728
0 0.741196 0.510277 0.034563 0.024604
0 0.740534 0.533592 0.031312 0.022563
0 0.740084 0.548513 0.032587 0.008196
0 0.751590 0.562191 0.021775 0.013782
0 0.753303 0.576756 0.024575 0.016930
0 0.752765 0.765269 0.021875 0.017247
0 0.753665 0.713608 0.018750 0.022152
0 0.753665 0.675633 0.021250 0.022152
0 0.752415 0.650316 0.018750 0.015823
0 0.959915 0.786392 0.033750 0.034810
0 0.518665 0.723101 0.031250 0.031646
0 0.628665 0.852057 0.033750 0.033228
0 0.574290 0.564082 0.030000 0.030063
0 0.463665 0.374209 0.036250 0.036392
0 0.959915 0.662184 0.036250 0.033228
0 0.795540 0.378165 0.035000 0.034810
0 0.683665 0.756329 0.031250 0.031646
0 0.851165 0.375791 0.033750 0.033228
0 0.686165 0.408228 0.033750 0.034810
0 0.519290 0.786392 0.035000 0.031646
0 0.849915 0.596519 0.033750 0.028481
0 0.796790 0.470728 0.032500 0.033228
0 0.630540 0.373418 0.032500 0.037975
0 0.463665 0.659019 0.031250 0.033228
0 0.960540 0.693038 0.035000 0.031646
0 0.519290 0.819620 0.032500 0.034810
0 0.849915 0.693829 0.036250 0.030063
0 0.849915 0.662975 0.033750 0.031646
0 0.850540 0.566456 0.035000 0.031646
0 0.463665 0.786392 0.033750 0.034810
0 0.684290 0.724684 0.032500 0.031646
0 0.959915 0.724684 0.033750 0.031646
0 0.463040 0.723892 0.032500 0.033228
0 0.463665 0.593354 0.031250 0.031646
0 0.573665 0.691456 0.033750 0.031646
0 0.849290 0.820411 0.035000 0.033228
0 0.463040 0.468354 0.032500 0.034810
0 0.518040 0.628956 0.032500 0.033228
0 0.684915 0.594937 0.033750 0.028481
0 0.684915 0.692247 0.033750 0.033228
0 0.463665 0.691456 0.033750 0.031646
0 0.463665 0.819620 0.033750 0.031646
0 0.849915 0.852848 0.033750 0.031646
0 0.891165 0.725475 0.026250 0.033228
0 0.408665 0.723892 0.036250 0.036392
0 0.850540 0.407437 0.032500 0.026899
0 0.917415 0.851266 0.021250 0.028481
0 0.795540 0.502373 0.032500 0.030063
0 0.629290 0.439082 0.035000 0.030063
0 0.628665 0.595728 0.031250 0.026899
0 0.918040 0.883703 0.025000 0.033228
0 0.795540 0.344937 0.032500 0.034810
0 0.686790 0.374209 0.035000 0.036392
0 0.629290 0.501582 0.035000 0.031646
0 0.629290 0.469937 0.035000 0.031646
0 0.353040 0.373418 0.032500 0.037975
0 0.998395 0.408228 0.000710 0.037975
0 0.463040 0.564082 0.032500 0.030063
0 0.573665 0.596519 0.028750 0.034810
0 0.753040 0.696203 0.020000 0.018987
0 0.573665 0.880538 0.031250 0.030063
0 0.574290 0.500791 0.030000 0.030063
0 0.519290 0.469937 0.035000 0.031646
0 0.737415 0.790269 0.033750 0.020411
0 0.738665 0.454351 0.033750 0.035285
0 0.740540 0.337579 0.035000 0.023259
0 0.737759 0.807919 0.032937 0.013782
0 0.519915 0.371835 0.033750 0.037975
0 0.684915 0.533228 0.031250 0.031646
0 0.849290 0.788766 0.035000 0.033228
0 0.683665 0.853639 0.031250 0.026899
0 0.628665 0.788766 0.033750 0.033228
0 0.742290 0.374288 0.033500 0.019146
0 0.408040 0.597389 0.032500 0.026741
0 0.997145 0.884494 0.003210 0.028481
0 0.751165 0.748576 0.023750 0.016139
0 0.683665 0.883070 0.033750 0.031329
0 0.739915 0.420886 0.033750 0.034810
0 0.848665 0.756329 0.036250 0.031646
0 0.849915 0.471519 0.033750 0.034810
0 0.573665 0.469146 0.033750 0.033228
0 0.997770 0.854272 0.001960 0.031329
0 0.628040 0.819620 0.035000 0.028481
0 0.574290 0.818196 0.035000 0.028165
0 0.629290 0.566456 0.032500 0.031646
0 0.851165 0.503165 0.031250 0.028481
0 0.629290 0.722310 0.035000 0.033228
0 0.518040 0.564873 0.032500 0.034810
0 0.573665 0.757911 0.033750 0.031646
0 0.463665 0.420886 0.033750 0.053797
0 0.917415 0.691456 0.021250 0.022152
0 0.353040 0.405063 0.032500 0.028481
0 0.998395 0.600475 0.000710 0.033228
0 0.408040 0.852848 0.035000 0.034810
0 0.353040 0.720728 0.032500 0.033228
0 0.959915 0.882911 0.033750 0.034810
0 0.960540 0.503956 0.027500 0.023734
0 0.997770 0.786392 0.001960 0.034810
0 0.573665 0.432753 0.031250 0.036392
0 0.408040 0.689082 0.035000 0.033228
0 0.574290 0.630538 0.032500 0.033228
0 0.408665 0.405063 0.031250 0.031646
0 0.998395 0.726266 0.000710 0.031646
0 0.684290 0.660601 0.032500 0.030063
0 0.408040 0.564873 0.032500 0.037975
0 0.573665 0.660601 0.033750 0.030063
0 0.408040 0.755538 0.035000 0.030063
0 0.890540 0.819620 0.022500 0.028481
0 0.917415 0.754747 0.021250 0.025316
0 0.891790 0.661392 0.022500 0.025316
0 0.863665 0.344937 0.023750 0.028481
0 0.918040 0.344937 0.022500 0.028481
0 0.351790 0.881329 0.035000 0.031646
0 0.960540 0.596519 0.032500 0.031646
0 0.796165 0.534019 0.031250 0.033228
0 0.518665 0.501582 0.036250 0.034810
0 0.918040 0.787184 0.020000 0.026899
0 0.352415 0.688291 0.033750 0.034810
0 0.998395 0.695411 0.000710 0.033228
0 0.961165 0.629747 0.033750 0.031646
0 0.351165 0.785601 0.031250 0.030063
0 0.893040 0.345728 0.025000 0.026899
0 0.518665 0.533228 0.033750 0.028481
0 0.795540 0.568038 0.030000 0.031646
0 0.352415 0.434335 0.033750 0.033228
0 0.573665 0.530063 0.031250 0.034810
0 0.889290 0.885285 0.022500 0.026899
0 0.353040 0.561709 0.032500 0.028481
0 0.351790 0.656646 0.035000 0.031646
0 0.408665 0.785601 0.036250 0.033228
0 0.997770 0.631329 0.001960 0.031646
0 0.918040 0.659810 0.022500 0.028481
0 0.409290 0.499209 0.032500 0.033228
0 0.890540 0.753956 0.022500 0.023734
0 0.685540 0.469146 0.032500 0.030063
0 0.918665 0.566456 0.021250 0.025316
0 0.408665 0.374209 0.031250 0.033228
0 0.518665 0.851266 0.031250 0.028481
0 0.889915 0.849684 0.021250 0.025316
0 0.407415 0.658228 0.033750 0.031646
0 0.795540 0.439873 0.032500 0.031646
0 0.918665 0.628956 0.021250 0.030063
0 0.518665 0.690665 0.031250 0.030063
0 0.906165 0.378956 0.033750 0.033228
0 0.919290 0.595728 0.020000 0.026899
0 0.352415 0.816456 0.033750 0.031646
0 0.352415 0.753956 0.033750 0.033228
0 0.998395 0.821203 0.000710 0.034810
0 0.917415 0.534019 0.021250 0.026899
0 0.961165 0.754747 0.033750 0.028481
0 0.684290 0.629747 0.032500 0.037975
0 0.960540 0.566456 0.032500 0.031646
0 0.519290 0.405063 0.032500 0.031646
0 0.889915 0.693829 0.023750 0.026899
0 0.408665 0.818038 0.036250 0.031646
0 0.351790 0.467563 0.032500 0.030063
0 0.573665 0.851266 0.033750 0.034810
0 0.629915 0.627373 0.033750 0.033228
0 0.351165 0.498418 0.031250 0.031646
0 0.961165 0.442247 0.031250 0.033228
0 0.519290 0.438291 0.032500 0.034810
0 0.463040 0.883703 0.035000 0.030063
0 0.905540 0.439082 0.035000 0.036392
0 0.918040 0.723892 0.022500 0.030063
0 0.628665 0.756329 0.031250 0.031646
0 0.628665 0.689873 0.036250 0.034810
0 0.351790 0.848892 0.035000 0.033228
0 0.629915 0.406646 0.033750 0.031646
0 0.409290 0.530063 0.035000 0.031646
0 0.683665 0.787975 0.031250 0.031646
0 0.961165 0.473101 0.031250 0.031646
0 0.686165 0.439873 0.033750 0.031646
0 0.918040 0.820411 0.022500 0.026899
0 0.574915 0.373418 0.033750 0.031646
0 0.351790 0.625791 0.032500 0.030063
0 0.795540 0.409810 0.032500 0.031646
0 0.850540 0.438291 0.030000 0.031646
0 0.628665 0.883703 0.033750 0.030063
0 0.463040 0.755538 0.032500 0.030063
0 0.406790 0.625791 0.035000 0.033228
0 0.408040 0.468354 0.032500 0.031646
0 0.353040 0.592563 0.035000 0.036392
0 0.684915 0.501582 0.028750 0.034810
0 0.518040 0.660601 0.032500 0.033228
0 0.463040 0.852057 0.032500 0.033228
0 0.408665 0.436709 0.033750 0.031646
0 0.961165 0.406646 0.036250 0.034810
0 0.463665 0.500000 0.033750 0.031646
0 0.352415 0.530063 0.031250 0.031646
0 0.518665 0.881329 0.033750 0.034810
0 0.849915 0.885285 0.036250 0.033228
0 0.849915 0.723892 0.036250 0.033228
0 0.574290 0.723892 0.035000 0.033228
0 0.629290 0.533228 0.035000 0.031646
0 0.850540 0.535601 0.035000 0.033228
0 0.463665 0.625791 0.031250 0.033228
0 0.518040 0.596519 0.032500 0.031646
0 0.849915 0.630538 0.033750 0.036392
0 0.683665 0.821994 0.033750 0.036392
0 0.959915 0.822785 0.033750 0.034810
0 0.961165 0.534810 0.033750 0.034810
0 0.463665 0.532437 0.033750 0.033228
0 0.685540 0.565665 0.032500 0.033228
0 0.518665 0.754747 0.033750 0.034810
