0 0.501242 0.912295 0.037778 0.050820
0 0.447353 0.453279 0.041111 0.047541
0 0.860686 0.866393 0.036667 0.040984
0 0.807908 0.911475 0.033333 0.042623
0 0.860686 0.909016 0.038889 0.047541
0 0.446797 0.184426 0.042222 0.034426
0 0.447353 0.317213 0.041111 0.037705
0 0.551242 0.871311 0.035556 0.040984
0 0.862353 0.824590 0.035556 0.042623
0 0.603464 0.911475 0.037778 0.049180
0 0.551242 0.911475 0.035556 0.042623
0 0.757908 0.912295 0.035556 0.044262
0 0.500130 0.826230 0.037778 0.049180
0 0.551242 0.827049 0.037778 0.047541
0 0.653464 0.868852 0.035556 0.042623
0 0.757908 0.868852 0.035556 0.042623
0 0.707353 0.913115 0.036667 0.045902
0 0.809019 0.824590 0.035556 0.045902
0 0.708464 0.824590 0.034444 0.045902
0 0.758464 0.824590 0.036667 0.045902
0 0.603464 0.825410 0.035556 0.047541
0 0.654575 0.913934 0.037778 0.044262
0 0.654019 0.826230 0.034444 0.049180
0 0.602908 0.868033 0.034444 0.037705
0 0.665686 0.784426 0.022222 0.034426
0 0.614019 0.783607 0.021111 0.032787
0 0.445686 0.250000 0.044444 0.037705
0 0.448464 0.381148 0.041111 0.031148
0 0.770130 0.783607 0.020000 0.032787
0 0.447353 0.285246 0.041111 0.032787
0 0.873464 0.782787 0.022222 0.034426
0 0.447353 0.150820 0.043333 0.032787
0 0.821797 0.782787 0.021111 0.034426
0 0.562908 0.784426 0.023333 0.034426
0 0.448464 0.353279 0.041111 0.031148
0 0.459575 0.740984 0.021111 0.032787
0 0.808464 0.869672 0.034444 0.044262
0 0.510686 0.783607 0.023333 0.032787
0 0.446797 0.216393 0.042222 0.029508
0 0.707908 0.869672 0.035556 0.044262
0 0.717353 0.783607 0.023333 0.032787
