0 0.644182 0.290774 0.035556 0.044481
0 0.441405 0.667216 0.034444 0.046129
0 0.643627 0.331960 0.034444 0.037891
0 0.492516 0.182867 0.043333 0.036244
0 0.492516 0.147446 0.047778 0.034596
0 0.643627 0.248764 0.034444 0.036244
0 0.798627 0.247117 0.033333 0.036244
0 0.799182 0.329489 0.036667 0.032949
0 0.493071 0.315486 0.042222 0.037891
0 0.491405 0.250412 0.043333 0.036244
0 0.494182 0.381384 0.044444 0.031301
0 0.492516 0.218287 0.045556 0.031301
0 0.748071 0.332784 0.034444 0.032949
0 0.493627 0.533773 0.032222 0.036244
0 0.494182 0.351730 0.042222 0.031301
0 0.506405 0.752883 0.022222 0.023064
0 0.593071 0.334432 0.033333 0.039539
0 0.492516 0.284185 0.041111 0.031301
0 0.493627 0.495058 0.038889 0.041186
0 0.544182 0.664745 0.033333 0.044481
0 0.644182 0.374794 0.035556 0.044481
0 0.798627 0.370675 0.035556 0.046129
0 0.493627 0.452224 0.041111 0.044481
0 0.695293 0.289127 0.033333 0.047776
0 0.747516 0.292422 0.031111 0.041186
0 0.642516 0.204283 0.034444 0.052718
0 0.505849 0.732290 0.023333 0.024712
0 0.901960 0.329489 0.035556 0.026359
0 0.441960 0.621911 0.033333 0.047776
0 0.543071 0.618616 0.033333 0.047776
0 0.593071 0.292422 0.031111 0.041186
0 0.440849 0.336903 0.035556 0.044481
0 0.747516 0.247117 0.035556 0.046129
0 0.900849 0.245470 0.037778 0.046129
0 0.696960 0.616969 0.034444 0.047776
0 0.695293 0.336903 0.035556 0.047776
0 0.901405 0.291598 0.032222 0.042834
0 0.441960 0.290774 0.031111 0.044481
0 0.593071 0.247941 0.033333 0.044481
0 0.540293 0.289951 0.034444 0.046129
0 0.698627 0.662273 0.037778 0.042834
0 0.849738 0.332784 0.035556 0.042834
0 0.699182 0.744646 0.036667 0.046129
0 0.849738 0.288303 0.033333 0.049423
0 0.698071 0.704283 0.034444 0.041186
0 0.540849 0.334432 0.031111 0.042834
0 0.798071 0.289127 0.036667 0.044481
0 0.798071 0.201812 0.034444 0.054366
