0 0.986975 0.333607 0.023827 0.044262
0 0.374506 0.540984 0.034444 0.039344
0 0.837839 0.290984 0.032222 0.037705
0 0.891172 0.496721 0.034444 0.039344
0 0.375061 0.458197 0.035556 0.037705
0 0.375061 0.415574 0.035556 0.040984
0 0.685617 0.498361 0.036667 0.042623
0 0.373950 0.499180 0.031111 0.044262
0 0.685061 0.581967 0.035556 0.042623
0 0.888395 0.161475 0.033333 0.047541
0 0.940617 0.248361 0.035556 0.044262
0 0.322839 0.204918 0.031111 0.049180
0 0.786172 0.335246 0.033333 0.040984
0 0.583395 0.454098 0.041111 0.049180
0 0.375061 0.623770 0.028889 0.040984
0 0.890061 0.331148 0.036667 0.039344
0 0.941728 0.203279 0.031111 0.045902
0 0.738395 0.869672 0.031111 0.037705
0 0.838395 0.206557 0.035556 0.032787
0 0.583395 0.313115 0.041111 0.039344
0 0.583950 0.377869 0.044444 0.034426
0 0.582284 0.245902 0.041111 0.042623
0 0.801172 0.866393 0.021111 0.031148
0 0.583950 0.145902 0.042222 0.036066
0 0.583395 0.347541 0.043333 0.032787
0 0.582839 0.281148 0.042222 0.031148
0 0.594506 0.740984 0.023333 0.032787
0 0.582284 0.212459 0.043333 0.027541
0 0.583395 0.180836 0.041111 0.040820
0 0.840617 0.745082 0.035556 0.044262
0 0.940617 0.332787 0.037778 0.042623
0 0.735617 0.334426 0.036667 0.039344
0 0.736172 0.417213 0.033333 0.040984
0 0.941172 0.374590 0.034444 0.040984
0 0.889506 0.413115 0.031111 0.042623
0 0.787284 0.417213 0.033333 0.040984
0 0.322284 0.335246 0.036667 0.040984
0 0.375061 0.377049 0.035556 0.039344
0 0.890061 0.372131 0.032222 0.039344
0 0.322284 0.251639 0.036667 0.044262
0 0.684506 0.377869 0.034444 0.037705
0 0.738395 0.913115 0.035556 0.045902
0 0.736172 0.664754 0.035556 0.040984
0 0.685061 0.540984 0.033333 0.039344
0 0.788950 0.827049 0.036667 0.044262
0 0.737839 0.787705 0.036667 0.044262
0 0.685061 0.335246 0.035556 0.047541
0 0.323395 0.377049 0.038889 0.042623
0 0.374506 0.580328 0.034444 0.039344
0 0.941172 0.414754 0.034444 0.039344
0 0.791728 0.909836 0.035556 0.052459
0 0.986975 0.290164 0.023827 0.042623
0 0.837839 0.159016 0.036667 0.052459
0 0.737284 0.458197 0.031111 0.037705
0 0.889506 0.250000 0.033333 0.040984
0 0.840617 0.788525 0.035556 0.042623
0 0.838395 0.375410 0.033333 0.039344
0 0.942839 0.580328 0.035556 0.045902
0 0.888950 0.291803 0.034444 0.039344
0 0.987531 0.245082 0.022716 0.044262
0 0.786728 0.374590 0.034444 0.040984
0 0.787839 0.497541 0.034444 0.040984
0 0.787284 0.248361 0.033333 0.044262
0 0.683950 0.290164 0.028889 0.042623
0 0.737284 0.745902 0.033333 0.039344
0 0.941728 0.497541 0.035556 0.044262
0 0.941728 0.454918 0.033333 0.040984
0 0.685617 0.417213 0.034444 0.040984
0 0.942284 0.538525 0.034444 0.040984
0 0.940061 0.290984 0.034444 0.040984
0 0.788395 0.622131 0.035556 0.044262
0 0.788950 0.664754 0.036667 0.040984
0 0.736728 0.498361 0.034444 0.042623
0 0.531728 0.293443 0.035556 0.042623
0 0.532284 0.250820 0.034444 0.042623
0 0.375061 0.289344 0.035556 0.047541
0 0.633395 0.293443 0.036667 0.042623
0 0.788950 0.745902 0.034444 0.042623
0 0.735061 0.374590 0.033333 0.040984
0 0.788395 0.580328 0.035556 0.042623
0 0.734506 0.293443 0.034444 0.045902
0 0.322284 0.294262 0.036667 0.044262
0 0.838395 0.416393 0.035556 0.042623
0 0.633395 0.336885 0.036667 0.044262
0 0.531728 0.204918 0.035556 0.049180
0 0.839506 0.622951 0.037778 0.042623
0 0.890617 0.455738 0.033333 0.042623
0 0.531728 0.334426 0.035556 0.039344
0 0.837839 0.250000 0.036667 0.044262
0 0.737284 0.622131 0.035556 0.044262
0 0.479506 0.248361 0.037778 0.054098
0 0.736172 0.579508 0.033333 0.040984
0 0.786172 0.293443 0.033333 0.042623
0 0.375061 0.334426 0.037778 0.042623
0 0.786728 0.456557 0.032222 0.040984
0 0.632839 0.247541 0.035556 0.049180
0 0.789506 0.785246 0.035556 0.039344
0 0.837839 0.333607 0.036667 0.044262
0 0.838950 0.497541 0.034444 0.040984
0 0.532284 0.375410 0.034444 0.042623
0 0.685617 0.458197 0.034444 0.040984
0 0.840061 0.578689 0.034444 0.042623
0 0.735617 0.540984 0.032222 0.039344
0 0.838950 0.457377 0.034444 0.039344
0 0.738395 0.831967 0.035556 0.040984
0 0.788950 0.704918 0.034444 0.039344
0 0.373950 0.666393 0.035556 0.044262
0 0.888950 0.208197 0.034444 0.042623
0 0.786728 0.538525 0.034444 0.040984
0 0.840617 0.539344 0.033333 0.039344
0 0.737284 0.704918 0.035556 0.042623
0 0.840617 0.663934 0.037778 0.042623
0 0.840061 0.704098 0.034444 0.040984
