0 0.693179 0.292969 0.029333 0.029687
0 0.694513 0.378125 0.026667 0.021875
0 0.692513 0.363281 0.028000 0.029687
0 0.698513 0.784375 0.024000 0.025000
0 0.692513 0.260937 0.030667 0.031250
0 0.693846 0.401562 0.025333 0.018750
0 0.387179 0.741406 0.033333 0.035937
0 0.693846 0.421094 0.028000 0.023438
0 0.441846 0.740625 0.028000 0.034375
0 0.333179 0.744531 0.026667 0.032813
0 0.486513 0.637500 0.032000 0.031250
0 0.485846 0.491406 0.038667 0.029687
0 0.485179 0.457813 0.037333 0.034375
0 0.953179 0.238281 0.034667 0.042188
0 0.431846 0.857812 0.034667 0.043750
0 0.485179 0.529687 0.037333 0.043750
0 0.485179 0.385937 0.037333 0.031250
0 0.376513 0.853906 0.041333 0.035937
0 0.693179 0.222656 0.029333 0.029687
0 0.485179 0.417187 0.037333 0.031250
0 0.377179 0.778125 0.037333 0.040625
0 0.376513 0.816406 0.041333 0.035937
0 0.484513 0.567969 0.038667 0.032813
0 0.994590 0.389062 0.008154 0.034375
0 0.693179 0.194531 0.029333 0.026562
0 0.432513 0.779687 0.033333 0.040625
0 0.485846 0.603125 0.038667 0.034375
0 0.431846 0.816406 0.037333 0.035937
0 0.321179 0.852344 0.042667 0.045312
0 0.374513 0.421875 0.037333 0.034375
0 0.321179 0.781250 0.040000 0.040625
0 0.994590 0.314844 0.008154 0.035937
0 0.485846 0.673438 0.041333 0.037500
0 0.994590 0.352344 0.008154 0.035937
0 0.373846 0.274219 0.038667 0.032813
0 0.374513 0.385156 0.037333 0.035937
0 0.993923 0.275781 0.009487 0.039062
0 0.429846 0.314063 0.038667 0.043750
0 0.373846 0.311719 0.038667 0.035937
0 0.374513 0.235937 0.040000 0.040625
0 0.375179 0.348438 0.038667 0.037500
0 0.484513 0.349219 0.041333 0.039062
0 0.485179 0.308594 0.040000 0.039062
0 0.694113 0.242188 0.026640 0.007094
