0 0.557021 0.494234 0.030000 0.036244
0 0.555910 0.244646 0.034444 0.044481
0 0.555910 0.286656 0.034444 0.042834
0 0.349799 0.285832 0.033333 0.044481
0 0.607576 0.326194 0.033333 0.042834
0 0.349243 0.200165 0.034444 0.044481
0 0.709243 0.242998 0.034444 0.044481
0 0.349243 0.242998 0.032222 0.041186
0 0.349799 0.154860 0.035556 0.046129
0 0.452576 0.199341 0.034444 0.042834
0 0.556465 0.455519 0.033333 0.041186
0 0.402021 0.286656 0.033333 0.042834
0 0.557021 0.412685 0.034444 0.044481
0 0.350910 0.453048 0.033333 0.042834
0 0.761465 0.242175 0.034444 0.046129
0 0.452576 0.285008 0.034444 0.046129
0 0.453132 0.369852 0.035556 0.047776
0 0.607576 0.369852 0.035556 0.044481
0 0.760910 0.154036 0.035556 0.047776
0 0.519243 0.736409 0.023333 0.029654
0 0.506465 0.343493 0.044444 0.031301
0 0.505354 0.495058 0.042222 0.034596
0 0.865910 0.701812 0.034444 0.039539
0 0.299243 0.700988 0.034444 0.044481
0 0.866465 0.869028 0.035556 0.041186
0 0.090910 0.918451 0.037778 0.041186
0 0.504799 0.208402 0.045556 0.028007
0 0.400910 0.535420 0.035556 0.042834
0 0.090910 0.874794 0.037778 0.046129
0 0.504799 0.175453 0.043333 0.034596
0 0.507576 0.373147 0.046667 0.037891
0 0.092021 0.197694 0.033333 0.046129
0 0.865910 0.827842 0.032222 0.034596
0 0.506465 0.275124 0.040000 0.032949
0 0.864799 0.368204 0.032222 0.041186
0 0.866465 0.744646 0.028889 0.039539
0 0.090354 0.787479 0.034444 0.039539
0 0.864243 0.327842 0.035556 0.042834
0 0.659799 0.869028 0.033333 0.044481
0 0.090910 0.830313 0.035556 0.042834
0 0.865910 0.535420 0.034444 0.039539
0 0.659799 0.705107 0.033333 0.039539
0 0.659243 0.914333 0.032222 0.042834
0 0.247021 0.494234 0.032222 0.039539
0 0.915354 0.197694 0.033333 0.046129
0 0.917576 0.451400 0.033333 0.039539
0 0.350910 0.660626 0.028889 0.039539
0 0.142576 0.621087 0.034444 0.039539
0 0.915910 0.409390 0.036667 0.044481
0 0.505354 0.140033 0.046667 0.039539
0 0.708688 0.367381 0.031111 0.036244
0 0.915354 0.241351 0.035556 0.044481
0 0.660354 0.828666 0.032222 0.039539
0 0.659799 0.743822 0.033333 0.041186
0 0.660910 0.785832 0.033333 0.042834
0 0.298132 0.198517 0.034444 0.041186
0 0.092021 0.285008 0.033333 0.039539
0 0.658688 0.327842 0.033333 0.042834
0 0.867576 0.914333 0.035556 0.046129
0 0.915354 0.284185 0.035556 0.044481
0 0.915910 0.366557 0.036667 0.041186
0 0.092021 0.242998 0.033333 0.041186
0 0.298688 0.536244 0.035556 0.047776
0 0.090910 0.618616 0.033333 0.037891
0 0.142021 0.580725 0.035556 0.041186
0 0.142576 0.662273 0.036667 0.039539
0 0.659243 0.283361 0.030000 0.046129
0 0.864799 0.451400 0.034444 0.039539
0 0.915354 0.326194 0.035556 0.042834
0 0.299243 0.661450 0.032222 0.037891
0 0.864243 0.410214 0.035556 0.042834
0 0.350910 0.619440 0.031111 0.039539
0 0.091465 0.705107 0.036667 0.042834
0 0.091465 0.747117 0.034444 0.041186
0 0.813688 0.492586 0.030000 0.039539
0 0.143132 0.199341 0.035556 0.046129
0 0.814243 0.575783 0.031111 0.037891
0 0.194799 0.200165 0.034444 0.041186
0 0.709243 0.451400 0.032222 0.039539
0 0.193688 0.327018 0.032222 0.037891
0 0.863688 0.285832 0.034444 0.044481
0 0.659799 0.495058 0.028889 0.037891
0 0.865354 0.788303 0.033333 0.044481
0 0.090910 0.411038 0.033333 0.037891
0 0.090910 0.495881 0.031111 0.039539
0 0.863132 0.199341 0.033333 0.042834
0 0.298132 0.494234 0.034444 0.039539
0 0.659243 0.534596 0.032222 0.041186
0 0.917576 0.495058 0.035556 0.044481
0 0.194799 0.152389 0.034444 0.047776
0 0.915354 0.149918 0.033333 0.049423
0 0.143132 0.539539 0.035556 0.047776
0 0.658688 0.242175 0.028889 0.036244
0 0.865354 0.493410 0.033333 0.041186
0 0.092021 0.150741 0.035556 0.047776
0 0.607576 0.412685 0.031111 0.041186
0 0.092021 0.327842 0.035556 0.042834
0 0.401465 0.409390 0.034444 0.037891
0 0.091465 0.579077 0.034444 0.041186
0 0.298132 0.747117 0.034444 0.044481
0 0.245354 0.285832 0.033333 0.041186
0 0.090910 0.370675 0.033333 0.042834
0 0.144799 0.151565 0.036667 0.049423
0 0.193688 0.242175 0.030000 0.042834
0 0.812576 0.327842 0.032222 0.039539
0 0.863132 0.242175 0.035556 0.042834
0 0.813688 0.534596 0.032222 0.044481
0 0.813688 0.662273 0.032222 0.042834
0 0.557021 0.327842 0.030000 0.036244
0 0.863132 0.153213 0.035556 0.049423
0 0.812021 0.453048 0.031111 0.042834
0 0.658132 0.153213 0.032222 0.049423
0 0.507021 0.308896 0.041111 0.041186
0 0.299243 0.579901 0.032222 0.039539
0 0.708688 0.152389 0.035556 0.047776
0 0.142021 0.327842 0.033333 0.039539
0 0.091465 0.537891 0.036667 0.044481
0 0.813688 0.617792 0.032222 0.046129
0 0.090910 0.662273 0.035556 0.042834
0 0.505910 0.242175 0.045556 0.039539
0 0.142576 0.705107 0.036667 0.049423
0 0.143132 0.243822 0.035556 0.042834
0 0.142576 0.495058 0.034444 0.041186
0 0.298132 0.153213 0.034444 0.046129
0 0.660354 0.620264 0.034444 0.044481
0 0.143132 0.411862 0.035556 0.042834
0 0.143132 0.286656 0.033333 0.042834
0 0.864799 0.662273 0.034444 0.039539
0 0.090910 0.453871 0.033333 0.044481
0 0.761465 0.285008 0.030000 0.036244
0 0.865354 0.577430 0.033333 0.041186
0 0.350354 0.703460 0.034444 0.046129
0 0.505910 0.447282 0.043333 0.044481
0 0.658688 0.199341 0.033333 0.046129
0 0.247021 0.453048 0.036667 0.039539
0 0.298688 0.454695 0.033333 0.042834
0 0.762021 0.369028 0.031111 0.039539
0 0.400910 0.451400 0.035556 0.042834
0 0.298688 0.620264 0.033333 0.044481
0 0.864799 0.619440 0.034444 0.042834
0 0.659799 0.663921 0.035556 0.042834
0 0.298132 0.411862 0.032222 0.039539
0 0.452576 0.327018 0.034444 0.037891
0 0.142576 0.455519 0.034444 0.041186
0 0.812576 0.368204 0.032222 0.044481
0 0.557021 0.154036 0.034444 0.047776
0 0.401465 0.578254 0.036667 0.042834
0 0.246465 0.535420 0.035556 0.042834
0 0.453132 0.152389 0.035556 0.047776
0 0.709799 0.493410 0.035556 0.044481
0 0.402021 0.153213 0.033333 0.049423
0 0.659799 0.576606 0.033333 0.042834
0 0.350354 0.329489 0.032222 0.039539
0 0.556465 0.579077 0.035556 0.044481
0 0.350910 0.493410 0.033333 0.041186
0 0.557021 0.534596 0.032222 0.044481
0 0.608132 0.284185 0.032222 0.041186
0 0.762021 0.412685 0.035556 0.044481
0 0.245354 0.246293 0.031111 0.041186
0 0.709799 0.409390 0.033333 0.044481
0 0.348132 0.578254 0.034444 0.042834
0 0.709243 0.200165 0.034444 0.041186
0 0.608132 0.454695 0.032222 0.042834
0 0.812576 0.411038 0.032222 0.041186
0 0.760910 0.200165 0.033333 0.041186
0 0.658132 0.367381 0.032222 0.039539
0 0.401465 0.492586 0.034444 0.039539
0 0.246465 0.413509 0.035556 0.042834
0 0.350354 0.412685 0.032222 0.041186
0 0.350354 0.369852 0.034444 0.044481
0 0.709243 0.286656 0.034444 0.042834
0 0.400910 0.242998 0.033333 0.044481
0 0.245910 0.153213 0.034444 0.049423
0 0.813132 0.283361 0.033333 0.046129
0 0.245910 0.200988 0.034444 0.046129
0 0.557021 0.368204 0.034444 0.044481
0 0.709799 0.328666 0.033333 0.041186
0 0.143132 0.369028 0.035556 0.042834
0 0.297021 0.286656 0.034444 0.039539
0 0.762021 0.326194 0.033333 0.046129
0 0.246465 0.577430 0.035556 0.041186
0 0.452021 0.242175 0.033333 0.039539
0 0.659243 0.453871 0.032222 0.041186
0 0.245910 0.327018 0.034444 0.041186
0 0.555910 0.199341 0.034444 0.042834
0 0.400910 0.328666 0.033333 0.041186
0 0.298688 0.369852 0.033333 0.041186
0 0.298132 0.327018 0.034444 0.041186
0 0.349799 0.534596 0.035556 0.044481
0 0.402021 0.200988 0.033333 0.042834
0 0.401465 0.369852 0.032222 0.041186
0 0.193132 0.285832 0.033333 0.044481
0 0.298132 0.243822 0.034444 0.046129
0 0.659243 0.411038 0.032222 0.044481
0 0.245910 0.369852 0.034444 0.044481
