0 0.756815 0.705931 0.036667 0.044481
0 0.432371 0.416804 0.023333 0.032949
0 0.600704 0.452224 0.042222 0.044481
0 0.960149 0.333608 0.036667 0.041186
0 0.857926 0.336079 0.036667 0.042834
0 0.755149 0.336079 0.033333 0.042834
0 0.654037 0.619440 0.033333 0.049423
0 0.391815 0.333608 0.037778 0.047776
0 0.756260 0.619440 0.035556 0.046129
0 0.704037 0.336079 0.033333 0.039539
0 0.434037 0.457166 0.022222 0.034596
0 0.600704 0.214909 0.046667 0.027842
0 0.291260 0.621911 0.034444 0.047776
0 0.498482 0.617792 0.035556 0.049423
0 0.996464 0.292422 0.004851 0.047776
0 0.550149 0.619440 0.034444 0.046129
0 0.447371 0.706755 0.033333 0.046129
0 0.446815 0.664745 0.032222 0.041186
0 0.445704 0.333608 0.032222 0.041186
0 0.959593 0.373970 0.035556 0.039539
0 0.754593 0.374794 0.034444 0.041186
0 0.997574 0.619440 0.002630 0.046129
0 0.237926 0.334432 0.034444 0.039539
0 0.961815 0.618616 0.033333 0.044481
0 0.549593 0.665568 0.033333 0.039539
0 0.704037 0.620264 0.033333 0.047776
0 0.548482 0.333608 0.033333 0.037891
0 0.291260 0.708402 0.036667 0.042834
0 0.995908 0.375618 0.005962 0.042834
0 0.961815 0.663097 0.033333 0.041186
0 0.909037 0.334432 0.034444 0.042834
0 0.997019 0.702636 0.003741 0.044481
0 0.184593 0.205107 0.036667 0.051071
0 0.392371 0.289127 0.034444 0.041186
0 0.340149 0.295717 0.034444 0.041186
0 0.290704 0.666392 0.033333 0.041186
0 0.392371 0.249588 0.034444 0.037891
0 0.705704 0.704283 0.034444 0.047776
0 0.498482 0.664745 0.033333 0.041186
0 0.910149 0.662273 0.034444 0.039539
0 0.996464 0.336079 0.004851 0.039539
0 0.858482 0.376442 0.035556 0.041186
0 0.803482 0.249588 0.034444 0.044481
0 0.185149 0.294069 0.037778 0.044481
0 0.459037 0.416804 0.021111 0.029654
0 0.997574 0.662273 0.002629 0.039539
0 0.949037 0.453048 0.021111 0.032949
0 0.947926 0.414333 0.023333 0.031301
0 0.459593 0.457990 0.020000 0.032949
0 0.908482 0.375618 0.033333 0.042834
0 0.497371 0.336903 0.033333 0.037891
0 0.961260 0.705107 0.032222 0.042834
0 0.549037 0.705931 0.032222 0.044481
0 0.602371 0.315486 0.043333 0.037891
0 0.910704 0.706755 0.035556 0.046129
0 0.497926 0.705107 0.034444 0.042834
0 0.973482 0.455519 0.023333 0.031301
0 0.805149 0.294893 0.035556 0.046129
0 0.184593 0.250412 0.034444 0.036244
0 0.496260 0.377265 0.035556 0.046129
0 0.600704 0.149094 0.046667 0.034596
0 0.601260 0.182867 0.045556 0.036244
0 0.601815 0.282537 0.044444 0.031301
0 0.600149 0.541186 0.030000 0.044481
0 0.602371 0.378089 0.043333 0.034596
0 0.615149 0.752059 0.022222 0.024712
0 0.185149 0.330313 0.037778 0.024712
0 0.974593 0.415980 0.023333 0.031301
0 0.614593 0.725700 0.021111 0.028007
0 0.602926 0.349259 0.042222 0.029654
0 0.600704 0.246211 0.044444 0.038056
0 0.600704 0.496705 0.040000 0.044481
0 0.496815 0.292422 0.036667 0.051071
0 0.653482 0.292422 0.034444 0.044481
0 0.702926 0.290774 0.035556 0.051071
0 0.651260 0.376442 0.034444 0.044481
0 0.445149 0.291598 0.033333 0.046129
0 0.289037 0.291598 0.034444 0.046129
0 0.547926 0.375618 0.034444 0.046129
0 0.237926 0.291598 0.034444 0.046129
0 0.755704 0.292422 0.034444 0.044481
0 0.445149 0.374794 0.033333 0.044481
0 0.859037 0.291598 0.036667 0.046129
0 0.549037 0.292422 0.034444 0.044481
0 0.391815 0.205107 0.035556 0.051071
0 0.703482 0.378089 0.036667 0.044481
0 0.652926 0.335255 0.033333 0.041186
0 0.447371 0.618616 0.035556 0.051071
0 0.289037 0.377265 0.034444 0.046129
0 0.960149 0.291598 0.034444 0.046129
0 0.654037 0.664745 0.033333 0.041186
0 0.237371 0.378089 0.037778 0.051071
0 0.289593 0.334432 0.035556 0.042834
0 0.184593 0.375618 0.038889 0.049423
0 0.909037 0.291598 0.034444 0.046129
0 0.340704 0.248764 0.035556 0.052718
0 0.756260 0.664745 0.033333 0.041186
0 0.653482 0.706755 0.036667 0.046129
0 0.910149 0.618616 0.034444 0.047776
