0 0.357518 0.415842 0.033333 0.042904
0 0.873073 0.579208 0.037778 0.033003
0 0.306407 0.663366 0.035556 0.023102
0 0.254740 0.332508 0.032222 0.041254
0 0.463629 0.345710 0.041111 0.031353
0 0.461962 0.181518 0.042222 0.033003
0 0.872518 0.540429 0.036667 0.044554
0 0.461407 0.212046 0.047778 0.028053
0 0.410296 0.830033 0.034444 0.036304
0 0.462518 0.500000 0.038889 0.036304
0 0.461962 0.147690 0.044444 0.034653
0 0.462518 0.279703 0.041111 0.031353
0 0.871407 0.498350 0.034444 0.039604
0 0.409740 0.868812 0.035556 0.044554
0 0.150851 0.500000 0.035556 0.042904
0 0.665296 0.333333 0.033333 0.046205
0 0.099740 0.287954 0.033333 0.037954
0 0.463629 0.312706 0.041111 0.034653
0 0.049184 0.200495 0.034444 0.044554
0 0.357518 0.455446 0.033333 0.029703
0 0.525851 0.415017 0.025556 0.037954
0 0.564184 0.788779 0.033333 0.039604
0 0.151407 0.328383 0.034444 0.039604
0 0.151407 0.288779 0.034444 0.042904
0 0.871962 0.419142 0.033333 0.036304
0 0.501407 0.154290 0.023333 0.037954
0 0.409740 0.914191 0.035556 0.046205
0 0.357518 0.332508 0.033333 0.037954
0 0.563073 0.748350 0.031111 0.041254
0 0.202518 0.705446 0.034444 0.041254
0 0.151962 0.245050 0.033333 0.044554
0 0.409184 0.788779 0.034444 0.042904
0 0.463073 0.377888 0.044444 0.036304
0 0.665851 0.160066 0.034444 0.046205
0 0.150296 0.538779 0.036667 0.041254
0 0.870851 0.334983 0.033333 0.039604
0 0.100296 0.245875 0.034444 0.046205
0 0.615296 0.376238 0.033333 0.042904
0 0.564740 0.830858 0.034444 0.044554
0 0.665296 0.374587 0.033333 0.039604
0 0.564740 0.873762 0.034444 0.041254
0 0.500851 0.372112 0.020000 0.037954
0 0.151407 0.579208 0.036667 0.039604
0 0.462518 0.245875 0.043333 0.039604
0 0.563629 0.707096 0.034444 0.044554
0 0.501962 0.202970 0.024444 0.036304
0 0.101407 0.202145 0.032222 0.041254
0 0.870851 0.249175 0.033333 0.039604
0 0.203073 0.663366 0.033333 0.042904
0 0.563073 0.581683 0.033333 0.037954
0 0.408629 0.746700 0.033333 0.041254
0 0.307518 0.869637 0.035556 0.039604
0 0.871962 0.458746 0.033333 0.042904
0 0.203629 0.456271 0.032222 0.037954
0 0.150851 0.620462 0.035556 0.042904
0 0.049184 0.289604 0.036667 0.044554
0 0.306407 0.292079 0.033333 0.042904
0 0.525851 0.332508 0.023333 0.034653
0 0.564184 0.664191 0.035556 0.041254
0 0.308073 0.829208 0.034444 0.041254
0 0.203073 0.495050 0.035556 0.039604
0 0.049740 0.244224 0.035556 0.042904
0 0.203073 0.620462 0.035556 0.042904
0 0.254184 0.288779 0.031111 0.042904
0 0.564184 0.622937 0.035556 0.044554
0 0.818629 0.334158 0.033333 0.041254
0 0.614740 0.333333 0.034444 0.046205
0 0.501407 0.246700 0.023333 0.034653
0 0.768073 0.338284 0.032222 0.042904
0 0.203073 0.535479 0.035556 0.044554
0 0.307518 0.789604 0.033333 0.037954
0 0.818629 0.248350 0.033333 0.047855
0 0.871407 0.292904 0.034444 0.044554
0 0.717518 0.333333 0.035556 0.042904
0 0.409184 0.704620 0.032222 0.042904
0 0.152518 0.156766 0.036667 0.046205
0 0.871407 0.206271 0.034444 0.046205
0 0.665296 0.292079 0.035556 0.042904
0 0.101407 0.155941 0.034444 0.047855
0 0.768073 0.380363 0.032222 0.041254
0 0.768629 0.160891 0.035556 0.051155
0 0.100296 0.372937 0.032222 0.039604
0 0.150296 0.667492 0.034444 0.047855
0 0.203073 0.746700 0.037778 0.044554
0 0.306962 0.246700 0.034444 0.044554
0 0.151407 0.202970 0.034444 0.042904
0 0.664740 0.248350 0.034444 0.041254
0 0.099184 0.413366 0.034444 0.044554
0 0.306407 0.372112 0.033333 0.037954
0 0.665296 0.206271 0.035556 0.042904
0 0.525851 0.288779 0.023333 0.039604
0 0.564740 0.915842 0.036667 0.042904
0 0.409184 0.665017 0.032222 0.039604
0 0.614740 0.419142 0.032222 0.042904
0 0.151407 0.413366 0.034444 0.041254
0 0.818629 0.292904 0.033333 0.041254
0 0.666407 0.415842 0.033333 0.042904
0 0.564184 0.499175 0.035556 0.041254
0 0.254740 0.373762 0.032222 0.037954
0 0.871407 0.159241 0.036667 0.047855
0 0.768073 0.249175 0.034444 0.042904
0 0.100296 0.329208 0.036667 0.044554
0 0.203073 0.579208 0.035556 0.042904
0 0.358073 0.495050 0.034444 0.046205
0 0.500851 0.289604 0.022222 0.034653
0 0.717518 0.375413 0.035556 0.044554
0 0.525851 0.374587 0.023333 0.033003
0 0.409740 0.159241 0.033333 0.047855
0 0.306962 0.915017 0.036667 0.047855
0 0.564184 0.335809 0.033333 0.041254
0 0.513073 0.538779 0.033333 0.041254
0 0.203629 0.157591 0.034444 0.047855
0 0.500851 0.330033 0.022222 0.036304
0 0.768073 0.207096 0.034444 0.041254
0 0.716407 0.288779 0.035556 0.046205
0 0.049740 0.154290 0.035556 0.047855
0 0.201962 0.289604 0.033333 0.041254
0 0.564184 0.160066 0.035556 0.049505
0 0.254184 0.415842 0.033333 0.046205
0 0.357518 0.542904 0.033333 0.046205
0 0.871407 0.377063 0.034444 0.044554
0 0.306407 0.538779 0.035556 0.037954
0 0.409184 0.497525 0.034444 0.037954
0 0.564184 0.541254 0.037778 0.042904
0 0.203073 0.371287 0.035556 0.042904
0 0.614184 0.292079 0.033333 0.039604
0 0.409184 0.538779 0.034444 0.044554
0 0.203629 0.203795 0.034444 0.044554
0 0.513629 0.623762 0.034444 0.042904
0 0.201962 0.330033 0.035556 0.042904
0 0.306962 0.203795 0.034444 0.041254
0 0.306962 0.702970 0.032222 0.046205
0 0.203073 0.414191 0.035556 0.046205
0 0.308629 0.156766 0.033333 0.046205
0 0.564184 0.376238 0.033333 0.039604
0 0.202518 0.246700 0.034444 0.044554
0 0.408629 0.580033 0.033333 0.041254
0 0.151407 0.371287 0.034444 0.046205
0 0.358073 0.372937 0.034444 0.039604
0 0.819740 0.377888 0.035556 0.046205
0 0.410296 0.331683 0.032222 0.036304
0 0.768073 0.294554 0.034444 0.044554
0 0.306407 0.332508 0.033333 0.041254
0 0.461962 0.451320 0.042222 0.044554
0 0.513629 0.580858 0.034444 0.042904
0 0.150296 0.456271 0.034444 0.041254
0 0.410851 0.249175 0.031111 0.039604
0 0.409184 0.622112 0.034444 0.042904
0 0.410851 0.206271 0.033333 0.042904
0 0.564184 0.457921 0.033333 0.041254
0 0.306962 0.578383 0.034444 0.041254
0 0.564184 0.205446 0.035556 0.041254
0 0.409740 0.415842 0.031111 0.039604
0 0.307518 0.748350 0.035556 0.044554
0 0.564740 0.415842 0.034444 0.039604
0 0.358629 0.290429 0.033333 0.046205
0 0.306407 0.624587 0.037778 0.047855
0 0.614184 0.249175 0.035556 0.046205
0 0.305851 0.413366 0.034444 0.044554
0 0.306407 0.456271 0.033333 0.041254
0 0.513073 0.497525 0.033333 0.041254
0 0.513629 0.455446 0.034444 0.042904
0 0.564184 0.249175 0.035556 0.046205
0 0.306407 0.498350 0.035556 0.042904
0 0.408629 0.457921 0.033333 0.041254
0 0.410851 0.373762 0.033333 0.044554
0 0.410296 0.291254 0.034444 0.044554
0 0.564740 0.294554 0.032222 0.041254
