0 0.987250 0.373355 0.023277 0.039474
0 0.254501 0.493421 0.024444 0.036184
0 0.278945 0.328125 0.022222 0.037829
0 0.410612 0.326480 0.021111 0.037829
0 0.411168 0.244243 0.022222 0.034539
0 0.331723 0.616776 0.021111 0.036184
0 0.434501 0.245066 0.024444 0.032895
0 0.938390 0.412829 0.032222 0.036184
0 0.331723 0.286184 0.018889 0.029605
0 0.434501 0.494243 0.020000 0.031250
0 0.987250 0.537007 0.023277 0.037829
0 0.331723 0.328125 0.021111 0.037829
0 0.358945 0.411184 0.024444 0.032895
0 0.410612 0.152138 0.021111 0.041118
0 0.410612 0.410362 0.021111 0.034539
0 0.201723 0.285362 0.021111 0.034539
0 0.987251 0.497533 0.023277 0.037829
0 0.253945 0.658717 0.023333 0.041118
0 0.279501 0.369243 0.023333 0.037829
0 0.835612 0.703947 0.035556 0.042763
0 0.332834 0.826480 0.021111 0.034539
0 0.255612 0.827303 0.024444 0.036184
0 0.253390 0.409539 0.022222 0.032895
0 0.538945 0.368421 0.022222 0.032895
0 0.382279 0.278783 0.022222 0.027961
0 0.836168 0.621711 0.032222 0.039474
0 0.357279 0.285362 0.018889 0.031250
0 0.433945 0.369243 0.021111 0.027961
0 0.254501 0.913651 0.026667 0.041118
0 0.692834 0.290296 0.021111 0.037829
0 0.988361 0.744243 0.021055 0.037829
0 0.357834 0.574836 0.024444 0.034539
0 0.411168 0.699836 0.024444 0.031250
0 0.331168 0.534539 0.022222 0.036184
0 0.331723 0.493421 0.021111 0.036184
0 0.253390 0.784539 0.024444 0.036184
0 0.358390 0.368421 0.023333 0.036184
0 0.538945 0.245888 0.022222 0.034539
0 0.358945 0.453125 0.024444 0.037829
0 0.332834 0.912007 0.021111 0.034539
0 0.332834 0.575658 0.021111 0.036184
0 0.486168 0.534539 0.023333 0.032895
0 0.330612 0.409539 0.021111 0.036184
0 0.253945 0.536184 0.023333 0.032895
0 0.253390 0.576480 0.020000 0.034539
0 0.306168 0.534539 0.021111 0.032895
0 0.938390 0.329770 0.034444 0.037829
0 0.254501 0.243421 0.022222 0.036184
0 0.357834 0.151316 0.022222 0.036184
0 0.305057 0.367599 0.021111 0.031250
0 0.487279 0.908717 0.025556 0.037829
0 0.411168 0.658717 0.022222 0.041118
0 0.578390 0.278783 0.043333 0.031250
0 0.253945 0.700658 0.025556 0.036184
0 0.330612 0.367599 0.021111 0.027961
0 0.411168 0.532895 0.022222 0.029605
0 0.578390 0.210526 0.045556 0.029605
0 0.253945 0.149671 0.023333 0.039474
0 0.834501 0.535362 0.033333 0.044408
0 0.254501 0.615954 0.024444 0.031250
0 0.988361 0.700658 0.021055 0.046053
0 0.987806 0.660362 0.022166 0.031250
0 0.937834 0.498355 0.035556 0.046053
0 0.253390 0.869243 0.024444 0.034539
0 0.253945 0.199013 0.018889 0.026316
0 0.357279 0.615954 0.023333 0.034539
0 0.357279 0.532072 0.023333 0.031250
0 0.578945 0.376562 0.042222 0.033059
0 0.589501 0.749178 0.021111 0.021382
0 0.589501 0.728618 0.021111 0.023026
0 0.835612 0.330592 0.031111 0.039474
0 0.836168 0.868421 0.034444 0.042763
0 0.486168 0.409539 0.023333 0.026316
0 0.357834 0.198191 0.022222 0.037829
0 0.578390 0.346217 0.043333 0.031250
0 0.576723 0.492599 0.040000 0.031250
0 0.836168 0.372533 0.036667 0.044408
0 0.732279 0.373355 0.033333 0.042763
0 0.782279 0.373355 0.033333 0.042763
0 0.886723 0.374178 0.035556 0.044408
0 0.886723 0.157072 0.035556 0.047697
0 0.782279 0.199836 0.035556 0.047697
0 0.162834 0.286184 0.034444 0.046053
0 0.835612 0.157072 0.035556 0.047697
0 0.782834 0.453125 0.032222 0.041118
0 0.732279 0.290296 0.033333 0.041118
0 0.732279 0.246711 0.033333 0.046053
0 0.835612 0.203947 0.035556 0.046053
0 0.680612 0.245888 0.032222 0.044408
0 0.835612 0.248355 0.035556 0.042763
0 0.784501 0.744243 0.035556 0.044408
0 0.629501 0.413651 0.034444 0.044408
0 0.781723 0.332237 0.034444 0.042763
0 0.486168 0.867599 0.027778 0.041118
0 0.886723 0.291118 0.033333 0.042763
0 0.487279 0.453947 0.025556 0.036184
0 0.835612 0.291118 0.031111 0.039474
0 0.784501 0.662007 0.033333 0.044408
0 0.986695 0.203947 0.024388 0.055921
0 0.936723 0.373355 0.033333 0.042763
0 0.886168 0.333059 0.032222 0.041118
0 0.486168 0.615954 0.023333 0.037829
0 0.306723 0.408717 0.024444 0.037829
0 0.305612 0.199836 0.022222 0.037829
0 0.835057 0.494243 0.030000 0.034539
0 0.937279 0.156250 0.034444 0.046053
0 0.836168 0.828125 0.034444 0.037829
0 0.987250 0.577303 0.023277 0.042763
0 0.434501 0.328125 0.022222 0.041118
0 0.434501 0.536184 0.022222 0.036184
0 0.986139 0.251645 0.025499 0.039474
0 0.513945 0.246711 0.021111 0.036184
0 0.486168 0.575658 0.023333 0.036184
0 0.435057 0.410362 0.021111 0.034539
0 0.513390 0.200658 0.022222 0.042763
0 0.836168 0.786184 0.034444 0.042763
0 0.306723 0.576480 0.024444 0.037829
0 0.783390 0.533717 0.028889 0.041118
0 0.331168 0.451480 0.022222 0.037829
0 0.307279 0.914474 0.025556 0.036184
0 0.488390 0.743421 0.023333 0.032895
0 0.411168 0.493421 0.022222 0.036184
0 0.412279 0.782895 0.024444 0.039474
0 0.305612 0.242599 0.022222 0.034539
0 0.732834 0.330592 0.032222 0.039474
0 0.987806 0.787829 0.022166 0.049342
0 0.538390 0.154605 0.023333 0.036184
0 0.411723 0.825658 0.025556 0.036184
0 0.461168 0.327303 0.022222 0.036184
0 0.487834 0.782072 0.022222 0.034539
0 0.512834 0.367599 0.021111 0.034539
0 0.162834 0.369243 0.030000 0.044408
0 0.331723 0.243421 0.021111 0.032895
0 0.681168 0.154605 0.033333 0.049342
0 0.306168 0.492599 0.023333 0.037829
0 0.578945 0.143914 0.044444 0.034539
0 0.435057 0.200658 0.023333 0.036184
0 0.410057 0.367599 0.022222 0.037829
0 0.410057 0.286184 0.020000 0.032895
0 0.332279 0.662007 0.022222 0.037829
0 0.435057 0.152961 0.023333 0.039474
0 0.577834 0.177632 0.042222 0.039474
0 0.306723 0.782895 0.024444 0.032895
0 0.641168 0.152138 0.024444 0.037829
0 0.162834 0.496711 0.036667 0.042763
0 0.537834 0.453125 0.022222 0.031250
0 0.331723 0.152961 0.021111 0.039474
0 0.358390 0.494243 0.023333 0.034539
0 0.513945 0.153783 0.021111 0.041118
0 0.253945 0.452303 0.023333 0.036184
0 0.331723 0.867599 0.025556 0.034539
0 0.306723 0.828947 0.024444 0.036184
0 0.410612 0.576480 0.023333 0.034539
0 0.307279 0.616776 0.023333 0.032895
0 0.487279 0.199836 0.023333 0.041118
0 0.306168 0.662007 0.023333 0.034539
0 0.226168 0.287007 0.023333 0.034539
0 0.332279 0.741776 0.022222 0.036184
0 0.835612 0.578947 0.035556 0.046053
0 0.305612 0.328125 0.022222 0.034539
0 0.640612 0.328125 0.021111 0.037829
0 0.358390 0.324836 0.023333 0.037829
0 0.305612 0.744243 0.020000 0.031250
0 0.331723 0.782895 0.023333 0.039474
0 0.253390 0.327303 0.020000 0.032895
0 0.641168 0.285362 0.022222 0.041118
0 0.280057 0.288651 0.022222 0.037829
0 0.163390 0.537829 0.037778 0.039474
0 0.641168 0.245066 0.024444 0.032895
0 0.411723 0.742599 0.023333 0.034539
0 0.434501 0.452303 0.022222 0.032895
0 0.253390 0.287007 0.022222 0.037829
0 0.332279 0.701480 0.022222 0.034539
0 0.306168 0.869243 0.023333 0.034539
0 0.538945 0.411184 0.022222 0.039474
0 0.253390 0.369243 0.022222 0.037829
0 0.461168 0.285362 0.017778 0.037829
0 0.306168 0.451480 0.023333 0.034539
0 0.253390 0.741776 0.022222 0.036184
0 0.410612 0.199013 0.021111 0.036184
0 0.411723 0.912829 0.027778 0.042763
0 0.358390 0.243421 0.023333 0.039474
0 0.937834 0.291941 0.033333 0.037829
0 0.836723 0.912007 0.035556 0.044408
0 0.514501 0.493421 0.022222 0.036184
0 0.987250 0.621711 0.023277 0.046053
0 0.487279 0.824836 0.025556 0.037829
0 0.938390 0.453125 0.034444 0.044408
0 0.937834 0.203947 0.033333 0.046053
0 0.162834 0.412007 0.032222 0.041118
0 0.486723 0.659539 0.022222 0.036184
0 0.411723 0.866776 0.027778 0.039474
0 0.986695 0.333059 0.024388 0.041118
0 0.641168 0.202303 0.024444 0.036184
0 0.785057 0.703125 0.032222 0.037829
0 0.578945 0.312500 0.042222 0.039474
0 0.514501 0.327303 0.020000 0.032895
0 0.577279 0.244243 0.043333 0.041118
0 0.514501 0.410362 0.022222 0.041118
0 0.538945 0.287007 0.020000 0.037829
0 0.411168 0.615954 0.024444 0.037829
0 0.161723 0.582237 0.038889 0.049342
0 0.409501 0.453125 0.023333 0.037829
0 0.538390 0.200658 0.023333 0.032895
0 0.783945 0.911184 0.034444 0.042763
0 0.307834 0.703947 0.024444 0.036184
0 0.486723 0.152961 0.024444 0.039474
0 0.435612 0.285362 0.022222 0.037829
0 0.162834 0.453947 0.034444 0.042763
0 0.986695 0.415296 0.024388 0.041118
0 0.486723 0.703125 0.024444 0.037829
0 0.538390 0.328125 0.023333 0.037829
0 0.731723 0.199836 0.032222 0.047697
0 0.163945 0.327303 0.034444 0.039474
0 0.836168 0.414474 0.034444 0.039474
0 0.306168 0.286184 0.023333 0.039474
0 0.784501 0.787007 0.033333 0.041118
0 0.486723 0.493421 0.024444 0.036184
0 0.487834 0.328947 0.022222 0.036184
0 0.783945 0.575658 0.032222 0.042763
0 0.331723 0.199836 0.023333 0.037829
0 0.783945 0.870888 0.032222 0.041118
0 0.783945 0.617599 0.034444 0.041118
0 0.486723 0.287829 0.022222 0.036184
0 0.629501 0.458882 0.036667 0.046053
0 0.487279 0.245066 0.023333 0.039474
0 0.986695 0.291941 0.024388 0.041118
0 0.937279 0.250000 0.034444 0.046053
0 0.538945 0.494243 0.024444 0.041118
0 0.886723 0.205592 0.033333 0.046053
0 0.628945 0.367599 0.033333 0.047697
0 0.513945 0.453947 0.023333 0.036184
0 0.887279 0.247533 0.034444 0.041118
0 0.782279 0.413651 0.033333 0.037829
0 0.986695 0.457237 0.024388 0.042763
0 0.781723 0.290296 0.030000 0.041118
0 0.577279 0.448191 0.041111 0.047697
0 0.836723 0.745066 0.035556 0.039474
0 0.782834 0.494243 0.034444 0.041118
0 0.731168 0.416118 0.037778 0.046053
0 0.784501 0.828947 0.033333 0.042763
0 0.681168 0.201480 0.031111 0.037829
0 0.514501 0.287007 0.022222 0.037829
0 0.836168 0.454770 0.032222 0.041118
0 0.836168 0.662007 0.034444 0.041118
0 0.781723 0.247533 0.032222 0.044408
0 0.486723 0.370888 0.022222 0.037829
