0 0.002658 0.204770 0.005316 0.044408
0 0.349761 0.344655 0.042222 0.031414
0 0.350317 0.374095 0.043333 0.034704
0 0.349206 0.276316 0.043333 0.029605
0 0.708650 0.245888 0.035556 0.024671
0 0.350317 0.145559 0.043333 0.031250
0 0.349206 0.529605 0.032222 0.032895
0 0.349206 0.178454 0.045556 0.034539
0 0.349206 0.211349 0.045556 0.027961
0 0.760872 0.536184 0.028889 0.039474
0 0.349206 0.244243 0.043333 0.041118
0 0.450872 0.329770 0.033333 0.041118
0 0.759206 0.331414 0.034444 0.037829
0 0.349761 0.309211 0.042222 0.042763
0 0.400317 0.245888 0.032222 0.034539
0 0.090872 0.247533 0.033333 0.041118
0 0.143095 0.247533 0.033333 0.037829
0 0.604761 0.333059 0.034444 0.041118
0 0.501428 0.372533 0.034444 0.041118
0 0.501428 0.330592 0.034444 0.042763
0 0.655872 0.245066 0.034444 0.046053
0 0.142539 0.202303 0.034444 0.052632
0 0.194761 0.158717 0.034444 0.044408
0 0.090872 0.290296 0.035556 0.044408
0 0.450872 0.371711 0.033333 0.042763
0 0.450872 0.414474 0.033333 0.042763
0 0.450317 0.245888 0.034444 0.047697
0 0.759206 0.496711 0.036667 0.039474
0 0.348650 0.448191 0.040000 0.041118
0 0.299206 0.291118 0.034444 0.042763
0 0.194761 0.291118 0.032222 0.042763
0 0.246428 0.291118 0.035556 0.042763
0 0.298650 0.244243 0.033333 0.047697
0 0.246428 0.158717 0.037778 0.047697
0 0.502539 0.157895 0.034444 0.042763
0 0.759761 0.414474 0.035556 0.039474
0 0.245317 0.203125 0.035556 0.041118
0 0.759206 0.247533 0.034444 0.041118
0 0.552539 0.371711 0.036667 0.042763
0 0.003214 0.157895 0.006428 0.046053
0 0.038095 0.246711 0.034444 0.039474
0 0.500872 0.415296 0.035556 0.041118
0 0.759206 0.455592 0.036667 0.042763
0 0.194761 0.203947 0.034444 0.042763
0 0.143095 0.289474 0.035556 0.046053
0 0.553650 0.285362 0.034444 0.044408
0 0.553095 0.328125 0.035556 0.044408
0 0.603650 0.245888 0.036667 0.044408
0 0.039206 0.159539 0.036667 0.046053
0 0.707539 0.287829 0.035556 0.049342
0 0.002102 0.293586 0.004205 0.044408
0 0.501983 0.290296 0.035556 0.041118
0 0.348650 0.491776 0.037778 0.042763
0 0.501983 0.246711 0.035556 0.042763
0 0.501428 0.203947 0.034444 0.042763
0 0.038650 0.291118 0.035556 0.046053
0 0.759761 0.203947 0.035556 0.046053
0 0.450872 0.290296 0.035556 0.041118
0 0.399761 0.289474 0.035556 0.046053
0 0.655872 0.290296 0.034444 0.044408
0 0.604761 0.290296 0.034444 0.044408
0 0.399206 0.202303 0.034444 0.052632
0 0.604206 0.375000 0.035556 0.042763
0 0.759206 0.371711 0.036667 0.042763
0 0.604206 0.203947 0.035556 0.042763
0 0.707539 0.202303 0.035556 0.052632
0 0.759761 0.157895 0.037778 0.046053
0 0.604761 0.157895 0.036667 0.046053
0 0.038650 0.205592 0.035556 0.042763
0 0.759206 0.290296 0.036667 0.044408
0 0.003214 0.249178 0.006428 0.044408
0 0.195317 0.247533 0.035556 0.044408
0 0.246428 0.247533 0.037778 0.044408
