0 0.794384 0.491776 0.035556 0.039474
0 0.844940 0.445724 0.034444 0.042763
0 0.742718 0.240132 0.032222 0.039474
0 0.641051 0.236020 0.044444 0.041118
0 0.229940 0.148849 0.037778 0.047697
0 0.794940 0.573191 0.032222 0.037829
0 0.331051 0.618421 0.035556 0.042763
0 0.330496 0.450658 0.034444 0.039474
0 0.381607 0.409539 0.034444 0.036184
0 0.991081 0.405428 0.015615 0.041118
0 0.589940 0.492599 0.033333 0.037829
0 0.692718 0.491776 0.034444 0.042763
0 0.897718 0.282072 0.033333 0.037829
0 0.692162 0.324013 0.035556 0.039474
0 0.692162 0.365132 0.035556 0.039474
0 0.693273 0.741776 0.035556 0.046053
0 0.844384 0.144737 0.033333 0.049342
0 0.843829 0.238487 0.032222 0.042763
0 0.434384 0.660362 0.037778 0.047697
0 0.794384 0.449836 0.035556 0.041118
0 0.589940 0.574013 0.033333 0.039474
0 0.947718 0.408717 0.033333 0.041118
0 0.693273 0.406250 0.033333 0.042763
0 0.692162 0.449013 0.033333 0.039474
0 0.382718 0.828947 0.032222 0.046053
0 0.434940 0.321546 0.032222 0.041118
0 0.433273 0.363487 0.033333 0.042763
0 0.792718 0.323191 0.034444 0.041118
0 0.794384 0.532072 0.035556 0.041118
0 0.436051 0.148026 0.036667 0.046053
0 0.331051 0.576480 0.035556 0.041118
0 0.844384 0.281250 0.033333 0.042763
0 0.434940 0.236020 0.034444 0.044408
0 0.991081 0.532072 0.015615 0.044408
0 0.792162 0.148026 0.037778 0.046053
0 0.947718 0.279605 0.035556 0.046053
0 0.434384 0.574836 0.033333 0.041118
0 0.793273 0.280428 0.033333 0.041118
0 0.331051 0.361842 0.035556 0.042763
0 0.434384 0.615954 0.033333 0.037829
0 0.991081 0.446546 0.015615 0.041118
0 0.280496 0.192434 0.034444 0.049342
0 0.281051 0.240132 0.035556 0.042763
0 0.896607 0.240954 0.035556 0.044408
0 0.382162 0.533717 0.033333 0.041118
0 0.486051 0.146382 0.034444 0.049342
0 0.742162 0.281250 0.033333 0.042763
0 0.897162 0.405428 0.034444 0.041118
0 0.381607 0.449013 0.032222 0.042763
0 0.844940 0.193257 0.032222 0.044408
0 0.589940 0.533717 0.035556 0.044408
0 0.382162 0.618421 0.033333 0.042763
0 0.382718 0.745888 0.032222 0.041118
0 0.991081 0.364309 0.015615 0.041118
0 0.382162 0.491776 0.033333 0.039474
0 0.948829 0.569901 0.035556 0.047697
0 0.947718 0.324836 0.033333 0.041118
0 0.692718 0.148026 0.032222 0.049342
0 0.693273 0.701480 0.035556 0.037829
0 0.434384 0.491776 0.035556 0.039474
0 0.434384 0.279605 0.035556 0.042763
0 0.486607 0.237664 0.035556 0.044408
0 0.330496 0.323191 0.034444 0.037829
0 0.382162 0.280428 0.033333 0.041118
0 0.991081 0.487664 0.015615 0.041118
0 0.894940 0.146382 0.038889 0.049342
0 0.382718 0.367599 0.036667 0.044408
0 0.989414 0.192434 0.018949 0.042763
0 0.989414 0.143914 0.018949 0.047697
0 0.331051 0.236842 0.033333 0.046053
0 0.794384 0.408717 0.035556 0.041118
0 0.792718 0.238487 0.034444 0.046053
0 0.897162 0.448191 0.036667 0.044408
0 0.331051 0.408717 0.035556 0.044408
0 0.382718 0.323191 0.034444 0.044408
0 0.589940 0.450658 0.035556 0.042763
0 0.794940 0.613487 0.036667 0.042763
0 0.486607 0.324836 0.035556 0.041118
0 0.381607 0.662007 0.034444 0.041118
0 0.742162 0.324836 0.035556 0.044408
0 0.539384 0.237664 0.036667 0.044408
0 0.692162 0.658717 0.033333 0.044408
0 0.742718 0.146382 0.036667 0.049342
0 0.589940 0.325658 0.035556 0.042763
0 0.487162 0.192434 0.034444 0.042763
0 0.653829 0.747533 0.021111 0.024671
0 0.653829 0.723931 0.021111 0.023520
0 0.487162 0.282072 0.036667 0.044408
0 0.589940 0.278783 0.035556 0.047697
0 0.896607 0.364309 0.035556 0.041118
0 0.641607 0.444079 0.041111 0.046053
0 0.793273 0.365954 0.035556 0.044408
0 0.692718 0.240132 0.036667 0.042763
0 0.895496 0.194901 0.037778 0.047697
0 0.382162 0.191612 0.035556 0.050987
0 0.382718 0.703125 0.034444 0.041118
0 0.692162 0.196546 0.033333 0.044408
0 0.382162 0.575658 0.035556 0.042763
0 0.589384 0.406250 0.036667 0.046053
0 0.331607 0.281250 0.034444 0.042763
0 0.538829 0.282072 0.035556 0.044408
0 0.538273 0.193257 0.036667 0.044408
0 0.538829 0.144737 0.037778 0.049342
0 0.382718 0.238487 0.034444 0.042763
0 0.589384 0.618421 0.036667 0.046053
0 0.792718 0.194079 0.036667 0.042763
0 0.433273 0.449013 0.035556 0.042763
0 0.897162 0.323191 0.034444 0.041118
0 0.434384 0.407072 0.035556 0.041118
0 0.487162 0.368421 0.036667 0.046053
0 0.990525 0.323191 0.016727 0.041118
0 0.845496 0.404605 0.033333 0.036184
0 0.989970 0.236020 0.017838 0.047697
0 0.229384 0.238487 0.036667 0.046053
0 0.692718 0.614309 0.032222 0.037829
0 0.990525 0.279605 0.016727 0.042763
0 0.382162 0.786184 0.033333 0.039474
0 0.432718 0.532072 0.034444 0.041118
0 0.642718 0.340461 0.043333 0.032895
0 0.642718 0.368421 0.043333 0.032895
0 0.948273 0.488487 0.032222 0.039474
0 0.948273 0.449013 0.030000 0.036184
0 0.642162 0.485197 0.040000 0.029605
0 0.641607 0.203125 0.045556 0.027961
0 0.844940 0.364309 0.034444 0.044408
0 0.433273 0.703947 0.033333 0.039474
0 0.331051 0.659539 0.033333 0.039474
0 0.331051 0.870888 0.033333 0.037829
0 0.991081 0.909539 0.015615 0.042763
0 0.991636 0.866776 0.014505 0.042763
0 0.641607 0.171053 0.043333 0.036184
0 0.433273 0.871711 0.035556 0.046053
0 0.845496 0.534539 0.035556 0.046053
0 0.693273 0.787007 0.035556 0.041118
0 0.641607 0.136513 0.043333 0.036184
0 0.227718 0.363487 0.033333 0.039474
0 0.693273 0.828125 0.035556 0.044408
0 0.331607 0.743421 0.036667 0.039474
0 0.692162 0.529605 0.035556 0.032895
0 0.641607 0.270559 0.043333 0.031250
0 0.845496 0.491776 0.033333 0.042763
0 0.331051 0.786184 0.035556 0.046053
0 0.227718 0.495888 0.037778 0.041118
0 0.227718 0.406250 0.035556 0.046053
0 0.692718 0.571546 0.036667 0.044408
0 0.434384 0.741776 0.033333 0.039474
0 0.991081 0.574836 0.015616 0.044408
0 0.948273 0.366776 0.034444 0.046053
0 0.331051 0.702303 0.035556 0.042763
0 0.692162 0.868421 0.035556 0.039474
0 0.991081 0.615132 0.015615 0.036184
0 0.992192 0.741776 0.013393 0.039474
0 0.742718 0.194901 0.034444 0.047697
0 0.692718 0.912829 0.036667 0.049342
0 0.992192 0.827303 0.013393 0.039474
0 0.331051 0.534539 0.035556 0.042763
0 0.331051 0.912829 0.035556 0.046053
0 0.590496 0.364309 0.034444 0.031250
0 0.991637 0.699836 0.014504 0.041118
0 0.991081 0.782895 0.015615 0.042763
0 0.991081 0.656250 0.015616 0.042763
0 0.435496 0.915296 0.035556 0.041118
0 0.227718 0.538651 0.037778 0.044408
0 0.434940 0.783717 0.034444 0.041118
0 0.228273 0.279605 0.034444 0.036184
0 0.692718 0.282895 0.034444 0.039474
0 0.227718 0.452303 0.037778 0.042763
0 0.228829 0.321546 0.035556 0.044408
0 0.330496 0.830592 0.036667 0.042763
0 0.434940 0.192434 0.032222 0.039474
0 0.332718 0.146382 0.034444 0.042763
0 0.436051 0.827303 0.034444 0.042763
0 0.330496 0.492599 0.034444 0.041118
0 0.332162 0.190789 0.033333 0.042763
0 0.642718 0.304276 0.043333 0.039474
0 0.948273 0.528783 0.034444 0.037829
0 0.228829 0.193257 0.035556 0.041118
0 0.845496 0.322368 0.033333 0.039474
