0 0.331563 0.494243 0.038889 0.031250
0 0.692118 0.867599 0.035556 0.041118
0 0.591563 0.870888 0.036667 0.041118
0 0.345452 0.747533 0.022222 0.027961
0 0.286007 0.790296 0.025556 0.041118
0 0.334341 0.344572 0.042222 0.031250
0 0.691563 0.332237 0.036667 0.042763
0 0.332674 0.212171 0.043333 0.029605
0 0.333229 0.278783 0.040000 0.031250
0 0.589896 0.704770 0.035556 0.044408
0 0.692118 0.828947 0.033333 0.039474
0 0.281007 0.581414 0.033333 0.037829
0 0.022118 0.791118 0.035556 0.046053
0 0.022674 0.328125 0.034444 0.034539
0 0.139896 0.412007 0.020000 0.031250
0 0.334341 0.376645 0.044444 0.036184
0 0.333229 0.180921 0.042222 0.036184
0 0.691007 0.705592 0.033333 0.042763
0 0.591007 0.788651 0.035556 0.041118
0 0.383785 0.245888 0.030000 0.037829
0 0.692674 0.912829 0.036667 0.046053
0 0.591007 0.829770 0.035556 0.041118
0 0.690452 0.617599 0.034444 0.037829
0 0.641007 0.868421 0.037778 0.042763
0 0.589341 0.620066 0.034444 0.039474
0 0.332118 0.245066 0.042222 0.039474
0 0.639896 0.578947 0.033333 0.042763
0 0.692118 0.746711 0.035556 0.039474
0 0.692118 0.786184 0.035556 0.042763
0 0.114341 0.328125 0.022222 0.034539
0 0.639896 0.455592 0.033333 0.036184
0 0.126007 0.453947 0.030000 0.039474
0 0.641007 0.829770 0.035556 0.037829
0 0.690452 0.496711 0.034444 0.039474
0 0.281563 0.622533 0.032222 0.041118
0 0.691563 0.662007 0.034444 0.047697
0 0.139341 0.370888 0.021111 0.034539
0 0.022674 0.747533 0.032222 0.041118
0 0.332674 0.144737 0.041111 0.032895
0 0.690452 0.537007 0.034444 0.041118
0 0.691007 0.371711 0.033333 0.036184
0 0.139341 0.291118 0.021111 0.036184
0 0.588229 0.332237 0.032222 0.039474
0 0.334341 0.310855 0.042222 0.039474
0 0.434341 0.246711 0.031111 0.039474
0 0.591007 0.912829 0.037778 0.042763
0 0.177674 0.707237 0.028889 0.036184
0 0.022118 0.415296 0.033333 0.037829
0 0.691007 0.288651 0.033333 0.044408
0 0.177674 0.746711 0.028889 0.042763
0 0.178229 0.830592 0.034444 0.036184
0 0.125452 0.497533 0.031111 0.044408
0 0.641007 0.912829 0.035556 0.042763
0 0.113229 0.290296 0.022222 0.037829
0 0.139341 0.328947 0.023333 0.036184
0 0.638785 0.329770 0.035556 0.044408
0 0.689896 0.153783 0.035556 0.050987
0 0.331563 0.450658 0.038889 0.049342
0 0.536007 0.245888 0.032222 0.041118
0 0.281563 0.664474 0.036667 0.042763
0 0.639896 0.416118 0.035556 0.039474
0 0.178229 0.789474 0.034444 0.042763
0 0.641007 0.787829 0.035556 0.042763
0 0.022674 0.583882 0.036667 0.042763
0 0.113785 0.370888 0.025556 0.037829
0 0.282674 0.745888 0.036667 0.041118
0 0.074896 0.291118 0.032222 0.039474
0 0.281563 0.410362 0.034444 0.041118
0 0.229341 0.328947 0.034444 0.039474
0 0.536007 0.199013 0.034444 0.049342
0 0.589341 0.577303 0.036667 0.042763
0 0.484341 0.153783 0.035556 0.047697
0 0.588229 0.288651 0.032222 0.044408
0 0.023229 0.157072 0.033333 0.047697
0 0.022674 0.372533 0.034444 0.047697
0 0.639896 0.287007 0.035556 0.044408
0 0.281007 0.496711 0.035556 0.042763
0 0.587118 0.453947 0.034444 0.039474
0 0.229341 0.289474 0.034444 0.042763
0 0.281563 0.329770 0.034444 0.041118
0 0.433785 0.203125 0.030000 0.044408
0 0.640452 0.662007 0.034444 0.041118
0 0.126007 0.245888 0.034444 0.044408
0 0.384341 0.156250 0.033333 0.049342
0 0.229341 0.370066 0.032222 0.042763
0 0.485452 0.291941 0.035556 0.047697
0 0.639341 0.374178 0.034444 0.044408
0 0.588229 0.412829 0.034444 0.042763
0 0.229341 0.154605 0.036667 0.046053
0 0.640452 0.745066 0.034444 0.042763
0 0.022118 0.540296 0.035556 0.044408
0 0.588229 0.494243 0.034444 0.041118
0 0.177674 0.538651 0.033333 0.041118
0 0.536563 0.289474 0.035556 0.046053
0 0.177674 0.621711 0.033333 0.042763
0 0.282118 0.245888 0.033333 0.041118
0 0.587674 0.245888 0.035556 0.041118
0 0.281007 0.541118 0.035556 0.046053
0 0.178229 0.329770 0.032222 0.041118
0 0.385452 0.203947 0.035556 0.046053
0 0.434896 0.152138 0.034444 0.050987
0 0.177674 0.498355 0.033333 0.039474
0 0.281563 0.453125 0.036667 0.044408
0 0.587118 0.199836 0.036667 0.047697
0 0.075452 0.201480 0.033333 0.044408
0 0.178229 0.157895 0.034444 0.042763
0 0.074341 0.246711 0.033333 0.046053
0 0.177674 0.243421 0.033333 0.042763
0 0.484896 0.202303 0.032222 0.046053
0 0.177674 0.200658 0.033333 0.042763
0 0.178229 0.457237 0.032222 0.042763
0 0.282118 0.203125 0.035556 0.044408
0 0.229896 0.201480 0.035556 0.044408
0 0.127118 0.157895 0.036667 0.046053
0 0.074341 0.157072 0.035556 0.047697
0 0.126007 0.202303 0.034444 0.042763
0 0.229896 0.457237 0.033333 0.042763
0 0.178229 0.287829 0.032222 0.042763
0 0.178229 0.372533 0.034444 0.041118
0 0.281563 0.155428 0.036667 0.047697
0 0.281007 0.288651 0.035556 0.041118
0 0.229341 0.245888 0.034444 0.044408
0 0.229896 0.413651 0.033333 0.044408
0 0.484896 0.245066 0.034444 0.042763
0 0.640452 0.620066 0.034444 0.042763
0 0.588785 0.536184 0.033333 0.042763
0 0.590452 0.745888 0.036667 0.041118
0 0.282674 0.706414 0.034444 0.041118
0 0.125452 0.541118 0.035556 0.046053
0 0.113785 0.412007 0.023333 0.034539
0 0.177674 0.578947 0.033333 0.039474
0 0.639341 0.495888 0.032222 0.041118
0 0.021563 0.455592 0.030000 0.039474
0 0.690452 0.578125 0.034444 0.041118
0 0.640452 0.703125 0.034444 0.041118
0 0.178229 0.874178 0.036667 0.050987
0 0.589341 0.661184 0.034444 0.042763
0 0.022118 0.496711 0.033333 0.039474
0 0.536007 0.334704 0.036667 0.047697
0 0.178785 0.413651 0.031111 0.037829
0 0.689896 0.244243 0.033333 0.041118
0 0.639896 0.537829 0.033333 0.042763
0 0.638785 0.200658 0.031111 0.046053
0 0.023229 0.706414 0.031111 0.041118
0 0.177674 0.666118 0.033333 0.046053
0 0.022674 0.245888 0.034444 0.044408
0 0.022118 0.288651 0.033333 0.037829
0 0.639896 0.244243 0.033333 0.041118
0 0.023229 0.666118 0.035556 0.042763
0 0.691563 0.454770 0.034444 0.041118
0 0.689896 0.202303 0.033333 0.042763
0 0.690452 0.412829 0.034444 0.042763
0 0.741007 0.200658 0.037778 0.055921
0 0.281563 0.370066 0.032222 0.042763
0 0.022674 0.625822 0.034444 0.041118
0 0.022674 0.201480 0.034444 0.044408
0 0.588229 0.371711 0.030000 0.039474
