0 0.259977 0.589399 0.022500 0.036392
0 0.260602 0.625791 0.023750 0.030063
0 0.248102 0.388449 0.036250 0.036392
0 0.262477 0.667722 0.020000 0.018987
0 0.082477 0.443038 0.032500 0.031646
0 0.413102 0.659810 0.033750 0.028481
0 0.523727 0.595728 0.032500 0.033228
0 0.083102 0.598101 0.033750 0.028481
0 0.578727 0.662184 0.030000 0.030063
0 0.027477 0.726266 0.030000 0.031646
0 0.578727 0.630538 0.032500 0.033228
0 0.412477 0.851266 0.035000 0.031646
0 0.026852 0.693829 0.033750 0.033228
0 0.411852 0.472310 0.033750 0.030063
0 0.137477 0.629747 0.032500 0.031646
0 0.633102 0.381329 0.031250 0.031646
0 0.082477 0.411392 0.032500 0.031646
0 0.358102 0.819620 0.033750 0.034810
0 0.578727 0.723892 0.032500 0.030063
0 0.248102 0.459652 0.033750 0.036392
0 0.357477 0.851266 0.032500 0.031646
0 0.138102 0.660601 0.033750 0.033228
0 0.579977 0.440665 0.030000 0.030063
0 0.082477 0.507911 0.032500 0.031646
0 0.082477 0.344937 0.032500 0.031646
0 0.468102 0.629747 0.031250 0.031646
0 0.302477 0.441456 0.032500 0.031646
0 0.357477 0.883703 0.035000 0.030063
0 0.578102 0.566456 0.031250 0.028481
0 0.082477 0.695411 0.032500 0.036392
0 0.138102 0.884494 0.031250 0.028481
0 0.138102 0.724684 0.031250 0.031646
0 0.193727 0.346519 0.032500 0.034810
0 0.634352 0.411392 0.031250 0.031646
0 0.301227 0.598101 0.032500 0.031646
0 0.194977 0.443038 0.032500 0.028481
0 0.137477 0.757120 0.032500 0.033228
0 0.138102 0.692247 0.031250 0.033228
0 0.082477 0.568038 0.035000 0.031646
0 0.468102 0.692247 0.031250 0.030063
0 0.358102 0.693829 0.031250 0.033228
0 0.523727 0.442247 0.030000 0.030063
0 0.578727 0.598101 0.032500 0.031646
0 0.578727 0.756329 0.032500 0.031646
0 0.357477 0.661392 0.032500 0.031646
0 0.082477 0.661392 0.032500 0.031646
0 0.634352 0.473101 0.033750 0.031646
0 0.027477 0.536392 0.032500 0.034810
0 0.026227 0.505538 0.032500 0.030063
0 0.411852 0.821203 0.033750 0.031646
0 0.301852 0.660601 0.033750 0.030063
0 0.194352 0.473101 0.031250 0.031646
0 0.026227 0.821203 0.032500 0.031646
0 0.301852 0.693038 0.033750 0.034810
0 0.412477 0.443038 0.032500 0.031646
0 0.467477 0.855222 0.032500 0.033228
0 0.524352 0.787184 0.033750 0.033228
0 0.523102 0.628165 0.031250 0.031646
0 0.138727 0.443038 0.032500 0.031646
0 0.411852 0.788766 0.033750 0.033228
0 0.137477 0.535601 0.030000 0.033228
0 0.194352 0.505538 0.031250 0.033228
0 0.025602 0.473101 0.031250 0.031646
0 0.579352 0.473101 0.031250 0.034810
0 0.301852 0.535601 0.033750 0.030063
0 0.358102 0.568038 0.031250 0.031646
0 0.247477 0.348892 0.035000 0.039557
0 0.358102 0.441456 0.031250 0.031646
0 0.523727 0.820411 0.032500 0.033228
0 0.026852 0.852848 0.033750 0.031646
0 0.578727 0.693038 0.032500 0.031646
0 0.413102 0.598892 0.031250 0.030063
0 0.412477 0.882120 0.035000 0.030063
0 0.137477 0.819620 0.032500 0.031646
0 0.138102 0.504747 0.033750 0.028481
0 0.468102 0.473101 0.031250 0.028481
0 0.302477 0.474684 0.030000 0.034810
0 0.633102 0.346519 0.033750 0.037975
0 0.468727 0.598892 0.032500 0.030063
0 0.413102 0.723892 0.033750 0.033228
0 0.578102 0.536392 0.033750 0.031646
0 0.194352 0.536392 0.031250 0.031646
0 0.468102 0.821203 0.033750 0.037975
0 0.081852 0.475475 0.033750 0.033228
0 0.026227 0.411392 0.032500 0.031646
0 0.082477 0.378165 0.035000 0.034810
0 0.468102 0.756329 0.033750 0.034810
0 0.413102 0.691456 0.031250 0.031646
0 0.137477 0.378165 0.035000 0.034810
0 0.523102 0.472310 0.031250 0.033228
0 0.524352 0.755538 0.033750 0.033228
0 0.411852 0.756329 0.033750 0.031646
0 0.138727 0.473892 0.032500 0.033228
0 0.303102 0.408228 0.031250 0.034810
0 0.137477 0.598892 0.032500 0.030063
0 0.523727 0.724684 0.032500 0.031646
0 0.301852 0.567247 0.033750 0.033228
0 0.411852 0.409810 0.033750 0.034810
0 0.523727 0.692247 0.032500 0.033228
0 0.357477 0.473892 0.030000 0.033228
0 0.358727 0.536392 0.030000 0.031646
0 0.026852 0.378165 0.033750 0.034810
0 0.192477 0.567247 0.035000 0.033228
0 0.468102 0.409019 0.031250 0.033228
0 0.358727 0.409019 0.032500 0.033228
0 0.468102 0.661392 0.031250 0.031646
0 0.137477 0.411392 0.035000 0.031646
0 0.358102 0.503956 0.031250 0.030063
0 0.468102 0.442247 0.033750 0.033228
0 0.027477 0.566456 0.030000 0.028481
0 0.262477 0.647943 0.020000 0.017405
0 0.259977 0.859177 0.022500 0.022152
0 0.261852 0.689082 0.021250 0.023734
0 0.577477 0.821203 0.035000 0.031646
0 0.358102 0.598892 0.031250 0.030063
0 0.136852 0.344937 0.031250 0.031646
0 0.137477 0.787184 0.030000 0.030063
0 0.358102 0.756329 0.031250 0.034810
0 0.634352 0.441456 0.031250 0.028481
0 0.579352 0.506329 0.031250 0.031646
0 0.468727 0.568829 0.032500 0.033228
0 0.523727 0.660601 0.032500 0.033228
0 0.193102 0.411392 0.033750 0.034810
0 0.136852 0.568038 0.033750 0.031646
0 0.466852 0.723101 0.033750 0.031646
0 0.468102 0.536392 0.031250 0.031646
0 0.412477 0.503165 0.032500 0.031646
0 0.412477 0.534810 0.032500 0.031646
0 0.524352 0.409019 0.031250 0.036392
0 0.468102 0.503165 0.033750 0.031646
0 0.412477 0.568038 0.032500 0.031646
0 0.523727 0.534810 0.035000 0.034810
0 0.249571 0.532927 0.033588 0.025506
0 0.248102 0.508703 0.036250 0.023734
0 0.247477 0.422231 0.035000 0.033703
0 0.248727 0.555142 0.035000 0.016297
0 0.026852 0.884494 0.033750 0.031646
0 0.523727 0.567247 0.032500 0.033228
0 0.026227 0.788766 0.032500 0.033228
0 0.026227 0.442247 0.032500 0.030063
0 0.523727 0.852057 0.032500 0.030063
0 0.301852 0.507120 0.031250 0.030063
0 0.193727 0.378956 0.032500 0.030063
0 0.081852 0.537184 0.033750 0.030063
0 0.524352 0.502373 0.028750 0.030063
0 0.358727 0.723892 0.032500 0.030063
0 0.137477 0.852057 0.027500 0.030063
0 0.578102 0.884494 0.033750 0.031646
0 0.026852 0.757120 0.033750 0.033228
0 0.467477 0.885285 0.035000 0.023734
0 0.302477 0.629747 0.032500 0.031646
0 0.468102 0.787184 0.031250 0.030063
0 0.026227 0.596519 0.032500 0.034810
0 0.260602 0.882120 0.021250 0.023734
0 0.579352 0.405854 0.031250 0.033228
0 0.082477 0.628956 0.032500 0.033228
0 0.026852 0.662184 0.031250 0.033228
0 0.577477 0.851266 0.035000 0.034810
0 0.521852 0.882911 0.036250 0.031646
0 0.412477 0.629747 0.030000 0.031646
0 0.577477 0.788766 0.035000 0.033228
0 0.358102 0.786392 0.033750 0.028481
0 0.026227 0.630538 0.032500 0.033228
0 0.248727 0.797468 0.030000 0.031646
0 0.356852 0.629747 0.031250 0.031646
