0 0.191111 0.789951 0.035556 0.044481
0 0.703333 0.195222 0.035556 0.044481
0 0.089444 0.921746 0.036667 0.044481
0 0.088333 0.873970 0.036667 0.044481
0 0.707778 0.785832 0.035556 0.039539
0 0.811111 0.869852 0.035556 0.039539
0 0.501667 0.205107 0.045556 0.028007
0 0.911111 0.327842 0.035556 0.039539
0 0.859444 0.492586 0.036667 0.042834
0 0.860000 0.453048 0.035556 0.042834
0 0.140000 0.795717 0.035556 0.039539
0 0.708333 0.871499 0.036667 0.042834
0 0.811667 0.911862 0.034444 0.037891
0 0.708333 0.914333 0.036667 0.042834
0 0.293333 0.285008 0.035556 0.042834
0 0.860556 0.577430 0.036667 0.041186
0 0.451111 0.872323 0.033333 0.041186
0 0.501667 0.139209 0.041111 0.034596
0 0.192222 0.918451 0.035556 0.037891
0 0.707222 0.700988 0.034444 0.041186
0 0.911111 0.198517 0.035556 0.044481
0 0.191111 0.875618 0.035556 0.044481
0 0.451111 0.915157 0.035556 0.044481
0 0.088333 0.835255 0.038889 0.039539
0 0.860556 0.534596 0.036667 0.044481
0 0.861111 0.704283 0.035556 0.041186
0 0.450556 0.704283 0.034444 0.041186
0 0.858333 0.326194 0.036667 0.036244
0 0.862222 0.785832 0.035556 0.039539
0 0.450556 0.787479 0.032222 0.039539
0 0.503889 0.371499 0.041111 0.034596
0 0.450556 0.829489 0.034444 0.044481
0 0.707222 0.744646 0.034444 0.046129
0 0.087222 0.747941 0.036667 0.042834
0 0.190556 0.704283 0.034444 0.044481
0 0.810000 0.618616 0.033333 0.037891
0 0.706111 0.369028 0.034444 0.039539
0 0.087222 0.200988 0.036667 0.046129
0 0.451111 0.745470 0.033333 0.041186
0 0.757778 0.322900 0.031111 0.042834
0 0.502778 0.305601 0.041111 0.041186
0 0.398333 0.196046 0.034444 0.046129
0 0.553333 0.660626 0.035556 0.042834
0 0.811667 0.786656 0.034444 0.041186
0 0.860556 0.616969 0.034444 0.037891
0 0.708333 0.829489 0.036667 0.044481
0 0.293333 0.497529 0.035556 0.046129
0 0.087778 0.791598 0.037778 0.047776
0 0.553889 0.619440 0.034444 0.039539
0 0.190000 0.328666 0.028889 0.037891
0 0.911111 0.286656 0.035556 0.042834
0 0.707222 0.616145 0.034444 0.039539
0 0.808333 0.449753 0.034444 0.039539
0 0.242778 0.620264 0.030000 0.037891
0 0.858889 0.365733 0.035556 0.046129
0 0.450556 0.663921 0.034444 0.039539
0 0.808333 0.199341 0.034444 0.046129
0 0.087222 0.328666 0.032222 0.041186
0 0.501667 0.173806 0.041111 0.037891
0 0.088333 0.666392 0.038889 0.044481
0 0.086667 0.454695 0.033333 0.039539
0 0.086667 0.412685 0.035556 0.044481
0 0.087778 0.708402 0.035556 0.039539
0 0.811111 0.828666 0.035556 0.042834
0 0.862222 0.745470 0.037778 0.041186
0 0.551667 0.288303 0.036667 0.046129
0 0.241667 0.708402 0.036667 0.046129
0 0.088889 0.540362 0.035556 0.042834
0 0.293333 0.243822 0.037778 0.039539
0 0.190556 0.664745 0.032222 0.037891
0 0.807778 0.242998 0.031111 0.041186
0 0.706111 0.577430 0.034444 0.041186
0 0.862222 0.830313 0.037778 0.046129
0 0.086111 0.370675 0.034444 0.042834
0 0.553333 0.452224 0.033333 0.037891
0 0.190556 0.151565 0.034444 0.049423
0 0.139444 0.706755 0.036667 0.042834
0 0.705000 0.239703 0.034444 0.044481
0 0.910000 0.241351 0.035556 0.044481
0 0.707222 0.658155 0.036667 0.044481
0 0.192222 0.832784 0.037778 0.041186
0 0.502778 0.341021 0.043333 0.032949
0 0.501667 0.275124 0.041111 0.029654
0 0.757778 0.280066 0.035556 0.029654
0 0.515000 0.752883 0.021111 0.023064
0 0.501667 0.486820 0.038889 0.031301
0 0.514444 0.727348 0.020000 0.028007
0 0.242778 0.287479 0.032222 0.041186
0 0.552778 0.579077 0.034444 0.041186
0 0.706667 0.453048 0.035556 0.042834
0 0.138889 0.580725 0.035556 0.041186
0 0.501111 0.445634 0.040000 0.044481
0 0.706111 0.495058 0.036667 0.041186
0 0.398333 0.327842 0.034444 0.046129
0 0.347222 0.150741 0.034444 0.047776
0 0.191111 0.495881 0.033333 0.039539
0 0.809444 0.409390 0.034444 0.041186
0 0.397778 0.243822 0.035556 0.042834
0 0.139444 0.498353 0.034444 0.044481
0 0.190000 0.197694 0.035556 0.042834
0 0.139444 0.329489 0.034444 0.042834
0 0.450000 0.537068 0.033333 0.039539
0 0.809444 0.368204 0.034444 0.041186
0 0.242222 0.663097 0.033333 0.044481
0 0.139444 0.199341 0.036667 0.042834
0 0.293889 0.411038 0.036667 0.044481
0 0.138889 0.243822 0.035556 0.046129
0 0.140556 0.152389 0.036667 0.047776
0 0.501111 0.238880 0.042222 0.039539
0 0.190000 0.624382 0.033333 0.039539
0 0.293889 0.201812 0.036667 0.044481
0 0.449444 0.196870 0.032222 0.037891
0 0.757222 0.452224 0.034444 0.041186
0 0.295556 0.152389 0.037778 0.051071
0 0.705556 0.409390 0.035556 0.044481
0 0.757778 0.367381 0.035556 0.046129
0 0.292778 0.327018 0.038889 0.041186
0 0.603333 0.200165 0.033333 0.044481
0 0.811667 0.747117 0.032222 0.041186
0 0.191111 0.747117 0.035556 0.041186
0 0.139444 0.540362 0.034444 0.042834
0 0.346111 0.198517 0.032222 0.044481
0 0.552778 0.536244 0.034444 0.044481
0 0.293333 0.369028 0.033333 0.039539
0 0.808333 0.150741 0.034444 0.051071
0 0.552222 0.705107 0.035556 0.046129
0 0.242778 0.327018 0.034444 0.037891
0 0.551667 0.330313 0.032222 0.037891
0 0.652778 0.331960 0.034444 0.041186
0 0.450000 0.408567 0.033333 0.039539
0 0.809444 0.579077 0.034444 0.044481
0 0.241667 0.152389 0.036667 0.051071
0 0.241667 0.242998 0.034444 0.044481
0 0.242222 0.368204 0.035556 0.044481
0 0.189444 0.536244 0.034444 0.044481
0 0.857222 0.151565 0.036667 0.046129
0 0.242222 0.411038 0.035556 0.041186
0 0.242778 0.454695 0.036667 0.042834
0 0.911111 0.151565 0.037778 0.049423
0 0.551667 0.199341 0.034444 0.046129
0 0.138889 0.372323 0.033333 0.042834
0 0.858333 0.200165 0.036667 0.044481
0 0.139444 0.455519 0.036667 0.044481
0 0.450556 0.621911 0.036667 0.044481
0 0.242778 0.199341 0.036667 0.042834
0 0.346667 0.243822 0.033333 0.042834
0 0.858333 0.244646 0.034444 0.044481
0 0.139444 0.412685 0.034444 0.041186
0 0.704444 0.150741 0.035556 0.047776
0 0.242778 0.496705 0.036667 0.041186
0 0.553889 0.493410 0.032222 0.041186
0 0.603889 0.285832 0.034444 0.041186
0 0.448333 0.496705 0.034444 0.041186
0 0.603333 0.150741 0.035556 0.051071
0 0.757778 0.495058 0.035556 0.044481
0 0.242778 0.578254 0.034444 0.042834
0 0.449444 0.284185 0.034444 0.041186
0 0.450000 0.326194 0.035556 0.042834
0 0.551667 0.152389 0.032222 0.047776
0 0.603333 0.243822 0.033333 0.042834
0 0.811111 0.661450 0.035556 0.047776
0 0.190556 0.580725 0.036667 0.044481
0 0.345556 0.288303 0.035556 0.046129
0 0.448889 0.151565 0.035556 0.046129
0 0.450000 0.367381 0.035556 0.042834
0 0.450000 0.578254 0.035556 0.042834
0 0.189444 0.369852 0.034444 0.044481
0 0.190556 0.287479 0.036667 0.044481
0 0.705556 0.326194 0.035556 0.046129
0 0.190000 0.455519 0.033333 0.041186
0 0.653889 0.285832 0.034444 0.047776
0 0.190556 0.242175 0.036667 0.046129
0 0.552778 0.412685 0.034444 0.041186
0 0.551667 0.242998 0.034444 0.041186
0 0.448889 0.239703 0.035556 0.044481
0 0.190000 0.413509 0.033333 0.042834
0 0.552778 0.370675 0.032222 0.042834
0 0.605000 0.328666 0.036667 0.044481
0 0.704444 0.285008 0.031111 0.039539
0 0.449444 0.451400 0.036667 0.046129
0 0.808889 0.492586 0.035556 0.042834
0 0.138889 0.288303 0.033333 0.042834
0 0.808333 0.325371 0.034444 0.044481
0 0.397778 0.285008 0.033333 0.039539
0 0.087778 0.622735 0.037778 0.042834
0 0.140000 0.623558 0.035556 0.044481
0 0.858889 0.289127 0.033333 0.041186
0 0.139444 0.752059 0.038889 0.047776
0 0.809444 0.536244 0.034444 0.044481
0 0.088333 0.579901 0.036667 0.039539
0 0.242222 0.537068 0.033333 0.039539
0 0.087778 0.286656 0.035556 0.042834
0 0.808889 0.284185 0.033333 0.041186
0 0.757778 0.411038 0.037778 0.041186
0 0.706667 0.536244 0.035556 0.044481
0 0.087222 0.150741 0.036667 0.047776
0 0.087778 0.242998 0.035556 0.041186
0 0.858889 0.410214 0.035556 0.042834
0 0.139444 0.666392 0.036667 0.041186
0 0.087222 0.497529 0.036667 0.042834
0 0.294444 0.454695 0.035556 0.039539
0 0.811111 0.705107 0.033333 0.042834
0 0.861667 0.658979 0.036667 0.049423
