0 0.582667 0.633748 0.026667 0.032659
0 0.719333 0.704510 0.025333 0.031104
0 0.814000 0.596423 0.036000 0.035770
0 0.608667 0.779938 0.028000 0.029549
0 0.582000 0.594868 0.025333 0.035770
0 0.350667 0.414463 0.034667 0.032659
0 0.758000 0.888025 0.038667 0.034215
0 0.294667 0.596423 0.034667 0.032659
0 0.718667 0.743390 0.026667 0.034215
0 0.458000 0.706065 0.036000 0.037325
0 0.692000 0.559098 0.026667 0.032659
0 0.457333 0.594090 0.034667 0.034215
0 0.184000 0.707621 0.037333 0.037325
0 0.128000 0.339036 0.037333 0.034215
0 0.868000 0.450233 0.037333 0.035770
0 0.582000 0.814152 0.028000 0.032659
0 0.542667 0.702955 0.032000 0.034215
0 0.295333 0.485226 0.036000 0.031104
0 0.350667 0.742613 0.034667 0.032659
0 0.239333 0.743390 0.033333 0.031104
0 0.867333 0.377916 0.036000 0.034215
0 0.351333 0.450233 0.036000 0.038880
0 0.719333 0.779938 0.028000 0.032659
0 0.608667 0.671073 0.028000 0.032659
0 0.543333 0.300156 0.033333 0.034215
0 0.664000 0.342146 0.029333 0.034215
0 0.638000 0.304821 0.025333 0.031104
0 0.758667 0.853033 0.034667 0.035770
0 0.814000 0.376361 0.036000 0.034215
0 0.350667 0.671073 0.034667 0.032659
0 0.240000 0.486781 0.037333 0.031104
0 0.757333 0.816485 0.034667 0.034215
0 0.651333 0.377138 0.036000 0.032659
0 0.352000 0.303266 0.037333 0.034215
0 0.582000 0.705288 0.025333 0.032659
0 0.665333 0.305599 0.026667 0.032659
0 0.596667 0.413686 0.033333 0.031104
0 0.458000 0.778383 0.036000 0.035770
0 0.184667 0.486781 0.036000 0.031104
0 0.867333 0.706843 0.036000 0.035770
0 0.457333 0.742613 0.037333 0.035770
0 0.406000 0.745723 0.033333 0.032659
0 0.608667 0.523328 0.028000 0.029549
0 0.126000 0.374028 0.036000 0.035770
0 0.543333 0.339036 0.030667 0.031104
0 0.239333 0.595645 0.036000 0.031104
0 0.868000 0.559098 0.037333 0.035770
0 0.183333 0.814152 0.036000 0.038880
0 0.868000 0.523328 0.037333 0.038880
0 0.648667 0.849922 0.033333 0.029549
0 0.128000 0.634526 0.037333 0.037325
0 0.348667 0.853033 0.036000 0.035770
0 0.183333 0.850700 0.036000 0.034215
0 0.759333 0.304821 0.036000 0.034215
0 0.127333 0.744168 0.036000 0.038880
0 0.184667 0.339813 0.036000 0.035770
0 0.649333 0.817263 0.034667 0.032659
0 0.868000 0.632193 0.034667 0.032659
0 0.582000 0.778383 0.028000 0.035770
0 0.128000 0.671851 0.037333 0.037325
0 0.500000 0.254277 0.032000 0.032659
0 0.868000 0.342146 0.037333 0.037325
0 0.184667 0.375583 0.033333 0.032659
0 0.239333 0.890358 0.036000 0.035770
0 0.352000 0.339036 0.032000 0.034215
0 0.504667 0.775272 0.022667 0.026439
0 0.295333 0.818040 0.038667 0.037325
0 0.238667 0.631415 0.037333 0.040435
0 0.866667 0.885692 0.034667 0.035770
0 0.352667 0.266719 0.036000 0.023328
0 0.540000 0.885692 0.037333 0.023328
0 0.498667 0.431571 0.026667 0.032659
0 0.544667 0.265941 0.033333 0.021773
0 0.500000 0.286159 0.032000 0.031104
0 0.705333 0.415241 0.037333 0.037325
0 0.650000 0.597201 0.036000 0.037325
0 0.405333 0.414463 0.037333 0.038880
0 0.458667 0.343701 0.034667 0.037325
0 0.594667 0.377916 0.037333 0.037325
0 0.500693 0.235715 0.031147 0.005459
0 0.350800 0.891135 0.037600 0.040435
0 0.543333 0.375583 0.036000 0.038880
0 0.295333 0.893002 0.033333 0.041058
0 0.501333 0.361820 0.032000 0.042457
0 0.500000 0.396734 0.029333 0.031415
0 0.760000 0.559876 0.037333 0.034215
0 0.406000 0.709176 0.036000 0.037325
0 0.609333 0.634526 0.029333 0.037325
0 0.406667 0.560653 0.037333 0.035770
0 0.650667 0.523328 0.037333 0.038880
0 0.184667 0.414463 0.038667 0.041991
0 0.651333 0.486003 0.036000 0.032659
0 0.650000 0.668740 0.033333 0.037325
0 0.543333 0.414463 0.036000 0.035770
0 0.350000 0.634526 0.036000 0.037325
0 0.759333 0.414463 0.036000 0.035770
0 0.184000 0.597201 0.037333 0.037325
0 0.758667 0.523328 0.034667 0.035770
0 0.295333 0.412131 0.036000 0.037325
0 0.718000 0.597201 0.028000 0.034215
0 0.596667 0.303266 0.036000 0.037325
0 0.718667 0.558320 0.026667 0.034215
0 0.650000 0.450233 0.036000 0.032659
0 0.758667 0.486003 0.034667 0.035770
0 0.541333 0.779938 0.034667 0.035770
0 0.704667 0.377916 0.036000 0.034215
0 0.814667 0.521773 0.034667 0.035770
0 0.649333 0.779938 0.032000 0.035770
0 0.239333 0.706843 0.036000 0.038880
0 0.457333 0.413686 0.034667 0.037325
0 0.542000 0.666407 0.033333 0.035770
0 0.294667 0.560653 0.037333 0.035770
0 0.649333 0.884914 0.034667 0.037325
0 0.543333 0.559876 0.036000 0.034215
0 0.759333 0.667963 0.036000 0.035770
0 0.610000 0.597201 0.028000 0.034215
0 0.405333 0.486781 0.037333 0.037325
0 0.650000 0.743390 0.033333 0.034215
0 0.406000 0.303266 0.036000 0.037325
0 0.596000 0.340591 0.037333 0.034215
0 0.650000 0.413686 0.038667 0.034215
0 0.350667 0.559876 0.037333 0.034215
0 0.705333 0.302488 0.034667 0.035770
0 0.609333 0.707621 0.029333 0.034215
0 0.542667 0.741835 0.037333 0.037325
0 0.404667 0.597201 0.036000 0.034215
0 0.457333 0.451788 0.034667 0.035770
0 0.649333 0.561431 0.034667 0.034215
0 0.458667 0.632970 0.037333 0.037325
0 0.404667 0.633748 0.036000 0.035770
0 0.610000 0.814930 0.028000 0.034215
0 0.459333 0.304821 0.033333 0.034215
0 0.239333 0.374806 0.036000 0.037325
0 0.759333 0.744168 0.036000 0.035770
0 0.814000 0.669518 0.036000 0.035770
0 0.760000 0.377916 0.037333 0.034215
0 0.608667 0.487558 0.028000 0.035770
0 0.294000 0.744168 0.036000 0.032659
0 0.238000 0.779160 0.036000 0.034215
0 0.760000 0.706065 0.034667 0.034215
0 0.868000 0.413686 0.037333 0.034215
0 0.542000 0.630638 0.036000 0.023328
0 0.294667 0.633748 0.037333 0.035770
0 0.868000 0.850700 0.037333 0.037325
0 0.705333 0.341369 0.034667 0.038880
0 0.458000 0.849922 0.036000 0.035770
0 0.501333 0.219285 0.032000 0.027994
0 0.718667 0.524106 0.026667 0.027994
0 0.692000 0.631415 0.026667 0.034215
0 0.126000 0.451011 0.038667 0.034215
0 0.127333 0.815708 0.036000 0.029549
0 0.295333 0.855365 0.036000 0.031104
0 0.128000 0.557543 0.037333 0.032659
0 0.501333 0.189736 0.032000 0.027994
0 0.693333 0.524883 0.024000 0.029549
0 0.127333 0.889580 0.038667 0.031104
0 0.296000 0.339813 0.034667 0.035770
0 0.238000 0.854588 0.036000 0.035770
0 0.128000 0.485226 0.037333 0.031104
0 0.813333 0.886470 0.037333 0.034215
0 0.868000 0.812597 0.037333 0.035770
0 0.240000 0.339813 0.034667 0.032659
0 0.582000 0.486781 0.025333 0.034215
0 0.127333 0.521773 0.038667 0.035770
0 0.690667 0.778383 0.026667 0.032659
0 0.608667 0.450233 0.028000 0.029549
0 0.128000 0.707621 0.037333 0.034215
0 0.813333 0.850700 0.037333 0.034215
0 0.128000 0.852255 0.037333 0.040435
0 0.348667 0.816485 0.033333 0.037325
0 0.540667 0.853033 0.033333 0.032659
0 0.184000 0.300156 0.034667 0.034215
0 0.638667 0.339813 0.024000 0.032659
0 0.126667 0.780715 0.037333 0.034215
0 0.458667 0.886470 0.034667 0.037325
0 0.718667 0.814152 0.026667 0.032659
0 0.183333 0.632970 0.033333 0.034215
0 0.690667 0.887247 0.029333 0.032659
0 0.718000 0.885692 0.028000 0.032659
0 0.183333 0.777605 0.036000 0.031104
0 0.184667 0.451011 0.033333 0.031104
0 0.814000 0.340591 0.036000 0.034215
0 0.759333 0.340591 0.036000 0.037325
0 0.868000 0.777605 0.037333 0.034215
0 0.295333 0.449456 0.036000 0.034215
0 0.610667 0.559876 0.026667 0.031104
0 0.718000 0.850700 0.028000 0.031104
0 0.758667 0.631415 0.034667 0.031104
0 0.691333 0.595645 0.025333 0.034215
0 0.690667 0.852255 0.026667 0.034215
0 0.868000 0.741835 0.037333 0.037325
0 0.458000 0.559876 0.033333 0.031104
0 0.691333 0.814930 0.030667 0.034215
0 0.126667 0.412908 0.037333 0.038880
0 0.719333 0.632970 0.028000 0.031104
0 0.814000 0.778383 0.036000 0.032659
0 0.237333 0.815708 0.037333 0.038880
0 0.814667 0.304044 0.034667 0.038880
0 0.583333 0.450233 0.022667 0.029549
0 0.458667 0.816485 0.034667 0.034215
0 0.582000 0.524106 0.025333 0.031104
0 0.458000 0.524106 0.033333 0.034215
0 0.184000 0.521773 0.032000 0.032659
0 0.868000 0.304821 0.037333 0.037325
0 0.692000 0.705288 0.029333 0.032659
0 0.705333 0.484448 0.034667 0.032659
0 0.351333 0.377916 0.033333 0.034215
0 0.814667 0.559098 0.034667 0.035770
0 0.128000 0.594090 0.037333 0.037325
0 0.581333 0.670295 0.026667 0.034215
0 0.650000 0.632970 0.033333 0.034215
0 0.814000 0.706065 0.036000 0.037325
0 0.812667 0.813375 0.038667 0.037325
0 0.239333 0.522551 0.036000 0.034215
0 0.406667 0.342146 0.037333 0.034215
0 0.758000 0.779938 0.036000 0.035770
0 0.718667 0.669518 0.026667 0.032659
0 0.183333 0.888802 0.038667 0.038880
0 0.582667 0.558320 0.026667 0.034215
0 0.691333 0.669518 0.028000 0.035770
0 0.240000 0.450233 0.037333 0.035770
0 0.541333 0.816485 0.037333 0.037325
0 0.610000 0.743390 0.028000 0.034215
0 0.350000 0.778383 0.036000 0.035770
0 0.350000 0.523328 0.036000 0.035770
0 0.868667 0.486781 0.036000 0.034215
0 0.458667 0.379471 0.032000 0.031104
0 0.240000 0.300933 0.034667 0.041991
0 0.405333 0.671073 0.034667 0.035770
0 0.128000 0.300933 0.037333 0.041991
0 0.239333 0.559876 0.036000 0.040435
0 0.184667 0.559876 0.033333 0.034215
0 0.183333 0.668740 0.036000 0.037325
0 0.406667 0.783826 0.037333 0.040435
0 0.458000 0.670295 0.036000 0.034215
0 0.541333 0.595645 0.034667 0.034215
0 0.183333 0.744946 0.038667 0.037325
0 0.542667 0.486781 0.034667 0.031104
0 0.867333 0.667963 0.036000 0.038880
0 0.457333 0.487558 0.034667 0.032659
0 0.758000 0.597201 0.033333 0.037325
0 0.238667 0.671073 0.034667 0.032659
0 0.350667 0.706065 0.034667 0.034215
0 0.294667 0.779938 0.037333 0.035770
0 0.814000 0.632193 0.036000 0.035770
0 0.813333 0.412908 0.034667 0.035770
0 0.812667 0.450233 0.033333 0.035770
0 0.692000 0.742613 0.029333 0.035770
0 0.294667 0.521773 0.037333 0.038880
0 0.648667 0.706065 0.033333 0.037325
0 0.704667 0.450233 0.036000 0.032659
0 0.239333 0.412908 0.036000 0.035770
0 0.296000 0.374806 0.034667 0.034215
0 0.543333 0.523328 0.036000 0.035770
0 0.582000 0.741835 0.028000 0.034215
0 0.542667 0.452566 0.034667 0.037325
0 0.404667 0.451788 0.036000 0.032659
0 0.351333 0.487558 0.036000 0.035770
0 0.350000 0.595645 0.036000 0.034215
0 0.814667 0.486781 0.037333 0.034215
0 0.405333 0.524106 0.037333 0.034215
0 0.759333 0.449456 0.036000 0.034215
0 0.868000 0.595645 0.037333 0.037325
0 0.814000 0.743390 0.038667 0.037325
0 0.294667 0.671073 0.037333 0.035770
0 0.296000 0.301711 0.034667 0.037325
0 0.405333 0.376361 0.034667 0.034215
0 0.294667 0.708398 0.037333 0.035770
