0 0.673903 0.887324 0.036000 0.021909
0 0.471237 0.262128 0.033333 0.029734
0 0.471903 0.363850 0.034667 0.035994
0 0.795237 0.884977 0.028000 0.029734
0 0.824570 0.884194 0.028000 0.034429
0 0.796570 0.849765 0.025333 0.028169
0 0.471903 0.293427 0.032000 0.029734
0 0.837903 0.847418 0.036000 0.035994
0 0.674570 0.528169 0.037333 0.035994
0 0.851237 0.883412 0.028000 0.032864
0 0.674570 0.633803 0.034667 0.034429
0 0.824570 0.742567 0.028000 0.032864
0 0.471903 0.223005 0.032000 0.026604
0 0.771237 0.848983 0.028000 0.032864
0 0.850570 0.741784 0.026667 0.034429
0 0.471903 0.400626 0.029333 0.031299
0 0.837237 0.778560 0.037333 0.032864
0 0.837237 0.703443 0.034667 0.035994
0 0.469903 0.436620 0.030667 0.034429
0 0.796570 0.706573 0.028000 0.029734
0 0.674570 0.344288 0.029333 0.031299
0 0.620570 0.526604 0.036000 0.029734
0 0.796570 0.489045 0.028000 0.029734
0 0.837237 0.812207 0.034667 0.034429
0 0.797237 0.634585 0.026667 0.029734
0 0.470570 0.194836 0.032000 0.029734
0 0.838570 0.307512 0.034667 0.035994
0 0.836570 0.633020 0.033333 0.032864
0 0.674570 0.743349 0.034667 0.034429
0 0.673237 0.708138 0.032000 0.035994
0 0.836570 0.667449 0.033333 0.035994
0 0.783237 0.380282 0.036000 0.034429
0 0.797237 0.417840 0.026667 0.031299
0 0.770570 0.455399 0.029333 0.034429
0 0.783237 0.344288 0.036000 0.034429
0 0.728570 0.743349 0.030667 0.034429
0 0.769237 0.417058 0.026667 0.032864
0 0.565237 0.490610 0.032000 0.032864
0 0.769237 0.670579 0.026667 0.032864
0 0.674570 0.813772 0.032000 0.034429
0 0.621237 0.706573 0.032000 0.032864
0 0.673237 0.853678 0.034667 0.039124
0 0.782570 0.560250 0.032000 0.034429
0 0.796570 0.453834 0.028000 0.034429
0 0.675237 0.453834 0.030667 0.031299
0 0.783903 0.743349 0.034667 0.037559
0 0.674570 0.489828 0.034667 0.037559
0 0.565903 0.528169 0.036000 0.042254
0 0.729237 0.597809 0.034667 0.037559
0 0.619237 0.307512 0.036000 0.039124
0 0.728570 0.489045 0.033333 0.035994
0 0.727903 0.380282 0.032000 0.037559
0 0.620570 0.597809 0.036000 0.040689
0 0.728570 0.417840 0.030667 0.037559
0 0.675237 0.307512 0.036000 0.039124
0 0.728570 0.525822 0.033333 0.037559
0 0.565903 0.381847 0.036000 0.037559
0 0.620570 0.560250 0.036000 0.034429
0 0.728570 0.670579 0.033333 0.035994
0 0.620570 0.346635 0.036000 0.035994
0 0.619903 0.491393 0.034667 0.040689
0 0.673903 0.670579 0.033333 0.035994
0 0.729237 0.635368 0.034667 0.034429
0 0.727903 0.708138 0.032000 0.035994
0 0.565237 0.306729 0.034667 0.037559
0 0.837237 0.597809 0.034667 0.037559
0 0.566570 0.418623 0.034667 0.035994
0 0.837237 0.381847 0.034667 0.034429
0 0.674570 0.779343 0.034667 0.034429
0 0.673237 0.380282 0.032000 0.037559
0 0.674570 0.596244 0.034667 0.034429
0 0.620570 0.382629 0.033333 0.035994
0 0.619903 0.453834 0.034667 0.034429
0 0.675237 0.561815 0.036000 0.031299
0 0.729237 0.452269 0.032000 0.031299
0 0.729237 0.813772 0.034667 0.034429
0 0.565903 0.345070 0.033333 0.035994
0 0.619903 0.779343 0.034667 0.040689
0 0.620570 0.635368 0.036000 0.034429
0 0.836570 0.417058 0.033333 0.032864
0 0.836570 0.523474 0.036000 0.035994
0 0.620570 0.670579 0.036000 0.035994
0 0.728570 0.561815 0.030667 0.031299
0 0.728570 0.308294 0.033333 0.037559
0 0.796570 0.670579 0.030667 0.035994
0 0.565903 0.454617 0.033333 0.035994
0 0.782570 0.524257 0.034667 0.037559
0 0.769903 0.633803 0.028000 0.034429
0 0.728570 0.777778 0.033333 0.034429
0 0.783903 0.306729 0.037333 0.037559
0 0.783903 0.778560 0.034667 0.032864
0 0.837237 0.451487 0.032000 0.032864
0 0.620570 0.816901 0.036000 0.034429
0 0.782570 0.597027 0.037333 0.035994
0 0.728570 0.849765 0.033333 0.034429
0 0.837237 0.560250 0.034667 0.034429
0 0.837237 0.486698 0.034667 0.034429
0 0.673237 0.417840 0.034667 0.034429
0 0.621903 0.852113 0.036000 0.035994
0 0.837237 0.345853 0.034667 0.037559
0 0.621903 0.888106 0.036000 0.035994
0 0.729903 0.885759 0.033333 0.037559
0 0.729237 0.343505 0.032000 0.032864
0 0.783903 0.815336 0.037333 0.034429
0 0.620570 0.741784 0.033333 0.034429
0 0.619903 0.418623 0.034667 0.035994
