0 0.664601 0.912295 0.037778 0.050820
0 0.610712 0.453279 0.041111 0.047541
0 0.971267 0.911475 0.033333 0.042623
0 0.610156 0.184426 0.042222 0.034426
0 0.610712 0.317213 0.041111 0.037705
0 0.714601 0.871311 0.035556 0.040984
0 0.766823 0.911475 0.037778 0.049180
0 0.714601 0.911475 0.035556 0.042623
0 0.921267 0.912295 0.035556 0.044262
0 0.663489 0.826230 0.037778 0.049180
0 0.714601 0.827049 0.037778 0.047541
0 0.816823 0.868852 0.035556 0.042623
0 0.921267 0.868852 0.035556 0.042623
0 0.870712 0.913115 0.036667 0.045902
0 0.972378 0.824590 0.035556 0.045902
0 0.871823 0.824590 0.034444 0.045902
0 0.921823 0.824590 0.036667 0.045902
0 0.766823 0.825410 0.035556 0.047541
0 0.817934 0.913934 0.037778 0.044262
0 0.817378 0.826230 0.034444 0.049180
0 0.766267 0.868033 0.034444 0.037705
0 0.829045 0.784426 0.022222 0.034426
0 0.777378 0.783607 0.021111 0.032787
0 0.609045 0.250000 0.044444 0.037705
0 0.611823 0.381148 0.041111 0.031148
0 0.933489 0.783607 0.020000 0.032787
0 0.610712 0.285246 0.041111 0.032787
0 0.610712 0.150820 0.043333 0.032787
0 0.985156 0.782787 0.021111 0.034426
0 0.726267 0.784426 0.023333 0.034426
0 0.611823 0.353279 0.041111 0.031148
0 0.622934 0.740984 0.021111 0.032787
0 0.971823 0.869672 0.034444 0.044262
0 0.674045 0.783607 0.023333 0.032787
0 0.610156 0.216393 0.042222 0.029508
0 0.871267 0.869672 0.035556 0.044262
0 0.880712 0.783607 0.023333 0.032787
