0 0.505204 0.855222 0.030000 0.023734
0 0.562079 0.756329 0.033750 0.031646
0 0.672704 0.501582 0.035000 0.037975
0 0.451454 0.409810 0.035000 0.018987
0 0.615829 0.788766 0.033750 0.026899
0 0.175204 0.657437 0.032500 0.030063
0 0.120204 0.404272 0.032500 0.033228
0 0.119579 0.787975 0.033750 0.034810
0 0.436454 0.789557 0.022500 0.028481
0 0.298954 0.731013 0.022500 0.018987
0 0.297704 0.856013 0.022500 0.025316
0 0.297704 0.633703 0.020000 0.020570
0 0.672079 0.472310 0.033750 0.030063
0 0.438329 0.628956 0.021250 0.026899
0 0.299079 0.881835 0.024500 0.027753
0 0.438592 0.472579 0.019600 0.021646
0 0.439073 0.504866 0.020487 0.025585
0 0.438279 0.534193 0.017725 0.026772
0 0.437966 0.564715 0.018350 0.024019
0 0.439679 0.597191 0.019275 0.025206
0 0.464873 0.473172 0.018038 0.022041
0 0.465029 0.504082 0.015250 0.024019
0 0.286267 0.357025 0.030000 0.018354
0 0.285204 0.394446 0.031125 0.020728
0 0.287110 0.510277 0.034563 0.024604
0 0.286448 0.533592 0.031312 0.022563
0 0.285998 0.548513 0.032587 0.008196
0 0.297504 0.562191 0.021775 0.013782
0 0.299217 0.576756 0.024575 0.016930
0 0.298679 0.765269 0.021875 0.017247
0 0.299579 0.713608 0.018750 0.022152
0 0.299579 0.675633 0.021250 0.022152
0 0.298329 0.650316 0.018750 0.015823
0 0.505829 0.786392 0.033750 0.034810
0 0.064579 0.723101 0.031250 0.031646
0 0.174579 0.852057 0.033750 0.033228
0 0.120204 0.564082 0.030000 0.030063
0 0.013852 0.374209 0.027704 0.036392
0 0.505829 0.662184 0.036250 0.033228
0 0.341454 0.378165 0.035000 0.034810
0 0.229579 0.756329 0.031250 0.031646
0 0.397079 0.375791 0.033750 0.033228
0 0.232079 0.408228 0.033750 0.034810
0 0.065204 0.786392 0.035000 0.031646
0 0.395829 0.596519 0.033750 0.028481
0 0.342704 0.470728 0.032500 0.033228
0 0.176454 0.373418 0.032500 0.037975
0 0.012602 0.659019 0.025204 0.033228
0 0.506454 0.693038 0.035000 0.031646
0 0.065204 0.819620 0.032500 0.034810
0 0.395829 0.693829 0.036250 0.030063
0 0.395829 0.662975 0.033750 0.031646
0 0.396454 0.566456 0.035000 0.031646
0 0.013227 0.786392 0.026454 0.034810
0 0.230204 0.724684 0.032500 0.031646
0 0.505829 0.724684 0.033750 0.031646
0 0.012602 0.723892 0.025204 0.033228
0 0.012602 0.593354 0.025204 0.031646
0 0.119579 0.691456 0.033750 0.031646
0 0.395204 0.820411 0.035000 0.033228
0 0.012602 0.468354 0.025204 0.034810
0 0.063954 0.628956 0.032500 0.033228
0 0.230829 0.594937 0.033750 0.028481
0 0.230829 0.692247 0.033750 0.033228
0 0.013227 0.691456 0.026454 0.031646
0 0.013227 0.819620 0.026454 0.031646
0 0.395829 0.852848 0.033750 0.031646
0 0.437079 0.725475 0.026250 0.033228
0 0.562079 0.537184 0.031250 0.033228
0 0.396454 0.407437 0.032500 0.026899
0 0.463329 0.851266 0.021250 0.028481
0 0.341454 0.502373 0.032500 0.030063
0 0.175204 0.439082 0.035000 0.030063
0 0.616454 0.409810 0.032500 0.031646
0 0.174579 0.595728 0.031250 0.026899
0 0.463954 0.883703 0.025000 0.033228
0 0.341454 0.344937 0.032500 0.034810
0 0.232704 0.374209 0.035000 0.036392
0 0.175204 0.501582 0.035000 0.031646
0 0.175204 0.469937 0.035000 0.031646
0 0.617079 0.568829 0.031250 0.030063
0 0.561454 0.408228 0.035000 0.037975
0 0.616454 0.537184 0.030000 0.033228
0 0.012602 0.564082 0.025204 0.030063
0 0.119579 0.596519 0.028750 0.034810
0 0.672704 0.568038 0.037500 0.031646
0 0.298954 0.696203 0.020000 0.018987
0 0.119579 0.880538 0.031250 0.030063
0 0.671454 0.884494 0.035000 0.031646
0 0.120204 0.500791 0.030000 0.030063
0 0.065204 0.469937 0.035000 0.031646
0 0.283329 0.790269 0.033750 0.020411
0 0.284579 0.454351 0.033750 0.035285
0 0.286454 0.337579 0.035000 0.023259
0 0.283673 0.807919 0.032937 0.013782
0 0.065829 0.371835 0.033750 0.037975
0 0.230829 0.533228 0.031250 0.031646
0 0.395204 0.788766 0.035000 0.033228
0 0.229579 0.853639 0.031250 0.026899
0 0.174579 0.788766 0.033750 0.033228
0 0.671454 0.792959 0.035000 0.028956
0 0.288204 0.374288 0.033500 0.019146
0 0.670829 0.821756 0.036250 0.027373
0 0.560204 0.884494 0.037500 0.028481
0 0.297079 0.748576 0.023750 0.016139
0 0.229579 0.883070 0.033750 0.031329
0 0.285829 0.420886 0.033750 0.034810
0 0.394579 0.756329 0.036250 0.031646
0 0.395829 0.471519 0.033750 0.034810
0 0.119579 0.469146 0.033750 0.033228
0 0.560204 0.854272 0.035000 0.031329
0 0.670829 0.726820 0.033750 0.030538
0 0.617079 0.885364 0.036250 0.029905
0 0.670829 0.757911 0.033750 0.034810
0 0.670829 0.696313 0.033750 0.031487
0 0.173954 0.819620 0.035000 0.028481
0 0.120204 0.818196 0.035000 0.028165
0 0.175204 0.566456 0.032500 0.031646
0 0.397079 0.503165 0.031250 0.028481
0 0.175204 0.722310 0.035000 0.033228
0 0.063954 0.564873 0.032500 0.034810
0 0.119579 0.757911 0.033750 0.031646
0 0.013227 0.420886 0.026454 0.053797
0 0.463329 0.691456 0.021250 0.022152
0 0.616454 0.757911 0.035000 0.031646
0 0.560829 0.600475 0.033750 0.033228
0 0.561454 0.504747 0.030000 0.028481
0 0.670204 0.852057 0.035000 0.033228
0 0.673329 0.599684 0.033750 0.031646
0 0.617079 0.630538 0.033750 0.036392
0 0.617079 0.726266 0.033750 0.031646
0 0.505829 0.882911 0.033750 0.034810
0 0.506454 0.503956 0.027500 0.023734
0 0.560829 0.786392 0.036250 0.034810
0 0.615829 0.854430 0.036250 0.031646
0 0.119579 0.432753 0.031250 0.036392
0 0.617079 0.443038 0.031250 0.031646
0 0.120204 0.630538 0.032500 0.033228
0 0.560829 0.726266 0.033750 0.031646
0 0.230204 0.660601 0.032500 0.030063
0 0.119579 0.660601 0.033750 0.030063
0 0.436454 0.819620 0.022500 0.028481
0 0.617079 0.662975 0.036250 0.031646
0 0.463329 0.754747 0.021250 0.025316
0 0.437704 0.661392 0.022500 0.025316
0 0.409579 0.344937 0.023750 0.028481
0 0.463954 0.344937 0.022500 0.028481
0 0.506454 0.596519 0.032500 0.031646
0 0.672079 0.630538 0.036250 0.033228
0 0.342079 0.534019 0.031250 0.033228
0 0.616454 0.598892 0.030000 0.030063
0 0.064579 0.501582 0.036250 0.034810
0 0.463954 0.787184 0.020000 0.026899
0 0.560829 0.695411 0.033750 0.033228
0 0.507079 0.629747 0.033750 0.031646
0 0.672704 0.664557 0.035000 0.034810
0 0.438954 0.345728 0.025000 0.026899
0 0.561454 0.662975 0.032500 0.034810
0 0.064579 0.533228 0.033750 0.028481
0 0.617079 0.473892 0.033750 0.033228
0 0.615829 0.819620 0.036250 0.037975
0 0.341454 0.568038 0.030000 0.031646
0 0.119579 0.530063 0.031250 0.034810
0 0.435204 0.885285 0.022500 0.026899
0 0.562079 0.473892 0.031250 0.033228
0 0.560829 0.631329 0.036250 0.031646
0 0.463954 0.659810 0.022500 0.028481
0 0.436454 0.753956 0.022500 0.023734
0 0.231454 0.469146 0.032500 0.030063
0 0.617079 0.693829 0.036250 0.033228
0 0.464579 0.566456 0.021250 0.025316
0 0.064579 0.851266 0.031250 0.028481
0 0.435829 0.849684 0.021250 0.025316
0 0.341454 0.439873 0.032500 0.031646
0 0.464579 0.628956 0.021250 0.030063
0 0.064579 0.690665 0.031250 0.030063
0 0.452079 0.378956 0.033750 0.033228
0 0.616454 0.504747 0.032500 0.034810
0 0.672079 0.443829 0.036250 0.033228
0 0.465204 0.595728 0.020000 0.026899
0 0.560829 0.821203 0.033750 0.034810
0 0.463329 0.534019 0.021250 0.026899
0 0.507079 0.754747 0.033750 0.028481
0 0.230204 0.629747 0.032500 0.037975
0 0.506454 0.566456 0.032500 0.031646
0 0.065204 0.405063 0.032500 0.031646
0 0.435829 0.693829 0.023750 0.026899
0 0.561454 0.441456 0.032500 0.031646
0 0.119579 0.851266 0.033750 0.034810
0 0.175829 0.627373 0.033750 0.033228
0 0.507079 0.442247 0.031250 0.033228
0 0.065204 0.438291 0.032500 0.034810
0 0.013227 0.883703 0.026454 0.030063
0 0.672079 0.536392 0.036250 0.034810
0 0.451454 0.439082 0.035000 0.036392
0 0.463954 0.723892 0.022500 0.030063
0 0.174579 0.756329 0.031250 0.031646
0 0.174579 0.689873 0.036250 0.034810
0 0.175829 0.406646 0.033750 0.031646
0 0.562704 0.568829 0.032500 0.030063
0 0.229579 0.787975 0.031250 0.031646
0 0.507079 0.473101 0.031250 0.031646
0 0.232079 0.439873 0.033750 0.031646
0 0.463954 0.820411 0.022500 0.026899
0 0.120829 0.373418 0.033750 0.031646
0 0.341454 0.409810 0.032500 0.031646
0 0.396454 0.438291 0.030000 0.031646
0 0.174579 0.883703 0.033750 0.030063
0 0.012602 0.755538 0.025204 0.030063
0 0.230829 0.501582 0.028750 0.034810
0 0.063954 0.660601 0.032500 0.033228
0 0.673329 0.409810 0.033750 0.037975
0 0.012602 0.852057 0.025204 0.033228
0 0.507079 0.406646 0.036250 0.034810
0 0.013227 0.500000 0.026454 0.031646
0 0.064579 0.881329 0.033750 0.034810
0 0.395829 0.885285 0.036250 0.033228
0 0.395829 0.723892 0.036250 0.033228
0 0.120204 0.723892 0.035000 0.033228
0 0.175204 0.533228 0.035000 0.031646
0 0.396454 0.535601 0.035000 0.033228
0 0.012602 0.625791 0.025204 0.033228
0 0.063954 0.596519 0.032500 0.031646
0 0.395829 0.630538 0.033750 0.036392
0 0.229579 0.821994 0.033750 0.036392
0 0.505829 0.822785 0.033750 0.034810
0 0.507079 0.534810 0.033750 0.034810
0 0.013227 0.532437 0.026454 0.033228
0 0.231454 0.565665 0.032500 0.033228
0 0.064579 0.754747 0.033750 0.034810
