0 0.372672 0.494234 0.030000 0.036244
0 0.371561 0.244646 0.034444 0.044481
0 0.371561 0.286656 0.034444 0.042834
0 0.165450 0.285832 0.033333 0.044481
0 0.423227 0.326194 0.033333 0.042834
0 0.164894 0.200165 0.034444 0.044481
0 0.524894 0.242998 0.034444 0.044481
0 0.164894 0.242998 0.032222 0.041186
0 0.165450 0.154860 0.035556 0.046129
0 0.268227 0.199341 0.034444 0.042834
0 0.372116 0.455519 0.033333 0.041186
0 0.217672 0.286656 0.033333 0.042834
0 0.372672 0.412685 0.034444 0.044481
0 0.166561 0.453048 0.033333 0.042834
0 0.577116 0.242175 0.034444 0.046129
0 0.268227 0.285008 0.034444 0.046129
0 0.268783 0.369852 0.035556 0.047776
0 0.423227 0.369852 0.035556 0.044481
0 0.576561 0.154036 0.035556 0.047776
0 0.334894 0.736409 0.023333 0.029654
0 0.322116 0.343493 0.044444 0.031301
0 0.321005 0.495058 0.042222 0.034596
0 0.681561 0.701812 0.034444 0.039539
0 0.114894 0.700988 0.034444 0.044481
0 0.682116 0.869028 0.035556 0.041186
0 0.320450 0.208402 0.045556 0.028007
0 0.216561 0.535420 0.035556 0.042834
0 0.320450 0.175453 0.043333 0.034596
0 0.323227 0.373147 0.046667 0.037891
0 0.681561 0.827842 0.032222 0.034596
0 0.322116 0.275124 0.040000 0.032949
0 0.680450 0.368204 0.032222 0.041186
0 0.682116 0.744646 0.028889 0.039539
0 0.679894 0.327842 0.035556 0.042834
0 0.475450 0.869028 0.033333 0.044481
0 0.681561 0.535420 0.034444 0.039539
0 0.475450 0.705107 0.033333 0.039539
0 0.474894 0.914333 0.032222 0.042834
0 0.062672 0.494234 0.032222 0.039539
0 0.731005 0.197694 0.033333 0.046129
0 0.733227 0.451400 0.033333 0.039539
0 0.166561 0.660626 0.028889 0.039539
0 0.731561 0.409390 0.036667 0.044481
0 0.321005 0.140033 0.046667 0.039539
0 0.524339 0.367381 0.031111 0.036244
0 0.731005 0.241351 0.035556 0.044481
0 0.476005 0.828666 0.032222 0.039539
0 0.475450 0.743822 0.033333 0.041186
0 0.476561 0.785832 0.033333 0.042834
0 0.113783 0.198517 0.034444 0.041186
0 0.474339 0.327842 0.033333 0.042834
0 0.683227 0.914333 0.035556 0.046129
0 0.731005 0.284185 0.035556 0.044481
0 0.731561 0.366557 0.036667 0.041186
0 0.114339 0.536244 0.035556 0.047776
0 0.474894 0.283361 0.030000 0.046129
0 0.680450 0.451400 0.034444 0.039539
0 0.731005 0.326194 0.035556 0.042834
0 0.114894 0.661450 0.032222 0.037891
0 0.679894 0.410214 0.035556 0.042834
0 0.166561 0.619440 0.031111 0.039539
0 0.629339 0.492586 0.030000 0.039539
0 0.629894 0.575783 0.031111 0.037891
0 0.013836 0.200165 0.027672 0.041186
0 0.524894 0.451400 0.032222 0.039539
0 0.012725 0.327018 0.025450 0.037891
0 0.679339 0.285832 0.034444 0.044481
0 0.475450 0.495058 0.028889 0.037891
0 0.681005 0.788303 0.033333 0.044481
0 0.678783 0.199341 0.033333 0.042834
0 0.113783 0.494234 0.034444 0.039539
0 0.474894 0.534596 0.032222 0.041186
0 0.733227 0.495058 0.035556 0.044481
0 0.013836 0.152389 0.027672 0.047776
0 0.731005 0.149918 0.033333 0.049423
0 0.474339 0.242175 0.028889 0.036244
0 0.681005 0.493410 0.033333 0.041186
0 0.423227 0.412685 0.031111 0.041186
0 0.217116 0.409390 0.034444 0.037891
0 0.113783 0.747117 0.034444 0.044481
0 0.061005 0.285832 0.033333 0.041186
0 0.012169 0.242175 0.024339 0.042834
0 0.628227 0.327842 0.032222 0.039539
0 0.678783 0.242175 0.035556 0.042834
0 0.629339 0.534596 0.032222 0.044481
0 0.629339 0.662273 0.032222 0.042834
0 0.372672 0.327842 0.030000 0.036244
0 0.678783 0.153213 0.035556 0.049423
0 0.627672 0.453048 0.031111 0.042834
0 0.473783 0.153213 0.032222 0.049423
0 0.322672 0.308896 0.041111 0.041186
0 0.114894 0.579901 0.032222 0.039539
0 0.524339 0.152389 0.035556 0.047776
0 0.629339 0.617792 0.032222 0.046129
0 0.321561 0.242175 0.045556 0.039539
0 0.113783 0.153213 0.034444 0.046129
0 0.476005 0.620264 0.034444 0.044481
0 0.680450 0.662273 0.034444 0.039539
0 0.577116 0.285008 0.030000 0.036244
0 0.681005 0.577430 0.033333 0.041186
0 0.166005 0.703460 0.034444 0.046129
0 0.321561 0.447282 0.043333 0.044481
0 0.474339 0.199341 0.033333 0.046129
0 0.062672 0.453048 0.036667 0.039539
0 0.114339 0.454695 0.033333 0.042834
0 0.577672 0.369028 0.031111 0.039539
0 0.216561 0.451400 0.035556 0.042834
0 0.114339 0.620264 0.033333 0.044481
0 0.680450 0.619440 0.034444 0.042834
0 0.475450 0.663921 0.035556 0.042834
0 0.113783 0.411862 0.032222 0.039539
0 0.268227 0.327018 0.034444 0.037891
0 0.628227 0.368204 0.032222 0.044481
0 0.372672 0.154036 0.034444 0.047776
0 0.217116 0.578254 0.036667 0.042834
0 0.062116 0.535420 0.035556 0.042834
0 0.268783 0.152389 0.035556 0.047776
0 0.525450 0.493410 0.035556 0.044481
0 0.217672 0.153213 0.033333 0.049423
0 0.475450 0.576606 0.033333 0.042834
0 0.166005 0.329489 0.032222 0.039539
0 0.372116 0.579077 0.035556 0.044481
0 0.166561 0.493410 0.033333 0.041186
0 0.372672 0.534596 0.032222 0.044481
0 0.423783 0.284185 0.032222 0.041186
0 0.577672 0.412685 0.035556 0.044481
0 0.061005 0.246293 0.031111 0.041186
0 0.525450 0.409390 0.033333 0.044481
0 0.163783 0.578254 0.034444 0.042834
0 0.524894 0.200165 0.034444 0.041186
0 0.423783 0.454695 0.032222 0.042834
0 0.628227 0.411038 0.032222 0.041186
0 0.576561 0.200165 0.033333 0.041186
0 0.473783 0.367381 0.032222 0.039539
0 0.217116 0.492586 0.034444 0.039539
0 0.062116 0.413509 0.035556 0.042834
0 0.166005 0.412685 0.032222 0.041186
0 0.166005 0.369852 0.034444 0.044481
0 0.524894 0.286656 0.034444 0.042834
0 0.216561 0.242998 0.033333 0.044481
0 0.061561 0.153213 0.034444 0.049423
0 0.628783 0.283361 0.033333 0.046129
0 0.061561 0.200988 0.034444 0.046129
0 0.372672 0.368204 0.034444 0.044481
0 0.525450 0.328666 0.033333 0.041186
0 0.112672 0.286656 0.034444 0.039539
0 0.577672 0.326194 0.033333 0.046129
0 0.062116 0.577430 0.035556 0.041186
0 0.267672 0.242175 0.033333 0.039539
0 0.474894 0.453871 0.032222 0.041186
0 0.061561 0.327018 0.034444 0.041186
0 0.371561 0.199341 0.034444 0.042834
0 0.216561 0.328666 0.033333 0.041186
0 0.114339 0.369852 0.033333 0.041186
0 0.113783 0.327018 0.034444 0.041186
0 0.165450 0.534596 0.035556 0.044481
0 0.217672 0.200988 0.033333 0.042834
0 0.217116 0.369852 0.032222 0.041186
0 0.012725 0.285832 0.025449 0.044481
0 0.113783 0.243822 0.034444 0.046129
0 0.474894 0.411038 0.032222 0.044481
0 0.061561 0.369852 0.034444 0.044481
