0 0.388488 0.290774 0.035556 0.044481
0 0.185711 0.667216 0.034444 0.046129
0 0.387933 0.331960 0.034444 0.037891
0 0.236822 0.182867 0.043333 0.036244
0 0.236822 0.147446 0.047778 0.034596
0 0.387933 0.248764 0.034444 0.036244
0 0.542933 0.247117 0.033333 0.036244
0 0.543488 0.329489 0.036667 0.032949
0 0.237377 0.315486 0.042222 0.037891
0 0.235711 0.250412 0.043333 0.036244
0 0.238488 0.381384 0.044444 0.031301
0 0.236822 0.218287 0.045556 0.031301
0 0.492377 0.332784 0.034444 0.032949
0 0.237933 0.533773 0.032222 0.036244
0 0.238488 0.351730 0.042222 0.031301
0 0.250711 0.752883 0.022222 0.023064
0 0.337377 0.334432 0.033333 0.039539
0 0.236822 0.284185 0.041111 0.031301
0 0.237933 0.495058 0.038889 0.041186
0 0.288488 0.664745 0.033333 0.044481
0 0.388488 0.374794 0.035556 0.044481
0 0.542933 0.370675 0.035556 0.046129
0 0.237933 0.452224 0.041111 0.044481
0 0.439599 0.289127 0.033333 0.047776
0 0.491822 0.292422 0.031111 0.041186
0 0.386822 0.204283 0.034444 0.052718
0 0.250155 0.732290 0.023333 0.024712
0 0.646266 0.329489 0.035556 0.026359
0 0.186266 0.621911 0.033333 0.047776
0 0.287377 0.618616 0.033333 0.047776
0 0.337377 0.292422 0.031111 0.041186
0 0.185155 0.336903 0.035556 0.044481
0 0.491822 0.247117 0.035556 0.046129
0 0.645155 0.245470 0.037778 0.046129
0 0.441266 0.616969 0.034444 0.047776
0 0.439599 0.336903 0.035556 0.047776
0 0.645711 0.291598 0.032222 0.042834
0 0.186266 0.290774 0.031111 0.044481
0 0.337377 0.247941 0.033333 0.044481
0 0.284599 0.289951 0.034444 0.046129
0 0.442933 0.662273 0.037778 0.042834
0 0.594044 0.332784 0.035556 0.042834
0 0.443488 0.744646 0.036667 0.046129
0 0.594044 0.288303 0.033333 0.049423
0 0.442377 0.704283 0.034444 0.041186
0 0.285155 0.334432 0.031111 0.042834
0 0.542377 0.289127 0.036667 0.044481
0 0.542377 0.201812 0.034444 0.054366
