0 0.306162 0.344655 0.042222 0.031414
0 0.306718 0.374095 0.043333 0.034704
0 0.305607 0.276316 0.043333 0.029605
0 0.665051 0.245888 0.035556 0.024671
0 0.306718 0.145559 0.043333 0.031250
0 0.305607 0.529605 0.032222 0.032895
0 0.305607 0.178454 0.045556 0.034539
0 0.305607 0.211349 0.045556 0.027961
0 0.717273 0.536184 0.028889 0.039474
0 0.305607 0.244243 0.043333 0.041118
0 0.407273 0.329770 0.033333 0.041118
0 0.715607 0.331414 0.034444 0.037829
0 0.306162 0.309211 0.042222 0.042763
0 0.356718 0.245888 0.032222 0.034539
0 0.047273 0.247533 0.033333 0.041118
0 0.099496 0.247533 0.033333 0.037829
0 0.561162 0.333059 0.034444 0.041118
0 0.457829 0.372533 0.034444 0.041118
0 0.457829 0.330592 0.034444 0.042763
0 0.612273 0.245066 0.034444 0.046053
0 0.098940 0.202303 0.034444 0.052632
0 0.151162 0.158717 0.034444 0.044408
0 0.047273 0.290296 0.035556 0.044408
0 0.407273 0.371711 0.033333 0.042763
0 0.407273 0.414474 0.033333 0.042763
0 0.406718 0.245888 0.034444 0.047697
0 0.715607 0.496711 0.036667 0.039474
0 0.305051 0.448191 0.040000 0.041118
0 0.255607 0.291118 0.034444 0.042763
0 0.151162 0.291118 0.032222 0.042763
0 0.202829 0.291118 0.035556 0.042763
0 0.255051 0.244243 0.033333 0.047697
0 0.202829 0.158717 0.037778 0.047697
0 0.458940 0.157895 0.034444 0.042763
0 0.716162 0.414474 0.035556 0.039474
0 0.201718 0.203125 0.035556 0.041118
0 0.715607 0.247533 0.034444 0.041118
0 0.508940 0.371711 0.036667 0.042763
0 0.005859 0.246711 0.011718 0.039474
0 0.457273 0.415296 0.035556 0.041118
0 0.715607 0.455592 0.036667 0.042763
0 0.151162 0.203947 0.034444 0.042763
0 0.099496 0.289474 0.035556 0.046053
0 0.510051 0.285362 0.034444 0.044408
0 0.509496 0.328125 0.035556 0.044408
0 0.560051 0.245888 0.036667 0.044408
0 0.006970 0.159539 0.013941 0.046053
0 0.663940 0.287829 0.035556 0.049342
0 0.458384 0.290296 0.035556 0.041118
0 0.305051 0.491776 0.037778 0.042763
0 0.458384 0.246711 0.035556 0.042763
0 0.457829 0.203947 0.034444 0.042763
0 0.006415 0.291118 0.012829 0.046053
0 0.716162 0.203947 0.035556 0.046053
0 0.407273 0.290296 0.035556 0.041118
0 0.356162 0.289474 0.035556 0.046053
0 0.612273 0.290296 0.034444 0.044408
0 0.561162 0.290296 0.034444 0.044408
0 0.355607 0.202303 0.034444 0.052632
0 0.560607 0.375000 0.035556 0.042763
0 0.715607 0.371711 0.036667 0.042763
0 0.560607 0.203947 0.035556 0.042763
0 0.663940 0.202303 0.035556 0.052632
0 0.716162 0.157895 0.037778 0.046053
0 0.561162 0.157895 0.036667 0.046053
0 0.006415 0.205592 0.012829 0.042763
0 0.715607 0.290296 0.036667 0.044408
0 0.151718 0.247533 0.035556 0.044408
0 0.202829 0.247533 0.037778 0.044408
