0 0.442498 0.540984 0.034444 0.039344
0 0.905831 0.290984 0.032222 0.037705
0 0.959164 0.496721 0.034444 0.039344
0 0.443053 0.458197 0.035556 0.037705
0 0.443053 0.415574 0.035556 0.040984
0 0.753609 0.498361 0.036667 0.042623
0 0.441942 0.499180 0.031111 0.044262
0 0.753053 0.581967 0.035556 0.042623
0 0.956387 0.161475 0.033333 0.047541
0 0.994860 0.248361 0.008058 0.044262
0 0.390831 0.204918 0.031111 0.049180
0 0.854164 0.335246 0.033333 0.040984
0 0.651387 0.454098 0.041111 0.049180
0 0.443053 0.623770 0.028889 0.040984
0 0.958053 0.331148 0.036667 0.039344
0 0.996527 0.203279 0.004725 0.045902
0 0.806387 0.869672 0.031111 0.037705
0 0.906387 0.206557 0.035556 0.032787
0 0.651387 0.313115 0.041111 0.039344
0 0.651942 0.377869 0.044444 0.034426
0 0.650276 0.245902 0.041111 0.042623
0 0.869164 0.866393 0.021111 0.031148
0 0.651942 0.145902 0.042222 0.036066
0 0.651387 0.347541 0.043333 0.032787
0 0.650831 0.281148 0.042222 0.031148
0 0.662498 0.740984 0.023333 0.032787
0 0.650276 0.212459 0.043333 0.027541
0 0.651387 0.180836 0.041111 0.040820
0 0.908609 0.745082 0.035556 0.044262
0 0.994304 0.332787 0.009169 0.042623
0 0.803609 0.334426 0.036667 0.039344
0 0.804164 0.417213 0.033333 0.040984
0 0.995415 0.374590 0.006947 0.040984
0 0.957498 0.413115 0.031111 0.042623
0 0.855276 0.417213 0.033333 0.040984
0 0.390276 0.335246 0.036667 0.040984
0 0.443053 0.377049 0.035556 0.039344
0 0.958053 0.372131 0.032222 0.039344
0 0.390276 0.251639 0.036667 0.044262
0 0.752498 0.377869 0.034444 0.037705
0 0.806387 0.913115 0.035556 0.045902
0 0.804164 0.664754 0.035556 0.040984
0 0.753053 0.540984 0.033333 0.039344
0 0.856942 0.827049 0.036667 0.044262
0 0.805831 0.787705 0.036667 0.044262
0 0.753053 0.335246 0.035556 0.047541
0 0.391387 0.377049 0.038889 0.042623
0 0.442498 0.580328 0.034444 0.039344
0 0.995415 0.414754 0.006947 0.039344
0 0.859720 0.909836 0.035556 0.052459
0 0.905831 0.159016 0.036667 0.052459
0 0.805276 0.458197 0.031111 0.037705
0 0.957498 0.250000 0.033333 0.040984
0 0.908609 0.788525 0.035556 0.042623
0 0.906387 0.375410 0.033333 0.039344
0 0.995971 0.580328 0.005836 0.045902
0 0.956942 0.291803 0.034444 0.039344
0 0.854720 0.374590 0.034444 0.040984
0 0.855831 0.497541 0.034444 0.040984
0 0.855276 0.248361 0.033333 0.044262
0 0.751942 0.290164 0.028889 0.042623
0 0.805276 0.745902 0.033333 0.039344
0 0.995415 0.497541 0.006947 0.044262
0 0.995971 0.454918 0.005836 0.040984
0 0.753609 0.417213 0.034444 0.040984
0 0.995971 0.538525 0.005835 0.040984
0 0.994860 0.290984 0.008058 0.040984
0 0.856387 0.622131 0.035556 0.044262
0 0.856942 0.664754 0.036667 0.040984
0 0.804720 0.498361 0.034444 0.042623
0 0.599720 0.293443 0.035556 0.042623
0 0.600276 0.250820 0.034444 0.042623
0 0.443053 0.289344 0.035556 0.047541
0 0.701387 0.293443 0.036667 0.042623
0 0.856942 0.745902 0.034444 0.042623
0 0.803053 0.374590 0.033333 0.040984
0 0.856387 0.580328 0.035556 0.042623
0 0.802498 0.293443 0.034444 0.045902
0 0.390276 0.294262 0.036667 0.044262
0 0.906387 0.416393 0.035556 0.042623
0 0.701387 0.336885 0.036667 0.044262
0 0.599720 0.204918 0.035556 0.049180
0 0.907498 0.622951 0.037778 0.042623
0 0.958609 0.455738 0.033333 0.042623
0 0.599720 0.334426 0.035556 0.039344
0 0.905831 0.250000 0.036667 0.044262
0 0.805276 0.622131 0.035556 0.044262
0 0.547498 0.248361 0.037778 0.054098
0 0.804164 0.579508 0.033333 0.040984
0 0.854164 0.293443 0.033333 0.042623
0 0.443053 0.334426 0.037778 0.042623
0 0.854720 0.456557 0.032222 0.040984
0 0.700831 0.247541 0.035556 0.049180
0 0.857498 0.785246 0.035556 0.039344
0 0.905831 0.333607 0.036667 0.044262
0 0.906942 0.497541 0.034444 0.040984
0 0.600276 0.375410 0.034444 0.042623
0 0.753609 0.458197 0.034444 0.040984
0 0.908053 0.578689 0.034444 0.042623
0 0.803609 0.540984 0.032222 0.039344
0 0.906942 0.457377 0.034444 0.039344
0 0.806387 0.831967 0.035556 0.040984
0 0.856942 0.704918 0.034444 0.039344
0 0.441942 0.666393 0.035556 0.044262
0 0.956942 0.208197 0.034444 0.042623
0 0.854720 0.538525 0.034444 0.040984
0 0.908609 0.539344 0.033333 0.039344
0 0.805276 0.704918 0.035556 0.042623
0 0.908609 0.663934 0.037778 0.042623
0 0.908053 0.704098 0.034444 0.040984
