0 0.280578 0.415842 0.033333 0.042904
0 0.796133 0.579208 0.037778 0.033003
0 0.229467 0.663366 0.035556 0.023102
0 0.177800 0.332508 0.032222 0.041254
0 0.386689 0.345710 0.041111 0.031353
0 0.385022 0.181518 0.042222 0.033003
0 0.795578 0.540429 0.036667 0.044554
0 0.384467 0.212046 0.047778 0.028053
0 0.333356 0.830033 0.034444 0.036304
0 0.385578 0.500000 0.038889 0.036304
0 0.385022 0.147690 0.044444 0.034653
0 0.385578 0.279703 0.041111 0.031353
0 0.794467 0.498350 0.034444 0.039604
0 0.332800 0.868812 0.035556 0.044554
0 0.073911 0.500000 0.035556 0.042904
0 0.588356 0.333333 0.033333 0.046205
0 0.022800 0.287954 0.033333 0.037954
0 0.386689 0.312706 0.041111 0.034653
0 0.280578 0.455446 0.033333 0.029703
0 0.448911 0.415017 0.025556 0.037954
0 0.487244 0.788779 0.033333 0.039604
0 0.074467 0.328383 0.034444 0.039604
0 0.074467 0.288779 0.034444 0.042904
0 0.795022 0.419142 0.033333 0.036304
0 0.424467 0.154290 0.023333 0.037954
0 0.332800 0.914191 0.035556 0.046205
0 0.280578 0.332508 0.033333 0.037954
0 0.486133 0.748350 0.031111 0.041254
0 0.125578 0.705446 0.034444 0.041254
0 0.075022 0.245050 0.033333 0.044554
0 0.332244 0.788779 0.034444 0.042904
0 0.386133 0.377888 0.044444 0.036304
0 0.588911 0.160066 0.034444 0.046205
0 0.073356 0.538779 0.036667 0.041254
0 0.793911 0.334983 0.033333 0.039604
0 0.023356 0.245875 0.034444 0.046205
0 0.538356 0.376238 0.033333 0.042904
0 0.487800 0.830858 0.034444 0.044554
0 0.588356 0.374587 0.033333 0.039604
0 0.487800 0.873762 0.034444 0.041254
0 0.423911 0.372112 0.020000 0.037954
0 0.074467 0.579208 0.036667 0.039604
0 0.385578 0.245875 0.043333 0.039604
0 0.486689 0.707096 0.034444 0.044554
0 0.425022 0.202970 0.024444 0.036304
0 0.024467 0.202145 0.032222 0.041254
0 0.793911 0.249175 0.033333 0.039604
0 0.126133 0.663366 0.033333 0.042904
0 0.486133 0.581683 0.033333 0.037954
0 0.331689 0.746700 0.033333 0.041254
0 0.230578 0.869637 0.035556 0.039604
0 0.795022 0.458746 0.033333 0.042904
0 0.126689 0.456271 0.032222 0.037954
0 0.073911 0.620462 0.035556 0.042904
0 0.229467 0.292079 0.033333 0.042904
0 0.448911 0.332508 0.023333 0.034653
0 0.487244 0.664191 0.035556 0.041254
0 0.231133 0.829208 0.034444 0.041254
0 0.126133 0.495050 0.035556 0.039604
0 0.126133 0.620462 0.035556 0.042904
0 0.177244 0.288779 0.031111 0.042904
0 0.487244 0.622937 0.035556 0.044554
0 0.741689 0.334158 0.033333 0.041254
0 0.537800 0.333333 0.034444 0.046205
0 0.424467 0.246700 0.023333 0.034653
0 0.691133 0.338284 0.032222 0.042904
0 0.126133 0.535479 0.035556 0.044554
0 0.230578 0.789604 0.033333 0.037954
0 0.741689 0.248350 0.033333 0.047855
0 0.794467 0.292904 0.034444 0.044554
0 0.640578 0.333333 0.035556 0.042904
0 0.332244 0.704620 0.032222 0.042904
0 0.075578 0.156766 0.036667 0.046205
0 0.794467 0.206271 0.034444 0.046205
0 0.588356 0.292079 0.035556 0.042904
0 0.024467 0.155941 0.034444 0.047855
0 0.691133 0.380363 0.032222 0.041254
0 0.691689 0.160891 0.035556 0.051155
0 0.023356 0.372937 0.032222 0.039604
0 0.073356 0.667492 0.034444 0.047855
0 0.126133 0.746700 0.037778 0.044554
0 0.230022 0.246700 0.034444 0.044554
0 0.074467 0.202970 0.034444 0.042904
0 0.587800 0.248350 0.034444 0.041254
0 0.022244 0.413366 0.034444 0.044554
0 0.229467 0.372112 0.033333 0.037954
0 0.588356 0.206271 0.035556 0.042904
0 0.448911 0.288779 0.023333 0.039604
0 0.487800 0.915842 0.036667 0.042904
0 0.332244 0.665017 0.032222 0.039604
0 0.537800 0.419142 0.032222 0.042904
0 0.074467 0.413366 0.034444 0.041254
0 0.741689 0.292904 0.033333 0.041254
0 0.589467 0.415842 0.033333 0.042904
0 0.487244 0.499175 0.035556 0.041254
0 0.177800 0.373762 0.032222 0.037954
0 0.794467 0.159241 0.036667 0.047855
0 0.691133 0.249175 0.034444 0.042904
0 0.023356 0.329208 0.036667 0.044554
0 0.126133 0.579208 0.035556 0.042904
0 0.281133 0.495050 0.034444 0.046205
0 0.423911 0.289604 0.022222 0.034653
0 0.640578 0.375413 0.035556 0.044554
0 0.448911 0.374587 0.023333 0.033003
0 0.332800 0.159241 0.033333 0.047855
0 0.230022 0.915017 0.036667 0.047855
0 0.487244 0.335809 0.033333 0.041254
0 0.436133 0.538779 0.033333 0.041254
0 0.126689 0.157591 0.034444 0.047855
0 0.423911 0.330033 0.022222 0.036304
0 0.691133 0.207096 0.034444 0.041254
0 0.639467 0.288779 0.035556 0.046205
0 0.125022 0.289604 0.033333 0.041254
0 0.487244 0.160066 0.035556 0.049505
0 0.177244 0.415842 0.033333 0.046205
0 0.280578 0.542904 0.033333 0.046205
0 0.794467 0.377063 0.034444 0.044554
0 0.229467 0.538779 0.035556 0.037954
0 0.332244 0.497525 0.034444 0.037954
0 0.487244 0.541254 0.037778 0.042904
0 0.126133 0.371287 0.035556 0.042904
0 0.537244 0.292079 0.033333 0.039604
0 0.332244 0.538779 0.034444 0.044554
0 0.126689 0.203795 0.034444 0.044554
0 0.436689 0.623762 0.034444 0.042904
0 0.125022 0.330033 0.035556 0.042904
0 0.230022 0.203795 0.034444 0.041254
0 0.230022 0.702970 0.032222 0.046205
0 0.126133 0.414191 0.035556 0.046205
0 0.231689 0.156766 0.033333 0.046205
0 0.487244 0.376238 0.033333 0.039604
0 0.125578 0.246700 0.034444 0.044554
0 0.331689 0.580033 0.033333 0.041254
0 0.074467 0.371287 0.034444 0.046205
0 0.281133 0.372937 0.034444 0.039604
0 0.742800 0.377888 0.035556 0.046205
0 0.333356 0.331683 0.032222 0.036304
0 0.691133 0.294554 0.034444 0.044554
0 0.229467 0.332508 0.033333 0.041254
0 0.385022 0.451320 0.042222 0.044554
0 0.436689 0.580858 0.034444 0.042904
0 0.073356 0.456271 0.034444 0.041254
0 0.333911 0.249175 0.031111 0.039604
0 0.332244 0.622112 0.034444 0.042904
0 0.333911 0.206271 0.033333 0.042904
0 0.487244 0.457921 0.033333 0.041254
0 0.230022 0.578383 0.034444 0.041254
0 0.487244 0.205446 0.035556 0.041254
0 0.332800 0.415842 0.031111 0.039604
0 0.230578 0.748350 0.035556 0.044554
0 0.487800 0.415842 0.034444 0.039604
0 0.281689 0.290429 0.033333 0.046205
0 0.229467 0.624587 0.037778 0.047855
0 0.537244 0.249175 0.035556 0.046205
0 0.228911 0.413366 0.034444 0.044554
0 0.229467 0.456271 0.033333 0.041254
0 0.436133 0.497525 0.033333 0.041254
0 0.436689 0.455446 0.034444 0.042904
0 0.487244 0.249175 0.035556 0.046205
0 0.229467 0.498350 0.035556 0.042904
0 0.331689 0.457921 0.033333 0.041254
0 0.333911 0.373762 0.033333 0.044554
0 0.333356 0.291254 0.034444 0.044554
0 0.487800 0.294554 0.032222 0.041254
