0 0.519653 0.294230 0.031634 0.032857
0 0.511334 0.378841 0.028339 0.024780
0 0.514543 0.364291 0.030308 0.032706
0 0.473996 0.782755 0.025941 0.027590
0 0.522946 0.262422 0.033091 0.034563
0 0.510073 0.402244 0.026755 0.021519
0 0.787414 0.775090 0.036129 0.039529
0 0.508469 0.421686 0.029794 0.026486
0 0.733065 0.768149 0.030692 0.037373
0 0.840907 0.784289 0.029237 0.035668
0 0.697072 0.660466 0.034417 0.034713
0 0.709731 0.515125 0.040925 0.033909
0 0.713153 0.481763 0.039982 0.038425
0 0.265350 0.210479 0.037970 0.045901
0 0.733396 0.885919 0.038098 0.047456
0 0.707252 0.553303 0.040752 0.047757
0 0.719055 0.410220 0.039726 0.035315
0 0.142113 0.380969 0.041310 0.038575
0 0.144935 0.346753 0.041310 0.038575
0 0.788793 0.888271 0.044092 0.040431
0 0.525426 0.224244 0.031634 0.032857
0 0.716489 0.441325 0.039726 0.035315
0 0.794353 0.812766 0.040495 0.044646
0 0.791872 0.850945 0.044092 0.040431
0 0.704772 0.591483 0.041182 0.037021
0 0.198556 0.354397 0.037329 0.038124
0 0.527736 0.196249 0.031378 0.029746
0 0.739147 0.808082 0.036514 0.044195
0 0.700558 0.626325 0.041310 0.038575
0 0.736796 0.844706 0.040110 0.039980
0 0.843999 0.892955 0.046189 0.049913
0 0.150365 0.272803 0.040367 0.043090
0 0.139034 0.418295 0.038655 0.038275
0 0.826257 0.458470 0.039982 0.038425
0 0.849836 0.822191 0.043150 0.044947
0 0.146431 0.312387 0.038655 0.038275
0 0.203323 0.280373 0.040110 0.039980
0 0.694785 0.696312 0.044220 0.041987
0 0.201571 0.317849 0.037457 0.039679
0 0.839044 0.311574 0.041182 0.037021
0 0.829272 0.421921 0.040110 0.039980
0 0.207857 0.241641 0.040367 0.043090
0 0.780032 0.344919 0.042080 0.047907
0 0.835965 0.348900 0.041438 0.040130
0 0.841523 0.273394 0.043150 0.044947
0 0.831623 0.385298 0.041567 0.041686
0 0.722733 0.373748 0.044348 0.043541
0 0.725405 0.333236 0.043022 0.043391
0 0.522893 0.243580 0.027099 0.010065
