0 0.726645 0.442171 0.042810 0.046789
0 0.133232 0.714187 0.045394 0.047564
0 0.804238 0.616245 0.041818 0.042248
0 0.553673 0.263685 0.039895 0.044500
0 0.225299 0.292617 0.042479 0.045275
0 0.353435 0.481043 0.042479 0.045275
0 0.486704 0.371823 0.040857 0.043374
0 0.448687 0.545899 0.040196 0.040347
0 0.255335 0.675002 0.040857 0.043374
0 0.749874 0.862029 0.044762 0.050204
0 0.314441 0.656440 0.041188 0.044887
0 0.163962 0.576632 0.043440 0.044149
0 0.156043 0.609740 0.042149 0.043761
0 0.818154 0.546227 0.045724 0.049077
0 0.382458 0.600228 0.042149 0.043761
0 0.905928 0.415297 0.045394 0.047564
0 0.680250 0.916146 0.047015 0.049464
0 0.733768 0.406405 0.043771 0.045662
0 0.186621 0.469722 0.041818 0.042248
0 0.584925 0.322250 0.040887 0.049041
0 0.710462 0.513121 0.043440 0.044149
0 0.277448 0.309064 0.040857 0.043374
0 0.493661 0.336813 0.042810 0.046789
0 0.337200 0.290694 0.043140 0.048302
0 0.710260 0.249359 0.047677 0.052493
0 0.672647 0.950962 0.043110 0.042636
0 0.748659 0.335067 0.042479 0.045275
0 0.367071 0.673836 0.043771 0.045662
0 0.703540 0.812650 0.042810 0.046789
0 0.141482 0.679565 0.043440 0.044149
0 0.404674 0.756887 0.042810 0.046789
0 0.554016 0.463783 0.043140 0.048302
0 0.781465 0.980530 0.043140 0.038941
0 0.435418 0.616111 0.042810 0.046789
0 0.718065 0.478306 0.044101 0.047176
0 0.171135 0.802164 0.043771 0.045662
0 0.133661 0.453838 0.041818 0.042248
0 0.734006 0.934688 0.046685 0.047951
0 0.276854 0.570168 0.040196 0.040347
0 0.561620 0.428967 0.038573 0.038445
0 0.657006 0.499509 0.041849 0.047915
0 0.193480 0.693547 0.038274 0.042599
0 0.277056 0.833931 0.043771 0.045662
0 0.757420 0.294953 0.046055 0.050591
0 0.285155 0.796845 0.044101 0.047176
0 0.529418 0.570111 0.036321 0.039185
0 0.240190 0.221279 0.041849 0.047915
0 0.741940 0.898359 0.046685 0.047951
0 0.170588 0.543137 0.042149 0.043761
0 0.781392 0.456171 0.039235 0.041473
0 0.201730 0.658925 0.039565 0.042987
0 0.649403 0.534325 0.037943 0.041086
0 0.119798 0.785155 0.046354 0.046437
0 0.545754 0.296793 0.037943 0.041086
0 0.337318 0.810070 0.043771 0.045662
0 0.788516 0.420405 0.044101 0.047176
0 0.518513 0.415232 0.031124 0.031967
0 0.693021 0.542567 0.032115 0.036508
0 0.492047 0.744382 0.040196 0.040347
0 0.118454 0.523469 0.046385 0.052105
0 0.704925 0.283242 0.045001 0.034715
0 0.528415 0.373042 0.034338 0.030102
0 0.523306 0.393283 0.027548 0.026652
0 0.531901 0.353927 0.033376 0.031229
0 0.427484 0.652440 0.042149 0.043761
0 0.186735 0.207666 0.044101 0.047176
0 0.201347 0.399140 0.038935 0.045627
0 0.688334 0.882281 0.044732 0.044536
0 0.381429 0.340249 0.042149 0.043761
0 0.827762 0.770069 0.043771 0.045662
0 0.499320 0.711081 0.041519 0.046402
0 0.420309 0.426908 0.043140 0.048302
0 0.751129 0.597897 0.040857 0.043374
0 0.773975 0.757970 0.043440 0.044149
0 0.375119 0.375452 0.042810 0.046789
0 0.456456 0.510327 0.044432 0.048689
0 0.772978 0.491550 0.044101 0.047176
0 0.442375 0.581102 0.044101 0.047176
0 0.345185 0.515664 0.041188 0.044887
0 0.741904 0.633839 0.044101 0.047176
0 0.427433 0.391142 0.040857 0.043374
0 0.292706 0.500731 0.042149 0.043761
0 0.261264 0.380014 0.042149 0.043761
0 0.451069 0.282911 0.044432 0.048689
0 0.359747 0.445839 0.042479 0.045275
0 0.321828 0.361082 0.042149 0.043761
0 0.634821 0.336408 0.047677 0.052493
0 0.688132 0.618518 0.047646 0.046824
0 0.253496 0.415587 0.039895 0.044500
0 0.306456 0.431470 0.042479 0.045275
0 0.695864 0.318427 0.046055 0.050591
0 0.245727 0.451159 0.042149 0.043761
0 0.217417 0.590244 0.043771 0.045662
0 0.502091 0.298213 0.043140 0.048302
0 0.231332 0.520226 0.043771 0.045662
0 0.284292 0.536110 0.041188 0.044887
0 0.238770 0.486168 0.044101 0.047176
0 0.802911 0.351338 0.045063 0.046050
0 0.643421 0.568014 0.040527 0.041861
0 0.148439 0.644556 0.042810 0.046789
0 0.818298 0.277729 0.046685 0.047951
0 0.140289 0.420343 0.043771 0.045662
0 0.088687 0.662924 0.039866 0.038833
0 0.537172 0.537760 0.041188 0.044887
0 0.841460 0.439509 0.045394 0.047564
0 0.345403 0.776206 0.045394 0.047564
0 0.560796 0.227919 0.034368 0.035770
0 0.650746 0.796011 0.041818 0.042248
0 0.162949 0.313432 0.041488 0.040734
0 0.307484 0.691448 0.042479 0.045275
0 0.081084 0.697739 0.044432 0.048689
0 0.760076 0.824767 0.039565 0.042987
0 0.072339 0.734631 0.045394 0.047564
0 0.789564 0.948125 0.042149 0.043761
0 0.382675 0.860770 0.043771 0.045662
0 0.329385 0.846400 0.043110 0.042636
0 0.352675 0.742904 0.041488 0.040734
0 0.103563 0.594807 0.041188 0.044887
0 0.231564 0.777547 0.040857 0.043374
0 0.658185 0.761951 0.046055 0.050591
0 0.566746 0.200672 0.031785 0.034995
0 0.797498 0.911795 0.042810 0.046789
0 0.804771 0.878494 0.041488 0.040734
0 0.781263 0.721447 0.042810 0.046789
0 0.389844 0.304871 0.044432 0.048689
0 0.627951 0.897235 0.045693 0.043410
0 0.126275 0.749195 0.043440 0.044149
0 0.329978 0.585295 0.041188 0.044887
0 0.096276 0.631330 0.045724 0.049077
0 0.390113 0.826711 0.043440 0.044149
0 0.665803 0.723915 0.046685 0.047951
0 0.635224 0.863934 0.043771 0.045662
0 0.178801 0.243996 0.044101 0.047176
0 0.208305 0.364131 0.036321 0.039185
0 0.396259 0.792265 0.043110 0.042636
0 0.247416 0.708110 0.036321 0.039185
0 0.875650 0.560245 0.045063 0.046050
0 0.810845 0.315009 0.042479 0.045275
0 0.232091 0.258365 0.040196 0.040347
0 0.299881 0.726264 0.042479 0.045275
0 0.890060 0.487956 0.045394 0.047564
0 0.673406 0.689099 0.044101 0.047176
0 0.882126 0.524285 0.044732 0.044536
0 0.460161 0.887235 0.043140 0.048302
0 0.725095 0.972337 0.042810 0.046789
0 0.485901 0.778828 0.041188 0.044887
0 0.620018 0.933564 0.047015 0.049464
0 0.835845 0.736205 0.042149 0.043761
0 0.156487 0.346171 0.043771 0.045662
0 0.727177 0.704420 0.039235 0.041473
0 0.468576 0.851856 0.043440 0.044149
0 0.359302 0.709409 0.041519 0.046402
0 0.812855 0.844629 0.044432 0.048689
0 0.065697 0.771348 0.047976 0.048338
0 0.224606 0.812556 0.044732 0.044536
0 0.514692 0.640693 0.043771 0.045662
0 0.897994 0.451627 0.045394 0.047564
0 0.852840 0.664691 0.041818 0.042248
0 0.575369 0.359705 0.039565 0.042987
0 0.126554 0.486383 0.041488 0.040734
0 0.644284 0.828749 0.046024 0.044924
0 0.111167 0.559992 0.043110 0.042636
0 0.239813 0.742925 0.042810 0.046789
0 0.179385 0.767543 0.041818 0.042248
0 0.291151 0.759935 0.042149 0.043761
0 0.412442 0.721314 0.042479 0.045275
0 0.794826 0.385202 0.043440 0.044149
0 0.635338 0.601878 0.042149 0.043761
0 0.867401 0.594866 0.046354 0.046437
0 0.171678 0.279761 0.045063 0.046050
0 0.545586 0.502382 0.042810 0.046789
0 0.337582 0.550480 0.041188 0.044887
0 0.477801 0.815914 0.041519 0.046402
0 0.329266 0.327023 0.039895 0.044500
0 0.224209 0.555993 0.039565 0.042987
0 0.766537 0.792029 0.040527 0.041861
0 0.742347 0.370269 0.045063 0.046050
0 0.681656 0.654478 0.045394 0.047564
0 0.695917 0.579725 0.044762 0.050204
0 0.833856 0.474325 0.042149 0.043761
0 0.194225 0.434906 0.042479 0.045275
0 0.366704 0.410831 0.041188 0.044887
0 0.293316 0.236406 0.044101 0.047176
0 0.405433 0.495024 0.039235 0.041473
0 0.412540 0.462480 0.038904 0.039959
0 0.826088 0.509898 0.042479 0.045275
0 0.470685 0.442016 0.042479 0.045275
0 0.766170 0.529023 0.041188 0.044887
0 0.419234 0.687062 0.044101 0.047176
0 0.344818 0.252658 0.039265 0.047140
0 0.859467 0.631195 0.046354 0.046437
0 0.712451 0.775002 0.044101 0.047176
0 0.397995 0.529084 0.042810 0.046789
0 0.845071 0.700263 0.042149 0.043761
0 0.758567 0.563839 0.041188 0.044887
0 0.523272 0.604557 0.042479 0.045275
0 0.507735 0.675702 0.042479 0.045275
0 0.216389 0.330266 0.041188 0.044887
0 0.820308 0.807350 0.045394 0.047564
0 0.397958 0.264564 0.043471 0.049816
0 0.681950 0.388444 0.042810 0.046789
0 0.695937 0.847465 0.042810 0.046789
0 0.619801 0.673022 0.042810 0.046789
0 0.208191 0.626186 0.040527 0.041861
0 0.391833 0.566750 0.041188 0.044887
0 0.375170 0.636751 0.044762 0.050204
0 0.178853 0.505293 0.046055 0.050591
0 0.849408 0.399960 0.044762 0.050204
0 0.672078 0.424193 0.044101 0.047176
0 0.299664 0.465722 0.040857 0.043374
0 0.442158 0.320560 0.042479 0.045275
0 0.811676 0.582186 0.042149 0.043761
0 0.721031 0.738867 0.042149 0.043761
0 0.464059 0.475512 0.043110 0.042636
0 0.283925 0.273104 0.044432 0.048689
0 0.687930 0.354756 0.038904 0.039959
0 0.665752 0.462617 0.045394 0.047564
0 0.186673 0.731020 0.044432 0.048689
0 0.735261 0.670555 0.040857 0.043374
0 0.568411 0.394715 0.041519 0.046402
0 0.796155 0.650110 0.043440 0.044149
0 0.435036 0.356327 0.040857 0.043374
0 0.478935 0.407394 0.043771 0.045662
0 0.627735 0.636694 0.045394 0.047564
0 0.314225 0.395898 0.039565 0.042987
0 0.262458 0.639236 0.039895 0.044500
0 0.270325 0.344829 0.042479 0.045275
0 0.148388 0.383257 0.044101 0.047176
0 0.322375 0.620110 0.043771 0.045662
0 0.268935 0.603277 0.042149 0.043761
0 0.789197 0.685119 0.042810 0.046789
