0 0.112270 0.685904 0.024433 0.037702
0 0.079323 0.719099 0.025317 0.034588
0 0.864462 0.667442 0.023438 0.039178
0 0.363015 0.386976 0.020896 0.033932
0 0.867281 0.625641 0.023107 0.034260
0 0.546659 0.751955 0.024654 0.040981
0 0.052734 0.757377 0.024544 0.039342
0 0.858050 0.754242 0.026755 0.039670
0 0.537982 0.872359 0.025649 0.039506
0 0.860372 0.711539 0.025649 0.039506
0 0.055442 0.717214 0.024433 0.037702
0 0.510121 0.912932 0.024544 0.039342
0 0.586461 0.716464 0.039691 0.052948
0 0.521783 0.748267 0.023328 0.037538
0 0.591985 0.460655 0.024654 0.040981
0 0.521665 0.137310 0.050083 0.044751
0 0.514267 0.868016 0.024654 0.040981
0 0.868939 0.584495 0.023107 0.034260
0 0.166881 0.232070 0.023107 0.034260
0 0.510943 0.304599 0.046766 0.044259
0 0.072852 0.467308 0.025428 0.036227
0 0.335929 0.424352 0.025539 0.037866
0 0.135542 0.688526 0.024323 0.036063
0 0.834335 0.708507 0.026865 0.041309
0 0.543509 0.790396 0.025428 0.036227
0 0.829139 0.793831 0.025760 0.041145
0 0.877285 0.460730 0.022996 0.032621
0 0.132834 0.728687 0.024433 0.037702
0 0.234268 0.408453 0.025649 0.039506
0 0.537261 0.709170 0.040575 0.049833
0 0.875129 0.500974 0.024433 0.037702
0 0.595246 0.420575 0.025428 0.036227
0 0.701000 0.773180 0.023328 0.037538
0 0.849590 0.498844 0.024654 0.040981
0 0.838922 0.665312 0.027861 0.039834
0 0.748980 0.442538 0.023107 0.034260
0 0.746658 0.485240 0.024433 0.037702
0 0.140181 0.271986 0.026755 0.039670
0 0.107677 0.348295 0.023217 0.035900
0 0.771700 0.486469 0.023217 0.035900
0 0.495965 0.526720 0.033389 0.040653
0 0.516526 0.238372 0.047098 0.049177
0 0.871039 0.545070 0.026865 0.041309
0 0.897023 0.764158 0.039470 0.049669
0 0.609674 0.380494 0.038585 0.052784
0 0.867942 0.417126 0.037258 0.049341
0 0.100437 0.430833 0.024433 0.037702
0 0.360860 0.427220 0.022112 0.035736
0 0.742847 0.740475 0.040907 0.054750
0 0.079596 0.383868 0.023217 0.035900
0 0.189988 0.278543 0.022001 0.034096
0 0.794810 0.748178 0.036042 0.047538
0 0.844505 0.582528 0.025539 0.037866
0 0.075894 0.637464 0.039470 0.049669
0 0.745279 0.696133 0.037147 0.047702
0 0.923276 0.383109 0.035821 0.044260
0 0.214864 0.282231 0.023107 0.034260
0 0.236811 0.370750 0.025428 0.036227
0 0.080977 0.346820 0.023107 0.034260
0 0.193857 0.237725 0.024433 0.037702
0 0.816918 0.412045 0.037147 0.047702
0 0.279712 0.670162 0.038917 0.057701
0 0.227859 0.660820 0.038254 0.047866
0 0.821119 0.324917 0.038475 0.051145
0 0.693869 0.688512 0.036042 0.047538
0 0.078216 0.594760 0.038143 0.046226
0 0.540190 0.665730 0.038254 0.047866
0 0.104968 0.388458 0.027972 0.041473
0 0.697019 0.641792 0.038585 0.052784
0 0.413595 0.224769 0.036042 0.047538
0 0.871258 0.376226 0.035931 0.045899
0 0.097561 0.307888 0.035931 0.045899
0 0.075118 0.425424 0.026644 0.038030
0 0.126807 0.644183 0.037368 0.050981
0 0.642403 0.681709 0.037037 0.046062
0 0.796634 0.704573 0.036152 0.049177
0 0.773247 0.446962 0.025649 0.039506
0 0.873580 0.333522 0.039470 0.049669
0 0.331675 0.677865 0.038475 0.051145
0 0.903600 0.674900 0.040907 0.054750
0 0.338637 0.384190 0.025428 0.036227
0 0.590385 0.674826 0.036926 0.044424
0 0.900505 0.720799 0.038254 0.047866
0 0.799729 0.658674 0.036373 0.052456
0 0.231231 0.619100 0.037037 0.046062
0 0.767443 0.359180 0.035710 0.042620
0 0.459312 0.316812 0.037037 0.046062
0 0.542623 0.621387 0.039580 0.051309
0 0.919795 0.426468 0.041681 0.049997
0 0.285681 0.581641 0.038475 0.051145
0 0.354114 0.345093 0.038475 0.051145
0 0.177997 0.655083 0.038475 0.051145
0 0.715866 0.354018 0.036926 0.044424
0 0.613046 0.338775 0.036926 0.044424
0 0.594641 0.628271 0.037700 0.055898
0 0.748319 0.651053 0.039691 0.052948
0 0.764513 0.402621 0.040686 0.051473
0 0.665064 0.345659 0.037037 0.046062
0 0.460970 0.275667 0.034826 0.045735
0 0.640081 0.724413 0.038364 0.049505
0 0.410168 0.267308 0.036926 0.044424
0 0.926150 0.340488 0.040907 0.054750
0 0.334107 0.633523 0.037147 0.047702
0 0.819295 0.368523 0.038143 0.046226
0 0.180317 0.612381 0.037147 0.047702
0 0.336538 0.589180 0.038475 0.051145
0 0.770206 0.318198 0.038364 0.049505
0 0.719349 0.310659 0.036152 0.049177
0 0.130179 0.602463 0.035931 0.045899
0 0.615975 0.295334 0.037479 0.052620
0 0.103806 0.223547 0.039580 0.051309
0 0.081256 0.549681 0.038475 0.051145
0 0.133716 0.558285 0.037258 0.049341
0 0.416192 0.177968 0.035268 0.052292
0 0.662079 0.389919 0.037700 0.055898
0 0.234768 0.574922 0.038585 0.052784
0 0.251958 0.328293 0.039801 0.054587
0 0.257540 0.245509 0.037258 0.049341
0 0.501603 0.443117 0.045108 0.052128
0 0.561137 0.330252 0.037037 0.046062
0 0.645000 0.634908 0.038696 0.054423
0 0.359365 0.258949 0.037258 0.049341
0 0.100877 0.266988 0.037037 0.046062
0 0.668546 0.302299 0.038475 0.051145
0 0.356933 0.303291 0.035931 0.045899
0 0.564066 0.286811 0.037147 0.047702
0 0.182860 0.566398 0.036263 0.050817
0 0.309613 0.251574 0.037258 0.049341
0 0.407238 0.310749 0.037258 0.049341
0 0.306629 0.295834 0.037037 0.046062
0 0.303700 0.339275 0.037368 0.050981
0 0.463457 0.230505 0.036263 0.050817
0 0.498618 0.487378 0.042676 0.048522
0 0.513099 0.272633 0.044002 0.035735
0 0.875687 0.923250 0.031509 0.045243
0 0.470096 0.736465 0.022996 0.032621
0 0.534499 0.915718 0.024433 0.037702
0 0.077665 0.760245 0.025539 0.037866
0 0.540192 0.831295 0.026755 0.039670
0 0.880329 0.837844 0.029077 0.041637
0 0.854734 0.795142 0.023217 0.035900
0 0.125703 0.809586 0.025428 0.036227
0 0.074238 0.802785 0.026644 0.038030
0 0.058040 0.678691 0.024544 0.039342
0 0.883314 0.801862 0.025317 0.034588
0 0.570706 0.792772 0.026534 0.036391
0 0.108953 0.726803 0.023328 0.037538
0 0.143111 0.228546 0.024212 0.034424
0 0.518688 0.785888 0.024212 0.034424
0 0.187832 0.318786 0.025428 0.036227
0 0.455885 0.359352 0.037701 0.039669
0 0.851193 0.458517 0.022112 0.035736
0 0.712605 0.394098 0.038364 0.049505
0 0.129020 0.768686 0.026534 0.036391
0 0.841741 0.623511 0.025317 0.034588
0 0.070148 0.846881 0.026865 0.041309
0 0.698347 0.812521 0.023328 0.037538
0 0.691106 0.729493 0.038254 0.047866
0 0.101215 0.808439 0.023328 0.037538
0 0.506577 0.369350 0.046434 0.039341
0 0.671814 0.808588 0.023107 0.034260
0 0.046378 0.843357 0.025539 0.037866
0 0.575460 0.755396 0.028746 0.036719
0 0.508069 0.338941 0.045218 0.037538
0 0.518294 0.203865 0.049531 0.036555
0 0.552625 0.373693 0.025760 0.041145
0 0.123880 0.853190 0.025539 0.037866
0 0.219451 0.239035 0.024323 0.036063
0 0.049307 0.799916 0.025649 0.039506
0 0.674522 0.768426 0.022996 0.032621
0 0.082584 0.679019 0.026534 0.036391
0 0.832511 0.752111 0.024544 0.039342
0 0.519897 0.171818 0.046766 0.044259
