0 0.499565 0.492581 0.043831 0.032791
0 0.244110 0.277785 0.034944 0.032473
0 0.804977 0.881091 0.036298 0.047312
0 0.297360 0.283804 0.032911 0.043904
0 0.452471 0.245758 0.032884 0.042259
0 0.342798 0.700025 0.035079 0.040695
0 0.652180 0.709454 0.036244 0.044023
0 0.140674 0.486316 0.035105 0.042339
0 0.814445 0.301490 0.033995 0.042299
0 0.607453 0.249660 0.036217 0.042378
0 0.912813 0.471178 0.036271 0.045667
0 0.861279 0.632210 0.033995 0.042299
0 0.186617 0.735566 0.035132 0.043983
0 0.139720 0.442683 0.036244 0.044023
0 0.912671 0.513949 0.035105 0.042339
0 0.650939 0.751363 0.035105 0.042339
0 0.083041 0.816586 0.035159 0.045628
0 0.183864 0.904102 0.037382 0.045707
0 0.241227 0.488270 0.036217 0.042378
0 0.348925 0.154855 0.036325 0.048955
0 0.185363 0.778296 0.033968 0.040655
0 0.555775 0.249456 0.032884 0.042259
0 0.860827 0.591886 0.031747 0.040576
0 0.555090 0.291384 0.035079 0.040695
0 0.806217 0.839182 0.035105 0.042339
0 0.913552 0.425961 0.036244 0.044023
0 0.608680 0.208574 0.037328 0.042418
0 0.602698 0.540694 0.036217 0.042378
0 0.291017 0.740125 0.037382 0.045707
0 0.805805 0.796391 0.037328 0.042418
0 0.188556 0.650906 0.036271 0.045667
0 0.394825 0.576851 0.035132 0.043983
0 0.453326 0.159414 0.036351 0.050600
0 0.604611 0.457678 0.035186 0.047272
0 0.085199 0.650497 0.036217 0.042378
0 0.191501 0.402583 0.033995 0.042299
0 0.142276 0.320206 0.032830 0.038971
0 0.140960 0.400774 0.035105 0.042339
0 0.761450 0.381854 0.035105 0.042339
0 0.659557 0.291833 0.035186 0.047272
0 0.656921 0.419243 0.031773 0.042219
0 0.552314 0.495292 0.034022 0.043943
0 0.140016 0.526600 0.035132 0.043983
0 0.185261 0.818601 0.035105 0.042339
0 0.089295 0.399748 0.036244 0.044023
0 0.401106 0.158368 0.036325 0.048955
0 0.085897 0.607746 0.036271 0.045667
0 0.345668 0.490363 0.036163 0.039090
0 0.556500 0.205061 0.035159 0.045628
0 0.294790 0.407104 0.033968 0.040655
0 0.607220 0.331913 0.036271 0.045667
0 0.139331 0.568528 0.035105 0.042339
0 0.809758 0.588413 0.034022 0.043943
0 0.081116 0.900424 0.038546 0.049035
0 0.239652 0.652735 0.036271 0.045667
0 0.293201 0.572391 0.036217 0.042378
0 0.652892 0.665882 0.036271 0.045667
0 0.348572 0.244507 0.034022 0.043943
0 0.755379 0.753456 0.035105 0.042339
0 0.657360 0.460389 0.033995 0.042299
0 0.083972 0.691583 0.035159 0.045628
0 0.812547 0.383683 0.035159 0.045628
0 0.348173 0.200894 0.036271 0.045667
0 0.754565 0.837333 0.036217 0.042378
0 0.294016 0.488514 0.032884 0.042259
0 0.606795 0.289944 0.036190 0.040735
0 0.397784 0.327706 0.035105 0.042339
0 0.806463 0.756107 0.035079 0.040695
0 0.187574 0.608918 0.035079 0.040695
0 0.088869 0.357780 0.036217 0.042378
0 0.764347 0.170547 0.036298 0.047312
0 0.190077 0.489729 0.033941 0.039011
0 0.601472 0.581780 0.035052 0.039050
0 0.856230 0.839326 0.035105 0.042339
0 0.395600 0.495441 0.036163 0.039090
0 0.760778 0.422960 0.035105 0.042339
0 0.088028 0.443300 0.035105 0.042339
0 0.753338 0.878419 0.037382 0.045707
0 0.483151 0.735404 0.020682 0.015694
0 0.481988 0.718169 0.023670 0.021882
0 0.756051 0.712350 0.035052 0.039050
0 0.243412 0.320536 0.035159 0.045628
0 0.551629 0.537220 0.033995 0.042299
0 0.910553 0.677572 0.036244 0.044023
0 0.295578 0.324871 0.035079 0.040695
0 0.763505 0.256069 0.035132 0.043983
0 0.759565 0.463225 0.033968 0.040655
0 0.803629 0.929577 0.037435 0.048995
0 0.909766 0.759805 0.037355 0.044063
0 0.658859 0.334583 0.030636 0.040536
0 0.189473 0.526725 0.031693 0.037287
0 0.186204 0.692775 0.035079 0.040695
0 0.605296 0.415750 0.037328 0.042418
0 0.344646 0.450840 0.035105 0.042339
0 0.185131 0.860549 0.036244 0.044023
0 0.865698 0.259727 0.035132 0.043983
0 0.394038 0.659084 0.036244 0.044023
0 0.814343 0.341794 0.035079 0.040695
0 0.709901 0.339701 0.037355 0.044063
0 0.084397 0.733551 0.035079 0.040695
0 0.293099 0.612695 0.035079 0.040695
0 0.810972 0.548149 0.035052 0.039050
0 0.656688 0.501495 0.033995 0.042299
0 0.864973 0.304121 0.035132 0.043983
0 0.764176 0.214962 0.035079 0.040695
0 0.239768 0.611609 0.037220 0.035841
0 0.911986 0.555877 0.035079 0.040695
0 0.755264 0.794582 0.036217 0.042378
0 0.860401 0.549918 0.034048 0.045588
0 0.912452 0.595379 0.035079 0.040695
0 0.192715 0.362319 0.032857 0.040615
0 0.815143 0.258740 0.033995 0.042299
0 0.711196 0.294504 0.036271 0.045667
0 0.815895 0.212700 0.034102 0.048876
0 0.599870 0.747889 0.037382 0.045707
0 0.609432 0.162534 0.037435 0.048995
0 0.752045 0.923617 0.036298 0.047312
0 0.243126 0.406077 0.035052 0.039050
0 0.136192 0.692630 0.035079 0.040695
0 0.604467 0.500449 0.033968 0.040655
0 0.450662 0.288469 0.035105 0.042339
0 0.293345 0.529621 0.035159 0.045628
0 0.500819 0.449851 0.042935 0.045906
0 0.605940 0.376288 0.035105 0.042339
0 0.809655 0.628717 0.035105 0.042339
0 0.862273 0.469369 0.035159 0.045628
0 0.141076 0.359648 0.033941 0.039011
0 0.341586 0.740290 0.038438 0.042458
0 0.290049 0.697315 0.036271 0.045667
0 0.135494 0.735380 0.037355 0.044063
0 0.398428 0.288244 0.035105 0.042339
0 0.557252 0.159021 0.035213 0.048916
0 0.758894 0.504331 0.036244 0.044023
0 0.757821 0.672105 0.035132 0.043983
0 0.089643 0.276368 0.037408 0.047352
0 0.811786 0.464271 0.036271 0.045667
0 0.137406 0.652366 0.036217 0.042378
0 0.345024 0.529825 0.036217 0.042378
0 0.811074 0.507845 0.034022 0.043943
0 0.346763 0.287217 0.036244 0.044023
0 0.398558 0.246296 0.033968 0.040655
0 0.396271 0.454334 0.036271 0.045667
0 0.450389 0.373188 0.035132 0.043983
0 0.553191 0.373577 0.033968 0.040655
0 0.142406 0.278257 0.034075 0.047232
0 0.137548 0.609595 0.035159 0.045628
0 0.396414 0.411563 0.035105 0.042339
0 0.294688 0.447408 0.032884 0.042259
0 0.452574 0.205454 0.033968 0.040655
0 0.188801 0.567831 0.036244 0.044023
0 0.597130 0.915604 0.037435 0.048995
0 0.347216 0.327541 0.033995 0.042299
0 0.658160 0.377335 0.032911 0.043904
0 0.395510 0.534922 0.035159 0.045628
0 0.554405 0.333312 0.032884 0.042259
0 0.758092 0.587386 0.035159 0.045628
0 0.552506 0.415505 0.036271 0.045667
0 0.807689 0.715020 0.036190 0.040735
0 0.241111 0.529396 0.035105 0.042339
0 0.399798 0.204387 0.035105 0.042339
0 0.859470 0.674921 0.036217 0.042378
0 0.393585 0.618760 0.033995 0.042299
0 0.241912 0.446341 0.036244 0.044023
0 0.295475 0.365175 0.034048 0.045588
0 0.450533 0.330417 0.034022 0.043943
0 0.191345 0.446176 0.035186 0.047272
0 0.346544 0.368648 0.033995 0.042299
0 0.242131 0.364911 0.036217 0.042378
0 0.397099 0.369635 0.035132 0.043983
0 0.291317 0.653761 0.035132 0.043983
0 0.808401 0.671448 0.036271 0.045667
0 0.240968 0.572166 0.036271 0.045667
0 0.343613 0.616149 0.036244 0.044023
0 0.345318 0.409734 0.035105 0.042339
0 0.342915 0.658899 0.036244 0.044023
0 0.343756 0.573377 0.035132 0.043983
0 0.086143 0.524672 0.036137 0.037446
0 0.909507 0.843701 0.035079 0.040695
0 0.552417 0.454988 0.030555 0.035602
0 0.147041 0.776925 0.021642 0.033641
0 0.600555 0.705961 0.035132 0.043983
0 0.503607 0.245121 0.043965 0.041013
0 0.916807 0.260733 0.037328 0.042418
0 0.598953 0.872071 0.035025 0.037406
0 0.908279 0.884788 0.036190 0.040735
0 0.298703 0.201592 0.037408 0.047352
0 0.392668 0.742941 0.034022 0.043943
0 0.392037 0.781581 0.033941 0.039011
0 0.916664 0.303503 0.036217 0.042378
0 0.391365 0.822687 0.029552 0.042140
0 0.599767 0.788193 0.036137 0.037446
0 0.146679 0.901125 0.025001 0.035404
0 0.763389 0.297195 0.033968 0.040655
0 0.120589 0.899369 0.023917 0.037008
0 0.393895 0.701854 0.035132 0.043983
0 0.503544 0.180955 0.041690 0.037645
0 0.856086 0.882097 0.036271 0.045667
0 0.504122 0.145603 0.043884 0.036080
0 0.502515 0.277986 0.044914 0.031187
0 0.120706 0.858243 0.022699 0.030392
0 0.503590 0.212215 0.044914 0.031187
0 0.500317 0.344538 0.044941 0.032831
0 0.122590 0.776872 0.021615 0.031996
0 0.499251 0.375759 0.043938 0.039369
0 0.205076 0.319986 0.022753 0.033681
0 0.146796 0.859999 0.023944 0.038653
0 0.761540 0.342372 0.033887 0.035722
0 0.858799 0.716027 0.036217 0.042378
0 0.298913 0.154710 0.036325 0.048955
0 0.857027 0.926551 0.037382 0.045707
0 0.915992 0.344610 0.038438 0.042458
0 0.653665 0.584470 0.032803 0.037326
0 0.146370 0.818031 0.023917 0.037008
0 0.601781 0.664874 0.036137 0.037446
0 0.179501 0.320716 0.022753 0.033681
0 0.863603 0.387978 0.035079 0.040695
0 0.601925 0.622104 0.035186 0.047272
0 0.120808 0.817938 0.021669 0.035284
0 0.238940 0.696308 0.036244 0.044023
0 0.865854 0.216134 0.036271 0.045667
0 0.297463 0.243499 0.033887 0.035722
0 0.082370 0.857693 0.035052 0.039050
0 0.758791 0.544636 0.037328 0.042418
0 0.650152 0.833596 0.036217 0.042378
0 0.909094 0.800911 0.037355 0.044063
0 0.650281 0.791647 0.035079 0.040695
0 0.550403 0.578306 0.030663 0.042179
0 0.649480 0.874701 0.036217 0.042378
0 0.087925 0.483605 0.036244 0.044023
0 0.656003 0.543424 0.034075 0.047232
0 0.089528 0.317495 0.036190 0.040735
0 0.910437 0.718698 0.037301 0.040775
0 0.864261 0.347694 0.035159 0.045628
0 0.856888 0.799042 0.035079 0.040695
0 0.653048 0.622288 0.032857 0.040615
0 0.918087 0.216358 0.036271 0.045667
0 0.757407 0.629315 0.032803 0.037326
0 0.204650 0.278017 0.020612 0.038534
0 0.862183 0.508851 0.033941 0.039011
0 0.911821 0.634019 0.035105 0.042339
0 0.908666 0.929223 0.038573 0.050679
0 0.914779 0.384875 0.035079 0.040695
0 0.482654 0.749436 0.022420 0.013292
0 0.649337 0.917473 0.037435 0.048995
0 0.084295 0.773856 0.033995 0.042299
0 0.180781 0.276341 0.021696 0.036929
0 0.086609 0.564173 0.033968 0.040655
0 0.811902 0.423146 0.035052 0.039050
0 0.862958 0.427441 0.035079 0.040695
0 0.500854 0.311654 0.042827 0.039329
0 0.858656 0.758798 0.035159 0.045628
0 0.598540 0.829280 0.037408 0.047352
