0 0.271025 0.977390 0.043983 0.045221
0 0.625317 0.638928 0.043383 0.047879
0 0.480467 0.874661 0.043983 0.045303
0 0.833394 0.798530 0.042350 0.043419
0 0.371617 0.908210 0.045960 0.048673
0 0.780236 0.813321 0.042350 0.043419
0 0.621191 0.865526 0.041662 0.040446
0 0.455565 0.770071 0.042350 0.043419
0 0.338457 0.767948 0.043638 0.043816
0 0.901043 0.592962 0.047591 0.050556
0 0.301936 0.362792 0.040806 0.047085
0 0.784063 0.588410 0.040719 0.041536
0 0.124110 0.611076 0.037798 0.039255
0 0.595644 0.761134 0.043383 0.047879
0 0.816407 0.728126 0.043294 0.042330
0 0.499306 0.717577 0.040030 0.038564
0 0.375915 0.682357 0.039430 0.041139
0 0.763291 0.746090 0.041318 0.038961
0 0.870075 0.459190 0.047591 0.050556
0 0.356261 0.838895 0.043638 0.043816
0 0.739333 0.639617 0.042950 0.040843
0 0.838854 0.574707 0.043983 0.045303
0 0.212963 0.732580 0.043983 0.045303
0 0.363831 0.871596 0.043638 0.043816
0 0.429519 0.234295 0.033589 0.036578
0 0.506698 0.376913 0.046304 0.050159
0 0.605190 0.796410 0.039430 0.041139
0 0.572375 0.657635 0.041063 0.043022
0 0.115852 0.575403 0.045015 0.049762
0 0.673190 0.848703 0.047247 0.049070
0 0.205393 0.699880 0.043294 0.042330
0 0.772150 0.778392 0.042695 0.044906
0 0.516294 0.787980 0.042350 0.043419
0 0.507691 0.750821 0.043039 0.046392
0 0.264693 0.452297 0.042007 0.041933
0 0.693311 0.202356 0.045359 0.051248
0 0.548289 0.553590 0.045703 0.052734
0 0.330715 0.734505 0.043983 0.045303
0 0.756194 0.712448 0.044327 0.046789
0 0.772876 0.295671 0.043983 0.045303
0 0.851238 0.383784 0.046903 0.047583
0 0.281382 0.524386 0.042350 0.043419
0 0.557835 0.588866 0.040374 0.040050
0 0.842980 0.348111 0.046903 0.047583
0 0.830123 0.539977 0.045615 0.047186
0 0.306456 0.629717 0.045015 0.049762
0 0.141099 0.681479 0.045271 0.045700
0 0.702735 0.728924 0.043039 0.046392
0 0.650092 0.745946 0.045271 0.045700
0 0.415307 0.596168 0.042350 0.043419
0 0.587558 0.726205 0.042350 0.043419
0 0.418450 0.857150 0.044671 0.048276
0 0.463779 0.802573 0.041063 0.043022
0 0.823848 0.763254 0.043039 0.046392
0 0.878505 0.495606 0.049136 0.046891
0 0.657705 0.781817 0.043983 0.045303
0 0.846940 0.609637 0.046903 0.047583
0 0.393720 0.753304 0.042007 0.041933
0 0.780618 0.329114 0.044327 0.046789
0 0.792493 0.624825 0.045015 0.049762
0 0.488897 0.911076 0.044327 0.046789
0 0.289812 0.560801 0.039430 0.041139
0 0.320257 0.435968 0.042350 0.043419
0 0.091078 0.468385 0.043638 0.043816
0 0.416341 0.368136 0.039086 0.039652
0 0.564461 0.623449 0.041751 0.045995
0 0.723549 0.574417 0.039774 0.042625
0 0.834250 0.313380 0.045271 0.045700
0 0.373244 0.420434 0.042695 0.044906
0 0.756061 0.226010 0.045271 0.045700
0 0.747591 0.675289 0.044327 0.046789
0 0.180318 0.594548 0.042007 0.041933
0 0.297554 0.594243 0.042350 0.043419
0 0.710993 0.764597 0.043039 0.046392
0 0.322457 0.698833 0.044671 0.048276
0 0.809304 0.205619 0.046304 0.050159
0 0.138855 0.415443 0.043039 0.046392
0 0.657656 0.289780 0.040118 0.044112
0 0.719074 0.310661 0.042695 0.044906
0 0.384818 0.717830 0.042095 0.047482
0 0.482490 0.647916 0.042695 0.044906
0 0.641017 0.709729 0.045015 0.049762
0 0.196190 0.666091 0.047935 0.052042
0 0.409548 0.821676 0.045271 0.045700
0 0.532288 0.484475 0.038142 0.040742
0 0.788877 0.364786 0.043638 0.043816
0 0.147758 0.450916 0.043638 0.043816
0 0.710859 0.278160 0.043294 0.042330
0 0.439393 0.700214 0.043039 0.046392
0 0.465329 0.576770 0.040719 0.041536
0 0.616931 0.605684 0.040374 0.040050
0 0.859840 0.420942 0.046903 0.047583
0 0.314542 0.664647 0.043294 0.042330
0 0.150817 0.717497 0.046304 0.050159
0 0.702601 0.242487 0.044671 0.048276
0 0.490748 0.683589 0.043383 0.047879
0 0.666430 0.327682 0.043727 0.049365
0 0.335829 0.509197 0.042350 0.043419
0 0.632759 0.674056 0.043638 0.043816
0 0.188232 0.628733 0.045271 0.045700
0 0.432685 0.438738 0.042695 0.044906
0 0.524552 0.823652 0.043039 0.046392
0 0.107378 0.535816 0.045960 0.048673
0 0.539858 0.517175 0.040719 0.041536
0 0.776665 0.556453 0.043638 0.043816
0 0.807977 0.691711 0.045015 0.049762
0 0.131852 0.644518 0.046559 0.046097
0 0.311999 0.400296 0.040462 0.045598
0 0.695292 0.693797 0.043983 0.045303
0 0.736533 0.380122 0.042007 0.041933
0 0.185644 0.361212 0.046304 0.050159
0 0.473670 0.839335 0.044327 0.046789
0 0.686735 0.659809 0.042007 0.041933
0 0.450489 0.509686 0.042007 0.041933
0 0.390232 0.490837 0.043638 0.043816
0 0.407911 0.331721 0.040806 0.047085
0 0.422877 0.628868 0.042350 0.043419
0 0.747586 0.186424 0.048280 0.053529
0 0.822037 0.505047 0.045271 0.045700
0 0.368646 0.647971 0.042095 0.047482
0 0.682947 0.399027 0.042350 0.043419
0 0.365630 0.384563 0.042095 0.047482
0 0.397674 0.525964 0.040118 0.044112
0 0.581104 0.692366 0.042695 0.044906
0 0.629316 0.414760 0.043983 0.045303
0 0.448295 0.735688 0.044327 0.046789
0 0.678477 0.624137 0.045960 0.048673
0 0.457243 0.541841 0.043638 0.043816
0 0.763847 0.262625 0.044327 0.046789
0 0.769394 0.522068 0.043039 0.046392
0 0.227323 0.544231 0.044327 0.046789
0 0.448038 0.311312 0.029583 0.024439
0 0.438186 0.272628 0.039147 0.041465
0 0.446038 0.295368 0.029182 0.025033
0 0.575857 0.431237 0.045960 0.048673
0 0.356856 0.346661 0.045015 0.049762
0 0.406576 0.561438 0.041407 0.044509
0 0.272952 0.487970 0.043383 0.047879
0 0.645488 0.484619 0.043983 0.045303
0 0.752406 0.451666 0.044671 0.048276
0 0.591729 0.502780 0.043983 0.045303
0 0.813263 0.467145 0.046992 0.053132
0 0.727976 0.346135 0.043983 0.045303
0 0.192658 0.400453 0.044327 0.046789
0 0.490826 0.305370 0.045015 0.049762
0 0.613144 0.344902 0.043983 0.045303
0 0.690861 0.433213 0.043039 0.046392
0 0.604713 0.308486 0.044327 0.046789
0 0.246373 0.379120 0.046992 0.053132
0 0.441759 0.474956 0.046903 0.047583
0 0.620413 0.379287 0.045271 0.045700
0 0.707849 0.503616 0.043983 0.045303
0 0.551427 0.325706 0.039430 0.041139
0 0.515944 0.413873 0.041063 0.043022
0 0.424427 0.403066 0.043383 0.047879
0 0.430663 0.665483 0.043983 0.045303
0 0.567299 0.397249 0.041407 0.044509
0 0.584287 0.467652 0.043039 0.046392
0 0.328043 0.472583 0.042095 0.047482
0 0.210635 0.472143 0.047247 0.049070
0 0.637230 0.448946 0.043983 0.045303
0 0.699291 0.469629 0.042695 0.044906
0 0.662304 0.554278 0.042695 0.044906
0 0.653746 0.520291 0.041407 0.044509
0 0.472203 0.418676 0.036996 0.051293
0 0.461718 0.376365 0.040585 0.051295
0 0.670563 0.589951 0.042695 0.044906
0 0.760837 0.488081 0.043638 0.043816
0 0.742988 0.413962 0.043039 0.046392
0 0.543640 0.289092 0.044327 0.046789
0 0.473887 0.610758 0.043383 0.047879
0 0.081360 0.432367 0.047247 0.049070
0 0.382318 0.456651 0.044327 0.046789
0 0.164102 0.521518 0.045359 0.051248
0 0.256136 0.418310 0.043983 0.045303
0 0.558052 0.360290 0.042695 0.044906
0 0.596111 0.271327 0.042439 0.048968
0 0.715763 0.537802 0.043983 0.045303
0 0.131069 0.378829 0.045359 0.051248
0 0.351485 0.576825 0.042695 0.044906
0 0.609361 0.572985 0.043638 0.043816
0 0.343743 0.543383 0.042350 0.043419
0 0.201389 0.435184 0.042695 0.044906
0 0.219065 0.508559 0.044327 0.046789
0 0.676493 0.365187 0.042695 0.044906
0 0.600287 0.536768 0.045960 0.048673
0 0.818078 0.243522 0.045271 0.045700
0 0.523214 0.448258 0.043727 0.049365
0 0.796962 0.399715 0.045359 0.051248
0 0.718435 0.799724 0.043983 0.045303
0 0.433807 0.926464 0.045615 0.047186
0 0.731119 0.607116 0.042350 0.043419
0 0.531650 0.857293 0.037454 0.037769
0 0.199462 0.924644 0.044671 0.048276
0 0.229778 0.802239 0.043383 0.047879
0 0.360216 0.611556 0.041063 0.043022
0 0.208064 0.961803 0.047247 0.049070
0 0.166817 0.786612 0.042695 0.044906
0 0.174731 0.820798 0.045271 0.045700
0 0.664632 0.814715 0.042007 0.041933
0 0.826336 0.279194 0.042695 0.044906
0 0.424442 0.206400 0.032557 0.032119
0 0.726821 0.832969 0.041662 0.040446
0 0.401462 0.786746 0.042350 0.043419
0 0.215678 0.987412 0.045271 0.025176
0 0.190860 0.887486 0.046559 0.046097
0 0.426708 0.892822 0.043983 0.045303
0 0.245651 0.873783 0.044671 0.048276
0 0.159720 0.752971 0.043638 0.043816
0 0.099464 0.501630 0.042007 0.041933
0 0.347359 0.803421 0.045615 0.047186
0 0.892441 0.555802 0.044327 0.046789
0 0.262723 0.938587 0.045960 0.048673
0 0.805177 0.432217 0.039254 0.030042
0 0.220704 0.766023 0.043638 0.043816
0 0.498912 0.340299 0.040542 0.030439
0 0.173864 0.560708 0.043039 0.046392
0 0.613277 0.831339 0.043727 0.049365
0 0.539864 0.889795 0.040806 0.047085
0 0.237692 0.836426 0.042007 0.041933
0 0.800407 0.659011 0.040886 0.031925
0 0.893288 0.523694 0.042950 0.040843
0 0.183761 0.853844 0.041662 0.040446
0 0.154855 0.484558 0.039430 0.041139
0 0.649271 0.256536 0.041574 0.034898
0 0.254036 0.907028 0.042174 0.032322
