0 0.268246 0.303639 0.041083 0.050085
0 0.469044 0.246873 0.047479 0.050572
0 0.813106 0.061432 0.039419 0.053684
0 0.456555 0.145318 0.049223 0.047618
0 0.460335 0.181480 0.048752 0.052320
0 0.819214 0.105946 0.038205 0.052420
0 0.483537 0.376870 0.047949 0.045870
0 0.518106 0.756894 0.021883 0.020046
0 0.516364 0.741273 0.022205 0.021614
0 0.514885 0.727765 0.021239 0.016913
0 0.479550 0.347666 0.047686 0.043244
0 0.323127 0.757961 0.035819 0.050216
0 0.211355 0.704087 0.037804 0.049196
0 0.596456 0.426350 0.038495 0.046268
0 0.562193 0.563980 0.039990 0.049789
0 0.718084 0.137527 0.039789 0.048176
0 0.474683 0.718545 0.041284 0.051697
0 0.196341 0.578981 0.039499 0.054330
0 0.281760 0.856681 0.041886 0.056534
0 0.653686 0.455005 0.035819 0.050216
0 0.298865 0.549523 0.038696 0.047880
0 0.273566 0.346367 0.039097 0.051105
0 0.172581 0.374574 0.039990 0.049789
0 0.754570 0.425991 0.036912 0.050512
0 0.151092 0.632918 0.039097 0.051105
0 0.644238 0.370061 0.038205 0.052420
0 0.633206 0.290545 0.037202 0.044359
0 0.423383 0.306587 0.034526 0.048308
0 0.795694 0.329837 0.036912 0.050512
0 0.494322 0.449868 0.046056 0.056107
0 0.565780 0.175480 0.038808 0.057257
0 0.105502 0.257748 0.041886 0.056534
0 0.379811 0.786765 0.037804 0.049196
0 0.389566 0.443263 0.036510 0.047287
0 0.292954 0.511123 0.036510 0.047287
0 0.648811 0.411324 0.036912 0.050512
0 0.181628 0.456295 0.040191 0.051401
0 0.703755 0.439766 0.038808 0.057257
0 0.480149 0.757899 0.039990 0.049789
0 0.284755 0.431673 0.038005 0.050808
0 0.694262 0.359001 0.038696 0.047880
0 0.329240 0.797974 0.037603 0.047583
0 0.116099 0.347383 0.040191 0.051401
0 0.765804 0.507119 0.039298 0.052717
0 0.433422 0.387205 0.038897 0.049493
0 0.463941 0.632284 0.039298 0.052717
0 0.220849 0.784854 0.036711 0.048900
0 0.266946 0.733188 0.038406 0.054033
0 0.230988 0.866278 0.039097 0.051105
0 0.175799 0.840402 0.038897 0.049493
0 0.160338 0.716250 0.038897 0.049493
0 0.145871 0.590996 0.041284 0.051697
0 0.779932 0.203268 0.037514 0.055349
0 0.110332 0.305609 0.041284 0.051697
0 0.206883 0.663631 0.038897 0.049493
0 0.428486 0.769404 0.037603 0.047583
0 0.552500 0.481602 0.032340 0.047715
0 0.302893 0.590934 0.038897 0.049493
0 0.263025 0.261717 0.041485 0.053309
0 0.666565 0.145660 0.040101 0.059167
0 0.729216 0.217849 0.040593 0.054626
0 0.484968 0.796596 0.037804 0.049196
0 0.328956 0.373854 0.036310 0.045675
0 0.313635 0.677195 0.036912 0.050512
0 0.378178 0.356345 0.040994 0.057850
0 0.323635 0.331127 0.039499 0.054330
0 0.288481 0.470665 0.037603 0.047583
0 0.698980 0.396890 0.036310 0.045675
0 0.831696 0.192569 0.039298 0.052717
0 0.121620 0.391722 0.040392 0.053013
0 0.277432 0.812852 0.036711 0.048900
0 0.892793 0.769382 0.026073 0.039784
0 0.498449 0.492086 0.046234 0.040575
0 0.882553 0.687152 0.026073 0.039784
0 0.443645 0.891136 0.038205 0.052420
0 0.923249 0.805296 0.026273 0.041397
0 0.398268 0.526744 0.038205 0.052420
0 0.793690 0.712908 0.034526 0.048308
0 0.603901 0.894365 0.038897 0.049493
0 0.951113 0.716070 0.038696 0.047880
0 0.382689 0.823487 0.038294 0.044656
0 0.782658 0.633392 0.039097 0.051105
0 0.617382 0.589855 0.038005 0.050808
0 0.501031 0.925583 0.042577 0.053606
0 0.837462 0.234343 0.039589 0.046564
0 0.439171 0.850680 0.034526 0.048308
0 0.930131 0.547579 0.038495 0.046268
0 0.739657 0.301691 0.040593 0.054626
0 0.893198 0.260069 0.039097 0.051105
0 0.597933 0.850979 0.040392 0.053013
0 0.497249 0.881606 0.041485 0.053309
0 0.180172 0.880053 0.038005 0.050808
0 0.342760 0.920151 0.041485 0.053309
0 0.221758 0.361243 0.037402 0.045971
0 0.746070 0.344123 0.038205 0.052420
0 0.476263 0.313921 0.047639 0.051863
0 0.246248 0.980678 0.041685 0.038645
0 0.623049 0.630822 0.039298 0.052717
0 0.136033 0.511991 0.041284 0.051697
0 0.749997 0.384728 0.035217 0.045379
0 0.801761 0.374029 0.038607 0.055645
0 0.367692 0.276681 0.038093 0.043043
0 0.399198 0.951522 0.042979 0.056831
0 0.920136 0.462782 0.038005 0.050808
0 0.578502 0.690402 0.038696 0.047880
0 0.583421 0.729905 0.038897 0.049493
0 0.338833 0.879546 0.038897 0.049493
0 0.403633 0.565293 0.035908 0.042450
0 0.166368 0.333756 0.039789 0.048176
0 0.875243 0.524121 0.041083 0.050085
0 0.490634 0.837562 0.036912 0.050512
0 0.941319 0.632886 0.039990 0.049789
0 0.887432 0.218297 0.040191 0.051401
0 0.185192 0.920361 0.040191 0.051401
0 0.856649 0.397486 0.039990 0.049789
0 0.924910 0.505657 0.039298 0.052717
0 0.867981 0.479421 0.042979 0.056831
0 0.898217 0.300379 0.039097 0.051105
0 0.772217 0.549549 0.039097 0.051105
0 0.246064 0.565503 0.037603 0.047583
0 0.333713 0.838431 0.039097 0.051105
0 0.669046 0.578350 0.037001 0.042746
0 0.412786 0.216954 0.038005 0.050808
0 0.573381 0.649286 0.039298 0.052717
0 0.449530 0.512015 0.038005 0.050808
0 0.945892 0.674149 0.039499 0.054330
0 0.634683 0.715175 0.041284 0.051697
0 0.177055 0.415032 0.038897 0.049493
0 0.216375 0.744396 0.033433 0.048012
0 0.679932 0.661239 0.039499 0.054330
0 0.734537 0.260576 0.037804 0.049196
0 0.419640 0.689296 0.038205 0.052420
0 0.165257 0.755753 0.036510 0.047287
0 0.393677 0.907182 0.040191 0.051401
0 0.207480 0.228438 0.040392 0.053013
0 0.171025 0.797526 0.038406 0.054033
0 0.903985 0.342152 0.040191 0.051401
0 0.712562 0.093187 0.040793 0.056238
0 0.723348 0.175270 0.038495 0.046268
0 0.677708 0.235145 0.038294 0.044656
0 0.935351 0.589500 0.041886 0.056534
0 0.216738 0.320935 0.038205 0.052420
0 0.612362 0.549547 0.037603 0.047583
0 0.546388 0.441589 0.029753 0.043898
0 0.520040 0.234549 0.037202 0.044359
0 0.629563 0.674060 0.041485 0.053309
0 0.674612 0.618512 0.039298 0.052717
0 0.797717 0.754319 0.039097 0.051105
0 0.277794 0.389390 0.039298 0.052717
0 0.871767 0.605070 0.027567 0.043305
0 0.802491 0.797195 0.040392 0.053013
0 0.700658 0.823132 0.037804 0.049196
0 0.870937 0.181098 0.027366 0.041693
0 0.465554 0.214317 0.049513 0.041464
0 0.895928 0.812702 0.028860 0.045213
0 0.917928 0.762568 0.026073 0.039784
0 0.891982 0.558754 0.024378 0.034651
0 0.059861 0.317625 0.039499 0.054330
0 0.472794 0.281526 0.047527 0.042485
0 0.862862 0.438306 0.042376 0.051994
0 0.887127 0.728415 0.026965 0.038468
0 0.705533 0.866815 0.041886 0.056534
0 0.807812 0.839922 0.039789 0.048176
0 0.911716 0.721750 0.026675 0.044621
0 0.685499 0.701400 0.037202 0.044359
0 0.897102 0.599868 0.025783 0.045938
0 0.900929 0.639667 0.024779 0.037876
0 0.866948 0.566373 0.027165 0.040080
0 0.695639 0.782824 0.035217 0.045379
0 0.372756 0.312810 0.037603 0.047583
0 0.241272 0.944329 0.042577 0.053606
0 0.655464 0.882054 0.043268 0.050678
0 0.955931 0.754767 0.039097 0.051105
0 0.914670 0.423428 0.036711 0.048900
0 0.788324 0.674360 0.037804 0.049196
0 0.907688 0.680339 0.026474 0.043009
0 0.131013 0.471682 0.038696 0.047880
0 0.212209 0.275493 0.040793 0.056238
0 0.909105 0.383266 0.037402 0.045971
0 0.190312 0.961476 0.037804 0.049196
0 0.961353 0.798300 0.041685 0.054922
0 0.593259 0.808910 0.038897 0.049493
0 0.319263 0.291475 0.037804 0.049196
0 0.847056 0.315914 0.038294 0.044656
0 0.650589 0.838372 0.042577 0.053606
0 0.065037 0.363724 0.040793 0.056238
0 0.433405 0.808907 0.037804 0.049196
0 0.876340 0.646333 0.028459 0.041989
0 0.191667 0.536912 0.037603 0.047583
0 0.777438 0.591471 0.039097 0.051105
0 0.449411 0.932910 0.041485 0.053309
0 0.588240 0.768601 0.041083 0.050085
0 0.196178 0.988446 0.039499 0.023109
0 0.236554 0.906438 0.039789 0.048176
0 0.761330 0.466661 0.033031 0.044787
0 0.453601 0.549247 0.036109 0.044063
0 0.053492 0.271014 0.040994 0.057850
0 0.319201 0.717356 0.035418 0.046991
0 0.689972 0.741857 0.039499 0.054330
0 0.186748 0.497409 0.037804 0.049196
0 0.348526 0.961924 0.039990 0.049789
0 0.852521 0.355269 0.039990 0.049789
0 0.140305 0.550835 0.037603 0.047583
0 0.127732 0.431736 0.042176 0.050381
0 0.639056 0.754826 0.039990 0.049789
0 0.841836 0.273993 0.039097 0.051105
0 0.272066 0.774303 0.033031 0.044787
0 0.824635 0.149480 0.038205 0.052420
0 0.643629 0.796089 0.041284 0.051697
0 0.557620 0.522717 0.039097 0.051105
0 0.394240 0.485333 0.035819 0.050216
0 0.786546 0.247311 0.039097 0.051105
0 0.658706 0.495314 0.038406 0.054033
0 0.237665 0.484441 0.038696 0.047880
0 0.459613 0.588454 0.039298 0.052717
0 0.256456 0.213495 0.040793 0.056238
0 0.241145 0.526000 0.039990 0.049789
0 0.423667 0.730707 0.035418 0.046991
0 0.226314 0.824208 0.038005 0.050808
0 0.683074 0.273694 0.038005 0.050808
0 0.443863 0.471047 0.039298 0.052717
0 0.792313 0.289085 0.040191 0.051401
0 0.308660 0.632707 0.040392 0.053013
0 0.428302 0.346090 0.039097 0.051105
0 0.570957 0.221580 0.041485 0.053309
0 0.567514 0.606707 0.040593 0.054626
0 0.671942 0.193372 0.042778 0.055219
0 0.353118 0.581486 0.037603 0.047583
0 0.358684 0.621647 0.038696 0.047880
0 0.339296 0.456890 0.038696 0.047880
0 0.156412 0.675646 0.041485 0.053309
0 0.201763 0.622516 0.039097 0.051105
0 0.261625 0.690460 0.035618 0.048604
0 0.664027 0.538042 0.038205 0.052420
0 0.343123 0.496689 0.038897 0.049493
0 0.638025 0.329241 0.038005 0.050808
0 0.159854 0.290519 0.040994 0.057850
0 0.388356 0.864455 0.040392 0.053013
0 0.368823 0.703071 0.041083 0.050085
0 0.607543 0.510850 0.037603 0.047583
0 0.232745 0.444938 0.038897 0.049493
0 0.374591 0.744844 0.040392 0.053013
0 0.256405 0.648540 0.040392 0.053013
0 0.615850 0.160240 0.040994 0.057850
0 0.251184 0.606618 0.040392 0.053013
0 0.226878 0.402359 0.040191 0.051401
0 0.689142 0.317885 0.039298 0.052717
0 0.384446 0.402149 0.039298 0.052717
0 0.469262 0.675010 0.041685 0.054922
0 0.413872 0.647523 0.039298 0.052717
0 0.348890 0.538462 0.038205 0.052420
0 0.536794 0.360017 0.039789 0.048176
0 0.591537 0.386847 0.036912 0.050512
0 0.622118 0.206045 0.039298 0.052717
0 0.586417 0.345731 0.034526 0.048308
0 0.334076 0.414969 0.039499 0.054330
0 0.408006 0.604944 0.038005 0.050808
0 0.514418 0.189404 0.041396 0.061075
0 0.362170 0.232341 0.042488 0.061371
0 0.313641 0.246330 0.039009 0.058870
0 0.364696 0.660853 0.041485 0.053309
0 0.581297 0.304616 0.039097 0.051105
0 0.418408 0.262099 0.042778 0.055219
0 0.602669 0.467168 0.039900 0.057554
0 0.438096 0.429274 0.039990 0.049789
0 0.530682 0.320005 0.040191 0.051401
0 0.576278 0.264308 0.038696 0.047880
0 0.541368 0.401279 0.039298 0.052717
0 0.524614 0.275813 0.039700 0.055942
0 0.627640 0.250385 0.039499 0.054330
