0 0.902017 0.760875 0.039357 0.051687
0 0.498600 0.493713 0.043078 0.048116
0 0.420424 0.305523 0.039144 0.050075
0 0.415081 0.265239 0.041325 0.050707
0 0.825370 0.571408 0.038481 0.052982
0 0.758318 0.462824 0.041539 0.052319
0 0.402675 0.175965 0.040876 0.055225
0 0.780663 0.627025 0.040449 0.052003
0 0.409525 0.223343 0.041753 0.053930
0 0.742514 0.339395 0.040662 0.053614
0 0.141497 0.558666 0.039144 0.050075
0 0.786006 0.667310 0.040449 0.052003
0 0.725074 0.216441 0.040876 0.055225
0 0.802587 0.408169 0.040449 0.052003
0 0.539268 0.399105 0.041966 0.055541
0 0.426527 0.347261 0.040662 0.053614
0 0.662910 0.533129 0.040235 0.050391
0 0.338203 0.458183 0.040235 0.050391
0 0.359261 0.237066 0.040212 0.058132
0 0.875965 0.555915 0.037177 0.051055
0 0.865172 0.474541 0.039571 0.053298
0 0.896674 0.720591 0.039357 0.051687
0 0.332860 0.417898 0.040235 0.050391
0 0.181406 0.462606 0.040449 0.052003
0 0.375155 0.745324 0.040662 0.053614
0 0.369384 0.701817 0.040662 0.053614
0 0.309981 0.249667 0.041966 0.055541
0 0.629772 0.287552 0.039357 0.051687
0 0.886319 0.638253 0.040449 0.052003
0 0.442993 0.467151 0.041966 0.055541
0 0.781985 0.244298 0.040235 0.050391
0 0.641431 0.371185 0.040876 0.055225
0 0.431431 0.388509 0.036750 0.047832
0 0.788087 0.286036 0.039571 0.053298
0 0.835723 0.653745 0.039571 0.053298
0 0.744685 0.761270 0.039357 0.051687
0 0.763768 0.503914 0.036963 0.049444
0 0.137138 0.517260 0.039357 0.051687
0 0.795601 0.748195 0.040449 0.052003
0 0.827237 0.188521 0.040212 0.058132
0 0.201824 0.236655 0.042180 0.057153
0 0.739235 0.720180 0.039144 0.050075
0 0.793644 0.327931 0.036963 0.049444
0 0.448219 0.510816 0.040449 0.052003
0 0.774999 0.584325 0.038481 0.052982
0 0.315858 0.293980 0.042180 0.057153
0 0.327517 0.377614 0.042416 0.051023
0 0.673489 0.612892 0.040449 0.052003
0 0.511046 0.190589 0.040662 0.053614
0 0.841719 0.694677 0.040021 0.048780
0 0.656369 0.492355 0.040449 0.052003
0 0.732373 0.258669 0.036963 0.049444
0 0.797789 0.367726 0.038930 0.048464
0 0.371027 0.321505 0.038054 0.049760
0 0.191322 0.545907 0.040662 0.053614
0 0.307889 0.635129 0.041539 0.052319
0 0.169737 0.383158 0.040235 0.050391
0 0.185221 0.504169 0.041325 0.050707
0 0.808368 0.447490 0.038716 0.046853
0 0.611448 0.546362 0.038054 0.049760
0 0.231990 0.451300 0.040876 0.055225
0 0.281612 0.432743 0.040662 0.053614
0 0.051353 0.280240 0.039571 0.053298
0 0.517790 0.237161 0.039999 0.056521
0 0.814149 0.486810 0.038267 0.051371
0 0.483201 0.377613 0.049215 0.046950
0 0.478543 0.346752 0.047119 0.039060
0 0.651465 0.451107 0.039144 0.050075
0 0.723527 0.601744 0.037177 0.051055
0 0.209443 0.281299 0.038481 0.052982
0 0.108692 0.311320 0.039357 0.051687
0 0.572851 0.263881 0.040449 0.052003
0 0.387376 0.444776 0.038267 0.051371
0 0.297534 0.552791 0.040449 0.052003
0 0.790258 0.707910 0.037840 0.048148
0 0.776214 0.200791 0.041090 0.056837
0 0.595633 0.427120 0.038054 0.049760
0 0.095155 0.614759 0.040449 0.052003
0 0.126238 0.435080 0.039357 0.051687
0 0.162217 0.719157 0.043057 0.055857
0 0.165270 0.340946 0.040662 0.053614
0 0.392380 0.866666 0.040876 0.055225
0 0.102601 0.265396 0.042180 0.057153
0 0.287821 0.475286 0.041539 0.052319
0 0.891769 0.679343 0.040235 0.050391
0 0.819599 0.527901 0.038054 0.049760
0 0.685379 0.314113 0.041753 0.053930
0 0.331217 0.798209 0.040662 0.053614
0 0.830712 0.611691 0.037626 0.046537
0 0.266022 0.310926 0.039357 0.051687
0 0.584840 0.345745 0.040449 0.052003
0 0.534695 0.356088 0.039144 0.050075
0 0.701728 0.437384 0.038930 0.048464
0 0.854486 0.393972 0.039144 0.050075
0 0.747087 0.382413 0.038267 0.051371
0 0.682859 0.696351 0.039144 0.050075
0 0.225354 0.405533 0.043933 0.054562
0 0.069861 0.411252 0.039357 0.051687
0 0.259931 0.265002 0.044361 0.057784
0 0.877725 0.172224 0.040449 0.052003
0 0.353686 0.579194 0.039571 0.053298
0 0.091340 0.573195 0.039144 0.050075
0 0.271365 0.351210 0.036750 0.047832
0 0.688854 0.737283 0.040449 0.052003
0 0.486378 0.794260 0.039357 0.051687
0 0.343214 0.500236 0.039571 0.053298
0 0.063877 0.366133 0.039785 0.054909
0 0.359243 0.621090 0.039144 0.050075
0 0.589746 0.386993 0.039144 0.050075
0 0.717319 0.559201 0.040662 0.053614
0 0.625092 0.243729 0.039785 0.054909
0 0.318468 0.714892 0.039571 0.053298
0 0.528913 0.316767 0.033479 0.046885
0 0.646881 0.412275 0.037626 0.046537
0 0.653636 0.872981 0.043057 0.055857
0 0.678393 0.654139 0.039144 0.050075
0 0.728325 0.642185 0.037840 0.048148
0 0.436453 0.426377 0.036536 0.046221
0 0.910744 0.421181 0.040235 0.050391
0 0.493054 0.447630 0.047418 0.057120
0 0.859722 0.433451 0.038930 0.048464
0 0.622241 0.627737 0.036087 0.050739
0 0.219691 0.362832 0.041539 0.052319
0 0.156767 0.678066 0.042416 0.051023
0 0.805410 0.830691 0.040449 0.052003
0 0.158528 0.294374 0.040426 0.059743
0 0.567080 0.220374 0.040449 0.052003
0 0.733348 0.680053 0.035446 0.045905
0 0.403601 0.951263 0.041090 0.056837
0 0.555978 0.132396 0.039999 0.056521
0 0.253402 0.220041 0.042843 0.054246
0 0.870515 0.514825 0.036963 0.049444
0 0.454759 0.551590 0.040662 0.053614
0 0.737171 0.299111 0.035446 0.045905
0 0.849688 0.353530 0.038054 0.049760
0 0.114462 0.354827 0.039785 0.054909
0 0.606212 0.506883 0.036087 0.050739
0 0.146627 0.597340 0.039144 0.050075
0 0.704658 0.860711 0.041753 0.053930
0 0.321084 0.337645 0.040235 0.050391
0 0.855567 0.816162 0.043057 0.055857
0 0.459995 0.591069 0.040021 0.048780
0 0.365684 0.281221 0.038054 0.049760
0 0.847062 0.734962 0.037840 0.048148
0 0.843587 0.311792 0.039571 0.053298
0 0.131795 0.476976 0.039357 0.051687
0 0.677972 0.271080 0.042416 0.051023
0 0.340374 0.880057 0.039357 0.051687
0 0.085783 0.531299 0.039144 0.050075
0 0.385958 0.822511 0.039144 0.050075
0 0.616791 0.586647 0.038054 0.049760
0 0.523891 0.278899 0.035446 0.045905
0 0.699540 0.817852 0.040449 0.052003
0 0.465445 0.632159 0.040662 0.053614
0 0.755361 0.846025 0.040662 0.053614
0 0.167987 0.762664 0.040449 0.052003
0 0.711762 0.517305 0.040235 0.050391
0 0.363721 0.659115 0.040021 0.048780
0 0.633472 0.708147 0.038930 0.048464
0 0.335576 0.839615 0.037840 0.048148
0 0.800612 0.790248 0.038930 0.048464
0 0.382578 0.404333 0.036322 0.044610
0 0.696492 0.397905 0.039144 0.050075
0 0.690828 0.355203 0.039357 0.051687
0 0.893198 0.297421 0.040235 0.050391
0 0.635875 0.329289 0.040449 0.052003
0 0.303091 0.594686 0.040449 0.052003
0 0.832901 0.231223 0.039144 0.050075
0 0.471226 0.671480 0.038930 0.048464
0 0.151970 0.637624 0.041325 0.050707
0 0.838244 0.271507 0.036963 0.049444
0 0.120350 0.394954 0.037840 0.048148
0 0.348557 0.540521 0.038716 0.046853
0 0.476024 0.711922 0.040449 0.052003
0 0.079789 0.490367 0.040449 0.052003
0 0.600655 0.464987 0.035659 0.047517
0 0.175518 0.422479 0.041539 0.052319
0 0.769549 0.543235 0.035659 0.047517
0 0.706420 0.477020 0.038054 0.049760
0 0.899193 0.338353 0.039357 0.051687
0 0.492587 0.836803 0.038054 0.049760
0 0.213909 0.323511 0.037626 0.046537
0 0.881415 0.597005 0.039144 0.050075
0 0.752098 0.424467 0.038503 0.045241
0 0.277254 0.391337 0.038267 0.051371
0 0.562507 0.177357 0.040662 0.053614
0 0.189466 0.924606 0.040662 0.053614
0 0.649169 0.830769 0.040449 0.052003
0 0.914890 0.460976 0.040449 0.052003
0 0.074660 0.451694 0.040021 0.048780
0 0.473242 0.315324 0.051139 0.053550
0 0.888400 0.256979 0.041753 0.053930
0 0.380935 0.784644 0.036322 0.044610
0 0.667600 0.572766 0.036750 0.047832
0 0.293496 0.513801 0.037412 0.044925
0 0.397498 0.909526 0.038716 0.046853
0 0.173876 0.802789 0.041539 0.052319
0 0.694304 0.778373 0.038054 0.049760
0 0.313125 0.674607 0.038716 0.046853
0 0.638815 0.748431 0.039357 0.051687
0 0.673721 0.230479 0.038054 0.049760
0 0.644265 0.789521 0.036963 0.049444
0 0.904750 0.380249 0.041539 0.052319
0 0.200911 0.989832 0.041753 0.020336
0 0.481035 0.753975 0.038930 0.048464
0 0.883281 0.214119 0.040449 0.052003
0 0.058214 0.323432 0.039571 0.053298
0 0.179432 0.844685 0.038930 0.048464
0 0.376904 0.365818 0.040876 0.055225
0 0.498037 0.877893 0.038267 0.051371
0 0.465901 0.247172 0.050048 0.053234
0 0.906921 0.802123 0.038054 0.049760
0 0.750242 0.803166 0.039357 0.051687
0 0.195022 0.966502 0.040235 0.050391
0 0.351381 0.963043 0.037391 0.052666
0 0.913689 0.545825 0.026723 0.043378
0 0.184561 0.883358 0.038930 0.048464
0 0.628450 0.670279 0.039144 0.050075
0 0.452426 0.149842 0.050070 0.045493
0 0.949347 0.618323 0.026509 0.041767
0 0.943897 0.577233 0.028476 0.040787
0 0.851538 0.772987 0.036536 0.046221
0 0.934836 0.709537 0.027172 0.038860
0 0.502941 0.919142 0.036963 0.049444
0 0.908560 0.507152 0.026295 0.040156
0 0.457021 0.184486 0.048530 0.049695
0 0.929931 0.668289 0.026723 0.043378
0 0.955555 0.660866 0.027385 0.040472
0 0.965920 0.739018 0.025419 0.041451
0 0.345717 0.920342 0.041539 0.052319
0 0.934515 0.497960 0.026295 0.040156
0 0.924375 0.626393 0.025868 0.036933
0 0.970921 0.785258 0.027813 0.043694
0 0.960791 0.700345 0.024991 0.038229
0 0.944752 0.792838 0.027813 0.043694
0 0.578846 0.304813 0.039144 0.050075
0 0.939751 0.746598 0.027172 0.038860
0 0.918604 0.582886 0.025868 0.036933
0 0.938992 0.535986 0.024991 0.038229
0 0.519636 0.741957 0.025868 0.036933
0 0.469405 0.282132 0.048980 0.045177
0 0.325329 0.758082 0.039144 0.050075
0 0.460536 0.215261 0.050519 0.040975
