0 0.146380 0.403044 0.029954 0.029794
0 0.381900 0.411028 0.037446 0.054168
0 0.889288 0.459837 0.032431 0.030223
0 0.529311 0.853453 0.024831 0.027370
0 0.698888 0.753065 0.034569 0.027516
0 0.163128 0.558249 0.025677 0.035210
0 0.497451 0.569909 0.022015 0.023807
0 0.578961 0.676386 0.034346 0.036709
0 0.473864 0.731290 0.034684 0.039843
0 0.734972 0.584733 0.036877 0.026377
0 0.608817 0.315897 0.027984 0.034069
0 0.476486 0.755589 0.037331 0.041839
0 0.582006 0.704605 0.037500 0.043408
0 0.487595 0.852680 0.037892 0.035783
0 0.328116 0.912196 0.039808 0.042268
0 0.706946 0.330870 0.035977 0.029298
0 0.379616 0.389864 0.033446 0.039629
0 0.887369 0.436214 0.040653 0.050107
0 0.405328 0.610591 0.035470 0.024594
0 0.161191 0.429229 0.036823 0.037137
0 0.382610 0.902773 0.036992 0.038704
0 0.181835 0.491934 0.023592 0.027156
0 0.582443 0.322854 0.029392 0.035852
0 0.721353 0.458531 0.034231 0.024380
0 0.684481 0.625403 0.035639 0.026163
0 0.386468 0.453356 0.035754 0.038490
0 0.324621 0.885652 0.038231 0.038918
0 0.600187 0.382067 0.036485 0.034001
0 0.378861 0.873878 0.038062 0.037351
0 0.677010 0.562017 0.035585 0.036923
0 0.153969 0.496752 0.025846 0.036777
0 0.374773 0.841846 0.039469 0.039133
0 0.371474 0.811275 0.039300 0.037565
0 0.625618 0.606037 0.034346 0.036709
0 0.629283 0.634149 0.035246 0.033787
0 0.305422 0.725281 0.036485 0.034001
0 0.483396 0.825459 0.035246 0.033787
0 0.247544 0.703350 0.036823 0.037137
0 0.309425 0.756529 0.038400 0.040486
0 0.895970 0.521761 0.033277 0.038062
0 0.741401 0.644306 0.037554 0.032648
0 0.620624 0.542223 0.034739 0.029084
0 0.159210 0.527786 0.023931 0.030292
0 0.586432 0.739772 0.035754 0.038490
0 0.695054 0.723386 0.037838 0.046543
0 0.869418 0.784264 0.036146 0.030865
0 0.592749 0.804156 0.036992 0.038704
0 0.215065 0.419913 0.038738 0.043622
0 0.320618 0.854404 0.036992 0.038704
0 0.165363 0.462044 0.038400 0.040486
0 0.691332 0.688896 0.036485 0.034001
0 0.262402 0.829337 0.036992 0.038704
0 0.618517 0.411635 0.023592 0.027156
0 0.893206 0.490300 0.034515 0.038276
0 0.755977 0.773536 0.036823 0.037137
0 0.575747 0.646600 0.037161 0.040272
0 0.822954 0.377084 0.036823 0.037137
0 0.596269 0.351604 0.037892 0.035783
0 0.449137 0.507996 0.035415 0.035354
0 0.301588 0.695602 0.038062 0.037351
0 0.317065 0.821483 0.036992 0.038704
0 0.269338 0.893614 0.036992 0.038704
0 0.588492 0.770557 0.035923 0.040058
0 0.673711 0.531447 0.035754 0.038490
0 0.298824 0.664141 0.037161 0.040272
0 0.634693 0.666750 0.037161 0.040272
0 0.831045 0.440364 0.036992 0.038704
0 0.826338 0.408439 0.036823 0.037137
0 0.595683 0.837185 0.038569 0.042053
0 0.598995 0.482084 0.025846 0.036777
0 0.273341 0.924861 0.038231 0.038918
0 0.845198 0.565674 0.035415 0.035354
0 0.265955 0.862259 0.036992 0.038704
0 0.469608 0.697691 0.035754 0.038490
0 0.637796 0.701346 0.038738 0.043622
0 0.745742 0.678690 0.036992 0.038704
0 0.688314 0.655083 0.038569 0.042053
0 0.764236 0.838382 0.036654 0.035568
0 0.535717 0.790063 0.037331 0.041839
0 0.623304 0.572900 0.034684 0.039843
0 0.848328 0.594676 0.035585 0.036923
0 0.760853 0.807028 0.036992 0.038704
0 0.880798 0.369479 0.035415 0.035354
0 0.436034 0.895132 0.034177 0.035140
0 0.749125 0.710043 0.036992 0.038704
0 0.258399 0.798090 0.035754 0.038490
0 0.186288 0.521506 0.024269 0.033427
0 0.452267 0.536999 0.035585 0.036923
0 0.882605 0.397912 0.038231 0.038918
0 0.904399 0.588176 0.035585 0.036923
0 0.429971 0.833100 0.038062 0.037351
0 0.233306 0.577255 0.038231 0.038918
0 0.856137 0.661198 0.039131 0.035997
0 0.368879 0.781382 0.038400 0.040486
0 0.255550 0.765844 0.036823 0.037137
0 0.329379 0.432885 0.036654 0.035568
0 0.834344 0.470934 0.036823 0.037137
0 0.419116 0.738360 0.036654 0.035568
0 0.312978 0.789451 0.038400 0.040486
0 0.251632 0.735381 0.035754 0.038490
0 0.671566 0.499878 0.035754 0.038490
0 0.556183 0.488689 0.036823 0.037137
0 0.560889 0.520612 0.036654 0.035568
0 0.110419 0.473142 0.036823 0.037137
0 0.466674 0.664661 0.034515 0.038276
0 0.490809 0.882467 0.038569 0.042053
0 0.285655 0.536264 0.040708 0.039347
0 0.106781 0.439436 0.037331 0.041839
0 0.552095 0.456657 0.035754 0.038490
0 0.659303 0.403785 0.031531 0.033144
0 0.567572 0.582537 0.036823 0.037137
0 0.591186 0.415563 0.029730 0.038987
0 0.238098 0.609963 0.038231 0.038918
0 0.730969 0.553485 0.039808 0.042268
0 0.595443 0.449162 0.025507 0.033641
0 0.725102 0.487428 0.036992 0.038704
0 0.549865 0.424305 0.035585 0.036923
0 0.616002 0.511082 0.038569 0.042053
0 0.411646 0.674975 0.038400 0.040486
0 0.656089 0.373998 0.031869 0.036280
0 0.718138 0.428745 0.038738 0.043622
0 0.761524 0.322231 0.039638 0.040700
0 0.182450 0.620384 0.038062 0.037351
0 0.433491 0.380548 0.039977 0.043836
0 0.877611 0.334097 0.037500 0.043408
0 0.662772 0.435923 0.032038 0.037848
0 0.458838 0.603734 0.036992 0.038704
0 0.455285 0.570812 0.036992 0.038704
0 0.401045 0.582586 0.037161 0.040272
0 0.710498 0.363792 0.037331 0.041839
0 0.837558 0.500720 0.036823 0.037137
0 0.227243 0.515223 0.036485 0.034001
0 0.728485 0.518782 0.039131 0.035997
0 0.342744 0.556735 0.036654 0.035568
0 0.422331 0.768147 0.039469 0.039133
0 0.545863 0.393058 0.034346 0.036709
0 0.899608 0.555467 0.035923 0.040058
0 0.738805 0.614413 0.039808 0.042268
0 0.572278 0.614461 0.034515 0.038276
0 0.357152 0.684398 0.038062 0.037351
0 0.623224 0.443560 0.024438 0.034995
0 0.753297 0.742859 0.038569 0.042053
0 0.486312 0.353632 0.032840 0.022525
0 0.488384 0.371783 0.033725 0.024647
0 0.490451 0.391987 0.033149 0.025394
0 0.493688 0.418129 0.038078 0.037508
0 0.483463 0.333900 0.033646 0.027972
0 0.498168 0.451689 0.037314 0.041683
0 0.652452 0.340292 0.034854 0.041411
0 0.398111 0.549558 0.033108 0.036494
0 0.765246 0.356721 0.039638 0.040700
0 0.186537 0.652415 0.036992 0.038704
0 0.666774 0.467170 0.032938 0.034926
0 0.437128 0.414254 0.036654 0.035568
0 0.219237 0.452728 0.036823 0.037137
0 0.390640 0.486171 0.036992 0.038704
0 0.289208 0.569187 0.040369 0.036211
0 0.224029 0.485437 0.036823 0.037137
0 0.394728 0.518203 0.035585 0.036923
0 0.274435 0.443982 0.040708 0.039347
0 0.364623 0.747783 0.036992 0.038704
0 0.481701 0.792216 0.039977 0.043836
0 0.859352 0.690984 0.039469 0.039133
0 0.270713 0.409493 0.040708 0.039347
0 0.564188 0.551183 0.036823 0.037137
0 0.336062 0.494810 0.036823 0.037137
0 0.294737 0.632109 0.038231 0.038918
0 0.338826 0.526272 0.038062 0.037351
0 0.415818 0.707790 0.036823 0.037137
0 0.841111 0.533642 0.036823 0.037137
0 0.325207 0.400070 0.041384 0.045618
0 0.244865 0.672672 0.038231 0.038918
0 0.681182 0.594832 0.039638 0.040700
0 0.853204 0.628168 0.038569 0.042053
0 0.542225 0.359352 0.037331 0.041839
0 0.179516 0.587355 0.037161 0.040272
0 0.408543 0.640378 0.039638 0.040700
0 0.500731 0.610009 0.021651 0.024036
0 0.505173 0.529880 0.033607 0.028396
0 0.498718 0.589253 0.021492 0.022332
0 0.501878 0.627888 0.023258 0.019330
0 0.507270 0.672063 0.018809 0.017406
0 0.509550 0.691734 0.019468 0.026335
0 0.171368 0.397742 0.022271 0.028204
0 0.705131 0.817573 0.032897 0.030488
0 0.503852 0.643253 0.023469 0.021289
0 0.506065 0.657969 0.021653 0.015605
0 0.507417 0.545350 0.038102 0.015204
0 0.702255 0.784262 0.039043 0.046444
0 0.531441 0.879035 0.028800 0.030365
0 0.503714 0.505186 0.038843 0.033331
0 0.291888 0.599864 0.039300 0.037565
0 0.353853 0.653826 0.038231 0.038918
0 0.360535 0.715751 0.038062 0.037351
0 0.332678 0.463456 0.036823 0.037137
0 0.819852 0.342488 0.041554 0.047185
0 0.909190 0.620883 0.038738 0.043622
0 0.861581 0.723337 0.036823 0.037137
0 0.462671 0.633414 0.035077 0.032219
0 0.230542 0.545794 0.039469 0.039133
0 0.281652 0.505017 0.039131 0.035997
0 0.113718 0.503712 0.036654 0.035568
0 0.441047 0.444718 0.035585 0.036923
0 0.241481 0.641318 0.037892 0.035783
0 0.709039 0.847128 0.040877 0.040914
0 0.866288 0.755261 0.039469 0.039133
0 0.433355 0.864455 0.038062 0.037351
0 0.278438 0.475230 0.039131 0.035997
0 0.346916 0.589550 0.036092 0.041625
0 0.118340 0.534853 0.036992 0.038704
0 0.872182 0.815725 0.038400 0.040486
0 0.350300 0.620905 0.035415 0.035354
0 0.445838 0.477425 0.035585 0.036923
0 0.426503 0.800962 0.038231 0.038918
0 0.714501 0.395039 0.035077 0.032219
