0 0.164824 0.145244 0.039879 0.050366
0 0.514298 0.346068 0.044386 0.038406
0 0.512559 0.375407 0.045746 0.041863
0 0.519066 0.278090 0.045349 0.036798
0 0.878485 0.309167 0.037239 0.030571
0 0.530347 0.148393 0.045477 0.038432
0 0.499352 0.529692 0.034568 0.038171
0 0.526683 0.180880 0.047941 0.042078
0 0.524123 0.213556 0.047429 0.035544
0 0.907764 0.606436 0.031769 0.044138
0 0.521562 0.246230 0.046245 0.048235
0 0.615895 0.348527 0.036311 0.046529
0 0.922047 0.402746 0.037159 0.043451
0 0.517057 0.310860 0.045269 0.049679
0 0.572205 0.256581 0.034696 0.039804
0 0.264693 0.205440 0.036311 0.046529
0 0.109621 0.178816 0.037159 0.043451
0 0.316568 0.214347 0.036055 0.043262
0 0.768503 0.378039 0.037415 0.046719
0 0.662785 0.399627 0.037415 0.046719
0 0.666050 0.357966 0.037543 0.048353
0 0.826122 0.299349 0.037799 0.051621
0 0.319536 0.169323 0.038311 0.058156
0 0.374803 0.134934 0.037671 0.049987
0 0.261364 0.247918 0.038776 0.050176
0 0.612630 0.390189 0.036439 0.048163
0 0.609302 0.432667 0.036439 0.048163
0 0.621872 0.265109 0.037927 0.053254
0 0.909182 0.566942 0.039495 0.045465
0 0.505136 0.448725 0.042934 0.047666
0 0.468247 0.284266 0.037543 0.048353
0 0.364497 0.266453 0.035336 0.047974
0 0.415820 0.275265 0.038648 0.048542
0 0.106293 0.221294 0.040135 0.053633
0 0.471343 0.237608 0.036823 0.053064
0 0.426126 0.143745 0.041239 0.053822
0 0.680595 0.186608 0.037543 0.048353
0 0.916134 0.485347 0.038392 0.045275
0 0.421566 0.187668 0.038520 0.046908
0 0.928576 0.319423 0.037415 0.046719
0 0.713620 0.407528 0.039751 0.048732
0 0.169577 0.098871 0.040007 0.052000
0 0.212331 0.195623 0.037287 0.045085
0 0.658905 0.442011 0.038520 0.046908
0 0.912382 0.526097 0.039751 0.048732
0 0.371282 0.179863 0.037543 0.048353
0 0.313304 0.256008 0.038904 0.051810
0 0.721445 0.321943 0.037671 0.049987
0 0.717565 0.364327 0.038776 0.050176
0 0.774184 0.291259 0.039879 0.050366
0 0.220220 0.109221 0.040007 0.052000
0 0.874117 0.350639 0.039160 0.055077
0 0.113694 0.133982 0.039416 0.058346
0 0.157911 0.233469 0.037671 0.049987
0 0.669738 0.318033 0.038520 0.046908
0 0.501744 0.492020 0.040855 0.048921
0 0.673130 0.274738 0.038648 0.048542
0 0.675907 0.232164 0.037543 0.048353
0 0.209426 0.239829 0.038904 0.051810
0 0.932520 0.276222 0.038904 0.051810
0 0.618967 0.309316 0.038520 0.046908
0 0.568260 0.299782 0.038904 0.051810
0 0.822602 0.344278 0.037671 0.049987
0 0.771831 0.335561 0.037671 0.049987
0 0.574494 0.213097 0.038311 0.058156
0 0.764687 0.419606 0.038648 0.048542
0 0.918911 0.442774 0.039751 0.048732
0 0.778001 0.249693 0.038648 0.048542
0 0.880774 0.265683 0.039416 0.058346
0 0.936104 0.230477 0.041111 0.052189
0 0.782136 0.204042 0.040007 0.052000
0 0.216083 0.154872 0.038648 0.048542
0 0.925248 0.361901 0.039879 0.050366
0 0.161920 0.189451 0.040983 0.050555
0 0.368442 0.223253 0.038776 0.050176
0 0.419213 0.231970 0.040983 0.050555
