0 0.698282 0.871641 0.031114 0.026062
0 0.759931 0.777442 0.035247 0.034255
0 0.882921 0.531948 0.036807 0.040671
0 0.666637 0.422846 0.035869 0.021720
0 0.811973 0.814069 0.035013 0.029517
0 0.378697 0.648127 0.033921 0.032576
0 0.336308 0.391105 0.034078 0.035735
0 0.316733 0.774008 0.035403 0.037413
0 0.146393 0.850074 0.035325 0.035834
0 0.632910 0.800663 0.023863 0.030206
0 0.498571 0.731352 0.023394 0.020730
0 0.491149 0.856009 0.023706 0.027047
0 0.502129 0.634134 0.020977 0.022113
0 0.883743 0.502684 0.035169 0.032675
0 0.642714 0.640525 0.022537 0.028528
0 0.491246 0.881889 0.025823 0.029638
0 0.650700 0.484475 0.020631 0.023155
0 0.649585 0.516737 0.021711 0.027156
0 0.647344 0.545943 0.019013 0.028122
0 0.645524 0.576381 0.019500 0.025424
0 0.645630 0.608929 0.020482 0.026682
0 0.676900 0.487146 0.019091 0.023425
0 0.675529 0.518008 0.016406 0.025179
0 0.504380 0.357092 0.030848 0.020692
0 0.501471 0.394356 0.032088 0.023151
0 0.497652 0.510111 0.035711 0.027291
0 0.495840 0.533328 0.032365 0.024997
0 0.494654 0.548184 0.032928 0.010759
0 0.505462 0.562746 0.022413 0.015478
0 0.506452 0.577418 0.025363 0.018842
0 0.496604 0.765520 0.022684 0.018944
0 0.500054 0.714031 0.019807 0.023593
0 0.501930 0.676130 0.022303 0.023790
0 0.501933 0.650764 0.019495 0.017276
0 0.702306 0.802995 0.035403 0.037413
0 0.265045 0.704908 0.032752 0.034057
0 0.368461 0.842317 0.035325 0.035834
0 0.328415 0.550602 0.031426 0.032378
0 0.227384 0.352346 0.037976 0.039190
0 0.708440 0.679030 0.037820 0.036032
0 0.558415 0.382558 0.036651 0.037512
0 0.428081 0.751129 0.032752 0.034057
0 0.614048 0.384591 0.035325 0.035834
0 0.447769 0.403907 0.035403 0.037413
0 0.262543 0.768125 0.036495 0.034354
0 0.601899 0.604788 0.035091 0.031096
0 0.555091 0.475039 0.034078 0.035735
0 0.393972 0.364763 0.034312 0.040473
0 0.213318 0.636599 0.032830 0.035636
0 0.707540 0.709873 0.036495 0.034354
0 0.260902 0.801288 0.034156 0.037314
0 0.597093 0.701908 0.037664 0.032873
0 0.598617 0.671114 0.035247 0.034255
0 0.604007 0.574833 0.036495 0.034354
0 0.207027 0.763722 0.035403 0.037413
0 0.430268 0.719595 0.033999 0.034156
0 0.705354 0.741408 0.035247 0.034255
0 0.209490 0.701295 0.034078 0.035735
0 0.216561 0.571062 0.032752 0.034057
0 0.321500 0.677677 0.035247 0.034255
0 0.590217 0.828193 0.036573 0.035933
0 0.222111 0.446257 0.034156 0.037314
0 0.269071 0.610898 0.034078 0.035735
0 0.437300 0.590151 0.035091 0.031096
0 0.432494 0.687271 0.035325 0.035834
0 0.211715 0.668972 0.035247 0.034255
0 0.205385 0.796885 0.035247 0.034255
0 0.589239 0.860616 0.035247 0.034255
0 0.636699 0.736756 0.027840 0.035240
0 0.770754 0.558726 0.032830 0.035636
0 0.155221 0.696992 0.037976 0.039190
0 0.611861 0.416125 0.033765 0.029418
0 0.656685 0.864379 0.022615 0.030107
0 0.552280 0.506523 0.033921 0.032576
0 0.389481 0.430199 0.036416 0.032774
0 0.831314 0.435904 0.033999 0.034156
0 0.381121 0.586489 0.032517 0.029319
0 0.655706 0.896802 0.026592 0.035141
0 0.560056 0.349395 0.034156 0.037314
0 0.450073 0.370004 0.036729 0.039091
0 0.386394 0.492577 0.036495 0.034354
0 0.387957 0.460994 0.036495 0.034354
0 0.117015 0.342802 0.034312 0.040473
0 0.824084 0.594662 0.032674 0.032477
0 0.776500 0.429973 0.036807 0.040671
0 0.825023 0.563029 0.031582 0.035537
0 0.217383 0.541798 0.033921 0.032576
0 0.326189 0.582926 0.030413 0.037017
0 0.879639 0.598274 0.038990 0.034552
0 0.500290 0.696611 0.020899 0.020533
0 0.312161 0.866390 0.032674 0.032477
0 0.862762 0.914012 0.036495 0.034354
0 0.331541 0.487435 0.031426 0.032378
0 0.278173 0.452289 0.036495 0.034354
0 0.480050 0.789256 0.034692 0.023042
0 0.497888 0.454094 0.035427 0.037887
0 0.505527 0.337699 0.036080 0.025983
0 0.479521 0.806899 0.033553 0.016362
0 0.283642 0.354428 0.035560 0.040572
0 0.440348 0.528563 0.032752 0.034057
0 0.591780 0.796610 0.036573 0.035933
0 0.423275 0.848248 0.032517 0.029319
0 0.371587 0.779150 0.035325 0.035834
0 0.867282 0.822656 0.036362 0.031669
0 0.505460 0.374475 0.034380 0.021760
0 0.865236 0.851347 0.037531 0.030188
0 0.160845 0.570687 0.033757 0.029261
0 0.751729 0.905208 0.038833 0.031393
0 0.495832 0.748733 0.024501 0.017987
0 0.421821 0.877622 0.035231 0.033939
0 0.500789 0.420793 0.035403 0.037413
0 0.592758 0.764187 0.037742 0.034453
0 0.608073 0.480033 0.035403 0.037413
0 0.332480 0.455802 0.035325 0.035834
0 0.753222 0.875045 0.036479 0.034038
0 0.869925 0.756597 0.035192 0.033149
0 0.808450 0.910577 0.037656 0.032715
0 0.868390 0.787627 0.035403 0.037413
0 0.871432 0.726150 0.035239 0.034096
0 0.369439 0.809894 0.036338 0.031195
0 0.315864 0.804219 0.036323 0.030880
0 0.383190 0.557324 0.033999 0.034156
0 0.607757 0.511716 0.032596 0.030898
0 0.375493 0.712873 0.036573 0.035933
0 0.272236 0.546940 0.034156 0.037314
0 0.318218 0.744002 0.035247 0.034255
0 0.225079 0.398932 0.036341 0.056363
0 0.664578 0.704881 0.022303 0.023790
0 0.115452 0.374385 0.033843 0.030997
0 0.814121 0.783324 0.036495 0.034354
0 0.766381 0.621794 0.035325 0.035834
0 0.771732 0.526303 0.031348 0.030799
0 0.148228 0.825646 0.036651 0.037512
0 0.863116 0.881540 0.036573 0.035933
0 0.878700 0.629908 0.035247 0.034255
0 0.821036 0.656250 0.035481 0.038992
0 0.816308 0.751791 0.035247 0.034255
0 0.099861 0.689432 0.034078 0.035735
0 0.697539 0.899325 0.035403 0.037413
0 0.716879 0.521161 0.028618 0.025864
0 0.757198 0.807347 0.037898 0.037611
0 0.808730 0.879605 0.037742 0.034453
0 0.334278 0.419481 0.032986 0.038794
0 0.156317 0.662201 0.036573 0.035933
0 0.830296 0.469117 0.032752 0.034057
0 0.325133 0.616928 0.034078 0.035735
0 0.170968 0.378787 0.032752 0.034057
0 0.760168 0.747339 0.035247 0.034255
0 0.433433 0.655637 0.033921 0.032576
0 0.162451 0.538235 0.034312 0.040473
0 0.323024 0.646883 0.035169 0.032675
0 0.153034 0.728527 0.036416 0.032774
0 0.631425 0.830668 0.023863 0.030206
0 0.819434 0.688623 0.037742 0.034453
0 0.661452 0.768048 0.022459 0.026948
0 0.640488 0.672848 0.023706 0.027047
0 0.628048 0.354786 0.025110 0.030305
0 0.682316 0.359090 0.023863 0.030206
0 0.090681 0.849620 0.036495 0.034354
0 0.712307 0.613543 0.033999 0.034156
0 0.875928 0.660602 0.037820 0.036032
0 0.551341 0.538157 0.032830 0.035636
0 0.821975 0.624616 0.031426 0.032378
0 0.275986 0.483822 0.037898 0.037611
0 0.660474 0.800471 0.021289 0.028429
0 0.100839 0.657009 0.035403 0.037413
0 0.761692 0.716544 0.035325 0.035834
0 0.711290 0.646755 0.035247 0.034255
0 0.094786 0.754030 0.032674 0.032477
0 0.874872 0.694604 0.036651 0.037512
0 0.657326 0.357901 0.026280 0.028825
0 0.763918 0.684221 0.034156 0.037314
0 0.274423 0.515406 0.035091 0.031096
0 0.828773 0.499910 0.035325 0.035834
0 0.810449 0.844863 0.038055 0.040769
0 0.549037 0.572060 0.031504 0.033958
0 0.113382 0.403550 0.035325 0.035834
0 0.329472 0.516600 0.032908 0.037215
0 0.626935 0.896105 0.023785 0.028627
0 0.107715 0.530724 0.033843 0.030997
0 0.101779 0.625377 0.036495 0.034354
0 0.152173 0.758580 0.037820 0.036032
0 0.773880 0.495558 0.032830 0.035636
0 0.764857 0.652588 0.037742 0.034453
0 0.666765 0.673347 0.023863 0.030206
0 0.166942 0.472798 0.034078 0.035735
0 0.634669 0.765132 0.023628 0.025468
0 0.444136 0.464656 0.033921 0.032576
0 0.817910 0.719417 0.037820 0.036032
0 0.671999 0.580225 0.022459 0.026948
0 0.172492 0.347993 0.032830 0.035636
0 0.258715 0.832822 0.032596 0.030898
0 0.629317 0.860623 0.022459 0.026948
0 0.157217 0.631358 0.035247 0.034255
0 0.555367 0.444145 0.033999 0.034156
0 0.668912 0.642602 0.022693 0.031686
0 0.266647 0.672535 0.032674 0.032477
0 0.668784 0.392102 0.035325 0.035834
0 0.826625 0.530655 0.034156 0.037314
0 0.885150 0.474259 0.037820 0.036032
0 0.671177 0.609489 0.021289 0.028429
0 0.094509 0.784924 0.035247 0.034255
0 0.097596 0.722546 0.035325 0.035834
0 0.755479 0.842090 0.035403 0.037413
0 0.672354 0.547752 0.022537 0.028528
0 0.705116 0.771511 0.035091 0.031096
0 0.434957 0.624844 0.034312 0.040473
0 0.713792 0.583539 0.033999 0.034156
0 0.281377 0.387542 0.033999 0.034156
0 0.637014 0.705073 0.025032 0.028726
0 0.150571 0.790954 0.037742 0.034453
0 0.774858 0.463136 0.033999 0.034156
0 0.111117 0.436664 0.033921 0.032576
0 0.313607 0.837175 0.035403 0.037413
0 0.380805 0.618171 0.035325 0.035834
0 0.108970 0.467409 0.032752 0.034057
0 0.720551 0.459622 0.032830 0.035636
0 0.279736 0.420705 0.034156 0.037314
0 0.201597 0.860794 0.036416 0.032774
0 0.880578 0.566641 0.037898 0.037611
0 0.665191 0.452061 0.036729 0.039091
0 0.663600 0.737303 0.023941 0.031785
0 0.373189 0.746776 0.032752 0.034057
0 0.376471 0.680450 0.037898 0.037611
0 0.092284 0.817247 0.036573 0.035933
0 0.391707 0.397876 0.035247 0.034255
0 0.769815 0.590358 0.033921 0.032576
0 0.165418 0.503592 0.036495 0.034354
0 0.426518 0.782713 0.032752 0.034057
0 0.719027 0.490416 0.032752 0.034057
0 0.446206 0.435490 0.035247 0.034255
0 0.658832 0.833633 0.023785 0.028627
0 0.338456 0.360361 0.035247 0.034255
0 0.103303 0.594582 0.033921 0.032576
0 0.556852 0.414141 0.033999 0.034156
0 0.610338 0.446919 0.031504 0.033958
0 0.366898 0.873901 0.035169 0.032675
0 0.207927 0.732879 0.033921 0.032576
0 0.158195 0.598935 0.036573 0.035933
0 0.167218 0.441905 0.033999 0.034156
0 0.106191 0.561518 0.036729 0.039091
0 0.441911 0.496979 0.030413 0.037017
0 0.267508 0.642481 0.034078 0.035735
0 0.888078 0.440405 0.035560 0.040572
0 0.203160 0.829210 0.034078 0.035735
0 0.169405 0.410371 0.035247 0.034255
0 0.722309 0.424091 0.037898 0.037611
0 0.221172 0.477891 0.035247 0.034255
0 0.108654 0.499091 0.032752 0.034057
0 0.257230 0.862826 0.035403 0.037413
0 0.587637 0.892989 0.037820 0.036032
0 0.595608 0.731912 0.037820 0.036032
0 0.320522 0.710099 0.036573 0.035933
0 0.384831 0.524161 0.036495 0.034354
0 0.605531 0.544039 0.036573 0.035933
0 0.214959 0.603436 0.032830 0.035636
0 0.270673 0.578524 0.033999 0.034156
0 0.600219 0.638741 0.035481 0.038992
0 0.424838 0.816665 0.035481 0.038992
0 0.700508 0.839317 0.035403 0.037413
0 0.715979 0.552004 0.035403 0.037413
0 0.219569 0.510264 0.035325 0.035834
0 0.439369 0.560986 0.034078 0.035735
0 0.263482 0.736492 0.035403 0.037413
