0 0.262935 0.208537 0.038265 0.047809
0 0.225628 0.750138 0.036937 0.044372
0 0.797773 0.752552 0.038265 0.047809
0 0.106266 0.229876 0.038043 0.044536
0 0.537902 0.756067 0.034837 0.045679
0 0.859513 0.591471 0.039593 0.051247
0 0.910866 0.599932 0.038376 0.049446
0 0.808050 0.584645 0.036164 0.049117
0 0.142577 0.443554 0.039370 0.047973
0 0.853242 0.675668 0.035720 0.042571
0 0.849913 0.716498 0.039482 0.049610
0 0.411329 0.317382 0.035059 0.048952
0 0.317341 0.171995 0.037603 0.054190
0 0.800053 0.710738 0.034837 0.045679
0 0.875616 0.345912 0.038043 0.044536
0 0.088779 0.479360 0.036826 0.042735
0 0.144911 0.400922 0.038265 0.047809
0 0.588757 0.763628 0.039482 0.049610
0 0.908146 0.640026 0.035831 0.044207
0 0.855465 0.634673 0.037048 0.046008
0 0.846971 0.759866 0.039370 0.047973
0 0.516528 0.314014 0.045781 0.045687
0 0.577487 0.929732 0.041803 0.051575
0 0.606300 0.513325 0.038154 0.046172
0 0.158393 0.235146 0.035720 0.042571
0 0.931307 0.265757 0.038154 0.046172
0 0.326607 0.808955 0.039259 0.046336
0 0.805273 0.625558 0.035720 0.042571
0 0.375350 0.855875 0.036164 0.049117
0 0.406330 0.399290 0.035720 0.042571
0 0.211527 0.200894 0.034948 0.047316
0 0.122204 0.735587 0.035720 0.042571
0 0.926969 0.354375 0.037048 0.046008
0 0.394340 0.567768 0.037048 0.046008
0 0.337766 0.644487 0.037159 0.047644
0 0.246332 0.461459 0.037048 0.046008
0 0.918808 0.474657 0.036937 0.044372
0 0.519311 0.248308 0.046887 0.045851
0 0.592253 0.720342 0.038265 0.047809
0 0.525411 0.183094 0.047771 0.042742
0 0.531686 0.839446 0.035942 0.045843
0 0.765081 0.452628 0.034615 0.042406
0 0.114262 0.860861 0.039593 0.051247
0 0.544118 0.672687 0.037932 0.042900
0 0.381124 0.770777 0.033731 0.045514
0 0.580374 0.887183 0.036937 0.044372
0 0.323886 0.849049 0.039148 0.044701
0 0.841020 0.880478 0.037270 0.049281
0 0.092219 0.436893 0.038376 0.049446
0 0.094995 0.395980 0.035942 0.045843
0 0.204537 0.287464 0.037159 0.047644
0 0.771297 0.369249 0.038154 0.046172
0 0.527190 0.148645 0.046442 0.039305
0 0.117205 0.817495 0.041248 0.043393
0 0.554171 0.508054 0.038043 0.044536
0 0.922081 0.434645 0.038154 0.046172
0 0.845245 0.801762 0.039259 0.046336
0 0.514637 0.350099 0.044231 0.038976
0 0.518749 0.281284 0.043126 0.038812
0 0.500369 0.749659 0.027871 0.039783
0 0.835190 0.966394 0.039370 0.047973
0 0.065132 0.811406 0.037270 0.049281
0 0.522196 0.214023 0.047327 0.036196
0 0.838078 0.923845 0.037159 0.047644
0 0.075230 0.687278 0.039254 0.030136
0 0.552171 0.545776 0.038260 0.031608
0 0.843132 0.841119 0.035498 0.039297
0 0.869512 0.427656 0.038038 0.028335
0 0.503483 0.498038 0.041910 0.037011
0 0.069014 0.770657 0.039037 0.043064
0 0.139690 0.486103 0.037159 0.047644
0 0.585926 0.805358 0.039593 0.051247
0 0.512639 0.379556 0.044454 0.042249
0 0.535071 0.797797 0.034948 0.047316
0 0.383845 0.730683 0.033398 0.040605
0 0.335543 0.685482 0.038043 0.044536
0 0.112760 0.142404 0.040148 0.059429
0 0.924857 0.393732 0.038154 0.046172
0 0.582983 0.848726 0.039259 0.046336
0 0.529850 0.882978 0.038265 0.047809
0 0.136361 0.526933 0.038043 0.044536
0 0.103545 0.269970 0.040587 0.049774
0 0.861847 0.548839 0.035831 0.044207
0 0.540180 0.714254 0.033842 0.047151
0 0.562555 0.384498 0.035942 0.045843
0 0.933975 0.218216 0.039926 0.056156
0 0.064566 0.856779 0.037934 0.051000
0 0.368805 0.178820 0.036386 0.052389
0 0.546341 0.631693 0.039482 0.049610
0 0.352090 0.433378 0.037159 0.047644
0 0.365143 0.224559 0.037048 0.046008
0 0.824264 0.337451 0.037270 0.049281
0 0.622569 0.265312 0.037159 0.047644
0 0.624959 0.221863 0.038376 0.049446
0 0.404052 0.441103 0.037159 0.047644
0 0.233569 0.624862 0.038154 0.046172
0 0.354977 0.390829 0.034948 0.047316
0 0.207976 0.244998 0.036053 0.047480
0 0.815881 0.461008 0.037159 0.047644
0 0.360585 0.308186 0.039482 0.049610
0 0.803547 0.667454 0.038487 0.051082
0 0.672705 0.275246 0.036164 0.049117
0 0.679587 0.182047 0.037492 0.052554
0 0.813049 0.502738 0.037270 0.049281
0 0.133530 0.568664 0.040587 0.049774
0 0.866958 0.465295 0.039593 0.051247
0 0.826598 0.294820 0.035942 0.045843
0 0.601686 0.597769 0.038265 0.047809
0 0.363417 0.266455 0.037159 0.047644
0 0.559890 0.423774 0.035942 0.045843
0 0.474067 0.149839 0.037492 0.052554
0 0.231788 0.667576 0.038154 0.046172
0 0.676422 0.228687 0.039593 0.051247
0 0.119981 0.776581 0.039482 0.049610
0 0.767193 0.413270 0.038376 0.049446
0 0.344093 0.559471 0.038265 0.047809
0 0.167774 0.105126 0.041581 0.048302
0 0.358418 0.348362 0.035831 0.044207
0 0.311954 0.259630 0.038376 0.049446
0 0.081569 0.560939 0.038376 0.049446
0 0.723616 0.281989 0.038265 0.047809
0 0.153959 0.275812 0.037270 0.049281
0 0.557612 0.465587 0.037159 0.047644
0 0.878559 0.302546 0.038376 0.049446
0 0.249275 0.418092 0.039593 0.051247
0 0.071404 0.727208 0.040698 0.051411
0 0.259992 0.251904 0.038376 0.049446
0 0.127756 0.653762 0.040365 0.046501
0 0.097938 0.352613 0.038265 0.047809
0 0.397669 0.526938 0.038376 0.049446
0 0.928862 0.310024 0.039482 0.049610
0 0.821322 0.380819 0.037159 0.047644
0 0.348707 0.475027 0.036164 0.049117
0 0.268931 0.120166 0.040698 0.051411
0 0.236843 0.584850 0.034726 0.044043
0 0.762250 0.494359 0.037381 0.050918
0 0.418154 0.233268 0.037159 0.047644
0 0.905259 0.682576 0.038487 0.051082
0 0.346925 0.517740 0.038154 0.046172
0 0.628124 0.175223 0.038487 0.051082
0 0.228901 0.710126 0.035942 0.045843
0 0.161833 0.192679 0.037270 0.049281
0 0.881005 0.258278 0.039482 0.049610
0 0.223902 0.792032 0.039482 0.049610
0 0.077286 0.648738 0.039593 0.051247
0 0.240227 0.543201 0.038154 0.046172
0 0.548897 0.585788 0.038376 0.049446
0 0.726005 0.238539 0.037270 0.049281
0 0.330599 0.766571 0.039482 0.049610
0 0.124924 0.695493 0.038265 0.047809
0 0.864015 0.508663 0.037048 0.046008
0 0.130587 0.612031 0.038265 0.047809
0 0.611907 0.430682 0.038265 0.047809
0 0.254938 0.334630 0.039593 0.051247
0 0.506592 0.452216 0.043020 0.053376
0 0.565387 0.342768 0.036053 0.047480
0 0.109595 0.189045 0.039148 0.044701
0 0.776185 0.288978 0.037270 0.049281
0 0.604020 0.555138 0.039370 0.047973
0 0.079732 0.604470 0.038265 0.047809
0 0.388732 0.650411 0.034948 0.047316
0 0.100714 0.311701 0.038043 0.044536
0 0.400612 0.483570 0.038265 0.047809
0 0.616795 0.350411 0.034726 0.044043
0 0.609517 0.474131 0.039259 0.046336
0 0.597805 0.638517 0.038265 0.047809
0 0.774515 0.330055 0.036826 0.042735
0 0.265877 0.165169 0.040587 0.049774
0 0.215133 0.155973 0.036386 0.052389
0 0.332934 0.723940 0.038154 0.046172
0 0.152067 0.320162 0.037270 0.049281
0 0.594476 0.679348 0.037159 0.047644
0 0.614628 0.390587 0.035942 0.045843
0 0.872618 0.390098 0.040920 0.054684
0 0.884722 0.211720 0.038487 0.051082
0 0.387063 0.691489 0.037159 0.047644
0 0.164831 0.148494 0.039482 0.049610
0 0.779239 0.243974 0.037381 0.050918
0 0.341151 0.602838 0.035942 0.045843
0 0.310228 0.301525 0.038265 0.047809
0 0.217464 0.878685 0.042798 0.050103
0 0.220406 0.835318 0.040476 0.048138
0 0.818601 0.420914 0.036826 0.042735
0 0.257161 0.293635 0.035831 0.044207
0 0.372905 0.900143 0.039482 0.049610
0 0.830150 0.250717 0.037492 0.052554
0 0.085506 0.519372 0.038043 0.044536
0 0.321055 0.890780 0.039704 0.052882
0 0.782237 0.199788 0.037381 0.050918
0 0.408498 0.359114 0.034948 0.047316
0 0.759196 0.539363 0.037270 0.049281
0 0.377739 0.812425 0.034948 0.047316
0 0.392117 0.608763 0.035942 0.045843
0 0.148185 0.360910 0.034837 0.045679
0 0.468567 0.239110 0.035831 0.044207
0 0.915921 0.517206 0.037159 0.047644
0 0.313238 0.216016 0.039148 0.044701
0 0.912536 0.558855 0.038154 0.046172
0 0.251442 0.377915 0.037932 0.042900
0 0.243003 0.502289 0.038376 0.049446
0 0.810273 0.543651 0.036826 0.042735
0 0.569658 0.296292 0.038598 0.052718
0 0.420101 0.188099 0.039704 0.052882
0 0.729779 0.191163 0.040809 0.053047
0 0.414769 0.274916 0.035942 0.045843
0 0.423986 0.139086 0.040809 0.053047
0 0.472063 0.195824 0.039482 0.049610
0 0.619571 0.309498 0.037159 0.047644
