0 0.454584 0.299902 0.034599 0.037135
0 0.473495 0.382139 0.030397 0.028798
0 0.468484 0.368306 0.033306 0.036756
0 0.561416 0.775135 0.028456 0.031072
0 0.447312 0.269015 0.036217 0.039030
0 0.477696 0.405067 0.028456 0.025388
0 0.250480 0.821895 0.039773 0.044335
0 0.481736 0.424016 0.032013 0.030693
0 0.303355 0.805606 0.034276 0.041304
0 0.198737 0.840267 0.032660 0.039410
0 0.325356 0.692868 0.037510 0.039409
0 0.294486 0.551322 0.043655 0.039786
0 0.286890 0.518920 0.043330 0.043956
0 0.695515 0.172982 0.042360 0.050778
0 0.317895 0.922139 0.042683 0.052294
0 0.301758 0.588650 0.045270 0.053051
0 0.272021 0.449188 0.042684 0.040924
0 0.838921 0.320228 0.044625 0.044335
0 0.831810 0.286878 0.044625 0.044335
0 0.263405 0.934069 0.047534 0.046607
0 0.440039 0.231687 0.034599 0.037135
0 0.278486 0.479506 0.042684 0.040924
0 0.248374 0.860359 0.044623 0.050019
0 0.255647 0.897687 0.047534 0.046607
0 0.309032 0.625979 0.044302 0.042819
0 0.779744 0.303735 0.040744 0.043198
0 0.434221 0.204401 0.033953 0.034103
0 0.302381 0.846155 0.040743 0.048883
0 0.317598 0.659708 0.044625 0.044335
0 0.309330 0.881968 0.043654 0.045471
0 0.209398 0.948273 0.050768 0.056082
0 0.817103 0.214684 0.044300 0.048503
0 0.846678 0.356609 0.042037 0.043577
0 0.172091 0.515493 0.043330 0.043956
0 0.194691 0.879300 0.047211 0.050777
0 0.825992 0.253150 0.042037 0.043577
0 0.765683 0.231352 0.043654 0.045471
0 0.332143 0.727924 0.047858 0.048124
0 0.772148 0.268112 0.041067 0.044714
0 0.140898 0.372431 0.044302 0.042819
0 0.164495 0.479870 0.043654 0.045471
0 0.756309 0.193833 0.044300 0.048503
0 0.203470 0.395178 0.046564 0.053430
0 0.148656 0.408813 0.044948 0.045850
0 0.133626 0.335102 0.047211 0.050777
0 0.157545 0.444058 0.045271 0.047366
0 0.263779 0.413755 0.048181 0.049639
0 0.256021 0.374152 0.046888 0.049260
0 0.444985 0.250371 0.027313 0.014451
