0 0.715667 0.360049 0.025539 0.033788
0 0.324640 0.636606 0.038653 0.046007
0 0.499359 0.681611 0.024199 0.032092
0 0.504109 0.398048 0.037911 0.033383
0 0.824649 0.371893 0.023921 0.027358
0 0.837893 0.402492 0.036479 0.030110
0 0.671853 0.359097 0.032832 0.031336
0 0.269374 0.638543 0.035511 0.034727
0 0.497160 0.708377 0.022582 0.025663
0 0.181551 0.469233 0.022953 0.031975
0 0.653314 0.674682 0.038189 0.038117
0 0.709390 0.456243 0.024107 0.030515
0 0.158020 0.400378 0.022767 0.028820
0 0.729336 0.554113 0.025260 0.029054
0 0.155496 0.432667 0.021428 0.027124
0 0.148491 0.786623 0.039343 0.036657
0 0.105482 0.590590 0.035604 0.036305
0 0.657022 0.611565 0.038189 0.038117
0 0.215179 0.600916 0.035604 0.036305
0 0.313660 0.802170 0.035604 0.036305
0 0.282444 0.416057 0.035511 0.034727
0 0.154815 0.689640 0.038189 0.038117
0 0.153596 0.465015 0.024199 0.032092
0 0.846465 0.469939 0.026878 0.035483
0 0.185974 0.404596 0.027063 0.038638
0 0.531731 0.856016 0.034172 0.033031
0 0.326684 0.580472 0.035511 0.034727
0 0.108613 0.526626 0.034264 0.034610
0 0.151638 0.754393 0.036758 0.034844
0 0.152869 0.722776 0.035511 0.034727
0 0.337431 0.418852 0.032925 0.032914
0 0.264857 0.704758 0.036943 0.037999
0 0.184074 0.436943 0.023921 0.027358
0 0.110466 0.495068 0.034264 0.034610
0 0.734244 0.491902 0.025353 0.030632
0 0.780289 0.433564 0.035418 0.033148
0 0.147168 0.819818 0.038097 0.036539
0 0.556079 0.473545 0.033018 0.034492
0 0.538570 0.728935 0.035326 0.031571
0 0.736768 0.459613 0.026878 0.035483
0 0.781658 0.399580 0.037314 0.044311
0 0.449559 0.398467 0.037314 0.044311
0 0.715017 0.584498 0.038282 0.039694
0 0.535532 0.791321 0.033986 0.029876
0 0.276882 0.510732 0.035511 0.034727
0 0.731814 0.522613 0.024199 0.032092
0 0.280682 0.446037 0.035511 0.034727
0 0.107382 0.558244 0.035511 0.034727
0 0.274405 0.542231 0.036758 0.034844
0 0.531124 0.887692 0.031864 0.035953
0 0.877662 0.632333 0.035696 0.037882
0 0.661399 0.547718 0.034172 0.033031
0 0.890202 0.408209 0.037128 0.041156
0 0.889986 0.443889 0.038097 0.036539
0 0.217749 0.567839 0.034357 0.036187
0 0.614635 0.415591 0.033018 0.034492
0 0.880747 0.569158 0.034264 0.034610
0 0.823468 0.594706 0.035789 0.039460
0 0.551748 0.536604 0.031771 0.034375
0 0.114313 0.429584 0.034172 0.033031
0 0.219603 0.536280 0.034172 0.033031
0 0.668861 0.420695 0.034264 0.034610
0 0.259296 0.799433 0.036943 0.037999
0 0.773434 0.528911 0.035696 0.037882
0 0.206971 0.761982 0.035604 0.036305
0 0.879516 0.600774 0.035511 0.034727
0 0.392764 0.426441 0.034635 0.040921
0 0.339955 0.386564 0.034450 0.037765
0 0.560019 0.406484 0.038653 0.046007
0 0.776050 0.495044 0.034172 0.033031
0 0.547948 0.601299 0.034264 0.034610
0 0.542947 0.665087 0.036850 0.036422
0 0.818297 0.693385 0.036943 0.037999
0 0.222610 0.506417 0.034172 0.033031
0 0.213948 0.632533 0.036850 0.036422
0 0.111836 0.461084 0.033111 0.036070
0 0.116121 0.398815 0.034264 0.034610
0 0.706170 0.713770 0.038468 0.042851
0 0.777858 0.464274 0.036758 0.034844
0 0.663876 0.516218 0.033111 0.036070
0 0.272458 0.575368 0.036943 0.037999
0 0.162231 0.563406 0.035511 0.034727
0 0.537385 0.759762 0.036850 0.036422
0 0.117351 0.367197 0.035511 0.034727
0 0.159707 0.595694 0.036850 0.036422
0 0.612782 0.447150 0.035696 0.037882
0 0.212579 0.666517 0.038189 0.038117
0 0.229057 0.375332 0.034542 0.039342
0 0.334208 0.484395 0.036943 0.037999
0 0.545471 0.632799 0.035696 0.037882
0 0.541047 0.697435 0.036943 0.037999
0 0.553648 0.504257 0.034172 0.033031
0 0.665776 0.483870 0.035511 0.034727
0 0.328630 0.547335 0.035696 0.037882
0 0.336154 0.451258 0.034450 0.037765
0 0.278159 0.478326 0.036850 0.036422
0 0.226457 0.440933 0.031771 0.034375
0 0.227688 0.409316 0.033018 0.034492
0 0.119344 0.333272 0.038282 0.039694
0 0.283813 0.382073 0.037221 0.042733
0 0.549178 0.569681 0.033018 0.034492
0 0.224511 0.474069 0.034450 0.037765
0 0.533008 0.823609 0.038375 0.041273
0 0.667053 0.451465 0.036850 0.036422
0 0.164177 0.530270 0.038189 0.038117
0 0.164158 0.306551 0.024107 0.030515
0 0.192391 0.306035 0.022860 0.030397
0 0.479365 0.797934 0.030339 0.031101
0 0.098020 0.717614 0.033018 0.034492
0 0.325891 0.615303 0.036067 0.044194
0 0.669653 0.385864 0.034635 0.040921
0 0.618436 0.350897 0.035326 0.031571
0 0.500911 0.452487 0.038189 0.038117
0 0.702473 0.520644 0.025539 0.033788
0 0.095543 0.749113 0.036758 0.034844
0 0.709970 0.649076 0.035604 0.036305
0 0.726094 0.395936 0.033203 0.037647
0 0.706336 0.486895 0.023828 0.025781
0 0.651367 0.707819 0.035696 0.037882
0 0.173585 0.370111 0.035418 0.033148
0 0.103005 0.622091 0.034357 0.036187
0 0.319845 0.707553 0.036850 0.036422
0 0.331823 0.514316 0.032832 0.031336
0 0.317368 0.739053 0.035604 0.036305
0 0.256197 0.862845 0.035298 0.031097
0 0.257349 0.832569 0.034264 0.034610
0 0.210589 0.697833 0.033958 0.029386
0 0.208322 0.728313 0.036906 0.037368
0 0.310553 0.865740 0.036618 0.032477
0 0.099878 0.685976 0.035520 0.034884
0 0.101751 0.654102 0.035465 0.033937
0 0.822098 0.628690 0.036758 0.034844
0 0.813370 0.531876 0.023138 0.035131
0 0.176063 0.338611 0.034357 0.036187
0 0.261242 0.766297 0.036758 0.034844
0 0.091165 0.812961 0.038097 0.036539
0 0.835415 0.433993 0.038282 0.039694
0 0.711777 0.618306 0.035511 0.034727
0 0.312960 0.835424 0.035604 0.036305
0 0.885747 0.505370 0.034172 0.033031
0 0.263050 0.735527 0.036665 0.033266
0 0.647613 0.771724 0.035604 0.036305
0 0.655791 0.643183 0.036758 0.034844
0 0.708162 0.679845 0.035511 0.034727
0 0.658922 0.579218 0.035418 0.033148
0 0.266850 0.670832 0.039343 0.036657
0 0.316184 0.769881 0.034264 0.034610
0 0.158476 0.627312 0.035604 0.036305
0 0.394226 0.390879 0.030617 0.035835
0 0.179697 0.500790 0.025260 0.029054
0 0.888039 0.477026 0.035418 0.033148
0 0.156669 0.658081 0.038004 0.034962
0 0.502643 0.661984 0.021653 0.014074
0 0.501539 0.647068 0.021570 0.016028
0 0.504940 0.631736 0.021388 0.018223
0 0.504171 0.616012 0.018870 0.017563
0 0.504377 0.598848 0.019314 0.018766
0 0.496086 0.548382 0.029764 0.012232
0 0.508958 0.343138 0.038410 0.039534
0 0.742095 0.365416 0.026416 0.031627
0 0.852580 0.373856 0.024870 0.031497
0 0.506367 0.581518 0.021307 0.020836
0 0.503156 0.424932 0.036294 0.026954
0 0.498848 0.508936 0.032591 0.027233
0 0.497504 0.531815 0.037485 0.026125
0 0.506931 0.371340 0.037355 0.023916
0 0.557933 0.441987 0.035511 0.034727
0 0.883894 0.536927 0.034172 0.033031
0 0.322369 0.675265 0.038189 0.038117
0 0.818464 0.466510 0.022860 0.030397
0 0.616675 0.380877 0.033203 0.037647
0 0.844611 0.501498 0.024014 0.028937
0 0.839610 0.565286 0.026600 0.030749
0 0.816033 0.497220 0.021521 0.028702
0 0.271181 0.607774 0.032925 0.032914
0 0.489740 0.856030 0.022489 0.024086
0 0.648267 0.739260 0.035696 0.037882
0 0.087972 0.845980 0.040590 0.036774
0 0.842088 0.533786 0.025353 0.030632
0 0.094312 0.780730 0.035511 0.034727
0 0.488834 0.882124 0.024014 0.028937
0 0.723663 0.426647 0.034172 0.033031
0 0.399042 0.330246 0.035882 0.041038
0 0.396657 0.360168 0.036387 0.028532
0 0.819667 0.659401 0.035418 0.033148
