0 0.504074 0.754543 0.024006 0.026813
0 0.502323 0.734281 0.024426 0.031676
0 0.110018 0.776298 0.025808 0.035124
0 0.494138 0.496978 0.042342 0.038214
0 0.057971 0.413773 0.027190 0.038572
0 0.824409 0.689740 0.038634 0.045495
0 0.102874 0.693629 0.026368 0.041608
0 0.831622 0.773218 0.036289 0.043462
0 0.939706 0.799140 0.039876 0.047322
0 0.089892 0.822061 0.024846 0.036539
0 0.482471 0.381388 0.041100 0.036387
0 0.105999 0.859406 0.039596 0.044080
0 0.328503 0.362394 0.037531 0.045289
0 0.063732 0.493406 0.027190 0.038572
0 0.937307 0.758410 0.040156 0.050564
0 0.096352 0.611669 0.024566 0.033297
0 0.106997 0.734861 0.024846 0.036539
0 0.341206 0.528851 0.036569 0.046704
0 0.115795 0.817220 0.026228 0.039987
0 0.790694 0.280140 0.037671 0.046909
0 0.817615 0.611124 0.041539 0.054011
0 0.943418 0.842096 0.040296 0.052184
0 0.082748 0.739392 0.024566 0.033297
0 0.054680 0.375681 0.025126 0.039781
0 0.828671 0.732592 0.040717 0.057047
0 0.078625 0.698161 0.023884 0.037954
0 0.822359 0.653062 0.038494 0.043874
0 0.101508 0.651883 0.023744 0.036333
0 0.066342 0.536567 0.027331 0.040193
0 0.072584 0.615287 0.023604 0.034712
0 0.079340 0.369426 0.024024 0.039575
0 0.927212 0.635115 0.038774 0.047116
0 0.085699 0.780019 0.026228 0.039987
0 0.091483 0.529398 0.024986 0.038160
0 0.217034 0.925953 0.037951 0.050151
0 0.931126 0.673915 0.039876 0.047322
0 0.313361 0.822302 0.035187 0.043256
0 0.089084 0.488669 0.024986 0.038160
0 0.076226 0.657431 0.026368 0.041608
0 0.560512 0.655876 0.036569 0.046704
0 0.060301 0.453693 0.025126 0.039781
0 0.069152 0.575573 0.025948 0.036745
0 0.470528 0.217260 0.043584 0.040041
0 0.933665 0.716266 0.040156 0.050564
0 0.442202 0.511624 0.040156 0.050564
0 0.210371 0.842372 0.036429 0.045083
0 0.915877 0.510404 0.037671 0.046909
0 0.221390 0.341233 0.035327 0.044877
0 0.750636 0.412808 0.035467 0.046498
0 0.733329 0.206033 0.040838 0.045907
0 0.309729 0.786744 0.038774 0.047116
0 0.629027 0.223878 0.035607 0.048119
0 0.453740 0.632179 0.037531 0.045289
0 0.832056 0.143111 0.036989 0.051566
0 0.753106 0.454348 0.037811 0.048530
0 0.676569 0.171344 0.039054 0.050358
0 0.457381 0.674324 0.040296 0.052184
0 0.624623 0.179404 0.034645 0.049534
0 0.200278 0.719076 0.035327 0.044877
0 0.233884 0.505258 0.038354 0.042253
0 0.420413 0.849239 0.041118 0.049149
0 0.228393 0.422281 0.033122 0.044465
0 0.697317 0.424419 0.038774 0.047116
0 0.836048 0.189309 0.039054 0.050358
0 0.617597 0.726740 0.037811 0.048530
0 0.416702 0.806285 0.039054 0.050358
0 0.248171 0.670595 0.038914 0.048737
0 0.362567 0.776046 0.041118 0.049149
0 0.728445 0.162473 0.037269 0.054808
0 0.690515 0.339216 0.037811 0.048530
0 0.252759 0.749623 0.041258 0.050769
0 0.354732 0.691860 0.035327 0.044877
0 0.129115 0.485306 0.036709 0.048324
0 0.707202 0.545282 0.037811 0.048530
0 0.401934 0.641861 0.037811 0.048530
0 0.169654 0.351725 0.037951 0.050151
0 0.620688 0.768988 0.038914 0.048737
0 0.388128 0.475610 0.036289 0.043462
0 0.189772 0.597505 0.035607 0.048119
0 0.647841 0.474019 0.036709 0.048324
0 0.331043 0.404745 0.037811 0.048530
0 0.604622 0.563628 0.037671 0.046909
0 0.523762 0.243549 0.036989 0.051566
0 0.299836 0.659293 0.038914 0.048737
0 0.763199 0.577644 0.041118 0.049149
0 0.273265 0.332363 0.035467 0.046498
0 0.433140 0.387313 0.034224 0.044671
0 0.179127 0.474313 0.037811 0.048530
0 0.371581 0.271164 0.037129 0.053187
0 0.421664 0.260981 0.037811 0.048530
0 0.695880 0.381863 0.039054 0.050358
0 0.241648 0.588634 0.039876 0.047322
0 0.125473 0.443161 0.036709 0.048324
0 0.187303 0.555964 0.037671 0.046909
0 0.601602 0.522192 0.038914 0.048737
0 0.736279 0.246661 0.037811 0.048530
0 0.245149 0.629158 0.040156 0.050564
0 0.587865 0.356751 0.037531 0.045289
0 0.269143 0.291131 0.034505 0.047913
0 0.257643 0.793183 0.041258 0.050769
0 0.196364 0.680276 0.036429 0.045083
0 0.321430 0.280536 0.037951 0.050151
0 0.739370 0.288908 0.036709 0.048324
0 0.375433 0.315741 0.036429 0.045083
0 0.237936 0.545679 0.038091 0.051772
0 0.542101 0.449307 0.040016 0.048943
0 0.337565 0.486706 0.036569 0.046704
0 0.367636 0.854160 0.040296 0.052184
0 0.418363 0.216302 0.039334 0.053599
0 0.576670 0.233662 0.039194 0.051979
0 0.345260 0.569272 0.037671 0.046909
0 0.580382 0.276618 0.038774 0.047116
0 0.476397 0.285178 0.045817 0.040777
0 0.136029 0.564410 0.040551 0.055134
0 0.572196 0.188378 0.035887 0.051360
0 0.906404 0.387816 0.040016 0.048943
0 0.635549 0.305839 0.036289 0.043462
0 0.521012 0.198767 0.034645 0.049534
0 0.902210 0.345775 0.038914 0.048737
0 0.409078 0.724529 0.037811 0.048530
0 0.704040 0.502225 0.036569 0.046704
0 0.569503 0.779377 0.037671 0.046909
0 0.780661 0.151068 0.040296 0.052184
0 0.716815 0.669491 0.039876 0.047322
0 0.607092 0.605169 0.037811 0.048530
0 0.756678 0.495683 0.039876 0.047322
0 0.562981 0.697415 0.036709 0.048324
0 0.743493 0.330139 0.035467 0.046498
0 0.846001 0.310983 0.039876 0.047322
0 0.251121 0.711222 0.039736 0.045701
0 0.463283 0.755578 0.037811 0.048530
0 0.680211 0.213489 0.036569 0.046704
0 0.710773 0.586617 0.037671 0.046909
0 0.317438 0.234339 0.040577 0.055426
0 0.683852 0.255634 0.034365 0.046292
0 0.556388 0.614644 0.038091 0.051772
0 0.348280 0.610709 0.036429 0.045083
0 0.392181 0.516031 0.035747 0.049739
0 0.412509 0.764242 0.039876 0.047322
0 0.315971 0.865462 0.040296 0.052184
0 0.490496 0.454832 0.043743 0.054423
0 0.447497 0.553461 0.038774 0.047116
0 0.307740 0.744290 0.040156 0.050564
0 0.284462 0.455452 0.038774 0.047116
0 0.358303 0.733194 0.040156 0.050564
0 0.266113 0.243107 0.039614 0.056841
0 0.230793 0.463011 0.038091 0.051772
0 0.398773 0.598802 0.038774 0.047116
0 0.192793 0.638942 0.039054 0.050358
0 0.368071 0.224053 0.038511 0.056635
0 0.324520 0.322784 0.038774 0.047116
0 0.276697 0.372075 0.037811 0.048530
0 0.747135 0.372284 0.037951 0.050151
0 0.280338 0.414220 0.037811 0.048530
0 0.381816 0.396080 0.037671 0.046909
0 0.286240 0.495474 0.037531 0.045289
0 0.384766 0.436708 0.038774 0.047116
0 0.440213 0.469171 0.036569 0.046704
0 0.529127 0.286196 0.037671 0.046909
0 0.583332 0.317244 0.037671 0.046909
0 0.175485 0.432168 0.037811 0.048530
0 0.646474 0.432273 0.036569 0.046704
0 0.535720 0.368967 0.038774 0.047116
0 0.295783 0.618872 0.037811 0.048530
0 0.394721 0.558382 0.039876 0.047322
0 0.638980 0.345552 0.036709 0.048324
0 0.182699 0.515646 0.037671 0.046909
0 0.378865 0.355453 0.038774 0.047116
0 0.426478 0.303731 0.037951 0.050151
0 0.304028 0.701335 0.040016 0.048943
0 0.591367 0.397276 0.037811 0.048530
0 0.289811 0.536808 0.037951 0.050151
0 0.406127 0.683903 0.038914 0.048737
0 0.642832 0.390129 0.039054 0.050358
0 0.631015 0.266332 0.041118 0.049149
0 0.593977 0.440436 0.037951 0.050151
0 0.121421 0.402740 0.033122 0.044465
0 0.909284 0.427633 0.038494 0.043874
0 0.780918 0.782694 0.038774 0.047116
0 0.112872 0.945419 0.041258 0.050769
0 0.731372 0.831484 0.038494 0.043874
0 0.787099 0.867190 0.038774 0.047116
0 0.919308 0.550118 0.037811 0.048530
0 0.464995 0.153233 0.045929 0.042073
0 0.474548 0.879478 0.034645 0.049534
0 0.109570 0.900739 0.040016 0.048943
0 0.834712 0.815466 0.040436 0.053805
0 0.467727 0.184842 0.043865 0.043283
0 0.923020 0.593073 0.040156 0.050564
0 0.631543 0.894612 0.039334 0.053599
0 0.783939 0.824131 0.040296 0.052184
0 0.778038 0.742878 0.040016 0.048943
0 0.801961 0.404040 0.038914 0.048737
0 0.220816 0.969719 0.042361 0.050975
0 0.576576 0.861235 0.038091 0.051772
0 0.532008 0.326011 0.038634 0.045495
0 0.628933 0.851451 0.036709 0.048324
0 0.094364 0.569214 0.026509 0.043229
0 0.082150 0.408431 0.025126 0.039781
0 0.114790 0.981296 0.040016 0.037409
0 0.774396 0.700733 0.040016 0.048943
0 0.374649 0.941795 0.039194 0.051979
0 0.581390 0.903984 0.037671 0.046909
0 0.894516 0.263209 0.037531 0.045289
0 0.157959 0.216375 0.038651 0.058256
0 0.728632 0.793288 0.039736 0.045701
0 0.471528 0.838040 0.033122 0.044465
0 0.207079 0.804279 0.038774 0.047116
0 0.261144 0.833707 0.038494 0.043874
0 0.572935 0.819090 0.035327 0.044877
0 0.911683 0.468363 0.041258 0.050769
0 0.770203 0.658691 0.038914 0.048737
0 0.566963 0.737026 0.037671 0.046909
0 0.119362 0.359476 0.032721 0.052364
0 0.372040 0.898634 0.039054 0.050358
0 0.173156 0.392248 0.035187 0.043256
0 0.720867 0.709912 0.038774 0.047116
0 0.734673 0.876163 0.038371 0.055014
0 0.655255 0.553343 0.035327 0.044877
0 0.810882 0.526731 0.037671 0.046909
0 0.271589 0.961055 0.040016 0.048943
0 0.132958 0.523295 0.034906 0.040014
0 0.429088 0.346892 0.038091 0.051772
0 0.686873 0.297071 0.037811 0.048530
0 0.886541 0.177402 0.038634 0.045495
0 0.838634 0.860853 0.042361 0.050975
0 0.883451 0.135154 0.038091 0.051772
0 0.651273 0.513733 0.031880 0.042638
0 0.766221 0.619081 0.037671 0.046909
0 0.614646 0.686113 0.034224 0.044671
0 0.552676 0.571689 0.037391 0.043668
0 0.320304 0.909125 0.041399 0.052390
0 0.364756 0.814345 0.038494 0.043874
0 0.427076 0.932822 0.039876 0.047322
0 0.161679 0.265917 0.036849 0.049945
0 0.797698 0.361188 0.037951 0.050151
0 0.324497 0.951168 0.039736 0.045701
0 0.268909 0.917083 0.040016 0.048943
0 0.474021 0.251197 0.045247 0.046730
0 0.815006 0.567962 0.038914 0.048737
0 0.264716 0.875041 0.038914 0.048737
0 0.086063 0.447231 0.024024 0.039575
0 0.806293 0.447703 0.037811 0.048530
0 0.808553 0.486812 0.037531 0.045289
0 0.214424 0.882792 0.037811 0.048530
0 0.467545 0.798430 0.036569 0.046704
0 0.783892 0.194937 0.038914 0.048737
0 0.658827 0.594677 0.035747 0.049739
0 0.880491 0.087941 0.040296 0.052184
0 0.476677 0.923553 0.039876 0.047322
0 0.842500 0.270459 0.039876 0.047322
0 0.436091 0.427940 0.035327 0.044877
0 0.422813 0.889969 0.038914 0.048737
0 0.224891 0.381756 0.035607 0.048119
0 0.714345 0.627952 0.040016 0.048943
0 0.897878 0.302112 0.037811 0.048530
0 0.460331 0.714951 0.038634 0.045495
0 0.794056 0.319043 0.039876 0.047322
0 0.450928 0.593173 0.038634 0.045495
0 0.598721 0.482375 0.037671 0.046909
0 0.352333 0.651130 0.037531 0.045289
0 0.549455 0.534407 0.037391 0.043668
0 0.213205 0.252994 0.041819 0.057253
0 0.624880 0.811029 0.035327 0.044877
0 0.839620 0.230643 0.036429 0.045083
0 0.611215 0.646400 0.036569 0.046704
0 0.217818 0.299899 0.040156 0.050564
0 0.672096 0.126061 0.038231 0.053393
0 0.725060 0.751954 0.040156 0.050564
0 0.293313 0.577332 0.033262 0.046086
0 0.333441 0.445475 0.037531 0.045289
0 0.546023 0.494694 0.042501 0.052596
0 0.203919 0.761220 0.038091 0.051772
0 0.700679 0.463322 0.038774 0.047116
0 0.891425 0.220962 0.041399 0.052390
0 0.849853 0.355560 0.040577 0.055426
0 0.787123 0.238806 0.040296 0.052184
0 0.165942 0.308769 0.037811 0.048530
0 0.759628 0.536309 0.038774 0.047116
0 0.539081 0.407870 0.036289 0.043462
0 0.480353 0.350407 0.044672 0.040084
0 0.477558 0.318068 0.044967 0.043488
