0 0.655335 0.294046 0.035981 0.045230
0 0.448949 0.666151 0.034885 0.046854
0 0.654383 0.335216 0.034806 0.038617
0 0.504725 0.182935 0.043678 0.037159
0 0.505066 0.147517 0.048107 0.035605
0 0.655185 0.252028 0.034790 0.036970
0 0.810185 0.253667 0.033679 0.036947
0 0.809946 0.336043 0.036981 0.033723
0 0.504001 0.315552 0.042583 0.038782
0 0.502963 0.250449 0.043678 0.037159
0 0.504476 0.381467 0.044741 0.032240
0 0.504383 0.218351 0.045853 0.032264
0 0.758808 0.338254 0.034758 0.033676
0 0.502452 0.533828 0.032568 0.036923
0 0.504762 0.351816 0.042520 0.032193
0 0.513116 0.753187 0.022442 0.023533
0 0.603808 0.336616 0.033711 0.040242
0 0.503748 0.284242 0.041409 0.032169
0 0.502825 0.495117 0.039282 0.042006
0 0.551739 0.665859 0.033759 0.045183
0 0.654525 0.378057 0.035981 0.045230
0 0.808994 0.377213 0.035997 0.046878
0 0.503238 0.452288 0.041536 0.045348
0 0.706457 0.293483 0.033790 0.048478
0 0.758642 0.297884 0.031505 0.041841
0 0.654503 0.207528 0.034949 0.053443
0 0.512759 0.732584 0.023569 0.025204
0 0.912713 0.338222 0.035807 0.027110
0 0.449940 0.620862 0.033790 0.048478
0 0.551073 0.619711 0.033790 0.048478
0 0.604213 0.294610 0.031505 0.041841
0 0.451578 0.335860 0.035981 0.045230
0 0.759079 0.252584 0.035997 0.046878
0 0.912412 0.254188 0.038219 0.046925
0 0.704962 0.621326 0.034901 0.048501
0 0.705996 0.341254 0.036013 0.048525
0 0.912524 0.300323 0.032632 0.043513
0 0.453134 0.289759 0.031537 0.045136
0 0.604642 0.250134 0.033759 0.045183
0 0.551464 0.291021 0.034885 0.046854
0 0.706192 0.666661 0.038187 0.043630
0 0.860465 0.340409 0.035965 0.043583
0 0.705953 0.749037 0.037108 0.046902
0 0.860894 0.295933 0.033806 0.050125
0 0.705231 0.708655 0.034838 0.041912
0 0.551591 0.335509 0.031521 0.043489
0 0.809224 0.295661 0.037092 0.045254
0 0.810066 0.208355 0.034965 0.055091
