0 0.486250 0.630063 0.020000 0.019620
0 0.499375 0.560206 0.033750 0.015665
0 0.499375 0.378956 0.036250 0.023734
0 0.487250 0.668513 0.019500 0.020570
0 0.488125 0.650316 0.021250 0.018987
0 0.886875 0.856092 0.031250 0.038133
0 0.499375 0.517247 0.031250 0.025000
0 0.498750 0.345016 0.035000 0.022310
0 0.720000 0.571994 0.030000 0.026899
0 0.487500 0.708861 0.022500 0.022152
0 0.336250 0.514241 0.032500 0.028481
0 0.114375 0.543513 0.031250 0.030063
0 0.831250 0.882120 0.032500 0.030063
0 0.830625 0.723892 0.033750 0.036392
0 0.887500 0.662975 0.032500 0.034810
0 0.720000 0.549051 0.032500 0.047468
0 0.886875 0.505538 0.028750 0.033228
0 0.115000 0.727057 0.030000 0.030063
0 0.886875 0.632911 0.031250 0.034810
0 0.280625 0.481013 0.033750 0.025316
0 0.555625 0.757911 0.033750 0.031646
0 0.170625 0.758703 0.033750 0.033228
0 0.335000 0.534810 0.035000 0.044304
0 0.886875 0.477848 0.031250 0.031646
0 0.170000 0.512658 0.032500 0.031646
0 0.486875 0.609968 0.018750 0.020570
0 0.490000 0.855222 0.020000 0.020570
0 0.886875 0.603639 0.033750 0.026899
0 0.115000 0.885285 0.035000 0.033228
0 0.170625 0.544304 0.033750 0.031646
0 0.501875 0.799051 0.028750 0.028481
0 0.170000 0.727057 0.035000 0.033228
0 0.555625 0.727057 0.031250 0.030063
0 0.499375 0.465190 0.033750 0.034810
0 0.116250 0.758703 0.035000 0.033228
0 0.555625 0.790348 0.033750 0.036392
0 0.280000 0.417722 0.032500 0.031646
0 0.487500 0.589399 0.020000 0.023734
0 0.610000 0.787184 0.032500 0.033228
0 0.830625 0.757120 0.033750 0.033228
0 0.775625 0.852057 0.031250 0.033228
0 0.831875 0.697785 0.031250 0.031646
0 0.170000 0.606013 0.032500 0.028481
0 0.888125 0.573576 0.033750 0.033228
0 0.115000 0.821994 0.035000 0.030063
0 0.115000 0.852057 0.035000 0.033228
0 0.555000 0.698576 0.030000 0.030063
0 0.170000 0.854430 0.032500 0.028481
0 0.114375 0.698576 0.033750 0.030063
0 0.487500 0.879747 0.020000 0.025316
0 0.555625 0.820411 0.031250 0.030063
0 0.225625 0.757911 0.033750 0.031646
0 0.554375 0.415348 0.031250 0.030063
0 0.609375 0.446203 0.033750 0.031646
0 0.609375 0.541139 0.031250 0.028481
0 0.281250 0.852057 0.032500 0.033228
0 0.446250 0.882911 0.032500 0.031646
0 0.391250 0.695411 0.032500 0.030063
0 0.830000 0.477848 0.032500 0.031646
0 0.776250 0.787975 0.035000 0.031646
0 0.445625 0.634494 0.031250 0.028481
0 0.775625 0.632911 0.031250 0.028481
0 0.830625 0.412975 0.033750 0.037975
0 0.114375 0.636867 0.036250 0.033228
0 0.225000 0.513449 0.032500 0.030063
0 0.281250 0.727057 0.032500 0.030063
0 0.225625 0.821203 0.033750 0.031646
0 0.446875 0.789557 0.033750 0.031646
0 0.226250 0.853639 0.035000 0.033228
0 0.390625 0.851266 0.033750 0.031646
0 0.390625 0.788766 0.033750 0.030063
0 0.335000 0.414557 0.032500 0.031646
0 0.115000 0.420095 0.035000 0.033228
0 0.555000 0.542722 0.032500 0.031646
0 0.280625 0.696994 0.031250 0.033228
0 0.445000 0.513449 0.032500 0.030063
0 0.555000 0.382911 0.032500 0.034810
0 0.721250 0.757120 0.035000 0.033228
0 0.776250 0.540348 0.032500 0.030063
0 0.719375 0.444620 0.031250 0.031646
0 0.337500 0.883703 0.032500 0.030063
0 0.719375 0.477057 0.031250 0.036392
0 0.721250 0.664557 0.032500 0.031646
0 0.831250 0.604430 0.032500 0.031646
0 0.445625 0.851266 0.031250 0.031646
0 0.831250 0.541139 0.032500 0.031646
0 0.720625 0.601266 0.031250 0.031646
0 0.720625 0.695411 0.033750 0.033228
0 0.610000 0.479430 0.032500 0.031646
0 0.225000 0.574367 0.035000 0.028481
0 0.280625 0.604430 0.033750 0.028481
0 0.225000 0.448576 0.032500 0.030063
0 0.775000 0.663766 0.032500 0.033228
0 0.281250 0.820411 0.032500 0.030063
0 0.776250 0.571203 0.032500 0.031646
0 0.336250 0.666139 0.032500 0.031646
0 0.610625 0.511076 0.031250 0.031646
0 0.775625 0.695411 0.033750 0.033228
0 0.170000 0.481804 0.035000 0.030063
0 0.775625 0.602848 0.033750 0.031646
0 0.555000 0.666930 0.030000 0.033228
0 0.225625 0.544304 0.033750 0.031646
0 0.391250 0.882911 0.032500 0.031646
0 0.775000 0.445411 0.032500 0.030063
0 0.224375 0.417722 0.033750 0.031646
0 0.609375 0.603639 0.033750 0.030063
0 0.665000 0.511867 0.032500 0.030063
0 0.280000 0.542722 0.032500 0.031646
0 0.335000 0.573576 0.032500 0.030063
0 0.335000 0.757120 0.032500 0.030063
0 0.445000 0.481013 0.032500 0.034810
0 0.610625 0.696994 0.033750 0.033228
0 0.610000 0.413766 0.035000 0.033228
0 0.390625 0.382911 0.031250 0.034810
0 0.445625 0.382120 0.033750 0.033228
0 0.390625 0.758703 0.031250 0.030063
0 0.665625 0.542722 0.033750 0.031646
0 0.498706 0.438750 0.031713 0.016329
0 0.500319 0.421400 0.032788 0.018370
0 0.498169 0.401669 0.034937 0.021092
0 0.499781 0.365949 0.032788 0.017690
0 0.499650 0.540918 0.027900 0.020316
0 0.486950 0.689264 0.020525 0.018054
0 0.610000 0.663766 0.032500 0.030063
0 0.170625 0.576741 0.033750 0.033228
0 0.888125 0.787975 0.033750 0.031646
0 0.170000 0.697785 0.035000 0.028481
0 0.170625 0.791139 0.031250 0.031646
0 0.225625 0.697785 0.033750 0.031646
0 0.610000 0.757120 0.035000 0.033228
0 0.114375 0.511076 0.031250 0.031646
0 0.225625 0.727848 0.033750 0.031646
0 0.114375 0.667722 0.033750 0.031646
0 0.888125 0.821203 0.033750 0.034810
0 0.775000 0.883703 0.032500 0.030063
0 0.831875 0.788766 0.036250 0.033228
0 0.280000 0.508703 0.035000 0.036392
0 0.888125 0.726266 0.031250 0.028481
0 0.831250 0.663766 0.030000 0.030063
0 0.169375 0.885285 0.033750 0.030063
0 0.225625 0.885285 0.036250 0.030063
0 0.555625 0.852057 0.033750 0.030063
0 0.720625 0.725475 0.033750 0.030063
0 0.775000 0.724684 0.032500 0.028481
0 0.610000 0.819620 0.035000 0.031646
0 0.609375 0.882911 0.036250 0.031646
0 0.775625 0.822785 0.033750 0.034810
0 0.888125 0.756329 0.033750 0.031646
0 0.170000 0.635285 0.032500 0.030063
0 0.555000 0.882911 0.032500 0.031646
0 0.888125 0.695411 0.031250 0.033228
0 0.719375 0.882120 0.038750 0.030063
0 0.831250 0.852848 0.035000 0.034810
0 0.115000 0.791930 0.035000 0.033228
0 0.168750 0.382911 0.032500 0.034810
0 0.446250 0.820411 0.030000 0.030063
0 0.115000 0.606013 0.035000 0.028481
0 0.830000 0.446994 0.032500 0.030063
0 0.225000 0.667722 0.032500 0.031646
0 0.225625 0.788766 0.033750 0.033228
0 0.336875 0.694620 0.031250 0.028481
0 0.720000 0.852848 0.035000 0.031646
0 0.170000 0.822785 0.032500 0.031646
0 0.831875 0.635285 0.031250 0.033228
0 0.886875 0.445411 0.033750 0.033228
0 0.281250 0.884494 0.032500 0.031646
0 0.445000 0.414557 0.032500 0.031646
0 0.720625 0.510285 0.031250 0.030063
0 0.831250 0.573576 0.032500 0.033228
0 0.609375 0.635285 0.033750 0.033228
0 0.115000 0.450949 0.035000 0.028481
0 0.114375 0.575158 0.033750 0.033228
0 0.114375 0.480222 0.033750 0.033228
0 0.280000 0.665348 0.032500 0.030063
0 0.170625 0.417722 0.033750 0.031646
0 0.610000 0.852057 0.035000 0.033228
0 0.720625 0.787975 0.033750 0.031646
0 0.719375 0.407437 0.033750 0.036392
0 0.445000 0.542722 0.032500 0.028481
0 0.225000 0.603639 0.032500 0.030063
0 0.280625 0.789557 0.033750 0.031646
0 0.720000 0.820411 0.032500 0.033228
0 0.225000 0.636076 0.032500 0.031646
0 0.115625 0.385285 0.036250 0.036392
0 0.279375 0.386076 0.036250 0.041139
0 0.831875 0.819620 0.036250 0.031646
0 0.610625 0.727057 0.033750 0.030063
0 0.665000 0.574367 0.035000 0.034810
0 0.609375 0.380538 0.033750 0.033228
0 0.555625 0.574367 0.031250 0.031646
0 0.336250 0.820411 0.032500 0.030063
0 0.280625 0.758703 0.033750 0.033228
0 0.280625 0.575158 0.033750 0.030063
0 0.169375 0.449367 0.033750 0.031646
0 0.335625 0.636076 0.033750 0.028481
0 0.609375 0.571994 0.033750 0.033228
0 0.390625 0.820411 0.033750 0.033228
0 0.391875 0.634494 0.031250 0.028481
0 0.776250 0.509494 0.032500 0.031646
0 0.775625 0.411392 0.033750 0.034810
0 0.555000 0.635285 0.032500 0.030063
0 0.888125 0.539557 0.033750 0.034810
0 0.169375 0.667722 0.033750 0.034810
0 0.555000 0.605222 0.030000 0.030063
0 0.390000 0.571994 0.032500 0.030063
0 0.720625 0.632911 0.031250 0.031646
0 0.336250 0.788766 0.032500 0.033228
0 0.335625 0.725475 0.031250 0.033228
0 0.336875 0.852057 0.031250 0.033228
0 0.665000 0.480222 0.032500 0.033228
0 0.830000 0.507911 0.032500 0.031646
0 0.446250 0.606804 0.032500 0.030063
0 0.390625 0.510285 0.033750 0.030063
0 0.775000 0.756329 0.035000 0.034810
0 0.280625 0.634494 0.033750 0.031646
0 0.225000 0.481013 0.032500 0.034810
0 0.665000 0.415348 0.035000 0.033228
0 0.335000 0.382120 0.032500 0.033228
0 0.446250 0.727057 0.032500 0.030063
0 0.335625 0.447785 0.033750 0.034810
0 0.554375 0.478639 0.031250 0.030063
0 0.887500 0.411392 0.035000 0.034810
0 0.446875 0.758703 0.033750 0.033228
0 0.390625 0.727057 0.033750 0.033228
0 0.390000 0.479430 0.032500 0.031646
0 0.390625 0.665348 0.031250 0.033228
0 0.389375 0.416930 0.031250 0.033228
0 0.390000 0.447785 0.030000 0.031646
0 0.664375 0.447785 0.033750 0.031646
0 0.280000 0.452532 0.035000 0.034810
0 0.445625 0.666139 0.031250 0.031646
0 0.392500 0.541930 0.037500 0.033228
0 0.445625 0.573576 0.033750 0.033228
0 0.335000 0.605222 0.032500 0.033228
0 0.446875 0.696994 0.031250 0.030063
0 0.665625 0.380538 0.036250 0.036392
0 0.445000 0.448576 0.032500 0.033228
0 0.775625 0.477057 0.031250 0.033228
0 0.335625 0.480222 0.033750 0.033228
0 0.554375 0.447785 0.031250 0.031646
0 0.390000 0.603639 0.032500 0.030063
0 0.555000 0.511076 0.032500 0.031646
0 0.224375 0.383703 0.036250 0.036392
