0 0.532189 0.274698 0.038285 0.048589
0 0.569646 0.645136 0.038625 0.051850
0 0.365293 0.172775 0.041162 0.055617
0 0.585933 0.304932 0.040652 0.050724
0 0.573234 0.177606 0.039554 0.050472
0 0.833520 0.204642 0.039554 0.050472
0 0.824093 0.114134 0.040064 0.055364
0 0.561787 0.564287 0.039554 0.050472
0 0.805972 0.420529 0.036089 0.048084
0 0.379011 0.309886 0.039724 0.052102
0 0.577016 0.219316 0.038285 0.048589
0 0.247063 0.548920 0.040482 0.049093
0 0.686235 0.280221 0.037018 0.046706
0 0.581432 0.261716 0.038285 0.048589
0 0.568139 0.128683 0.040573 0.060256
0 0.832128 0.671668 0.040822 0.052354
0 0.536730 0.312895 0.037018 0.046706
0 0.703304 0.444113 0.037527 0.051598
0 0.276003 0.330209 0.040822 0.052354
0 0.797480 0.338990 0.036089 0.048084
0 0.694727 0.361760 0.037357 0.049967
0 0.723876 0.139660 0.038795 0.053481
0 0.426118 0.254815 0.039554 0.050472
0 0.430534 0.297215 0.039554 0.050472
0 0.222344 0.300791 0.036429 0.051345
0 0.881640 0.148504 0.042090 0.054238
0 0.898416 0.314969 0.038455 0.050219
0 0.070474 0.332339 0.038285 0.048589
0 0.787425 0.258646 0.037357 0.049967
0 0.228540 0.894647 0.039214 0.047210
0 0.165176 0.264664 0.040233 0.056995
0 0.876630 0.100396 0.040064 0.055364
0 0.828849 0.159796 0.037527 0.051598
0 0.326893 0.316849 0.039724 0.052102
0 0.522383 0.185947 0.039894 0.053734
0 0.517373 0.137840 0.037867 0.054860
0 0.885508 0.191030 0.038115 0.046958
0 0.229189 0.382708 0.034991 0.047832
0 0.124850 0.363262 0.040064 0.055364
0 0.369754 0.221008 0.039894 0.053734
0 0.622137 0.161362 0.037018 0.046706
0 0.237851 0.465878 0.037527 0.051598
0 0.374425 0.265855 0.037527 0.051598
0 0.782290 0.214741 0.038795 0.053481
0 0.266057 0.758290 0.039724 0.052102
0 0.847271 0.325883 0.037527 0.051598
0 0.815268 0.504388 0.037357 0.049967
0 0.202933 0.643382 0.038455 0.050219
0 0.314403 0.186135 0.040403 0.058626
0 0.819599 0.545973 0.037187 0.048336
0 0.667342 0.104224 0.043188 0.054491
0 0.242267 0.508277 0.039384 0.048841
0 0.218223 0.255818 0.039554 0.050472
0 0.733048 0.227722 0.038115 0.046958
0 0.690945 0.320049 0.036089 0.048084
0 0.336738 0.400581 0.039554 0.050472
0 0.719415 0.091427 0.038206 0.058121
0 0.894000 0.272568 0.036259 0.049715
0 0.903210 0.355612 0.037018 0.046706
0 0.676938 0.196362 0.036089 0.048084
0 0.496971 0.443923 0.045384 0.054995
0 0.174897 0.352600 0.038455 0.050219
0 0.434317 0.338926 0.040482 0.049093
0 0.445322 0.460797 0.039554 0.050472
0 0.233435 0.423477 0.034652 0.044571
0 0.273234 0.287431 0.037187 0.048336
0 0.717480 0.569431 0.037187 0.048336
0 0.187341 0.477481 0.037187 0.048336
0 0.323490 0.273382 0.039554 0.050472
0 0.855848 0.408237 0.034822 0.046201
0 0.225493 0.341812 0.033554 0.044319
0 0.340689 0.443923 0.038285 0.048589
0 0.860264 0.450636 0.037357 0.049967
0 0.194820 0.560087 0.034822 0.046201
0 0.596157 0.386908 0.034991 0.047832
0 0.085857 0.501628 0.040312 0.047463
0 0.864765 0.493852 0.037187 0.048336
0 0.178679 0.394311 0.037187 0.048336
0 0.238176 0.977795 0.040822 0.044410
0 0.874525 0.576769 0.039045 0.045580
0 0.554139 0.480049 0.036848 0.045075
0 0.948253 0.771896 0.042678 0.049598
0 0.090188 0.543213 0.038625 0.051850
0 0.545771 0.394308 0.038795 0.053481
0 0.097836 0.627449 0.035920 0.046454
0 0.739429 0.774783 0.038444 0.029524
0 0.539706 0.735503 0.025946 0.033020
0 0.537118 0.716060 0.023829 0.022983
0 0.183474 0.434954 0.038625 0.051850
0 0.895631 0.784819 0.038795 0.053481
0 0.501595 0.482935 0.044783 0.038939
0 0.216560 0.768825 0.039554 0.050472
0 0.301904 0.578902 0.038455 0.050219
0 0.837302 0.710554 0.036587 0.032281
0 0.490898 0.369426 0.047471 0.044172
0 0.487747 0.339176 0.046639 0.036182
0 0.213298 0.208526 0.038376 0.059752
0 0.314982 0.704471 0.038455 0.050219
0 0.417620 0.162425 0.035671 0.054355
0 0.361541 0.649527 0.037187 0.048336
0 0.942739 0.729748 0.038625 0.051850
0 0.262569 0.714007 0.039724 0.052102
0 0.275269 0.841333 0.038285 0.048589
0 0.712136 0.528914 0.034991 0.047832
0 0.557920 0.521760 0.038455 0.050219
0 0.306065 0.618856 0.037946 0.045327
0 0.268733 0.244215 0.035161 0.049463
0 0.369738 0.733637 0.038115 0.046958
0 0.842012 0.750383 0.037018 0.046706
0 0.565400 0.604367 0.037946 0.045327
0 0.191038 0.518376 0.036089 0.048084
0 0.900936 0.830355 0.039554 0.050472
0 0.725677 0.653542 0.038455 0.050219
0 0.352329 0.566483 0.038285 0.048589
0 0.939506 0.687911 0.038115 0.046958
0 0.259421 0.672986 0.039045 0.045580
0 0.730388 0.693369 0.039384 0.048841
0 0.473820 0.205452 0.046979 0.039444
0 0.728547 0.184507 0.038625 0.051850
0 0.630464 0.252122 0.039724 0.052102
0 0.626723 0.205393 0.039894 0.053734
0 0.737758 0.267550 0.037187 0.048336
0 0.528238 0.231356 0.039554 0.050472
0 0.682074 0.240267 0.040064 0.055364
0 0.130118 0.959001 0.042848 0.051228
0 0.470423 0.172837 0.043606 0.048219
0 0.421997 0.209843 0.038965 0.055112
0 0.791965 0.296843 0.035750 0.044823
0 0.106537 0.705600 0.041750 0.050976
0 0.134958 0.988709 0.043357 0.022582
0 0.118478 0.836441 0.040652 0.050724
0 0.280713 0.370037 0.038535 0.040687
0 0.064960 0.290190 0.038285 0.048589
0 0.438478 0.378880 0.035920 0.046454
0 0.110659 0.750573 0.040822 0.052354
0 0.540257 0.352160 0.035920 0.046454
0 0.878053 0.616034 0.036089 0.048084
0 0.451006 0.504575 0.039894 0.053734
0 0.850969 0.366778 0.035750 0.044823
0 0.283862 0.411058 0.039554 0.050472
0 0.952754 0.815111 0.038455 0.050219
0 0.126800 0.916349 0.038115 0.046958
0 0.466941 0.139406 0.045292 0.043831
0 0.202909 0.599973 0.031528 0.045445
0 0.748222 0.864601 0.039724 0.052102
0 0.080172 0.457849 0.038795 0.053481
0 0.122554 0.875580 0.038115 0.046958
0 0.232871 0.936232 0.039724 0.052102
0 0.095237 0.586302 0.039554 0.050472
0 0.101827 0.665773 0.037946 0.045327
0 0.318470 0.748754 0.040992 0.053986
0 0.480320 0.273255 0.046051 0.040822
0 0.810303 0.462113 0.038455 0.050219
0 0.113977 0.793225 0.040482 0.049093
0 0.838145 0.243654 0.035920 0.046454
0 0.550441 0.439154 0.038285 0.048589
0 0.278965 0.882229 0.039384 0.048841
0 0.935515 0.649588 0.038285 0.048589
0 0.076855 0.415197 0.040312 0.047463
0 0.212399 0.728871 0.039384 0.048841
0 0.841757 0.283734 0.037187 0.048336
0 0.846892 0.791841 0.036429 0.051345
0 0.869181 0.536252 0.037527 0.051598
0 0.344850 0.483877 0.038115 0.046958
0 0.476838 0.239825 0.046900 0.048976
0 0.373815 0.772776 0.038455 0.050219
0 0.484815 0.305618 0.047070 0.050607
0 0.699437 0.401588 0.035750 0.044823
0 0.289065 0.968408 0.041920 0.052607
0 0.735522 0.737275 0.041162 0.055617
0 0.348633 0.525588 0.037187 0.048336
0 0.721262 0.611142 0.038455 0.050219
0 0.298122 0.537191 0.035331 0.051093
0 0.635260 0.292766 0.035750 0.044823
0 0.220806 0.809595 0.039214 0.047210
0 0.332955 0.358871 0.036089 0.048084
0 0.073707 0.374176 0.038115 0.046958
0 0.356660 0.608068 0.040652 0.050724
0 0.773119 0.126679 0.036259 0.049715
0 0.310311 0.659625 0.038625 0.051850
0 0.283761 0.922872 0.040822 0.052354
0 0.886800 0.700019 0.038115 0.046958
0 0.383071 0.861653 0.040822 0.052354
0 0.293157 0.494917 0.037946 0.045327
0 0.823845 0.586742 0.037187 0.048336
0 0.319329 0.233428 0.039384 0.048841
0 0.378485 0.817623 0.038625 0.051850
0 0.591361 0.346265 0.036089 0.048084
0 0.364859 0.692179 0.039724 0.052102
0 0.574061 0.687536 0.038625 0.051850
0 0.931268 0.608819 0.038625 0.051850
0 0.926218 0.565729 0.039554 0.050472
0 0.223491 0.851557 0.036429 0.051345
0 0.743675 0.815552 0.041501 0.058878
0 0.640056 0.333409 0.037527 0.051598
0 0.672817 0.151389 0.040233 0.056995
0 0.207983 0.686472 0.039724 0.052102
0 0.251394 0.590505 0.038115 0.046958
0 0.746505 0.351535 0.034822 0.046201
0 0.170481 0.310200 0.036259 0.049715
0 0.060034 0.242899 0.039304 0.058373
0 0.802190 0.378818 0.034822 0.046201
0 0.850550 0.837754 0.038965 0.055112
0 0.891216 0.742419 0.038455 0.050219
0 0.883017 0.658308 0.037187 0.048336
0 0.906359 0.396633 0.034822 0.046201
0 0.442639 0.418834 0.036089 0.048084
0 0.915655 0.480492 0.038625 0.051850
0 0.270473 0.800691 0.039384 0.048841
0 0.708903 0.487076 0.037357 0.049967
0 0.778254 0.170584 0.037357 0.049967
0 0.889034 0.230294 0.037357 0.049967
0 0.911239 0.438092 0.038285 0.048589
0 0.255725 0.632090 0.038625 0.051850
0 0.828176 0.628326 0.035161 0.049463
0 0.921254 0.523455 0.038455 0.050219
0 0.742553 0.308194 0.036089 0.048084
0 0.263638 0.195293 0.040573 0.060256
0 0.288911 0.454148 0.040822 0.052354
