0 0.425392 0.920871 0.041095 0.040972
0 0.312421 0.911069 0.042960 0.044355
0 0.179308 0.799262 0.041657 0.044025
0 0.455447 0.269099 0.038488 0.040313
0 0.759149 0.762965 0.044264 0.044684
0 0.171537 0.764463 0.041095 0.040972
0 0.572317 0.663141 0.037185 0.039983
0 0.841473 0.291391 0.041657 0.044025
0 0.442475 0.206042 0.034476 0.032016
0 0.146832 0.622853 0.038207 0.038785
0 0.476964 0.904636 0.041095 0.040972
0 0.419717 0.886340 0.040636 0.045224
0 0.771150 0.831861 0.042960 0.044355
0 0.391894 0.746318 0.041939 0.045553
0 0.365093 0.604438 0.039511 0.039114
0 0.711246 0.810241 0.039792 0.040642
0 0.704779 0.775112 0.039792 0.040642
0 0.662601 0.860902 0.041657 0.044025
0 0.420642 0.328249 0.040636 0.045224
0 0.124824 0.518123 0.039332 0.044894
0 0.525148 0.858887 0.040354 0.043696
0 0.225602 0.454283 0.037466 0.041510
0 0.318980 0.353950 0.041198 0.048279
0 0.604652 0.838788 0.040354 0.043696
0 0.725599 0.584428 0.037747 0.043037
0 0.344783 0.794193 0.041095 0.040972
0 0.139713 0.587888 0.040073 0.042169
0 0.779192 0.267974 0.043804 0.048937
0 0.496392 0.717502 0.043523 0.047410
0 0.365347 0.898487 0.041939 0.045553
0 0.656275 0.826536 0.038769 0.041839
0 0.197804 0.610765 0.038488 0.040313
0 0.556280 0.290761 0.039332 0.044894
0 0.719428 0.247118 0.038310 0.046092
0 0.698428 0.444240 0.040354 0.043696
0 0.457985 0.801539 0.040814 0.039444
0 0.819283 0.782130 0.040073 0.042169
0 0.774014 0.536224 0.042679 0.042828
0 0.733511 0.619992 0.040073 0.042169
0 0.471941 0.869942 0.041939 0.045553
0 0.684074 0.670054 0.042960 0.044355
0 0.856043 0.366831 0.040073 0.042169
0 0.794132 0.341722 0.041479 0.049806
0 0.828257 0.219605 0.041657 0.044025
0 0.232234 0.786682 0.040073 0.042169
0 0.264826 0.667350 0.039792 0.040642
0 0.726176 0.283775 0.039792 0.040642
0 0.510259 0.789123 0.039050 0.043366
0 0.489643 0.680845 0.039792 0.040642
0 0.317241 0.655697 0.042960 0.044355
0 0.104861 0.409681 0.038769 0.041839
0 0.813303 0.449566 0.044546 0.046212
0 0.598325 0.804422 0.040073 0.042169
0 0.298464 0.842667 0.042960 0.044355
0 0.352042 0.829920 0.040073 0.042169
0 0.791830 0.640414 0.040073 0.042169
0 0.418109 0.588637 0.039792 0.040642
0 0.650155 0.493209 0.040917 0.046751
0 0.368879 0.339736 0.038769 0.041839
0 0.848502 0.329575 0.044827 0.047739
0 0.191055 0.574109 0.041657 0.044025
0 0.863443 0.403322 0.042501 0.048608
0 0.157787 0.397100 0.040917 0.046751
0 0.469873 0.577149 0.038488 0.040313
0 0.684051 0.373548 0.043242 0.045883
0 0.623940 0.650889 0.041376 0.042498
0 0.752030 0.728000 0.042960 0.044355
0 0.691333 0.705781 0.041939 0.045553
0 0.224975 0.750953 0.041657 0.044025
0 0.609576 0.276489 0.039050 0.043366
0 0.250730 0.598184 0.040073 0.042169
0 0.344619 0.496923 0.041657 0.044025
0 0.257707 0.632385 0.041657 0.044025
0 0.482666 0.646643 0.041939 0.045553
0 0.391078 0.449213 0.037466 0.041510
0 0.591718 0.768529 0.040354 0.043696
0 0.325663 0.690332 0.041657 0.044025
0 0.271640 0.404281 0.041376 0.042498
0 0.397545 0.484342 0.040636 0.045224
0 0.325077 0.390772 0.041939 0.045553
0 0.292115 0.511795 0.039792 0.040642
0 0.565990 0.628776 0.040073 0.042169
0 0.406131 0.816246 0.041939 0.045553
0 0.596858 0.507482 0.043242 0.045883
0 0.278017 0.442630 0.040073 0.042169
0 0.524901 0.412983 0.040917 0.046751
0 0.609932 0.578504 0.042960 0.044355
0 0.753961 0.431000 0.041939 0.045553
0 0.559523 0.593646 0.040073 0.042169
0 0.616465 0.313909 0.041939 0.045553
0 0.678606 0.336562 0.040073 0.042169
0 0.552775 0.556989 0.040636 0.045224
0 0.779829 0.571517 0.041939 0.045553
0 0.657555 0.529701 0.039050 0.043366
0 0.404945 0.520834 0.041939 0.045553
0 0.799231 0.676906 0.042501 0.048608
0 0.297789 0.546325 0.041376 0.042498
0 0.456287 0.507055 0.040354 0.043696
0 0.429204 0.363648 0.039050 0.043366
0 0.178402 0.505377 0.041095 0.040972
0 0.238306 0.526997 0.041657 0.044025
0 0.531790 0.450404 0.040073 0.042169
0 0.642689 0.756442 0.043242 0.045883
0 0.451147 0.768102 0.043242 0.045883
0 0.518294 0.377090 0.040073 0.042169
0 0.437650 0.694789 0.043242 0.045883
0 0.511175 0.342126 0.038769 0.041839
0 0.311285 0.619639 0.041376 0.042498
0 0.584576 0.437059 0.041376 0.042498
0 0.624146 0.351927 0.040636 0.045224
0 0.278041 0.739135 0.043523 0.047410
0 0.504286 0.304705 0.042220 0.047080
0 0.304678 0.583746 0.042220 0.047080
0 0.358767 0.570072 0.040354 0.043696
0 0.377582 0.375900 0.040636 0.045224
0 0.569265 0.365003 0.040354 0.043696
0 0.463546 0.542784 0.041376 0.042498
0 0.663384 0.261286 0.040917 0.046751
0 0.351367 0.533580 0.041657 0.044025
0 0.436233 0.401832 0.039613 0.046421
0 0.384611 0.414083 0.040636 0.045224
0 0.449819 0.471926 0.040354 0.043696
0 0.152366 0.656618 0.040636 0.045224
0 0.464681 0.834213 0.040354 0.043696
0 0.331989 0.724698 0.038769 0.041839
0 0.159255 0.694039 0.042960 0.044355
0 0.476850 0.611350 0.037466 0.041510
0 0.504584 0.754592 0.040073 0.042169
0 0.692613 0.408947 0.041657 0.044025
0 0.747213 0.394344 0.041939 0.045553
0 0.132735 0.553687 0.041095 0.040972
0 0.649949 0.792170 0.041657 0.044025
0 0.819911 0.485459 0.041657 0.044025
0 0.716690 0.847228 0.043523 0.047410
0 0.244914 0.562890 0.041376 0.042498
0 0.679051 0.635358 0.040073 0.042169
0 0.211248 0.680096 0.040073 0.042169
0 0.745141 0.690580 0.043242 0.045883
0 0.733436 0.319503 0.041939 0.045553
0 0.184870 0.540507 0.039050 0.043366
0 0.166515 0.729768 0.041376 0.042498
0 0.806260 0.715089 0.041376 0.042498
0 0.760058 0.467822 0.043242 0.045883
0 0.378819 0.675295 0.038488 0.040313
0 0.539560 0.485203 0.040073 0.042169
0 0.806695 0.413672 0.041657 0.044025
0 0.671857 0.299905 0.040636 0.045224
0 0.431835 0.659494 0.038207 0.038785
0 0.629896 0.686948 0.042960 0.044355
0 0.825239 0.818186 0.042220 0.047080
0 0.767036 0.502023 0.041657 0.044025
0 0.772725 0.232845 0.042679 0.042828
0 0.445191 0.732044 0.041657 0.044025
0 0.801161 0.379906 0.039792 0.040642
0 0.713087 0.516461 0.043242 0.045883
0 0.672725 0.600992 0.039792 0.040642
0 0.644199 0.457151 0.041376 0.042498
0 0.603465 0.543376 0.040354 0.043696
0 0.172446 0.469319 0.042679 0.042828
0 0.333410 0.428626 0.038769 0.041839
0 0.384494 0.709825 0.043242 0.045883
0 0.827592 0.523478 0.043523 0.047410
0 0.232210 0.490176 0.040354 0.043696
0 0.165187 0.433591 0.041657 0.044025
0 0.205573 0.645565 0.041657 0.044025
0 0.664673 0.564665 0.040354 0.043696
0 0.217856 0.715988 0.040354 0.043696
0 0.585251 0.733400 0.040354 0.043696
0 0.450079 0.251427 0.028937 0.012457
0 0.617332 0.614996 0.041657 0.044025
0 0.442841 0.437725 0.038207 0.038785
0 0.286233 0.776226 0.040073 0.042169
0 0.285788 0.477430 0.040636 0.045224
0 0.698734 0.742273 0.040073 0.042169
0 0.217692 0.418719 0.040354 0.043696
0 0.545235 0.519734 0.041657 0.044025
0 0.371560 0.639567 0.043242 0.045883
0 0.424716 0.624530 0.040636 0.045224
0 0.410249 0.557057 0.041095 0.040972
0 0.561865 0.328511 0.041657 0.044025
0 0.590250 0.471589 0.040354 0.043696
0 0.479909 0.401980 0.025813 0.025458
0 0.475078 0.372031 0.037466 0.041510
0 0.484498 0.423198 0.032891 0.030160
0 0.812816 0.747000 0.042679 0.042828
0 0.546752 0.779897 0.024892 0.033962
0 0.358740 0.862594 0.038488 0.040313
0 0.211225 0.383590 0.037185 0.039983
0 0.834865 0.255498 0.041376 0.042498
0 0.205316 0.940543 0.043983 0.043158
0 0.199271 0.907705 0.041095 0.040972
0 0.739673 0.357088 0.040917 0.046751
0 0.212153 0.973981 0.042679 0.042828
0 0.339109 0.759663 0.043242 0.045883
0 0.118869 0.482065 0.037747 0.043037
0 0.531615 0.894017 0.039792 0.040642
0 0.338522 0.460102 0.036623 0.036927
0 0.518029 0.823923 0.039050 0.043366
0 0.192945 0.873339 0.041939 0.045553
0 0.263729 0.368717 0.038488 0.040313
0 0.787103 0.303537 0.037185 0.039983
0 0.822442 0.184311 0.042960 0.044355
0 0.814532 0.148747 0.040636 0.045224
0 0.446884 0.233700 0.033734 0.034741
0 0.317725 0.947292 0.040073 0.042169
0 0.718903 0.551755 0.040814 0.039444
0 0.113564 0.445842 0.038029 0.044565
0 0.461723 0.299481 0.034016 0.036268
0 0.238701 0.821811 0.040636 0.045224
0 0.610978 0.873154 0.040073 0.042169
0 0.578784 0.698270 0.037747 0.043037
0 0.411947 0.851541 0.039511 0.039114
0 0.786297 0.606647 0.038207 0.038785
0 0.185545 0.836848 0.043804 0.048937
0 0.705036 0.480134 0.040636 0.045224
0 0.764823 0.797496 0.039511 0.039114
0 0.739045 0.653759 0.041376 0.042498
0 0.305583 0.877632 0.041095 0.040972
0 0.630613 0.387057 0.040073 0.042169
0 0.371443 0.935309 0.042679 0.042828
0 0.637667 0.721747 0.039792 0.040642
0 0.637221 0.422951 0.039792 0.040642
0 0.292278 0.809065 0.039792 0.040642
0 0.271012 0.700952 0.040354 0.043696
0 0.398361 0.781447 0.038769 0.041839
0 0.204987 0.346004 0.039894 0.047949
0 0.576524 0.400731 0.041939 0.045553
