0 0.475553 0.274630 0.044467 0.037554
0 0.324944 0.313930 0.036466 0.032785
0 0.481703 0.344050 0.047104 0.042883
0 0.483611 0.371926 0.048207 0.043098
0 0.507211 0.739528 0.023680 0.035111
0 0.170650 0.476076 0.025071 0.038592
0 0.470026 0.205919 0.047773 0.038198
0 0.841234 0.253261 0.036522 0.045639
0 0.200909 0.804996 0.024927 0.036959
0 0.720763 0.658059 0.037768 0.047486
0 0.124712 0.400282 0.036667 0.047272
0 0.260012 0.751114 0.036956 0.050539
0 0.473833 0.242563 0.047972 0.052684
0 0.203903 0.845122 0.028666 0.042503
0 0.580382 0.262522 0.037334 0.042586
0 0.867667 0.671820 0.026318 0.040441
0 0.689808 0.327614 0.039594 0.055868
0 0.895527 0.284227 0.039305 0.052602
0 0.869632 0.712977 0.027419 0.040655
0 0.466726 0.174991 0.047538 0.047784
0 0.477823 0.306589 0.046581 0.049203
0 0.499706 0.528305 0.035276 0.043790
0 0.891693 0.240942 0.036377 0.044005
0 0.463615 0.139873 0.049598 0.046579
0 0.379599 0.348980 0.035276 0.043790
0 0.433269 0.379238 0.036811 0.048906
0 0.843895 0.295945 0.036811 0.048906
0 0.575807 0.223535 0.037913 0.049120
0 0.320775 0.273203 0.036811 0.048906
0 0.464296 0.710499 0.037913 0.049120
0 0.918406 0.529842 0.039160 0.050968
0 0.635370 0.295015 0.034608 0.048477
0 0.316724 0.227467 0.037390 0.055438
0 0.256467 0.711095 0.036522 0.045639
0 0.209337 0.760984 0.036667 0.047272
0 0.429651 0.338402 0.036522 0.045639
0 0.066106 0.326954 0.035565 0.047057
0 0.425817 0.295116 0.035042 0.053376
0 0.252416 0.665360 0.037390 0.055438
0 0.069389 0.370347 0.036811 0.048906
0 0.886829 0.198687 0.039160 0.050968
0 0.717624 0.616300 0.036811 0.048906
0 0.229754 0.422195 0.037101 0.052173
0 0.685974 0.284329 0.036377 0.044005
0 0.871710 0.584630 0.036811 0.048906
0 0.459504 0.669061 0.038058 0.050753
0 0.121573 0.358523 0.035710 0.048691
0 0.768300 0.606431 0.039015 0.049335
0 0.824317 0.637892 0.037768 0.047486
0 0.203078 0.551180 0.025071 0.038592
0 0.173020 0.515493 0.025071 0.038592
0 0.198359 0.510559 0.025071 0.038592
0 0.205574 0.718514 0.036956 0.050539
0 0.631058 0.252653 0.035710 0.048691
0 0.375286 0.306620 0.036956 0.050539
0 0.176160 0.557253 0.026318 0.040441
0 0.772135 0.649716 0.039160 0.050968
0 0.455932 0.622402 0.037101 0.052173
0 0.711369 0.570994 0.037390 0.055438
0 0.061503 0.281325 0.037535 0.057072
0 0.922313 0.573944 0.039160 0.050968
0 0.226469 0.378803 0.037768 0.047486
0 0.867253 0.540635 0.038202 0.052387
0 0.926220 0.618046 0.041363 0.051397
0 0.737201 0.274353 0.035565 0.047057
0 0.875617 0.628732 0.039305 0.052602
0 0.793291 0.306630 0.036956 0.050539
0 0.532366 0.315075 0.037624 0.045853
0 0.275370 0.323585 0.035999 0.051958
0 0.528054 0.272713 0.037390 0.055438
0 0.536128 0.357544 0.038492 0.055653
0 0.117116 0.314528 0.034898 0.051743
0 0.283806 0.412499 0.037245 0.053805
0 0.172583 0.346096 0.036956 0.050539
0 0.741442 0.315897 0.036811 0.048906
0 0.626194 0.210398 0.035999 0.051958
0 0.201116 0.674520 0.035855 0.050324
0 0.279277 0.367687 0.035710 0.048691
0 0.785071 0.220167 0.038058 0.050753
0 0.682546 0.239303 0.038492 0.055653
0 0.327532 0.355797 0.038347 0.054020
0 0.179223 0.433698 0.034608 0.048477
0 0.816648 0.551320 0.038058 0.050753
0 0.571610 0.176166 0.038781 0.058920
0 0.222635 0.335518 0.038202 0.052387
0 0.820555 0.595423 0.038058 0.050753
0 0.584072 0.304175 0.040551 0.054449
0 0.764321 0.561511 0.039160 0.050968
0 0.495682 0.489210 0.043277 0.048559
0 0.789457 0.263344 0.036811 0.048906
0 0.492398 0.445817 0.044813 0.053674
0 0.836226 0.209373 0.039305 0.052602
0 0.733366 0.231066 0.038202 0.052387
0 0.370684 0.260991 0.038347 0.054020
0 0.176417 0.389382 0.036811 0.048906
