0 0.228750 0.502373 0.032500 0.030063
0 0.614375 0.882120 0.038750 0.030063
0 0.503188 0.453481 0.033875 0.032911
0 0.615000 0.692089 0.035000 0.032911
0 0.615000 0.850475 0.035000 0.033228
0 0.491250 0.623259 0.027500 0.018671
0 0.493125 0.857199 0.021250 0.021361
0 0.504375 0.507516 0.033750 0.024525
0 0.173125 0.439082 0.033750 0.030063
0 0.118125 0.565665 0.033750 0.033228
0 0.285000 0.566456 0.035000 0.028481
0 0.285000 0.660601 0.032500 0.030063
0 0.229375 0.470728 0.033750 0.030063
0 0.395625 0.818038 0.033750 0.028481
0 0.669375 0.530854 0.036250 0.033228
0 0.613750 0.530854 0.032500 0.033228
0 0.778750 0.626582 0.032500 0.028481
0 0.780000 0.657437 0.035000 0.033228
0 0.340625 0.756329 0.033750 0.031646
0 0.394375 0.405854 0.033750 0.030063
0 0.669375 0.785601 0.033750 0.030063
0 0.668125 0.817247 0.033750 0.033228
0 0.174375 0.502373 0.031250 0.030063
0 0.283125 0.374209 0.033750 0.033228
0 0.285625 0.629747 0.036250 0.034810
0 0.120000 0.757120 0.035000 0.033228
0 0.174375 0.568038 0.033750 0.028481
0 0.835000 0.848892 0.035000 0.033228
0 0.340625 0.787184 0.033750 0.033228
0 0.174375 0.595728 0.033750 0.033228
0 0.120625 0.821994 0.033750 0.033228
0 0.283125 0.341772 0.036250 0.031646
0 0.723750 0.465190 0.035000 0.031646
0 0.778750 0.433544 0.035000 0.031646
0 0.229375 0.373418 0.033750 0.034810
0 0.120000 0.788766 0.035000 0.033228
0 0.284375 0.467563 0.036250 0.036392
0 0.780625 0.785601 0.033750 0.033228
0 0.341250 0.819620 0.032500 0.028481
0 0.668750 0.883703 0.032500 0.026899
0 0.228750 0.407437 0.030000 0.033228
0 0.780000 0.817247 0.037500 0.033228
0 0.339375 0.660601 0.031250 0.026899
0 0.834375 0.880538 0.033750 0.030063
0 0.835000 0.786392 0.035000 0.031646
0 0.890625 0.400316 0.031250 0.034810
0 0.118750 0.469937 0.035000 0.028481
0 0.118125 0.409019 0.033750 0.036392
0 0.503750 0.340190 0.037500 0.037975
0 0.668750 0.692247 0.032500 0.033228
0 0.834375 0.434335 0.033750 0.033228
0 0.283750 0.418513 0.035000 0.052215
0 0.614375 0.499209 0.031250 0.030063
0 0.614375 0.628165 0.033750 0.028481
0 0.119375 0.725475 0.033750 0.033228
0 0.612500 0.369462 0.032500 0.036392
0 0.173125 0.407437 0.033750 0.033228
0 0.230625 0.789557 0.036250 0.031646
0 0.668750 0.625000 0.032500 0.028481
0 0.835625 0.754984 0.036250 0.031171
0 0.395000 0.597152 0.032500 0.030380
0 0.779375 0.723339 0.033750 0.032120
0 0.779375 0.754035 0.033750 0.029905
0 0.395000 0.565237 0.032500 0.032753
0 0.835625 0.723315 0.036250 0.031535
0 0.339375 0.438291 0.033750 0.031646
0 0.118750 0.500791 0.035000 0.030063
0 0.779375 0.880538 0.033750 0.033228
0 0.780000 0.849684 0.035000 0.031646
0 0.490981 0.679201 0.022838 0.017579
0 0.490637 0.641487 0.021150 0.017722
0 0.491200 0.601574 0.020150 0.022674
0 0.501769 0.407579 0.033212 0.017943
0 0.502144 0.389620 0.034713 0.020791
0 0.614375 0.722864 0.033750 0.029905
0 0.501875 0.368354 0.038750 0.021519
0 0.491875 0.881725 0.023750 0.024525
0 0.491875 0.580142 0.023750 0.021044
0 0.490625 0.660047 0.023750 0.019462
0 0.118750 0.441377 0.035000 0.028639
0 0.501563 0.426345 0.035625 0.023892
0 0.503750 0.530142 0.035000 0.021361
0 0.503125 0.550791 0.033750 0.018671
0 0.669375 0.595728 0.033750 0.033228
0 0.395000 0.788766 0.035000 0.030063
0 0.492500 0.701741 0.025000 0.030063
0 0.450000 0.818829 0.032500 0.033228
0 0.503750 0.795095 0.032500 0.030063
0 0.557500 0.503956 0.032500 0.030063
0 0.890625 0.434335 0.033750 0.033228
0 0.558125 0.530854 0.028750 0.030063
0 0.341250 0.880538 0.030000 0.033228
0 0.834375 0.405063 0.033750 0.034810
0 0.120000 0.886076 0.035000 0.031646
0 0.229375 0.341772 0.036250 0.031646
0 0.118750 0.696203 0.035000 0.031646
0 0.669375 0.721519 0.033750 0.028481
0 0.341250 0.852057 0.030000 0.026899
0 0.614375 0.404272 0.031250 0.026899
0 0.724375 0.436709 0.036250 0.028481
0 0.120625 0.855222 0.036250 0.033228
0 0.614375 0.658228 0.033750 0.034810
0 0.450625 0.788766 0.033750 0.033228
0 0.835000 0.815665 0.032500 0.033228
0 0.613750 0.467563 0.030000 0.033228
0 0.890625 0.465981 0.033750 0.030063
0 0.834375 0.531646 0.033750 0.028481
0 0.118750 0.629747 0.035000 0.031646
0 0.229375 0.440665 0.033750 0.030063
0 0.285625 0.756329 0.033750 0.031646
0 0.231250 0.885285 0.032500 0.030063
0 0.394375 0.371835 0.033750 0.041139
0 0.558125 0.437500 0.033750 0.033228
0 0.395625 0.757120 0.033750 0.033228
0 0.668750 0.498418 0.035000 0.031646
0 0.118125 0.597310 0.036250 0.033228
0 0.448750 0.468354 0.032500 0.028481
0 0.668750 0.658228 0.032500 0.034810
0 0.558125 0.471519 0.033750 0.031646
0 0.778750 0.690665 0.035000 0.033228
0 0.118125 0.375000 0.033750 0.034810
0 0.561250 0.689873 0.030000 0.031646
0 0.173750 0.470728 0.032500 0.033228
0 0.338750 0.371835 0.035000 0.034810
0 0.890000 0.597310 0.032500 0.033228
0 0.450625 0.850475 0.036250 0.033228
0 0.835625 0.657437 0.036250 0.033228
0 0.834375 0.690665 0.036250 0.033228
0 0.231250 0.820411 0.037500 0.033228
0 0.231250 0.853639 0.035000 0.033228
0 0.615625 0.817247 0.036250 0.033228
0 0.339375 0.628956 0.036250 0.036392
0 0.834375 0.465190 0.033750 0.031646
0 0.175000 0.757911 0.035000 0.034810
0 0.669375 0.754747 0.033750 0.034810
0 0.668750 0.851266 0.032500 0.034810
0 0.559375 0.627373 0.033750 0.033228
0 0.834375 0.625791 0.033750 0.033228
0 0.118750 0.662975 0.035000 0.034810
0 0.614375 0.752373 0.033750 0.033228
0 0.560000 0.659019 0.032500 0.033228
0 0.173750 0.373418 0.035000 0.037975
0 0.613750 0.434335 0.032500 0.033228
0 0.284375 0.595728 0.036250 0.033228
0 0.668125 0.564082 0.033750 0.033228
0 0.724375 0.497627 0.036250 0.033228
0 0.284375 0.502373 0.036250 0.033228
0 0.174375 0.659810 0.033750 0.031646
0 0.340000 0.724684 0.032500 0.034810
0 0.285625 0.725475 0.033750 0.033228
0 0.890625 0.496835 0.033750 0.031646
0 0.394375 0.628956 0.036250 0.036392
0 0.340000 0.564873 0.032500 0.031646
0 0.558750 0.596519 0.032500 0.031646
0 0.835000 0.594146 0.035000 0.030063
0 0.725000 0.369462 0.035000 0.036392
0 0.340000 0.690665 0.032500 0.036392
0 0.119375 0.533228 0.036250 0.031646
0 0.450625 0.628165 0.033750 0.031646
0 0.339375 0.595728 0.033750 0.030063
0 0.668125 0.403481 0.033750 0.028481
0 0.557500 0.404272 0.032500 0.033228
0 0.560000 0.882120 0.032500 0.030063
0 0.338750 0.468354 0.035000 0.031646
0 0.174375 0.535601 0.033750 0.036392
0 0.724375 0.405854 0.036250 0.036392
0 0.393750 0.469937 0.032500 0.031646
0 0.615000 0.785601 0.035000 0.033228
0 0.449375 0.564873 0.033750 0.031646
0 0.448750 0.368671 0.032500 0.034810
0 0.395625 0.884494 0.033750 0.031646
0 0.394375 0.439082 0.033750 0.033228
0 0.668750 0.466772 0.035000 0.031646
0 0.230000 0.628956 0.035000 0.033228
0 0.451250 0.882120 0.035000 0.033228
0 0.449375 0.691456 0.036250 0.031646
0 0.777500 0.398734 0.037500 0.041139
0 0.559375 0.753165 0.033750 0.031646
0 0.174375 0.692247 0.033750 0.033228
0 0.230000 0.725475 0.032500 0.033228
0 0.780000 0.530063 0.035000 0.031646
0 0.228750 0.533228 0.032500 0.031646
0 0.558125 0.368671 0.036250 0.037975
0 0.175000 0.628165 0.035000 0.034810
0 0.890000 0.529272 0.035000 0.030063
0 0.394375 0.661392 0.033750 0.028481
0 0.779375 0.499209 0.036250 0.033228
0 0.175625 0.725475 0.036250 0.033228
0 0.834375 0.500000 0.036250 0.037975
0 0.395625 0.724684 0.033750 0.031646
0 0.395625 0.851266 0.033750 0.034810
0 0.559375 0.722310 0.031250 0.033228
0 0.395000 0.692247 0.032500 0.033228
0 0.230625 0.757911 0.033750 0.034810
0 0.450000 0.659019 0.035000 0.033228
0 0.559375 0.784810 0.033750 0.031646
0 0.230000 0.693829 0.032500 0.033228
0 0.779375 0.562500 0.033750 0.033228
0 0.393750 0.500000 0.032500 0.031646
0 0.890000 0.563291 0.032500 0.034810
0 0.668125 0.368671 0.033750 0.037975
0 0.668125 0.434335 0.036250 0.033228
0 0.779375 0.466772 0.036250 0.034810
0 0.230000 0.661392 0.032500 0.031646
0 0.338750 0.407437 0.035000 0.036392
0 0.614375 0.563291 0.033750 0.031646
0 0.450000 0.755538 0.035000 0.033228
0 0.338750 0.500791 0.032500 0.033228
0 0.338750 0.534019 0.032500 0.033228
0 0.780000 0.594146 0.035000 0.033228
0 0.450625 0.723101 0.036250 0.031646
0 0.449375 0.499209 0.033750 0.033228
0 0.559375 0.850475 0.031250 0.033228
0 0.448750 0.438291 0.035000 0.031646
0 0.560000 0.817247 0.032500 0.033228
0 0.228750 0.597310 0.035000 0.033228
0 0.229375 0.565665 0.033750 0.033228
0 0.835000 0.561709 0.035000 0.034810
0 0.449375 0.534019 0.033750 0.033228
0 0.285000 0.693038 0.035000 0.034810
0 0.284375 0.535601 0.036250 0.033228
0 0.615000 0.596519 0.035000 0.034810
0 0.394375 0.534019 0.033750 0.033228
0 0.558125 0.564082 0.033750 0.033228
0 0.448750 0.405063 0.035000 0.034810
0 0.450000 0.595728 0.035000 0.033228
