0 0.717739 0.675518 0.039663 0.052812
0 0.181528 0.587984 0.025627 0.039410
0 0.207015 0.585077 0.025737 0.041047
0 0.189956 0.714013 0.023416 0.039086
0 0.151256 0.719684 0.037122 0.047578
0 0.213204 0.669288 0.024741 0.042522
0 0.181865 0.417700 0.038448 0.051014
0 0.188106 0.669659 0.025627 0.039410
0 0.074278 0.353305 0.039663 0.052812
0 0.411732 0.724489 0.039334 0.047902
0 0.820570 0.660450 0.037232 0.049215
0 0.911905 0.314859 0.026843 0.041209
0 0.218840 0.753580 0.026843 0.041209
0 0.402310 0.433328 0.025627 0.039410
0 0.553601 0.366535 0.026952 0.042846
0 0.276098 0.282412 0.036794 0.042667
0 0.079418 0.438495 0.040768 0.052974
0 0.872150 0.655372 0.040659 0.051338
0 0.183603 0.627347 0.026733 0.039572
0 0.868750 0.612897 0.039334 0.047902
0 0.228027 0.331602 0.037122 0.047578
0 0.556447 0.409090 0.026733 0.039572
0 0.464144 0.715157 0.036017 0.047415
0 0.895430 0.235461 0.036017 0.047415
0 0.849153 0.328186 0.038448 0.051014
0 0.766419 0.627066 0.038119 0.046103
0 0.584536 0.236391 0.036903 0.044304
0 0.407093 0.471467 0.025518 0.037773
0 0.580918 0.190643 0.036454 0.053963
0 0.769762 0.668722 0.039553 0.051176
0 0.176945 0.335782 0.039991 0.057723
0 0.794892 0.293165 0.037122 0.047578
0 0.224464 0.286673 0.038557 0.052650
0 0.129065 0.429568 0.036126 0.049052
0 0.814271 0.574603 0.036454 0.053963
0 0.845754 0.285712 0.037122 0.047578
0 0.691508 0.308314 0.035798 0.044142
0 0.640871 0.310775 0.036903 0.044304
0 0.148246 0.674674 0.037451 0.052488
0 0.279442 0.324068 0.038448 0.051014
0 0.711993 0.589590 0.037560 0.054125
0 0.386115 0.349758 0.038229 0.047740
0 0.892420 0.190451 0.040768 0.052974
0 0.334146 0.357372 0.038010 0.044467
0 0.587879 0.278047 0.038338 0.049377
0 0.495611 0.451060 0.042870 0.051662
0 0.154102 0.762239 0.039553 0.051176
0 0.273476 0.234866 0.038995 0.059197
0 0.743313 0.298244 0.038119 0.046103
0 0.499064 0.494352 0.043647 0.046913
0 0.535911 0.285662 0.036126 0.049052
0 0.865686 0.567069 0.039772 0.054449
0 0.404880 0.638723 0.037451 0.052488
0 0.642666 0.354310 0.039663 0.052812
0 0.797628 0.334083 0.036903 0.044304
0 0.763409 0.582056 0.038667 0.054287
0 0.460302 0.674400 0.038010 0.044467
0 0.791718 0.245700 0.037560 0.054125
0 0.490320 0.346884 0.045421 0.040690
0 0.896752 0.814565 0.027730 0.038097
0 0.487413 0.311775 0.046855 0.045763
0 0.484835 0.281577 0.045202 0.037417
0 0.480347 0.214470 0.047195 0.034468
0 0.492344 0.377164 0.045530 0.042327
0 0.898555 0.273843 0.038349 0.033172
0 0.501302 0.536170 0.038010 0.044467
0 0.794529 0.830371 0.026514 0.036299
0 0.477131 0.149657 0.047523 0.039378
0 0.408886 0.681934 0.036903 0.044304
0 0.198198 0.461584 0.022311 0.038924
0 0.885445 0.695569 0.029941 0.038421
0 0.784163 0.708758 0.026405 0.034662
0 0.479374 0.183210 0.045421 0.040690
0 0.834472 0.701386 0.025737 0.041047
0 0.482536 0.247205 0.045859 0.047237
0 0.127379 0.387670 0.035798 0.044142
0 0.838206 0.740505 0.025518 0.037773
0 0.787950 0.748696 0.028945 0.039896
0 0.527590 0.737263 0.022760 0.029266
0 0.174917 0.881495 0.026514 0.036299
0 0.915801 0.356434 0.026733 0.039572
0 0.076517 0.395122 0.038010 0.044467
0 0.204388 0.545795 0.025518 0.037773
0 0.172181 0.840576 0.026514 0.036299
0 0.172822 0.466129 0.026843 0.041209
0 0.714340 0.633044 0.035907 0.045779
0 0.214999 0.712823 0.024412 0.037611
0 0.230873 0.374157 0.039116 0.044629
0 0.817226 0.618795 0.038229 0.047740
0 0.169221 0.804649 0.027621 0.036461
0 0.538149 0.327480 0.038897 0.041355
0 0.177741 0.548046 0.025737 0.041047
0 0.174950 0.506310 0.025627 0.039410
0 0.889123 0.733871 0.027840 0.039734
0 0.201487 0.502422 0.025846 0.042684
0 0.125195 0.346670 0.037341 0.050851
0 0.383160 0.305566 0.038448 0.051014
0 0.437530 0.342224 0.037122 0.047578
0 0.456684 0.628653 0.039772 0.054449
0 0.435073 0.297132 0.038338 0.049377
0 0.330693 0.314079 0.037451 0.052488
0 0.740358 0.254052 0.038557 0.052650
0 0.440266 0.383142 0.034911 0.047253
0 0.688498 0.263304 0.038557 0.052650
0 0.694688 0.347515 0.037122 0.047578
0 0.746547 0.338263 0.036903 0.044304
0 0.532846 0.239833 0.038557 0.052650
0 0.843298 0.240621 0.038557 0.052650
0 0.636810 0.266745 0.039772 0.054449
0 0.388906 0.391494 0.038338 0.049377
0 0.336937 0.399108 0.040549 0.049701
