0 0.783917 0.735139 0.036614 0.045746
0 0.486594 0.348870 0.049891 0.041547
0 0.483443 0.313111 0.046404 0.046430
0 0.489608 0.380424 0.045866 0.040563
0 0.501055 0.493149 0.045627 0.037955
0 0.094194 0.580619 0.037565 0.044336
0 0.468454 0.149478 0.043724 0.040773
0 0.079666 0.415895 0.038667 0.044558
0 0.196590 0.560067 0.035662 0.047154
0 0.481573 0.280457 0.043276 0.035884
0 0.759369 0.448772 0.035363 0.043895
0 0.511383 0.746684 0.026910 0.034198
0 0.747323 0.323387 0.037473 0.031519
0 0.471365 0.181259 0.044172 0.045662
0 0.474976 0.214560 0.046728 0.038176
0 0.130862 0.983174 0.036259 0.033652
0 0.780960 0.696727 0.037864 0.047596
0 0.229377 0.930258 0.037565 0.044336
0 0.794461 0.862485 0.039414 0.052707
0 0.791353 0.822444 0.037565 0.044336
0 0.221764 0.847136 0.038162 0.050856
0 0.125805 0.950216 0.037416 0.042706
0 0.330673 0.909927 0.035662 0.047154
0 0.601016 0.439890 0.039712 0.055966
0 0.385128 0.353757 0.040515 0.052928
0 0.218106 0.807206 0.037715 0.045967
0 0.922377 0.502365 0.035961 0.050414
0 0.392891 0.438508 0.035214 0.042264
0 0.381796 0.898837 0.036315 0.042485
0 0.101509 0.660480 0.037565 0.044336
0 0.479062 0.246936 0.045422 0.047513
0 0.181587 0.396270 0.038013 0.049226
0 0.104616 0.700521 0.036912 0.049005
0 0.108348 0.741266 0.034412 0.045304
0 0.868203 0.510749 0.038013 0.049226
0 0.772721 0.612901 0.036614 0.045746
0 0.214924 0.766350 0.036912 0.049005
0 0.786847 0.779365 0.039712 0.055966
0 0.371075 0.775674 0.037565 0.044336
0 0.894703 0.212478 0.037565 0.044336
0 0.091637 0.540467 0.038013 0.049226
0 0.234061 0.969153 0.037864 0.047596
0 0.765732 0.530485 0.037864 0.047596
0 0.888041 0.127505 0.040664 0.054557
0 0.115560 0.826128 0.039619 0.043148
0 0.729166 0.112919 0.037659 0.057154
0 0.830788 0.090032 0.038013 0.049226
0 0.473398 0.754308 0.033311 0.045083
0 0.312963 0.704348 0.035662 0.047154
0 0.298986 0.539515 0.035961 0.050414
0 0.119292 0.866873 0.038312 0.052486
0 0.203503 0.641668 0.036763 0.047375
0 0.892296 0.173955 0.042418 0.050110
0 0.769539 0.572045 0.038013 0.049226
0 0.087130 0.497387 0.036763 0.047375
0 0.207460 0.684859 0.036614 0.045746
0 0.265422 0.754555 0.038817 0.046188
0 0.588270 0.312986 0.034412 0.045304
0 0.097926 0.621364 0.037864 0.047596
0 0.225720 0.890327 0.038013 0.049226
0 0.861914 0.429851 0.037864 0.047596
0 0.280025 0.920092 0.037864 0.047596
0 0.063991 0.244764 0.039264 0.051077
0 0.211593 0.723864 0.038013 0.049226
0 0.776051 0.655388 0.038312 0.052486
0 0.272010 0.838712 0.037062 0.050635
0 0.488923 0.923809 0.040216 0.049668
0 0.351789 0.571241 0.033815 0.038784
0 0.864546 0.470818 0.035662 0.047154
0 0.905425 0.335639 0.039115 0.049447
0 0.334479 0.951488 0.038013 0.049226
0 0.166863 0.223287 0.036110 0.052044
0 0.304099 0.619819 0.033460 0.046712
0 0.327566 0.869886 0.038817 0.046188
0 0.319476 0.787690 0.037864 0.047596
0 0.435151 0.342887 0.036464 0.044115
0 0.793259 0.231178 0.033759 0.049972
0 0.123948 0.911583 0.038966 0.047817
0 0.883237 0.081166 0.041616 0.053149
0 0.345277 0.487900 0.036017 0.039226
0 0.283908 0.374903 0.037864 0.047596
0 0.917069 0.462766 0.036614 0.045746
0 0.366793 0.735038 0.037360 0.053894
0 0.733122 0.156109 0.034113 0.042043
0 0.597060 0.396700 0.034561 0.046933
0 0.835919 0.133817 0.040515 0.052928
0 0.378288 0.860535 0.038966 0.047817
0 0.199846 0.601737 0.036614 0.045746
0 0.111278 0.785492 0.039414 0.052707
0 0.854375 0.347545 0.038013 0.049226
0 0.418776 0.170236 0.038461 0.054115
0 0.276917 0.880051 0.036614 0.045746
0 0.428163 0.260471 0.036110 0.052044
0 0.120796 0.277347 0.039414 0.052707
0 0.470841 0.714155 0.035662 0.047154
0 0.481636 0.838132 0.038667 0.044558
0 0.485919 0.878768 0.038162 0.050856
0 0.258360 0.671324 0.038013 0.049226
0 0.184768 0.437125 0.034412 0.045304
0 0.190077 0.476725 0.037864 0.047596
0 0.623094 0.130059 0.037211 0.052265
0 0.127533 0.363134 0.034561 0.046933
0 0.850568 0.305984 0.035662 0.047154
0 0.592553 0.353620 0.033609 0.048342
0 0.283355 0.962578 0.041466 0.051519
0 0.744766 0.283236 0.036912 0.049005
0 0.076158 0.377595 0.038817 0.046188
0 0.363536 0.693368 0.037715 0.045967
0 0.338288 0.405483 0.037864 0.047596
0 0.236667 0.428369 0.036614 0.045746
0 0.762476 0.488814 0.036912 0.049005
0 0.750980 0.363318 0.039414 0.052707
0 0.251044 0.591461 0.038013 0.049226
0 0.254076 0.630688 0.036614 0.045746
0 0.316845 0.746723 0.037864 0.047596
0 0.396325 0.475994 0.033311 0.045083
0 0.174523 0.313038 0.039115 0.049447
0 0.262792 0.713588 0.039115 0.049447
0 0.909931 0.378719 0.038162 0.050856
0 0.674991 0.121302 0.039414 0.052707
0 0.572594 0.141854 0.039414 0.052707
0 0.913337 0.422020 0.039115 0.049447
0 0.857631 0.389216 0.038966 0.047817
0 0.431718 0.305402 0.036763 0.047375
0 0.635587 0.260334 0.035513 0.045525
0 0.123651 0.320759 0.038966 0.047817
0 0.116141 0.232637 0.038162 0.050856
0 0.497248 0.451588 0.042866 0.054999
0 0.139177 0.490261 0.037360 0.053894
0 0.178330 0.354599 0.038966 0.047817
0 0.300993 0.579777 0.036315 0.042485
0 0.839624 0.180377 0.039264 0.051077
0 0.374882 0.817235 0.040515 0.052928
0 0.309156 0.662787 0.035811 0.048784
0 0.846687 0.263609 0.037864 0.047596
0 0.192858 0.519321 0.035961 0.050414
0 0.632480 0.220293 0.036763 0.047375
0 0.898986 0.253112 0.039264 0.051077
0 0.067695 0.291325 0.040216 0.049668
0 0.331076 0.320621 0.037360 0.053894
0 0.461174 0.633107 0.037864 0.047596
0 0.323283 0.829250 0.038013 0.049226
0 0.073452 0.335813 0.039264 0.051077
0 0.385678 0.941212 0.041914 0.056408
0 0.295254 0.498769 0.035363 0.043895
0 0.083323 0.455826 0.039115 0.049447
0 0.465382 0.672927 0.036912 0.049005
0 0.538397 0.325485 0.035961 0.050414
0 0.243907 0.507415 0.038966 0.047817
0 0.736929 0.197670 0.037062 0.050635
0 0.902392 0.296413 0.038013 0.049226
0 0.269855 0.796819 0.040216 0.049668
0 0.842955 0.222864 0.037864 0.047596
0 0.380548 0.309862 0.037211 0.052265
0 0.170641 0.270663 0.036912 0.049005
0 0.446796 0.470014 0.036763 0.047375
0 0.240249 0.467484 0.038817 0.046188
0 0.477354 0.797498 0.040365 0.051298
0 0.696274 0.335292 0.038162 0.050856
0 0.639944 0.301784 0.037062 0.050635
0 0.130790 0.404805 0.038013 0.049226
0 0.454111 0.549875 0.036763 0.047375
0 0.359879 0.653438 0.038162 0.050856
0 0.576774 0.187489 0.039115 0.049447
0 0.422956 0.215872 0.038162 0.050856
0 0.287565 0.414833 0.035513 0.045525
0 0.247088 0.548272 0.037864 0.047596
0 0.451004 0.509834 0.037715 0.045967
0 0.135072 0.445440 0.036912 0.049005
0 0.755637 0.408027 0.038162 0.050856
0 0.334481 0.363923 0.038013 0.049226
0 0.458469 0.591325 0.038013 0.049226
0 0.679246 0.167752 0.039264 0.051077
0 0.228754 0.341988 0.035009 0.051823
0 0.581758 0.229643 0.039115 0.049447
0 0.232860 0.386808 0.037062 0.050635
0 0.291923 0.456283 0.037062 0.050635
0 0.356473 0.610136 0.039115 0.049447
0 0.533741 0.280776 0.037211 0.052265
0 0.643975 0.345789 0.036763 0.047375
0 0.388058 0.397984 0.040515 0.052928
0 0.279877 0.330897 0.036259 0.053673
0 0.438958 0.384448 0.034710 0.048563
0 0.683128 0.210128 0.038966 0.047817
0 0.691917 0.293843 0.039115 0.049447
0 0.740885 0.240859 0.036912 0.049005
0 0.628524 0.177102 0.039414 0.052707
0 0.349084 0.529460 0.039563 0.054336
0 0.647231 0.387460 0.038312 0.052486
0 0.687009 0.252503 0.041466 0.051519
0 0.583987 0.272350 0.038013 0.049226
0 0.342169 0.447859 0.038162 0.050856
0 0.443540 0.428342 0.035811 0.048784
