0 0.607942 0.433432 0.036368 0.048194
0 0.083292 0.509736 0.040036 0.039098
0 0.640003 0.687917 0.037079 0.028889
0 0.716373 0.367776 0.035139 0.046369
0 0.507808 0.346038 0.043223 0.038014
0 0.521886 0.183164 0.044451 0.039839
0 0.086777 0.471295 0.039805 0.050390
0 0.520128 0.213591 0.049598 0.035848
0 0.524163 0.836194 0.036972 0.041822
0 0.497240 0.499536 0.041389 0.042563
0 0.524445 0.149550 0.046784 0.041850
0 0.513906 0.280634 0.043223 0.038014
0 0.091064 0.429668 0.037222 0.045101
0 0.521782 0.874820 0.038701 0.050205
0 0.806933 0.551543 0.038577 0.048565
0 0.308354 0.300088 0.036617 0.051475
0 0.873762 0.349368 0.035993 0.043276
0 0.510305 0.313243 0.043472 0.041294
0 0.930615 0.270899 0.037597 0.050019
0 0.604945 0.472785 0.035369 0.035077
0 0.440737 0.404524 0.028266 0.041978
0 0.374370 0.769522 0.036118 0.044915
0 0.819364 0.380920 0.037222 0.045101
0 0.822360 0.341566 0.037472 0.048380
0 0.096505 0.350869 0.035868 0.041636
0 0.484751 0.149526 0.026057 0.041607
0 0.518349 0.919912 0.038826 0.051845
0 0.614246 0.350626 0.035993 0.043276
0 0.378533 0.729535 0.034035 0.046184
0 0.740051 0.747066 0.037347 0.046740
0 0.825117 0.298022 0.036493 0.049834
0 0.528389 0.795386 0.037472 0.048380
0 0.505926 0.378105 0.046909 0.043490
0 0.320911 0.127826 0.037721 0.051660
0 0.804551 0.590169 0.039556 0.047111
0 0.103976 0.267428 0.036118 0.044915
0 0.876393 0.307463 0.037721 0.051660
0 0.354792 0.351065 0.036368 0.048194
0 0.370635 0.811242 0.037597 0.050019
0 0.305233 0.341081 0.036118 0.044915
0 0.367389 0.853875 0.037347 0.046740
0 0.468824 0.366062 0.022745 0.041051
0 0.800388 0.630156 0.039431 0.045472
0 0.516465 0.247021 0.046055 0.046584
0 0.381101 0.688449 0.037597 0.050019
0 0.480516 0.197805 0.027036 0.040153
0 0.878598 0.263824 0.035139 0.046369
0 0.110468 0.182163 0.036118 0.044915
0 0.742683 0.705160 0.036368 0.048194
0 0.391142 0.563923 0.035993 0.043276
0 0.532124 0.753667 0.036243 0.046555
0 0.623294 0.892697 0.038327 0.045286
0 0.093509 0.390222 0.036368 0.048194
0 0.757798 0.499284 0.034889 0.043090
0 0.797820 0.671242 0.038577 0.048565
0 0.923873 0.359443 0.039805 0.050390
0 0.668092 0.318981 0.036368 0.048194
0 0.446979 0.322537 0.025807 0.038327
0 0.383796 0.645723 0.038452 0.046926
0 0.625801 0.852431 0.037347 0.046740
0 0.755416 0.537910 0.038327 0.045286
0 0.926754 0.314258 0.038577 0.048565
0 0.745929 0.662528 0.038577 0.048565
0 0.720234 0.324416 0.034160 0.047824
0 0.386917 0.604731 0.038701 0.050205
0 0.155930 0.275322 0.036243 0.046555
0 0.358590 0.308524 0.037721 0.051660
0 0.477760 0.241351 0.025807 0.038327
0 0.205854 0.287858 0.035264 0.048009
0 0.752358 0.578083 0.038701 0.050205
0 0.629349 0.813171 0.035993 0.043276
0 0.162421 0.190058 0.036742 0.053114
0 0.106607 0.225523 0.037597 0.050019
0 0.256463 0.291374 0.038577 0.048565
0 0.534756 0.711760 0.035264 0.048009
0 0.831243 0.210204 0.039930 0.052031
0 0.113161 0.139438 0.037721 0.051660
0 0.311475 0.259096 0.038577 0.048565
0 0.882093 0.217913 0.037846 0.053299
0 0.202670 0.329671 0.035139 0.046369
0 0.218721 0.111496 0.039201 0.056764
0 0.866781 0.433720 0.035014 0.044730
0 0.794813 0.718067 0.037846 0.053299
0 0.736378 0.787967 0.040909 0.050576
0 0.670973 0.273797 0.037597 0.050019
0 0.828852 0.256301 0.037472 0.048380
0 0.315336 0.215736 0.037347 0.046740
0 0.864827 0.474079 0.037597 0.050019
0 0.662037 0.398508 0.035993 0.043276
0 0.317967 0.173831 0.038577 0.048565
0 0.450287 0.279085 0.026181 0.043247
0 0.364205 0.895688 0.039681 0.048751
0 0.537752 0.672408 0.035014 0.044730
0 0.352099 0.393790 0.035264 0.048009
0 0.812935 0.465364 0.037347 0.046740
0 0.159051 0.234329 0.036243 0.046555
0 0.301008 0.381889 0.036368 0.048194
0 0.396280 0.481752 0.038452 0.046926
0 0.713252 0.408769 0.034889 0.043090
0 0.116719 0.092706 0.040055 0.053670
0 0.212595 0.199313 0.037472 0.048380
0 0.870089 0.390268 0.039805 0.050390
0 0.749050 0.621535 0.038577 0.048565
0 0.601398 0.512046 0.037721 0.051660
0 0.475066 0.284076 0.024703 0.038142
0 0.253280 0.333188 0.038701 0.050205
0 0.443795 0.364350 0.025682 0.036687
0 0.575463 0.169742 0.036742 0.053114
0 0.620413 0.937882 0.040055 0.053670
0 0.408639 0.319421 0.036243 0.046555
0 0.444071 0.529634 0.036243 0.046555
0 0.780393 0.202495 0.037846 0.053299
0 0.472008 0.324249 0.024828 0.039782
0 0.215778 0.157501 0.037347 0.046740
0 0.260938 0.247288 0.038826 0.051845
0 0.933558 0.224893 0.038951 0.053485
0 0.772063 0.333950 0.036243 0.046555
0 0.421934 0.144790 0.039076 0.055125
0 0.710621 0.450675 0.036617 0.051475
0 0.598329 0.559690 0.036617 0.051475
0 0.100240 0.309149 0.037597 0.050019
0 0.649428 0.564119 0.038202 0.043647
0 0.550423 0.505977 0.037097 0.043461
0 0.393096 0.523565 0.040785 0.048936
0 0.764779 0.414931 0.038577 0.048565
0 0.362264 0.267624 0.036118 0.044915
0 0.547302 0.546969 0.037597 0.050019
0 0.776898 0.248406 0.037597 0.050019
0 0.437089 0.613986 0.037472 0.048380
0 0.769004 0.374123 0.038577 0.048565
0 0.674219 0.231164 0.037347 0.046740
0 0.636455 0.727178 0.035514 0.051289
0 0.761533 0.457563 0.038826 0.051845
0 0.676121 0.184154 0.036617 0.051475
0 0.405580 0.359594 0.036118 0.044915
0 0.774756 0.291225 0.037597 0.050019
0 0.544733 0.588055 0.036243 0.046555
0 0.816118 0.423552 0.037721 0.051660
0 0.610636 0.390706 0.037222 0.045101
0 0.151518 0.318590 0.038826 0.051845
0 0.561865 0.340999 0.034764 0.041451
0 0.209162 0.244405 0.037597 0.050019
0 0.665033 0.359154 0.036243 0.046555
0 0.501475 0.451257 0.045325 0.051317
0 0.440335 0.571354 0.037472 0.048380
0 0.810793 0.508183 0.037347 0.046740
0 0.567555 0.258921 0.033910 0.044545
0 0.540998 0.629775 0.037472 0.048380
0 0.570801 0.216289 0.036368 0.048194
0 0.399401 0.440759 0.036243 0.046555
0 0.645881 0.603380 0.037347 0.046740
0 0.418501 0.189883 0.038452 0.046926
0 0.556050 0.424718 0.033910 0.044545
0 0.632470 0.772178 0.038701 0.050205
0 0.402032 0.398854 0.037222 0.045101
0 0.616325 0.308628 0.036617 0.051475
0 0.642937 0.649384 0.041159 0.053856
0 0.365510 0.224992 0.038826 0.051845
0 0.659469 0.439593 0.037597 0.050019
0 0.655670 0.482134 0.036243 0.046555
0 0.447192 0.488641 0.036243 0.046555
0 0.449823 0.446736 0.037472 0.048380
0 0.415193 0.233335 0.038826 0.051845
0 0.652487 0.523946 0.038577 0.048565
0 0.553971 0.466716 0.036243 0.046555
0 0.558130 0.382719 0.036493 0.049834
0 0.564923 0.300826 0.037597 0.050019
0 0.411207 0.278334 0.035139 0.046369
