0 0.742876 0.157016 0.035901 0.044724
0 0.060148 0.805091 0.031407 0.038345
0 0.690461 0.415749 0.033666 0.043112
0 0.640851 0.748574 0.035876 0.041569
0 0.909066 0.660724 0.035876 0.041569
0 0.434663 0.669815 0.038098 0.041605
0 0.325067 0.509869 0.034752 0.039975
0 0.324637 0.384473 0.031407 0.038345
0 0.532251 0.503433 0.033641 0.039957
0 0.114135 0.887837 0.038098 0.041605
0 0.165424 0.556564 0.034777 0.043130
0 0.429504 0.296057 0.035901 0.044724
0 0.112410 0.597627 0.036987 0.041587
0 0.745218 0.455105 0.031407 0.038345
0 0.056858 0.598506 0.034764 0.041552
0 0.272197 0.427893 0.036987 0.041587
0 0.694801 0.826589 0.035901 0.044724
0 0.437076 0.835402 0.038098 0.041605
0 0.165184 0.596791 0.035876 0.041569
0 0.218425 0.513924 0.034739 0.038398
0 0.640927 0.829019 0.034764 0.041552
0 0.748837 0.703485 0.036999 0.043165
0 0.167054 0.763964 0.036987 0.041587
0 0.692337 0.583710 0.037012 0.044742
0 0.427711 0.209329 0.035876 0.041569
0 0.908188 0.619727 0.036962 0.038433
0 0.906642 0.493560 0.038123 0.044759
0 0.694731 0.746932 0.036999 0.043165
0 0.481333 0.457706 0.034789 0.044707
0 0.220496 0.636138 0.037024 0.046319
0 0.216291 0.171664 0.038172 0.051068
0 0.494098 0.738830 0.022452 0.029845
0 0.495487 0.759970 0.021317 0.012559
0 0.111772 0.516401 0.039221 0.043200
0 0.855742 0.662358 0.035888 0.043147
0 0.373832 0.210971 0.037024 0.046319
0 0.323854 0.214128 0.034814 0.047861
0 0.431721 0.507391 0.036987 0.041587
0 0.530452 0.203758 0.037024 0.046319
0 0.323280 0.423930 0.032542 0.041517
0 0.381908 0.673017 0.036999 0.043165
0 0.688794 0.203617 0.035926 0.047879
0 0.853444 0.581947 0.036999 0.043165
0 0.746658 0.496883 0.035888 0.043147
0 0.531368 0.461646 0.036987 0.041587
0 0.430818 0.463238 0.035901 0.044724
0 0.583491 0.378008 0.033641 0.039957
0 0.743242 0.203543 0.035913 0.046301
0 0.532012 0.543660 0.034764 0.041552
0 0.325110 0.303230 0.033641 0.039957
0 0.324781 0.261435 0.035901 0.044724
0 0.853658 0.538566 0.035901 0.044724
0 0.747649 0.623058 0.035888 0.043147
0 0.378694 0.546877 0.036975 0.040010
0 0.163889 0.431974 0.038110 0.043183
0 0.745135 0.373870 0.036975 0.040010
0 0.163984 0.514786 0.036987 0.041587
0 0.636487 0.334579 0.035888 0.043147
0 0.379900 0.629670 0.035876 0.041569
0 0.799027 0.373806 0.035876 0.041569
0 0.588316 0.709182 0.038110 0.043183
0 0.533546 0.668249 0.035876 0.041569
0 0.587426 0.666607 0.036999 0.043165
0 0.163225 0.347594 0.038098 0.041605
0 0.378378 0.506658 0.036962 0.038433
0 0.532663 0.626463 0.034777 0.043130
0 0.113408 0.724590 0.034752 0.039975
0 0.692235 0.500111 0.035876 0.041569
0 0.163554 0.389390 0.038110 0.043183
0 0.325395 0.551664 0.034764 0.041552
0 0.110212 0.388658 0.038110 0.043183
0 0.747309 0.579685 0.035901 0.044724
0 0.638368 0.503330 0.036999 0.043165
0 0.746424 0.537898 0.036975 0.040010
0 0.636701 0.291197 0.037012 0.044742
0 0.326267 0.591874 0.033641 0.039957
0 0.165841 0.680382 0.038123 0.044759
0 0.637370 0.376366 0.036987 0.041587
0 0.217458 0.390902 0.037037 0.047897
0 0.582127 0.204517 0.035913 0.046301
0 0.690682 0.373156 0.036975 0.040010
0 0.165512 0.638586 0.035864 0.039993
0 0.745457 0.414878 0.036999 0.043165
0 0.374532 0.300081 0.032542 0.041517
0 0.429832 0.337852 0.035864 0.039993
0 0.637478 0.460755 0.035888 0.043147
0 0.584141 0.460810 0.033653 0.041534
0 0.640762 0.666551 0.034764 0.041552
0 0.796559 0.201121 0.035913 0.046301
0 0.271218 0.303296 0.034764 0.041552
0 0.907866 0.578720 0.036987 0.041587
0 0.109561 0.305856 0.035901 0.044724
0 0.692969 0.664146 0.034764 0.041552
0 0.585575 0.501800 0.033653 0.041534
0 0.586232 0.585391 0.035901 0.044724
0 0.692557 0.541117 0.035876 0.041569
0 0.110326 0.473835 0.036975 0.040010
0 0.376951 0.466457 0.036999 0.043165
0 0.796918 0.246859 0.035888 0.043147
0 0.584369 0.419006 0.034777 0.043130
0 0.798883 0.496844 0.035876 0.041569
0 0.112183 0.639431 0.035888 0.043147
0 0.481902 0.318098 0.038086 0.040028
0 0.374741 0.255911 0.035901 0.044724
0 0.436425 0.752599 0.038135 0.046336
0 0.379572 0.587874 0.033666 0.043112
0 0.856955 0.745940 0.036999 0.043165
0 0.164217 0.473770 0.035876 0.041569
0 0.056882 0.389502 0.035888 0.043147
0 0.696587 0.912528 0.038135 0.046336
0 0.583390 0.294408 0.034752 0.039975
0 0.907538 0.536924 0.036999 0.043165
0 0.109991 0.431251 0.036999 0.043165
0 0.165620 0.722975 0.036987 0.041587
0 0.429600 0.378867 0.034777 0.043130
0 0.057229 0.433663 0.031469 0.046231
0 0.852768 0.495991 0.034764 0.041552
0 0.641078 0.706770 0.036999 0.043165
0 0.749070 0.662470 0.035864 0.039993
0 0.852440 0.454195 0.034752 0.039975
0 0.582493 0.251044 0.038147 0.047914
0 0.691894 0.456738 0.035888 0.043147
0 0.852363 0.373750 0.035888 0.043147
0 0.273409 0.511475 0.035851 0.038416
0 0.639240 0.543539 0.038098 0.041605
0 0.272943 0.593506 0.031431 0.041499
0 0.058948 0.723086 0.034764 0.041552
0 0.635476 0.206038 0.038123 0.044759
0 0.222473 0.887700 0.039209 0.041622
0 0.635817 0.249411 0.035864 0.039993
0 0.329222 0.755875 0.034777 0.043130
0 0.328029 0.674658 0.033628 0.038380
0 0.532328 0.583878 0.032530 0.039940
0 0.585892 0.542017 0.031419 0.039922
0 0.801207 0.580409 0.032542 0.041517
0 0.584888 0.626424 0.036962 0.038433
0 0.911239 0.866539 0.034777 0.043130
0 0.852679 0.413968 0.033628 0.038380
0 0.478887 0.217194 0.044677 0.030670
0 0.269772 0.260729 0.032542 0.041517
0 0.477812 0.150961 0.043591 0.033807
0 0.272627 0.553289 0.033641 0.039957
0 0.911580 0.909912 0.037012 0.044742
0 0.530900 0.331519 0.033715 0.049421
0 0.695691 0.869164 0.034764 0.041552
0 0.908845 0.703317 0.034789 0.044707
0 0.057646 0.557481 0.034739 0.038398
0 0.480515 0.353611 0.039159 0.035314
0 0.530017 0.289733 0.034764 0.041552
0 0.479420 0.285013 0.040233 0.030600
0 0.330441 0.840245 0.035851 0.038416
0 0.856172 0.787753 0.032542 0.041517
0 0.858490 0.870529 0.035864 0.039993
0 0.429366 0.419884 0.035864 0.039993
0 0.435535 0.710025 0.039196 0.040045
0 0.061032 0.846878 0.034777 0.043130
0 0.857694 0.910765 0.035901 0.044724
0 0.912021 0.824726 0.034764 0.041552
0 0.910027 0.782957 0.033616 0.036804
0 0.478078 0.184871 0.041406 0.038504
0 0.905579 0.287728 0.034752 0.039975
0 0.386082 0.921388 0.036962 0.038433
0 0.382313 0.795257 0.035851 0.038416
0 0.750132 0.868302 0.034789 0.044707
0 0.220371 0.761542 0.034739 0.038398
0 0.587515 0.748630 0.029172 0.036733
0 0.221565 0.842758 0.035913 0.046301
0 0.439071 0.877171 0.036999 0.043165
0 0.481668 0.500290 0.034715 0.035243
0 0.480195 0.383587 0.038048 0.035296
0 0.906792 0.371310 0.035864 0.039993
0 0.850254 0.246804 0.035901 0.044724
0 0.113800 0.845254 0.035901 0.044724
0 0.906003 0.412335 0.038086 0.040028
0 0.693846 0.705145 0.035876 0.041569
0 0.694484 0.786370 0.035814 0.033684
0 0.061366 0.889462 0.034752 0.039975
0 0.385741 0.878016 0.037024 0.046319
0 0.587825 0.788059 0.029197 0.039887
0 0.438845 0.918975 0.038098 0.041605
0 0.637698 0.418161 0.036999 0.043165
0 0.331312 0.880455 0.036999 0.043165
0 0.115044 0.932779 0.036999 0.043165
0 0.215899 0.263159 0.035876 0.041569
0 0.905895 0.327947 0.036987 0.041587
0 0.850923 0.331972 0.033628 0.038380
0 0.910841 0.745086 0.035864 0.039993
0 0.744447 0.286337 0.034764 0.041552
0 0.533868 0.709256 0.038098 0.041605
0 0.904140 0.245950 0.034789 0.044707
0 0.857043 0.827962 0.035913 0.046301
0 0.641250 0.870026 0.032542 0.041517
0 0.589037 0.871641 0.034777 0.043130
0 0.427358 0.164378 0.038110 0.043183
0 0.749809 0.827295 0.034739 0.038398
0 0.589378 0.915014 0.036987 0.041587
0 0.057880 0.516466 0.033628 0.038380
0 0.744800 0.331287 0.034801 0.046284
0 0.384857 0.836229 0.035876 0.041569
0 0.748926 0.785508 0.035888 0.043147
0 0.432031 0.546820 0.036962 0.038433
0 0.906868 0.451756 0.036975 0.040010
0 0.109883 0.346862 0.033628 0.038380
0 0.433445 0.585444 0.034752 0.039975
0 0.799109 0.455040 0.034752 0.039975
0 0.055669 0.305920 0.034777 0.043130
0 0.113156 0.763240 0.033628 0.038380
0 0.058052 0.679723 0.033690 0.046266
0 0.113472 0.803459 0.033641 0.039957
0 0.271887 0.388463 0.034764 0.041552
0 0.219619 0.595140 0.035839 0.036839
0 0.797802 0.288646 0.034764 0.041552
0 0.330674 0.799230 0.034764 0.041552
0 0.271635 0.214955 0.037037 0.047897
0 0.168930 0.931926 0.035913 0.046301
0 0.750466 0.910885 0.036987 0.041587
0 0.382015 0.757405 0.038073 0.038451
0 0.531588 0.419053 0.035876 0.041569
0 0.167686 0.844401 0.036987 0.041587
0 0.748604 0.744501 0.038061 0.036874
0 0.168033 0.888562 0.036987 0.041587
0 0.057723 0.637927 0.033628 0.038380
0 0.479148 0.250315 0.042529 0.040098
0 0.641155 0.787215 0.033641 0.039957
0 0.057002 0.475468 0.030296 0.038328
0 0.642153 0.914179 0.033678 0.044689
0 0.904342 0.200991 0.038135 0.046336
0 0.851163 0.291745 0.036999 0.043165
0 0.332764 0.923811 0.037012 0.044742
0 0.692659 0.624717 0.034739 0.038398
0 0.376635 0.426239 0.034715 0.035243
0 0.112643 0.556610 0.035876 0.041569
0 0.112523 0.682803 0.035901 0.044724
0 0.638994 0.582978 0.034739 0.038398
0 0.223358 0.929486 0.040332 0.043218
0 0.327783 0.714096 0.032542 0.041517
0 0.690909 0.331351 0.038123 0.044759
0 0.436760 0.795184 0.035864 0.039993
0 0.849895 0.201066 0.038147 0.047914
0 0.062257 0.932038 0.035888 0.043147
0 0.059270 0.764094 0.034764 0.041552
0 0.220055 0.721324 0.036999 0.043165
0 0.428608 0.252692 0.034777 0.043130
0 0.219171 0.679537 0.035876 0.041569
0 0.530243 0.247928 0.035888 0.043147
0 0.743582 0.246916 0.035851 0.038416
0 0.217111 0.346741 0.034739 0.038398
0 0.056554 0.347707 0.033628 0.038380
0 0.690586 0.290344 0.035851 0.038416
0 0.798793 0.414821 0.034764 0.041552
0 0.220675 0.800183 0.034777 0.043130
0 0.167370 0.804182 0.034752 0.039975
0 0.382255 0.717178 0.037024 0.046319
0 0.588715 0.830635 0.034752 0.039975
0 0.433224 0.628037 0.038110 0.043183
0 0.533642 0.751060 0.036999 0.043165
0 0.531272 0.378835 0.035888 0.043147
0 0.218330 0.431112 0.033616 0.036804
0 0.856626 0.704144 0.034764 0.041552
0 0.216669 0.219769 0.035913 0.046301
0 0.854877 0.622937 0.034727 0.036821
0 0.273081 0.469679 0.035888 0.043147
0 0.216234 0.305743 0.035901 0.044724
0 0.324870 0.343458 0.032567 0.044672
0 0.640427 0.623967 0.037012 0.044742
0 0.326589 0.632880 0.035888 0.043147
0 0.218103 0.472916 0.037012 0.044742
0 0.376306 0.384444 0.037049 0.049474
0 0.271559 0.346668 0.036999 0.043165
0 0.375410 0.341080 0.035851 0.038416
0 0.690264 0.249337 0.038123 0.044759
0 0.800878 0.538613 0.034777 0.043130
0 0.162336 0.305020 0.039234 0.044777
0 0.583156 0.335424 0.035888 0.043147
0 0.219858 0.554913 0.036987 0.041587
0 0.798136 0.331230 0.037012 0.044742
0 0.324164 0.465716 0.035913 0.046301
