0 0.194643 0.798063 0.036085 0.045413
0 0.699639 0.189900 0.036085 0.045413
0 0.094576 0.932522 0.037196 0.045442
0 0.092891 0.884783 0.037196 0.045442
0 0.711179 0.780299 0.036025 0.040472
0 0.815505 0.861577 0.036025 0.040472
0 0.498124 0.205110 0.045885 0.029206
0 0.908978 0.317012 0.036025 0.040472
0 0.859298 0.483094 0.037176 0.043796
0 0.859379 0.443548 0.036065 0.043766
0 0.143610 0.805178 0.036025 0.040472
0 0.712763 0.865938 0.037176 0.043796
0 0.816565 0.903566 0.034894 0.038795
0 0.713277 0.908765 0.037176 0.043796
0 0.290783 0.290500 0.036065 0.043766
0 0.861429 0.567896 0.037156 0.042148
0 0.455592 0.873555 0.033822 0.042060
0 0.497333 0.139222 0.041520 0.035676
0 0.197298 0.926513 0.036006 0.038824
0 0.709604 0.695483 0.034933 0.042089
0 0.907424 0.187708 0.036085 0.045413
0 0.195672 0.883716 0.036085 0.045413
0 0.456106 0.916382 0.036085 0.045413
0 0.092426 0.846074 0.039358 0.040560
0 0.860914 0.525068 0.037196 0.045442
0 0.863508 0.694714 0.036045 0.042118
0 0.453018 0.705556 0.034933 0.042089
0 0.856188 0.316758 0.037097 0.037207
0 0.865598 0.776221 0.036025 0.040472
0 0.454017 0.788739 0.032692 0.040384
0 0.502345 0.371417 0.041520 0.035676
0 0.454522 0.830743 0.034973 0.045384
0 0.710128 0.739135 0.034993 0.047031
0 0.090266 0.758803 0.037176 0.043796
0 0.193059 0.712423 0.034973 0.045384
0 0.811376 0.610410 0.033783 0.038765
0 0.704505 0.363605 0.034914 0.040442
0 0.083695 0.211937 0.037215 0.047090
0 0.454068 0.746722 0.033822 0.042060
0 0.755610 0.316120 0.031621 0.043649
0 0.500442 0.305558 0.041599 0.042265
0 0.394698 0.198779 0.034993 0.047031
0 0.555254 0.659192 0.036065 0.043766
0 0.815061 0.778380 0.034933 0.042089
0 0.861904 0.607428 0.034894 0.038795
0 0.712258 0.823935 0.037196 0.045442
0 0.293336 0.502987 0.036105 0.047061
0 0.091346 0.802438 0.038346 0.048766
0 0.555315 0.617998 0.034914 0.040442
0 0.187991 0.336880 0.029340 0.038648
0 0.908483 0.275833 0.036065 0.043766
0 0.708584 0.610654 0.034914 0.040442
0 0.807680 0.441618 0.034914 0.040442
0 0.244264 0.627038 0.030450 0.038677
0 0.857219 0.356276 0.036105 0.047061
0 0.452533 0.665201 0.034914 0.040442
0 0.804672 0.191246 0.034993 0.047031
0 0.085229 0.339594 0.032712 0.042030
0 0.497748 0.173814 0.041560 0.038971
0 0.090397 0.677238 0.039417 0.045501
0 0.086188 0.465618 0.033803 0.040413
0 0.085684 0.423615 0.036085 0.045413
0 0.090347 0.719256 0.036025 0.040472
0 0.815010 0.820398 0.036065 0.043766
0 0.865113 0.735865 0.038267 0.042177
0 0.549116 0.286972 0.037215 0.047090
0 0.244212 0.715191 0.037215 0.047090
0 0.089439 0.551213 0.036065 0.043766
0 0.290288 0.249321 0.038247 0.040530
0 0.192584 0.672891 0.032672 0.038736
0 0.804642 0.234910 0.031601 0.042001
0 0.707008 0.571974 0.034933 0.042089
0 0.866133 0.820694 0.038326 0.047119
0 0.084623 0.381626 0.034953 0.043737
0 0.552751 0.450823 0.033783 0.038765
0 0.186419 0.159793 0.035032 0.050325
0 0.141985 0.716244 0.037176 0.043796
0 0.701841 0.234330 0.034973 0.045384
0 0.906828 0.230564 0.036085 0.045413
0 0.709089 0.652657 0.037196 0.045442
0 0.196269 0.840860 0.038267 0.042177
0 0.500868 0.340973 0.043722 0.034088
0 0.498965 0.275116 0.041461 0.030735
0 0.755095 0.273293 0.035907 0.030588
0 0.518036 0.752447 0.021385 0.023618
0 0.501508 0.486778 0.039259 0.032323
0 0.517173 0.726930 0.020333 0.028531
0 0.240266 0.294306 0.032712 0.042030
0 0.553720 0.577671 0.034933 0.042089
0 0.706070 0.447597 0.036065 0.043766
0 0.139916 0.590249 0.036045 0.042118
0 0.500458 0.445613 0.040528 0.045530
0 0.706019 0.489615 0.037156 0.042148
0 0.396281 0.330554 0.034993 0.047031
0 0.343051 0.154831 0.035012 0.048678
0 0.191111 0.504039 0.033803 0.040413
0 0.808306 0.401232 0.034933 0.042089
0 0.394717 0.246562 0.036065 0.043766
0 0.139481 0.507875 0.034973 0.045384
0 0.186418 0.205929 0.036065 0.043766
0 0.137453 0.339038 0.034953 0.043737
0 0.450453 0.538383 0.033803 0.040413
0 0.807812 0.360053 0.034933 0.042089
0 0.244222 0.669879 0.033862 0.045354
0 0.135889 0.208911 0.037176 0.043796
0 0.292853 0.416495 0.037196 0.045442
0 0.135869 0.253399 0.036105 0.047061
0 0.136437 0.161937 0.037235 0.048737
0 0.497974 0.238892 0.042690 0.040648
0 0.191543 0.632549 0.033803 0.040413
0 0.290340 0.207303 0.037196 0.045442
0 0.445810 0.198253 0.032672 0.038736
0 0.756607 0.445438 0.034933 0.042089
0 0.291413 0.157843 0.038386 0.052061
0 0.704435 0.403976 0.036085 0.045413
0 0.756144 0.360594 0.036105 0.047061
0 0.290733 0.332518 0.039378 0.042207
0 0.599715 0.197484 0.033862 0.045354
0 0.814586 0.738847 0.032712 0.042030
0 0.194129 0.755235 0.036045 0.042118
0 0.139986 0.549878 0.034953 0.043737
0 0.342514 0.202629 0.032751 0.045325
0 0.553205 0.534844 0.034973 0.045384
0 0.291792 0.374507 0.033803 0.040413
0 0.804088 0.142653 0.035052 0.051973
0 0.554678 0.703695 0.036105 0.047061
0 0.240741 0.333839 0.034894 0.038795
0 0.549620 0.328975 0.032672 0.038736
0 0.650735 0.327952 0.034933 0.042089
0 0.448910 0.409902 0.033803 0.040413
0 0.810345 0.570892 0.034973 0.045384
0 0.237532 0.159267 0.037275 0.052031
0 0.238621 0.249861 0.034973 0.045384
0 0.240680 0.375033 0.036085 0.045413
0 0.189929 0.544440 0.034973 0.045384
0 0.852980 0.142186 0.037215 0.047090
0 0.241194 0.417860 0.036045 0.042118
0 0.242275 0.461495 0.037176 0.043796
0 0.906860 0.140763 0.038366 0.050413
0 0.548047 0.198024 0.034993 0.047031
0 0.137412 0.381880 0.033842 0.043708
0 0.854674 0.190749 0.037196 0.045442
0 0.138967 0.465048 0.037196 0.045442
0 0.452028 0.623197 0.037196 0.045442
0 0.239207 0.206182 0.037176 0.043796
0 0.343614 0.247912 0.033842 0.043708
0 0.855209 0.235223 0.034973 0.045384
0 0.138452 0.422221 0.034933 0.042089
0 0.700216 0.145397 0.036124 0.048707
0 0.242779 0.503499 0.037156 0.042148
0 0.553801 0.491988 0.032712 0.042030
0 0.601300 0.283122 0.034933 0.042089
0 0.448302 0.498070 0.034933 0.042089
0 0.599121 0.148067 0.036164 0.052002
0 0.757678 0.488251 0.036085 0.045413
0 0.243759 0.585035 0.034953 0.043737
0 0.446859 0.285554 0.034933 0.042089
0 0.447920 0.327542 0.036065 0.043766
0 0.547483 0.151080 0.032791 0.048619
0 0.600239 0.241134 0.033842 0.043708
0 0.813001 0.653208 0.036124 0.048707
0 0.191575 0.588884 0.037196 0.045442
0 0.343037 0.292415 0.036105 0.047061
0 0.444711 0.152970 0.036105 0.047061
0 0.448415 0.368723 0.036065 0.043766
0 0.450948 0.579562 0.036065 0.043766
0 0.187930 0.378074 0.034973 0.045384
0 0.188052 0.295685 0.037196 0.045442
0 0.703435 0.320793 0.036105 0.047061
0 0.189515 0.463713 0.033822 0.042060
0 0.651292 0.281802 0.035012 0.048678
0 0.187508 0.250388 0.037215 0.047090
0 0.551721 0.411305 0.034933 0.042089
0 0.548571 0.241674 0.034933 0.042089
0 0.445770 0.241094 0.036085 0.045413
0 0.189010 0.421710 0.033842 0.043708
0 0.551216 0.369302 0.032731 0.043678
0 0.602925 0.325920 0.037196 0.045442
0 0.701829 0.279643 0.031581 0.040354
0 0.448868 0.452743 0.037215 0.047090
0 0.808751 0.484430 0.036065 0.043766
0 0.136403 0.297873 0.033842 0.043708
0 0.806186 0.317256 0.034973 0.045384
0 0.395212 0.287742 0.033803 0.040413
0 0.089318 0.633602 0.038287 0.043825
0 0.141541 0.633046 0.036085 0.045413
0 0.856299 0.279682 0.033822 0.042060
0 0.142529 0.761541 0.039457 0.048795
0 0.809830 0.528066 0.034973 0.045384
0 0.089358 0.590760 0.037136 0.040501
0 0.242708 0.543870 0.033803 0.040413
0 0.085280 0.297576 0.036065 0.043766
0 0.806247 0.276062 0.033822 0.042060
0 0.756668 0.404244 0.038267 0.042177
0 0.707070 0.530780 0.036085 0.045413
0 0.083092 0.161698 0.037235 0.048737
0 0.084756 0.253925 0.036045 0.042118
0 0.857753 0.400750 0.036065 0.043766
0 0.141500 0.675888 0.037156 0.042148
0 0.087258 0.508431 0.037176 0.043796
0 0.293932 0.460131 0.036025 0.040472
0 0.813526 0.696858 0.033842 0.043708
0 0.863519 0.649402 0.037255 0.050384
