0 0.787630 0.163074 0.034377 0.043821
0 0.497813 0.488848 0.046958 0.040071
0 0.406225 0.469809 0.025265 0.038734
0 0.476338 0.921999 0.027310 0.037567
0 0.402591 0.555140 0.033587 0.046844
0 0.111979 0.273310 0.038454 0.052639
0 0.826376 0.151677 0.046790 0.049597
0 0.228132 0.931478 0.039399 0.051243
0 0.471913 0.875660 0.025265 0.038734
0 0.427172 0.154507 0.024320 0.040130
0 0.398151 0.385260 0.025265 0.038734
0 0.145220 0.609647 0.035632 0.045677
0 0.485257 0.339731 0.046013 0.041468
0 0.602551 0.892360 0.029821 0.041278
0 0.314065 0.744409 0.038298 0.051013
0 0.464311 0.790185 0.025899 0.034086
0 0.232798 0.974451 0.038143 0.049387
0 0.212373 0.766447 0.038623 0.043113
0 0.439371 0.546640 0.025109 0.037108
0 0.944453 0.777107 0.037677 0.044510
0 0.178545 0.940991 0.041755 0.053328
0 0.456386 0.713067 0.025265 0.038734
0 0.895052 0.829697 0.039555 0.052869
0 0.443725 0.586361 0.026675 0.042215
0 0.533694 0.441565 0.025265 0.038734
0 0.948412 0.818568 0.038454 0.052639
0 0.766350 0.563019 0.036732 0.045906
0 0.816254 0.550953 0.035632 0.045677
0 0.161608 0.775376 0.038934 0.046365
0 0.706016 0.489370 0.038143 0.049387
0 0.930530 0.654808 0.037832 0.046136
0 0.451799 0.670909 0.026365 0.038963
0 0.489384 0.371208 0.046168 0.043094
0 0.447762 0.628635 0.026675 0.042215
0 0.182342 0.979927 0.042855 0.040147
0 0.065795 0.330204 0.042700 0.051931
0 0.938843 0.735990 0.039244 0.049617
0 0.934806 0.693716 0.039244 0.049617
0 0.893640 0.280262 0.038298 0.051013
0 0.173641 0.901385 0.041289 0.048450
0 0.478340 0.273184 0.046803 0.038445
0 0.468976 0.833157 0.025575 0.041986
0 0.409007 0.510686 0.025265 0.038734
0 0.587705 0.343240 0.038143 0.049387
0 0.203748 0.682014 0.037832 0.046136
0 0.811164 0.468270 0.043489 0.048909
0 0.604797 0.510481 0.035322 0.042425
0 0.471346 0.205822 0.047749 0.037049
0 0.460113 0.752090 0.027465 0.039193
0 0.350313 0.172195 0.028721 0.041048
0 0.558371 0.435589 0.024630 0.043382
0 0.599142 0.850784 0.028876 0.042674
0 0.910027 0.445992 0.036577 0.044280
0 0.192421 0.557516 0.039399 0.051243
0 0.534952 0.722245 0.025263 0.024822
0 0.537322 0.743002 0.026087 0.027463
0 0.801223 0.387676 0.038421 0.040999
0 0.464716 0.136396 0.048463 0.044528
0 0.468054 0.171353 0.046727 0.048947
0 0.475033 0.238552 0.047952 0.050477
0 0.693588 0.365102 0.037198 0.050784
0 0.277647 0.368935 0.039399 0.051243
0 0.166387 0.308395 0.041444 0.050076
0 0.537173 0.354608 0.037988 0.047761
0 0.650975 0.459392 0.036732 0.045906
0 0.833701 0.204873 0.038298 0.051013
0 0.744988 0.351065 0.039089 0.047991
0 0.771488 0.605064 0.039244 0.049617
0 0.778384 0.689027 0.039399 0.051243
0 0.209168 0.204120 0.042221 0.058205
0 0.533213 0.313147 0.035943 0.048928
0 0.867259 0.538657 0.037043 0.049158
0 0.572029 0.173216 0.037198 0.050784
0 0.600287 0.469134 0.034998 0.050325
0 0.680377 0.238509 0.041910 0.054953
0 0.784191 0.215199 0.040810 0.054724
0 0.850399 0.373855 0.036888 0.047532
0 0.633804 0.291338 0.036888 0.047532
0 0.847067 0.333092 0.038298 0.051013
0 0.566899 0.125366 0.039075 0.059143
0 0.525139 0.228598 0.038454 0.052639
0 0.838048 0.250399 0.038298 0.051013
0 0.854986 0.416014 0.036098 0.050554
0 0.644156 0.376240 0.037043 0.049158
0 0.753767 0.437125 0.037988 0.047761
0 0.319788 0.275572 0.038298 0.051013
0 0.316068 0.230745 0.037043 0.049158
0 0.637763 0.332799 0.037353 0.052410
0 0.520319 0.184000 0.039399 0.051243
0 0.592679 0.389464 0.039399 0.051243
0 0.749102 0.394152 0.039555 0.052869
0 0.269651 0.285200 0.039555 0.052869
0 0.647643 0.418629 0.038143 0.049387
0 0.162194 0.264495 0.041444 0.050076
0 0.529254 0.271685 0.037988 0.047761
0 0.183557 0.476449 0.041600 0.051702
0 0.260328 0.193450 0.039230 0.060769
0 0.081710 0.496861 0.040344 0.049846
0 0.842558 0.291745 0.036732 0.045906
0 0.668145 0.627446 0.037198 0.050784
0 0.820213 0.592413 0.035788 0.047303
0 0.791165 0.299977 0.035788 0.047303
0 0.494170 0.444834 0.047411 0.056101
0 0.731777 0.224472 0.037509 0.054036
0 0.787756 0.258401 0.036732 0.045906
0 0.218724 0.298309 0.041121 0.057976
0 0.685042 0.281481 0.037832 0.046136
0 0.408783 0.637594 0.037043 0.049158
0 0.307324 0.662071 0.038454 0.052639
0 0.654934 0.500853 0.036888 0.047532
0 0.859023 0.458288 0.035788 0.047303
0 0.179365 0.432549 0.041600 0.051702
0 0.879370 0.665478 0.037043 0.049158
0 0.273843 0.329100 0.036732 0.045906
0 0.310698 0.186261 0.037198 0.050784
0 0.583195 0.301893 0.034377 0.043821
0 0.658816 0.541501 0.039089 0.047991
0 0.905518 0.404646 0.038143 0.049387
0 0.085902 0.540761 0.040344 0.049846
0 0.579786 0.260317 0.038143 0.049387
0 0.302426 0.616660 0.037043 0.049158
0 0.264203 0.239903 0.038934 0.046365
0 0.214377 0.252783 0.042700 0.051931
0 0.392541 0.344144 0.026520 0.040589
0 0.311283 0.703532 0.037677 0.044510
0 0.140711 0.568301 0.039399 0.051243
0 0.883407 0.707752 0.039244 0.049617
0 0.575671 0.217230 0.035788 0.047303
0 0.596406 0.428486 0.036267 0.041028
0 0.786619 0.769396 0.038143 0.049387
0 0.200417 0.641251 0.041755 0.053328
0 0.884705 0.192577 0.039710 0.054495
0 0.594477 0.807811 0.030442 0.047781
0 0.608679 0.551129 0.036253 0.052180
0 0.285721 0.453483 0.039089 0.047991
0 0.290386 0.496456 0.038454 0.052639
0 0.727464 0.696331 0.039710 0.054495
0 0.282390 0.412720 0.040189 0.048220
0 0.774819 0.645826 0.040344 0.049846
0 0.735807 0.272552 0.038454 0.052639
0 0.614127 0.596425 0.038454 0.052639
0 0.723271 0.652431 0.036888 0.047532
0 0.124796 0.401643 0.039244 0.049617
0 0.688924 0.322129 0.038143 0.049387
0 0.215704 0.807210 0.040655 0.053098
0 0.918574 0.529613 0.038143 0.049387
0 0.824250 0.634687 0.036098 0.050554
0 0.419814 0.335968 0.026675 0.042215
0 0.902109 0.363070 0.036577 0.044280
0 0.563035 0.478562 0.027775 0.042444
0 0.837229 0.758841 0.040344 0.049846
0 0.115855 0.319763 0.039399 0.051243
0 0.195829 0.599092 0.040034 0.046595
0 0.897755 0.323349 0.038143 0.049387
0 0.586791 0.727328 0.027775 0.042444
0 0.863300 0.497196 0.032177 0.043362
0 0.406395 0.594976 0.033432 0.045218
0 0.718522 0.614451 0.037043 0.049158
0 0.170818 0.348929 0.037832 0.046136
0 0.481996 0.305588 0.046634 0.047971
0 0.739342 0.820714 0.039244 0.049617
0 0.174855 0.391203 0.040344 0.049846
0 0.832642 0.716682 0.041755 0.053328
0 0.077201 0.455515 0.041289 0.048450
0 0.428438 0.420402 0.025265 0.038734
0 0.137146 0.525099 0.040034 0.046595
0 0.891565 0.787308 0.040344 0.049846
0 0.060270 0.284094 0.040965 0.056350
0 0.829232 0.675106 0.037677 0.044510
0 0.734754 0.778555 0.038454 0.052639
0 0.187988 0.516983 0.039878 0.044969
0 0.582832 0.685867 0.029821 0.041278
0 0.355520 0.220858 0.027620 0.040819
0 0.401166 0.428577 0.025109 0.037108
0 0.405974 0.208677 0.023220 0.039901
0 0.073319 0.414866 0.041289 0.048450
0 0.841816 0.801000 0.041444 0.050076
0 0.914537 0.487339 0.038454 0.052639
0 0.541690 0.525301 0.025420 0.040360
0 0.415932 0.295320 0.026675 0.042215
0 0.697469 0.405750 0.036888 0.047532
0 0.782188 0.728863 0.036732 0.045906
0 0.433086 0.204681 0.024320 0.040130
0 0.571900 0.559629 0.025265 0.038734
0 0.887917 0.749099 0.037677 0.044510
0 0.806027 0.426225 0.041600 0.051702
0 0.293640 0.536406 0.038468 0.041487
0 0.794615 0.853132 0.038919 0.057517
0 0.148946 0.648669 0.038143 0.049387
0 0.790501 0.810044 0.037832 0.046136
0 0.132870 0.486191 0.041134 0.046824
0 0.297366 0.575428 0.034998 0.050325
0 0.546517 0.564093 0.025109 0.037108
0 0.152589 0.692684 0.039555 0.052869
0 0.875488 0.624830 0.036732 0.045906
0 0.436117 0.506690 0.026365 0.038963
0 0.740711 0.312158 0.037677 0.044510
0 0.714563 0.572991 0.036888 0.047532
0 0.702057 0.447909 0.038298 0.051013
0 0.567390 0.518282 0.026831 0.043841
0 0.575231 0.600392 0.026675 0.042215
0 0.431847 0.461978 0.026831 0.043841
0 0.410872 0.254088 0.026209 0.037337
0 0.537576 0.482214 0.025575 0.041986
0 0.590673 0.767976 0.027465 0.039193
0 0.359712 0.264758 0.025109 0.037108
0 0.069205 0.371779 0.041755 0.053328
0 0.922689 0.572700 0.037988 0.047761
0 0.157331 0.736469 0.040344 0.049846
0 0.164389 0.816254 0.039244 0.049617
0 0.761918 0.522486 0.038143 0.049387
0 0.730872 0.737907 0.037832 0.046136
0 0.129460 0.444615 0.040810 0.054724
0 0.120208 0.359484 0.035632 0.045677
0 0.888580 0.239031 0.035632 0.045677
0 0.224018 0.888391 0.039244 0.049617
0 0.927120 0.613232 0.036888 0.047532
0 0.169527 0.858298 0.039244 0.049617
0 0.219741 0.849484 0.040034 0.046595
0 0.423851 0.378242 0.024165 0.038504
0 0.400844 0.160827 0.026675 0.042215
0 0.812217 0.508679 0.038143 0.049387
0 0.743456 0.863801 0.039399 0.051243
0 0.579190 0.641852 0.026520 0.040589
0 0.206763 0.725331 0.040810 0.054724
0 0.709976 0.530831 0.038298 0.051013
0 0.387559 0.303725 0.026209 0.037337
0 0.845775 0.842462 0.041289 0.048450
0 0.757804 0.479399 0.038298 0.051013
0 0.517071 0.138245 0.039710 0.054495
0 0.629218 0.249179 0.035788 0.047303
0 0.871529 0.583370 0.037198 0.050784
0 0.663875 0.582733 0.039244 0.049617
0 0.158164 0.216416 0.041121 0.057976
0 0.795985 0.344575 0.039555 0.052869
0 0.541132 0.396069 0.038143 0.049387
