0 0.770224 0.214258 0.041044 0.051685
0 0.924137 0.233531 0.038672 0.048168
0 0.312255 0.123801 0.038827 0.051455
0 0.461663 0.273898 0.035113 0.042893
0 0.742822 0.853839 0.037408 0.044766
0 0.744916 0.809467 0.037564 0.048053
0 0.669675 0.161712 0.037796 0.052983
0 0.205229 0.208481 0.037564 0.048053
0 0.792063 0.896106 0.037486 0.046410
0 0.404549 0.398439 0.037486 0.046410
0 0.769122 0.261211 0.036532 0.049582
0 0.711570 0.383228 0.037564 0.048053
0 0.699902 0.677632 0.037408 0.044766
0 0.400232 0.478088 0.034238 0.047708
0 0.604693 0.500129 0.035268 0.046180
0 0.718013 0.211318 0.034470 0.052638
0 0.668572 0.208666 0.035191 0.044536
0 0.714063 0.342200 0.036299 0.044651
0 0.408897 0.270901 0.036299 0.044651
0 0.708684 0.467980 0.035113 0.042893
0 0.606594 0.459864 0.035191 0.044536
0 0.706745 0.509066 0.037641 0.049697
0 0.413047 0.182977 0.038749 0.049812
0 0.863621 0.441944 0.037564 0.048053
0 0.814535 0.396390 0.035268 0.046180
0 0.865399 0.357078 0.035268 0.046180
0 0.817421 0.311638 0.035191 0.044536
0 0.701880 0.635725 0.037486 0.046410
0 0.705243 0.552674 0.036454 0.047938
0 0.458145 0.360236 0.036299 0.044651
0 0.759748 0.471628 0.035268 0.046180
0 0.797919 0.772028 0.037408 0.044766
0 0.311152 0.170753 0.036377 0.046295
0 0.750850 0.683744 0.037486 0.046410
0 0.752828 0.641837 0.037408 0.044766
0 0.309613 0.215183 0.035424 0.049467
0 0.562450 0.286008 0.035424 0.049467
0 0.415929 0.133732 0.040168 0.056500
0 0.618141 0.203433 0.036299 0.044651
0 0.208149 0.158414 0.039060 0.056385
0 0.613991 0.291356 0.036377 0.046295
0 0.758878 0.513649 0.035191 0.044536
0 0.795309 0.815522 0.038594 0.046525
0 0.259096 0.164526 0.034238 0.047708
0 0.256963 0.209721 0.036377 0.046295
0 0.569957 0.150541 0.037719 0.051340
0 0.710068 0.426837 0.034160 0.046065
0 0.504970 0.441889 0.044291 0.050387
0 0.612566 0.333321 0.037408 0.044766
0 0.746855 0.768381 0.037408 0.044766
0 0.664539 0.294124 0.035036 0.041249
0 0.356410 0.309219 0.035579 0.052753
0 0.460240 0.315863 0.036454 0.047938
0 0.362732 0.175279 0.035346 0.047823
0 0.697885 0.720361 0.037564 0.048053
0 0.861088 0.483794 0.038594 0.046525
0 0.254947 0.252449 0.036377 0.046295
0 0.765127 0.345848 0.036454 0.047938
0 0.812002 0.438240 0.036299 0.044651
0 0.816513 0.354483 0.035191 0.044536
0 0.869792 0.275785 0.036299 0.044651
0 0.819477 0.268088 0.035268 0.046180
0 0.465220 0.186740 0.036687 0.052868
0 0.756939 0.554736 0.035191 0.044536
0 0.463049 0.232755 0.036222 0.043008
0 0.864529 0.399100 0.035191 0.044536
0 0.748317 0.725594 0.038517 0.044881
0 0.763587 0.390278 0.037564 0.048053
0 0.801914 0.687392 0.037641 0.049697
0 0.872003 0.228948 0.036842 0.056155
0 0.357950 0.264789 0.034005 0.042778
0 0.411469 0.228229 0.037564 0.048053
0 0.619835 0.155716 0.037874 0.054627
0 0.360521 0.222117 0.033052 0.045950
0 0.659082 0.421547 0.036377 0.046295
0 0.564622 0.239992 0.037641 0.049697
0 0.608057 0.417078 0.036454 0.047938
0 0.822163 0.222951 0.036609 0.051225
0 0.610112 0.373527 0.036377 0.046295
0 0.666517 0.252216 0.035424 0.049467
0 0.616124 0.246161 0.038827 0.051455
0 0.566638 0.197263 0.035268 0.046180
0 0.509423 0.367125 0.045918 0.038126
0 0.510977 0.338220 0.043492 0.033459
0 0.502619 0.751296 0.027765 0.027412
0 0.504298 0.727524 0.028951 0.029170
0 0.907172 0.616565 0.036454 0.047938
0 0.502992 0.483796 0.041376 0.035365
0 0.383622 0.818219 0.035191 0.044536
0 0.663631 0.336967 0.035501 0.051110
0 0.381761 0.857662 0.035346 0.047823
0 0.100878 0.236463 0.036066 0.039721
0 0.390149 0.691733 0.035989 0.038077
0 0.905864 0.656065 0.037408 0.044766
0 0.386631 0.778071 0.037486 0.046410
0 0.095698 0.322628 0.040888 0.048398
0 0.097909 0.275790 0.038594 0.046525
0 0.517403 0.202062 0.045577 0.030895
0 0.903770 0.700437 0.037564 0.048053
0 0.193400 0.459104 0.037331 0.043123
0 0.847797 0.777203 0.037408 0.044766
0 0.799819 0.731764 0.037486 0.046410
0 0.918485 0.365063 0.037564 0.048053
0 0.859188 0.524058 0.036299 0.044651
0 0.454505 0.401971 0.035113 0.042893
0 0.693414 0.803297 0.036532 0.049582
0 0.920580 0.320691 0.037408 0.044766
0 0.230424 0.760211 0.037486 0.046410
0 0.248419 0.378936 0.035268 0.046180
0 0.765997 0.303825 0.036222 0.043008
0 0.152819 0.245155 0.036377 0.046295
0 0.754883 0.598286 0.037641 0.049697
0 0.714894 0.301000 0.036299 0.044651
0 0.513741 0.303248 0.044058 0.045456
0 0.808562 0.522934 0.035268 0.046180
0 0.247035 0.420079 0.036377 0.046295
0 0.857725 0.566845 0.037564 0.048053
0 0.845819 0.819111 0.037486 0.046410
0 0.922596 0.277961 0.035346 0.047823
0 0.252492 0.292656 0.035191 0.044536
0 0.305933 0.257739 0.034005 0.042778
0 0.515298 0.234874 0.045089 0.043928
0 0.466915 0.139023 0.035424 0.049467
0 0.396676 0.565247 0.039780 0.048283
0 0.602754 0.541214 0.037331 0.043123
0 0.261783 0.119389 0.037641 0.049697
0 0.388209 0.732819 0.038672 0.048168
0 0.810024 0.480147 0.036377 0.046295
0 0.233034 0.716718 0.040888 0.048398
0 0.237029 0.632082 0.038594 0.046525
0 0.200796 0.290595 0.036299 0.044651
0 0.250552 0.333742 0.035346 0.047823
0 0.243001 0.505537 0.036377 0.046295
0 0.398216 0.520816 0.038517 0.044881
0 0.241616 0.546680 0.037486 0.046410
0 0.716240 0.260679 0.035268 0.046180
0 0.661060 0.379639 0.036144 0.041364
0 0.703226 0.595403 0.036299 0.044651
0 0.762202 0.431421 0.033927 0.041134
0 0.909665 0.575537 0.037408 0.044766
0 0.107755 0.102582 0.037564 0.048053
0 0.092928 0.404915 0.036144 0.041364
0 0.102264 0.195320 0.039703 0.046640
0 0.104989 0.149362 0.038905 0.053098
0 0.899814 0.784252 0.039780 0.048283
0 0.095899 0.365587 0.040733 0.045111
0 0.916662 0.403684 0.037176 0.039836
0 0.741397 0.895804 0.038594 0.046525
0 0.902463 0.739938 0.038672 0.048168
0 0.379628 0.902856 0.037641 0.049697
0 0.225006 0.886813 0.038594 0.046525
0 0.898944 0.826275 0.039547 0.043353
0 0.912075 0.489084 0.036066 0.039721
0 0.843841 0.861018 0.035036 0.041249
0 0.520069 0.133803 0.047229 0.042514
0 0.518401 0.169137 0.044934 0.040641
0 0.394221 0.605453 0.038439 0.043238
0 0.856817 0.609689 0.037408 0.044766
0 0.406566 0.355710 0.037486 0.046410
0 0.158741 0.107872 0.039935 0.051570
0 0.894950 0.910911 0.039625 0.044996
0 0.596782 0.667758 0.035268 0.046180
0 0.090833 0.449287 0.038672 0.048168
0 0.687325 0.932306 0.038672 0.048168
0 0.513631 0.270207 0.044701 0.035710
0 0.897521 0.868239 0.038672 0.048168
0 0.892340 0.954404 0.040966 0.050042
0 0.600893 0.580656 0.037331 0.043123
0 0.594804 0.709665 0.037564 0.048053
0 0.226545 0.842383 0.039703 0.046640
0 0.592864 0.750751 0.037564 0.048053
0 0.914607 0.447234 0.037874 0.054627
0 0.229039 0.801355 0.036222 0.043008
0 0.195300 0.418840 0.037408 0.044766
0 0.738788 0.939297 0.037564 0.048053
0 0.190829 0.501776 0.036377 0.046295
0 0.788705 0.943651 0.037796 0.052983
0 0.402171 0.437002 0.036144 0.041364
0 0.840285 0.948178 0.038827 0.051455
0 0.911244 0.530285 0.038749 0.049812
0 0.406881 0.313630 0.034083 0.044421
0 0.689380 0.888755 0.036377 0.046295
0 0.154320 0.201547 0.037564 0.048053
0 0.391534 0.650590 0.037719 0.051340
0 0.694838 0.761332 0.035191 0.044536
0 0.850291 0.736175 0.036144 0.041364
0 0.853692 0.652303 0.037564 0.048053
0 0.156492 0.155532 0.039780 0.048283
0 0.199489 0.330094 0.037408 0.044766
0 0.805354 0.602697 0.038672 0.048168
0 0.197910 0.375346 0.038749 0.049812
0 0.234496 0.673931 0.037408 0.044766
0 0.692466 0.846962 0.036299 0.044651
0 0.793963 0.855843 0.035036 0.041249
0 0.851714 0.694210 0.035268 0.046180
0 0.925793 0.186636 0.037796 0.052983
0 0.842495 0.901339 0.038594 0.046525
0 0.807215 0.563255 0.036299 0.044651
0 0.239084 0.588530 0.036299 0.044651
0 0.245018 0.462809 0.036377 0.046295
0 0.599430 0.623443 0.038749 0.049812
0 0.202697 0.250331 0.036222 0.043008
0 0.803337 0.645427 0.036299 0.044651
0 0.867853 0.316871 0.033927 0.041134
