0 0.762667 0.421875 0.034667 0.031250
0 0.190000 0.889844 0.036000 0.032813
0 0.189333 0.745313 0.034667 0.031250
0 0.874667 0.344531 0.034667 0.035937
0 0.818000 0.883594 0.036000 0.032813
0 0.190000 0.819531 0.036000 0.032813
0 0.819333 0.525000 0.033333 0.031250
0 0.874000 0.417187 0.036000 0.037500
0 0.596667 0.885156 0.036000 0.032813
0 0.120667 0.533594 0.030667 0.032813
0 0.875333 0.703906 0.033333 0.035937
0 0.708000 0.883594 0.034667 0.035937
0 0.299333 0.851562 0.033333 0.031250
0 0.119333 0.496875 0.028000 0.031250
0 0.501333 0.417187 0.026667 0.034375
0 0.874667 0.812500 0.034667 0.037500
0 0.300000 0.884375 0.034667 0.031250
0 0.820000 0.737500 0.034667 0.034375
0 0.406000 0.600000 0.033333 0.028125
0 0.119333 0.460938 0.028000 0.028125
0 0.875333 0.849219 0.036000 0.039062
0 0.500000 0.230469 0.029333 0.026562
0 0.876000 0.634375 0.034667 0.037500
0 0.817333 0.419531 0.034667 0.035937
0 0.876667 0.741406 0.033333 0.032813
0 0.819333 0.633594 0.036000 0.035937
0 0.458000 0.350781 0.036000 0.020313
0 0.122667 0.429688 0.032000 0.031250
0 0.500000 0.203906 0.026667 0.023438
0 0.708000 0.703125 0.037333 0.021875
0 0.349333 0.316406 0.034667 0.023438
0 0.500000 0.363281 0.032000 0.023438
0 0.542000 0.276562 0.033333 0.021875
0 0.406667 0.779687 0.034667 0.021875
0 0.596667 0.705469 0.036000 0.020313
0 0.130667 0.282813 0.037333 0.021875
0 0.593333 0.275781 0.034667 0.023438
0 0.818667 0.846094 0.037333 0.035937
0 0.294667 0.280469 0.034667 0.023438
0 0.872667 0.271094 0.036000 0.023438
0 0.295333 0.316406 0.033333 0.035937
0 0.184667 0.282031 0.036000 0.023438
0 0.875333 0.489063 0.038667 0.021875
0 0.500667 0.382812 0.025333 0.021875
0 0.704667 0.275781 0.036000 0.020313
0 0.874667 0.455469 0.037333 0.042188
0 0.351333 0.603906 0.036000 0.032813
0 0.820000 0.670312 0.037333 0.034375
0 0.460000 0.707031 0.032000 0.032813
0 0.298667 0.674219 0.034667 0.032813
0 0.460667 0.601562 0.033333 0.034375
0 0.498587 0.252766 0.028400 0.018437
0 0.816667 0.347656 0.036000 0.035937
0 0.542667 0.352344 0.034667 0.035937
0 0.818000 0.383594 0.036000 0.035937
0 0.406667 0.638281 0.037333 0.039062
0 0.296667 0.389062 0.033333 0.034375
0 0.651333 0.421875 0.036000 0.034375
0 0.707333 0.599219 0.033333 0.035937
0 0.296667 0.532031 0.033333 0.032813
0 0.350667 0.350781 0.034667 0.035937
0 0.242000 0.392969 0.033333 0.035937
0 0.297333 0.603125 0.034667 0.034375
0 0.351333 0.460156 0.033333 0.035937
0 0.652000 0.639062 0.034667 0.034375
0 0.352000 0.672656 0.037333 0.035937
0 0.460000 0.531250 0.034667 0.034375
0 0.350667 0.531250 0.034667 0.034375
0 0.706000 0.348438 0.033333 0.034375
0 0.242000 0.495312 0.033333 0.037500
0 0.543333 0.564844 0.036000 0.035937
0 0.542667 0.313281 0.034667 0.039062
0 0.461333 0.778906 0.032000 0.032813
0 0.350000 0.424219 0.030667 0.032813
0 0.297333 0.639062 0.034667 0.034375
0 0.594667 0.386719 0.032000 0.032813
0 0.354000 0.885938 0.038667 0.031250
0 0.406667 0.494531 0.034667 0.032813
0 0.187333 0.496094 0.036000 0.039062
0 0.818667 0.455469 0.034667 0.035937
0 0.650000 0.311719 0.033333 0.039062
0 0.405333 0.423438 0.034667 0.034375
0 0.707333 0.776563 0.033333 0.037500
0 0.542667 0.496094 0.034667 0.035937
0 0.817333 0.309375 0.034667 0.037500
0 0.296667 0.460156 0.033333 0.032813
0 0.187333 0.676562 0.036000 0.037500
0 0.763333 0.707031 0.036000 0.035937
0 0.595333 0.600781 0.036000 0.035937
0 0.244000 0.748437 0.034667 0.037500
0 0.544000 0.742969 0.034667 0.039062
0 0.242667 0.710938 0.034667 0.034375
0 0.352000 0.567187 0.034667 0.037500
0 0.242667 0.605469 0.034667 0.035937
0 0.296667 0.495312 0.033333 0.034375
0 0.819333 0.560156 0.033333 0.039062
0 0.242000 0.675781 0.033333 0.032813
0 0.459333 0.458594 0.033333 0.032813
0 0.765333 0.599219 0.032000 0.039062
0 0.462000 0.814063 0.033333 0.037500
0 0.241333 0.317188 0.032000 0.034375
0 0.188000 0.639844 0.034667 0.035937
0 0.187333 0.533594 0.036000 0.035937
0 0.460667 0.742969 0.033333 0.035937
0 0.706667 0.458594 0.034667 0.032813
0 0.596667 0.775000 0.036000 0.037500
0 0.595333 0.459375 0.033333 0.034375
0 0.242000 0.532031 0.033333 0.032813
0 0.406667 0.566406 0.034667 0.032813
0 0.706000 0.310937 0.036000 0.037500
0 0.132000 0.248438 0.034667 0.037500
0 0.461333 0.671875 0.034667 0.034375
0 0.242000 0.567969 0.033333 0.039062
0 0.186000 0.357031 0.036000 0.035937
0 0.762000 0.310156 0.030667 0.035937
0 0.190000 0.782031 0.036000 0.035937
0 0.652000 0.672656 0.032000 0.029687
0 0.408667 0.885156 0.036000 0.032813
0 0.708000 0.524219 0.032000 0.032813
0 0.708667 0.564063 0.036000 0.031250
0 0.408000 0.815625 0.037333 0.034375
0 0.652000 0.744531 0.034667 0.032813
0 0.764667 0.882812 0.033333 0.034375
0 0.764000 0.846094 0.034667 0.035937
0 0.188000 0.711719 0.034667 0.032813
0 0.352667 0.815625 0.036000 0.034375
0 0.876667 0.668750 0.036000 0.034375
0 0.818667 0.597656 0.032000 0.032813
0 0.597333 0.849219 0.034667 0.035937
0 0.818667 0.703906 0.034667 0.032813
0 0.875333 0.776563 0.036000 0.034375
0 0.501333 0.775000 0.024000 0.021875
0 0.500000 0.270313 0.029333 0.031250
0 0.499333 0.301563 0.025333 0.025000
0 0.406000 0.673438 0.036000 0.034375
0 0.764667 0.810156 0.033333 0.032813
0 0.544667 0.705469 0.033333 0.032813
0 0.708000 0.636719 0.032000 0.032813
0 0.876000 0.885938 0.034667 0.034375
0 0.819333 0.772656 0.033333 0.035937
0 0.190667 0.855469 0.034667 0.035937
0 0.186667 0.394531 0.034667 0.039062
0 0.131333 0.212500 0.036000 0.034375
0 0.708000 0.847656 0.034667 0.035937
0 0.544000 0.601562 0.034667 0.034375
0 0.299333 0.816406 0.036000 0.035937
0 0.543333 0.814844 0.033333 0.035937
0 0.299333 0.781250 0.036000 0.034375
0 0.764000 0.456250 0.032000 0.034375
0 0.543333 0.529687 0.033333 0.031250
0 0.652000 0.564844 0.034667 0.035937
0 0.875333 0.521875 0.036000 0.037500
0 0.707333 0.813281 0.033333 0.032813
0 0.544000 0.671094 0.034667 0.032813
0 0.598000 0.813281 0.033333 0.035937
0 0.764667 0.775000 0.033333 0.034375
0 0.406667 0.747656 0.037333 0.035937
0 0.543333 0.636719 0.033333 0.035937
0 0.354000 0.851562 0.036000 0.034375
0 0.502667 0.456250 0.029333 0.034375
0 0.408000 0.849219 0.034667 0.035937
0 0.353333 0.744531 0.034667 0.035937
0 0.242000 0.459375 0.033333 0.031250
0 0.352000 0.637500 0.034667 0.034375
0 0.298000 0.746094 0.036000 0.035937
0 0.461333 0.636719 0.034667 0.032813
0 0.764667 0.636719 0.033333 0.032813
0 0.876000 0.599219 0.037333 0.035937
0 0.188667 0.604688 0.030667 0.034375
0 0.460667 0.565625 0.033333 0.034375
0 0.874000 0.380469 0.036000 0.035937
0 0.819333 0.809375 0.033333 0.034375
0 0.593333 0.313281 0.034667 0.039062
0 0.764667 0.671094 0.033333 0.035937
0 0.764000 0.741406 0.034667 0.032813
0 0.764000 0.562500 0.032000 0.031250
0 0.132000 0.354687 0.034667 0.031250
0 0.874000 0.307812 0.036000 0.037500
0 0.352667 0.708594 0.036000 0.035937
0 0.651333 0.527344 0.033333 0.035937
0 0.242000 0.640625 0.033333 0.034375
0 0.595333 0.672656 0.033333 0.035937
0 0.406667 0.709375 0.034667 0.037500
0 0.187333 0.568750 0.036000 0.034375
0 0.708000 0.737500 0.034667 0.037500
0 0.353333 0.780469 0.034667 0.032813
0 0.543333 0.778906 0.033333 0.032813
0 0.764000 0.528125 0.034667 0.037500
0 0.875333 0.562500 0.033333 0.037500
0 0.130667 0.390625 0.034667 0.037500
0 0.596000 0.738281 0.037333 0.035937
0 0.596000 0.637500 0.032000 0.034375
0 0.818667 0.490625 0.034667 0.031250
0 0.596000 0.562500 0.034667 0.037500
0 0.707333 0.672656 0.036000 0.035937
0 0.652000 0.602344 0.034667 0.035937
0 0.652667 0.707031 0.033333 0.035937
0 0.241333 0.426563 0.032000 0.031250
0 0.762000 0.349219 0.033333 0.032813
0 0.458667 0.421875 0.037333 0.037500
0 0.298000 0.568750 0.033333 0.034375
0 0.459333 0.496094 0.036000 0.035937
0 0.594667 0.423438 0.034667 0.037500
0 0.650667 0.387500 0.034667 0.034375
0 0.594000 0.350781 0.033333 0.035937
0 0.651333 0.457031 0.033333 0.035937
0 0.594667 0.495312 0.034667 0.034375
0 0.650667 0.350781 0.034667 0.035937
0 0.543333 0.459375 0.033333 0.034375
0 0.404667 0.315625 0.033333 0.034375
0 0.406000 0.531250 0.036000 0.037500
0 0.350667 0.495312 0.034667 0.034375
0 0.241333 0.354687 0.032000 0.037500
0 0.707333 0.491406 0.030667 0.032813
0 0.297333 0.424219 0.034667 0.035937
0 0.295333 0.353906 0.033333 0.035937
0 0.404667 0.350781 0.030667 0.032813
0 0.762000 0.385156 0.036000 0.035937
0 0.706667 0.385156 0.034667 0.035937
0 0.298000 0.710156 0.036000 0.035937
0 0.458667 0.386719 0.034667 0.032813
0 0.350667 0.389062 0.034667 0.034375
0 0.651333 0.492969 0.033333 0.032813
0 0.186667 0.318750 0.037333 0.040625
0 0.131333 0.317969 0.036000 0.039062
0 0.542667 0.388281 0.032000 0.035937
0 0.707333 0.421875 0.036000 0.037500
0 0.763333 0.492188 0.033333 0.034375
0 0.542667 0.423438 0.034667 0.034375
0 0.406000 0.458594 0.036000 0.035937
0 0.404667 0.388281 0.033333 0.035937
0 0.458667 0.315625 0.037333 0.040625
