0 0.899675 0.202329 0.036620 0.051242
0 0.880424 0.876504 0.038838 0.051473
0 0.136488 0.491672 0.035200 0.044553
0 0.460632 0.750183 0.032984 0.044321
0 0.563750 0.740252 0.035122 0.042910
0 0.700917 0.391513 0.037418 0.044784
0 0.237102 0.440716 0.034014 0.042794
0 0.383129 0.208311 0.036776 0.054529
0 0.287644 0.390853 0.035122 0.042910
0 0.281601 0.263491 0.035356 0.047839
0 0.721790 0.807996 0.035122 0.042910
0 0.845633 0.166677 0.034248 0.047724
0 0.774398 0.801683 0.038526 0.044899
0 0.716457 0.683863 0.038526 0.044899
0 0.498060 0.447354 0.045175 0.045593
0 0.254514 0.772506 0.037496 0.046428
0 0.756354 0.468308 0.034092 0.044437
0 0.185960 0.442747 0.036386 0.046312
0 0.853586 0.334302 0.036464 0.047955
0 0.763427 0.593911 0.034014 0.042794
0 0.235629 0.397930 0.035278 0.046196
0 0.195022 0.610257 0.036386 0.046312
0 0.135053 0.449708 0.036386 0.046312
0 0.133026 0.406980 0.036386 0.046312
0 0.407815 0.716881 0.035434 0.049483
0 0.695623 0.268202 0.038682 0.048186
0 0.726914 0.892516 0.039790 0.048302
0 0.131038 0.365074 0.036308 0.044668
0 0.244651 0.564618 0.037418 0.044784
0 0.174352 0.186321 0.037807 0.053001
0 0.189500 0.529082 0.037418 0.044784
0 0.858996 0.460079 0.035278 0.046196
0 0.565106 0.780574 0.036308 0.044668
0 0.464570 0.833174 0.037496 0.046428
0 0.198999 0.694069 0.036386 0.046312
0 0.558301 0.613654 0.036230 0.043025
0 0.296073 0.556777 0.038760 0.049830
0 0.196495 0.653042 0.037496 0.046428
0 0.567133 0.823301 0.036308 0.044668
0 0.302631 0.683260 0.037651 0.049715
0 0.894240 0.111236 0.036698 0.052885
0 0.384204 0.254441 0.036152 0.041381
0 0.798623 0.255807 0.034092 0.044437
0 0.755990 0.425406 0.035200 0.044553
0 0.765970 0.635759 0.037574 0.048071
0 0.801166 0.297656 0.035434 0.049483
0 0.459198 0.708218 0.036386 0.046312
0 0.907628 0.369953 0.036464 0.047955
0 0.245570 0.607462 0.037574 0.048071
0 0.413507 0.836847 0.033062 0.045965
0 0.177532 0.276823 0.037496 0.046428
0 0.331036 0.213744 0.036776 0.054529
0 0.180915 0.359871 0.038526 0.044899
0 0.397796 0.505706 0.035200 0.044553
0 0.595563 0.319100 0.034014 0.042794
0 0.184011 0.401662 0.038604 0.046543
0 0.589005 0.192618 0.035278 0.046196
0 0.747716 0.262769 0.036308 0.044668
0 0.870006 0.668674 0.035278 0.046196
0 0.856968 0.417351 0.035278 0.046196
0 0.561800 0.699168 0.033062 0.045965
0 0.392828 0.424473 0.035278 0.046196
0 0.180074 0.318671 0.036308 0.044668
0 0.705924 0.473568 0.035356 0.047839
0 0.866584 0.584803 0.036386 0.046312
0 0.724293 0.849023 0.036386 0.046312
0 0.500679 0.490846 0.043833 0.040548
0 0.525745 0.749172 0.022151 0.025204
0 0.524138 0.727043 0.023493 0.030250
0 0.294124 0.515693 0.037824 0.030109
0 0.414940 0.878812 0.034092 0.044437
0 0.494810 0.343648 0.045816 0.035848
0 0.304026 0.724403 0.036074 0.039738
0 0.491574 0.275447 0.045738 0.034205
0 0.488416 0.208890 0.048033 0.036079
0 0.124442 0.237769 0.037340 0.043141
0 0.211559 0.947093 0.037496 0.046428
0 0.152986 0.827686 0.036542 0.049599
0 0.154974 0.869593 0.036308 0.044668
0 0.314482 0.933055 0.037651 0.049715
0 0.157993 0.909741 0.038604 0.046543
0 0.486342 0.176902 0.044786 0.037376
0 0.697533 0.308465 0.036230 0.043025
0 0.082999 0.455963 0.036152 0.041381
0 0.208979 0.904423 0.038760 0.049830
0 0.311268 0.888799 0.035122 0.042910
0 0.079140 0.374616 0.036230 0.043025
0 0.927354 0.785730 0.033936 0.041150
0 0.484189 0.143270 0.048189 0.039366
0 0.488314 0.241931 0.045019 0.042306
0 0.149525 0.742995 0.037418 0.044784
0 0.308439 0.805692 0.032828 0.041034
0 0.877764 0.832190 0.035200 0.044553
0 0.206951 0.861694 0.036230 0.043025
0 0.775794 0.842825 0.037418 0.044784
0 0.150959 0.784959 0.038604 0.046543
0 0.297507 0.598742 0.032828 0.041034
0 0.921507 0.662476 0.034092 0.044437
0 0.925920 0.743766 0.035278 0.046196
0 0.496807 0.373992 0.044941 0.040663
0 0.072902 0.243145 0.036386 0.046312
0 0.713798 0.639550 0.037729 0.051358
0 0.922308 0.702855 0.034014 0.042794
0 0.467666 0.874963 0.035044 0.041266
0 0.200471 0.736855 0.035278 0.046196
0 0.409647 0.755500 0.034888 0.037979
0 0.912999 0.494908 0.037418 0.044784
0 0.873904 0.750843 0.035122 0.042910
0 0.257135 0.815999 0.038838 0.051473
0 0.074929 0.285873 0.038604 0.046543
0 0.769907 0.718750 0.033062 0.045965
0 0.569083 0.864386 0.036308 0.044668
0 0.128574 0.324869 0.035122 0.042910
0 0.848136 0.207704 0.035044 0.041266
0 0.905796 0.331334 0.036074 0.039738
0 0.252011 0.731479 0.034014 0.042794
0 0.911011 0.453002 0.037496 0.046428
0 0.146982 0.701146 0.038604 0.046543
0 0.077073 0.331065 0.038838 0.051473
0 0.919440 0.618926 0.034014 0.042794
0 0.909140 0.413562 0.037340 0.043141
0 0.203014 0.778704 0.038682 0.048186
0 0.698929 0.349607 0.037496 0.046428
0 0.897531 0.157135 0.036386 0.046312
0 0.707318 0.514710 0.036308 0.044668
0 0.311021 0.848363 0.036308 0.044668
0 0.851636 0.293218 0.036152 0.041381
0 0.555953 0.575915 0.037340 0.043141
0 0.071788 0.196193 0.036620 0.051242
0 0.411519 0.794941 0.035200 0.044553
0 0.720832 0.764331 0.037418 0.044784
0 0.863371 0.540548 0.034170 0.046081
0 0.779007 0.887082 0.037729 0.051358
0 0.145549 0.659182 0.037574 0.048071
0 0.711888 0.599286 0.037496 0.046428
0 0.929264 0.825993 0.036386 0.046312
0 0.203932 0.821548 0.038526 0.044899
0 0.469178 0.918572 0.036542 0.049599
0 0.417678 0.924769 0.037729 0.051358
0 0.861383 0.498641 0.036152 0.041381
0 0.914395 0.536051 0.034092 0.044437
0 0.248073 0.648488 0.038526 0.044899
0 0.141611 0.576191 0.037340 0.043141
0 0.932556 0.871892 0.036542 0.049599
0 0.746244 0.219983 0.037574 0.048071
0 0.081643 0.415642 0.037496 0.046428
0 0.299456 0.639826 0.035200 0.044553
0 0.403167 0.630661 0.034092 0.044437
0 0.876369 0.791048 0.036308 0.044668
0 0.772488 0.761421 0.038604 0.046543
0 0.143522 0.616453 0.039790 0.048302
0 0.250101 0.691217 0.038682 0.048186
0 0.462027 0.791325 0.036308 0.044668
0 0.903214 0.288664 0.035434 0.049483
0 0.126508 0.281318 0.037729 0.051358
0 0.279574 0.220763 0.035356 0.047839
0 0.305936 0.764666 0.036464 0.047955
0 0.901187 0.245936 0.035122 0.042910
0 0.855613 0.377031 0.036152 0.041381
0 0.571702 0.907878 0.037651 0.049715
0 0.916976 0.578721 0.035356 0.047839
0 0.139030 0.533520 0.036542 0.049599
0 0.758858 0.509334 0.035200 0.044553
0 0.493172 0.309136 0.044067 0.045477
0 0.703935 0.431661 0.035122 0.042910
0 0.227364 0.223731 0.035434 0.049483
0 0.691850 0.176937 0.037651 0.049715
0 0.399191 0.546848 0.036152 0.041381
0 0.192479 0.568408 0.035200 0.044553
0 0.868572 0.626710 0.036308 0.044668
0 0.454707 0.625285 0.035200 0.044553
0 0.849648 0.251311 0.036386 0.046312
0 0.767442 0.678545 0.034092 0.044437
0 0.872033 0.711401 0.037496 0.046428
0 0.744139 0.175611 0.037574 0.048071
0 0.717853 0.725005 0.037418 0.044784
0 0.708753 0.556674 0.037496 0.046428
0 0.742548 0.130360 0.038760 0.049830
0 0.175466 0.233273 0.037574 0.048071
0 0.693440 0.222187 0.038682 0.048186
0 0.751576 0.344116 0.036230 0.043025
0 0.187987 0.485475 0.036542 0.049599
0 0.761439 0.552004 0.036464 0.047955
0 0.277352 0.173926 0.037651 0.049715
0 0.228993 0.269804 0.038760 0.049830
0 0.639319 0.184893 0.036620 0.051242
0 0.285734 0.350591 0.037418 0.044784
0 0.240082 0.480042 0.036386 0.046312
0 0.231652 0.314118 0.035122 0.042910
0 0.649970 0.397653 0.037340 0.043141
0 0.604950 0.528690 0.037574 0.048071
0 0.587337 0.145724 0.038838 0.051473
0 0.386708 0.295468 0.037574 0.048071
0 0.559695 0.654797 0.035278 0.046196
0 0.602883 0.485140 0.035278 0.046196
0 0.795046 0.168651 0.035356 0.047839
0 0.456023 0.664784 0.036308 0.044668
0 0.647428 0.355805 0.036308 0.044668
0 0.551937 0.491280 0.037418 0.044784
0 0.804666 0.383170 0.036386 0.046312
0 0.645994 0.313840 0.035278 0.046196
0 0.234156 0.355144 0.036386 0.046312
0 0.749587 0.302210 0.038526 0.044899
0 0.802678 0.341264 0.036308 0.044668
0 0.448781 0.500388 0.035200 0.044553
0 0.441669 0.373962 0.032984 0.044321
0 0.284300 0.308626 0.036386 0.046312
0 0.450691 0.540650 0.037496 0.046428
0 0.289040 0.431995 0.036386 0.046312
0 0.553887 0.532364 0.037574 0.048071
0 0.388774 0.339018 0.037340 0.043141
0 0.401179 0.588755 0.034170 0.046081
0 0.394700 0.463915 0.035122 0.042910
0 0.405194 0.673388 0.036308 0.044668
0 0.593575 0.277194 0.036464 0.047955
0 0.435300 0.204520 0.036464 0.047955
0 0.540563 0.239784 0.036308 0.044668
0 0.292214 0.475429 0.038682 0.048186
0 0.591509 0.233645 0.036386 0.046312
0 0.242070 0.521948 0.036464 0.047955
0 0.796596 0.213080 0.036464 0.047955
0 0.754041 0.384322 0.037418 0.044784
0 0.390762 0.380924 0.037574 0.048071
0 0.438285 0.290914 0.034170 0.046081
0 0.535681 0.148634 0.037963 0.056287
0 0.596997 0.361065 0.035200 0.044553
0 0.439720 0.332878 0.032984 0.044321
0 0.642017 0.230029 0.035278 0.046196
0 0.598985 0.402971 0.037496 0.046428
0 0.545419 0.365618 0.036386 0.046312
0 0.549949 0.449373 0.035278 0.046196
0 0.436813 0.248128 0.035278 0.046196
0 0.601528 0.444820 0.036308 0.044668
0 0.644599 0.272698 0.036230 0.043025
0 0.444766 0.415753 0.035434 0.049483
0 0.538575 0.197878 0.036386 0.046312
0 0.446238 0.458539 0.036386 0.046312
0 0.453272 0.583321 0.036386 0.046312
0 0.547961 0.407467 0.035200 0.044553
0 0.544539 0.323597 0.034092 0.044437
0 0.543105 0.281633 0.035278 0.046196
0 0.651366 0.438795 0.038760 0.049830
