0 0.085873 0.347475 0.037340 0.045482
0 0.707801 0.534014 0.035042 0.040491
0 0.240731 0.299639 0.032795 0.038777
0 0.190586 0.507114 0.035042 0.040491
0 0.705969 0.451267 0.036128 0.038889
0 0.705311 0.408655 0.036179 0.042167
0 0.396113 0.501850 0.037315 0.043843
0 0.707712 0.492203 0.031786 0.045295
0 0.397958 0.585416 0.036204 0.043806
0 0.188190 0.171861 0.034058 0.048648
0 0.137322 0.260479 0.036230 0.045445
0 0.754270 0.196300 0.031862 0.050212
0 0.293067 0.342154 0.033957 0.042093
0 0.497625 0.454166 0.041859 0.050548
0 0.708523 0.616798 0.029514 0.041944
0 0.189142 0.341546 0.037264 0.040565
0 0.135516 0.215446 0.031811 0.046935
0 0.349077 0.874837 0.031685 0.038740
0 0.238872 0.215253 0.036053 0.033973
0 0.495450 0.313219 0.041707 0.040714
0 0.495894 0.377975 0.044964 0.035910
0 0.495524 0.245987 0.041758 0.043993
0 0.286265 0.873668 0.021586 0.031849
0 0.492316 0.146068 0.042767 0.037475
0 0.495981 0.347636 0.043828 0.034234
0 0.495513 0.281242 0.042692 0.032558
0 0.490943 0.741351 0.023833 0.033562
0 0.495008 0.212552 0.043747 0.028989
0 0.493410 0.180975 0.041730 0.042190
0 0.244959 0.753713 0.036230 0.045445
0 0.138624 0.344883 0.038426 0.043881
0 0.343597 0.339637 0.037264 0.040565
0 0.344319 0.422421 0.033957 0.042093
0 0.138714 0.386693 0.035067 0.042130
0 0.190961 0.423473 0.031760 0.043657
0 0.293220 0.424138 0.033957 0.042093
0 0.756835 0.326576 0.037290 0.042205
0 0.704717 0.370140 0.036154 0.040528
0 0.189774 0.382519 0.032821 0.040416
0 0.755545 0.242991 0.037340 0.045482
0 0.395364 0.381352 0.035017 0.038852
0 0.349747 0.918269 0.036255 0.047084
0 0.348138 0.669898 0.036179 0.042167
0 0.397326 0.544444 0.033931 0.040453
0 0.297877 0.833923 0.037340 0.045482
0 0.348368 0.792873 0.037340 0.045482
0 0.394152 0.338759 0.036280 0.048723
0 0.756369 0.368405 0.039536 0.043918
0 0.708408 0.573348 0.035042 0.040491
0 0.139334 0.426847 0.035042 0.040491
0 0.296377 0.916782 0.036356 0.053639
0 0.085202 0.304043 0.037315 0.043843
0 0.238695 0.167705 0.037467 0.053677
0 0.343839 0.463432 0.031685 0.038740
0 0.188445 0.260401 0.033957 0.042093
0 0.245629 0.797144 0.036204 0.043806
0 0.241477 0.384062 0.033931 0.040453
0 0.140222 0.592434 0.036255 0.047084
0 0.189646 0.302174 0.035042 0.040491
0 0.084507 0.258973 0.035118 0.045407
0 0.293118 0.381507 0.035067 0.042130
0 0.293904 0.504463 0.035067 0.042130
0 0.290615 0.255329 0.034007 0.045370
0 0.394567 0.293651 0.029539 0.043582
0 0.348278 0.751062 0.033931 0.040453
0 0.140055 0.509631 0.036230 0.045445
0 0.139398 0.467019 0.033957 0.042093
0 0.394861 0.420723 0.035067 0.042130
0 0.140132 0.550623 0.035067 0.042130
0 0.138535 0.303072 0.035067 0.042130
0 0.295271 0.629040 0.036230 0.045445
0 0.295373 0.671670 0.037290 0.042205
0 0.345015 0.503567 0.035093 0.043769
0 0.546800 0.291817 0.036204 0.043806
0 0.545587 0.249224 0.035093 0.043769
0 0.703364 0.282458 0.036280 0.048723
0 0.445160 0.295232 0.037315 0.043843
0 0.296625 0.752797 0.035093 0.043769
0 0.344772 0.379772 0.033957 0.042093
0 0.294626 0.587248 0.036204 0.043806
0 0.344075 0.298627 0.035143 0.047047
0 0.756203 0.285603 0.037340 0.045482
0 0.242110 0.425034 0.036204 0.043806
0 0.445830 0.338662 0.037340 0.045482
0 0.545435 0.203315 0.036305 0.050361
0 0.244186 0.631576 0.038426 0.043881
0 0.190508 0.466123 0.033982 0.043731
0 0.547433 0.332790 0.036154 0.040528
0 0.240099 0.258666 0.037340 0.045482
0 0.346368 0.627323 0.036230 0.045445
0 0.598313 0.244993 0.038603 0.055353
0 0.346823 0.584674 0.033957 0.042093
0 0.292422 0.300362 0.033982 0.043731
0 0.704059 0.327529 0.038426 0.043881
0 0.294383 0.463453 0.032846 0.042055
0 0.445008 0.249323 0.036305 0.050361
0 0.296676 0.792150 0.036154 0.040528
0 0.241388 0.342251 0.037340 0.045482
0 0.242807 0.506180 0.035067 0.042130
0 0.547509 0.373782 0.035093 0.043769
0 0.395493 0.461697 0.035067 0.042130
0 0.242948 0.587344 0.035093 0.043769
0 0.346783 0.546141 0.032821 0.040416
0 0.242187 0.466026 0.035042 0.040491
0 0.348495 0.837142 0.036179 0.042167
0 0.295993 0.711824 0.035042 0.040491
0 0.710291 0.659372 0.036230 0.045445
0 0.188356 0.218590 0.035093 0.043769
0 0.295647 0.545399 0.035067 0.042130
0 0.241785 0.548028 0.033931 0.040453
0 0.347646 0.710089 0.036204 0.043806
0 0.243707 0.672586 0.038426 0.043881
0 0.244883 0.712721 0.035067 0.042130
