0 0.802676 0.356829 0.042802 0.035635
0 0.910231 0.390542 0.041174 0.033729
0 0.545214 0.306322 0.031471 0.027943
0 0.249563 0.185996 0.040221 0.034846
0 0.509656 0.267991 0.039885 0.033335
0 0.641891 0.308446 0.041174 0.033729
0 0.435169 0.772457 0.026704 0.033528
0 0.685273 0.886923 0.043869 0.045823
0 0.736876 0.902710 0.043195 0.042800
0 0.285588 0.463471 0.031247 0.037736
0 0.825510 0.517227 0.044206 0.047335
0 0.253648 0.600652 0.030574 0.034712
0 0.792519 0.918926 0.041626 0.046546
0 0.308659 0.359911 0.034838 0.043060
0 0.761742 0.797277 0.043869 0.045823
0 0.287784 0.762893 0.042242 0.043917
0 0.332572 0.252570 0.030911 0.036223
0 0.576905 0.853769 0.039942 0.038986
0 0.668966 0.957026 0.042242 0.043917
0 0.374453 0.380040 0.041905 0.042405
0 0.169264 0.725826 0.030911 0.036223
0 0.194757 0.732011 0.030295 0.038853
0 0.849015 0.674602 0.041569 0.040893
0 0.817217 0.814249 0.040616 0.042011
0 0.140312 0.416603 0.045833 0.049241
0 0.154781 0.790835 0.034165 0.040037
0 0.802915 0.621741 0.042242 0.043917
0 0.754473 0.833002 0.042242 0.043917
0 0.333296 0.809114 0.043532 0.044311
0 0.516433 0.871603 0.040952 0.043522
0 0.280374 0.796153 0.042242 0.043917
0 0.376144 0.864210 0.040279 0.040499
0 0.562393 0.921999 0.042579 0.045428
0 0.700766 0.817379 0.043869 0.045823
0 0.561044 0.235266 0.033491 0.037013
0 0.777671 0.983552 0.039662 0.032896
0 0.318659 0.435639 0.032201 0.036618
0 0.677526 0.921695 0.043869 0.045823
0 0.788277 0.430745 0.038709 0.044244
0 0.324737 0.844445 0.042579 0.045428
0 0.709494 0.781292 0.045159 0.046218
0 0.384703 0.828880 0.045833 0.049241
0 0.163312 0.758725 0.031247 0.037736
0 0.221879 0.554598 0.041289 0.045034
0 0.247668 0.636772 0.038709 0.044244
0 0.525637 0.836470 0.041289 0.045034
0 0.350626 0.295236 0.030911 0.036223
0 0.400701 0.757067 0.038988 0.040104
0 0.786231 0.953337 0.041289 0.045034
0 0.566461 0.207855 0.031528 0.033594
0 0.348592 0.743548 0.039325 0.041616
0 0.187487 0.767735 0.031247 0.037736
0 0.261394 0.565880 0.034502 0.041549
0 0.132874 0.453084 0.043869 0.045823
0 0.355834 0.711043 0.039662 0.043127
0 0.856118 0.639632 0.047460 0.051148
0 0.686800 0.623360 0.038988 0.040104
0 0.478474 0.411056 0.040952 0.043522
0 0.809470 0.849021 0.043869 0.045823
0 0.272964 0.829414 0.041569 0.040893
0 0.693019 0.852151 0.043195 0.042800
0 0.350400 0.484914 0.040952 0.043522
0 0.462673 0.478891 0.038988 0.040104
0 0.392142 0.792399 0.043869 0.045823
0 0.817763 0.552000 0.043532 0.044311
0 0.694379 0.589343 0.042579 0.045428
0 0.179602 0.800043 0.033549 0.042665
0 0.423435 0.655019 0.042579 0.045428
0 0.113975 0.779158 0.043532 0.044311
0 0.388138 0.569129 0.040952 0.043522
0 0.786441 0.692599 0.040952 0.043522
0 0.363272 0.674562 0.042300 0.049570
0 0.154276 0.610622 0.044206 0.047335
0 0.571808 0.626128 0.039325 0.041616
0 0.371663 0.639988 0.042242 0.043917
0 0.294270 0.542025 0.035175 0.044572
0 0.311557 0.470609 0.034165 0.040037
0 0.701957 0.555327 0.042242 0.043917
0 0.809371 0.586575 0.042242 0.043917
0 0.327161 0.589230 0.040952 0.043522
0 0.233228 0.259320 0.039325 0.041616
0 0.632420 0.610759 0.041289 0.045034
0 0.129747 0.714544 0.043532 0.044311
0 0.780699 0.464761 0.043532 0.044311
0 0.755019 0.570753 0.041905 0.042405
0 0.451120 0.286416 0.041626 0.046546
0 0.578573 0.592670 0.040616 0.042011
0 0.431350 0.619491 0.042916 0.046941
0 0.447488 0.550145 0.040952 0.043522
0 0.576869 0.365260 0.040952 0.043522
0 0.904251 0.426662 0.045496 0.047730
0 0.343328 0.516663 0.040952 0.043522
0 0.888926 0.495450 0.044486 0.043195
0 0.217567 0.329620 0.042242 0.043917
0 0.296007 0.729074 0.043869 0.045823
0 0.551190 0.471252 0.039325 0.041616
0 0.202074 0.399164 0.042242 0.043917
0 0.539504 0.768042 0.043869 0.045823
0 0.173233 0.278107 0.043869 0.045823
0 0.547895 0.733468 0.042579 0.045428
0 0.178835 0.503479 0.040335 0.046151
0 0.342067 0.330567 0.033212 0.041154
0 0.494135 0.340756 0.041289 0.045034
0 0.444635 0.324805 0.042916 0.046941
0 0.320228 0.623444 0.042579 0.045428
0 0.686871 0.360157 0.041626 0.046546
0 0.209343 0.363438 0.043869 0.045823
0 0.544257 0.505466 0.041626 0.046546
0 0.618932 0.417693 0.040616 0.042011
0 0.732901 0.676219 0.042242 0.043917
0 0.206723 0.622631 0.041289 0.045034
0 0.764055 0.536375 0.045159 0.046218
0 0.733756 0.415680 0.043869 0.045823
0 0.740003 0.641251 0.043532 0.044311
0 0.795000 0.657269 0.042579 0.045428
0 0.470251 0.444875 0.041905 0.042405
0 0.269479 0.347116 0.043532 0.044311
0 0.367520 0.414253 0.040952 0.043522
0 0.834406 0.480385 0.042579 0.045428
0 0.718432 0.484468 0.044206 0.047335
0 0.559245 0.438189 0.041289 0.045034
0 0.726178 0.449696 0.040952 0.043522
0 0.411209 0.465569 0.043869 0.045823
0 0.396222 0.532845 0.041626 0.046546
0 0.419124 0.430041 0.040952 0.043522
0 0.294037 0.239974 0.045496 0.047730
0 0.286598 0.276455 0.040952 0.043522
0 0.169630 0.538613 0.041905 0.042405
0 0.553095 0.270945 0.034097 0.039735
0 0.522440 0.409166 0.035813 0.037723
0 0.514708 0.444185 0.037133 0.044185
0 0.530395 0.372843 0.038092 0.046873
0 0.548414 0.291960 0.030460 0.023407
0 0.407739 0.236810 0.039885 0.033335
0 0.526969 0.576883 0.040616 0.042011
0 0.564567 0.658632 0.039662 0.043127
0 0.795715 0.394264 0.039325 0.041616
0 0.180166 0.243893 0.042242 0.043917
0 0.508209 0.905422 0.045159 0.046218
0 0.269786 0.531305 0.032538 0.038130
0 0.865014 0.602790 0.042579 0.045428
0 0.162528 0.573583 0.041289 0.045034
0 0.536005 0.542506 0.041289 0.045034
0 0.300435 0.393729 0.029958 0.037341
0 0.532403 0.803012 0.041905 0.042405
0 0.569495 0.887029 0.043869 0.045823
0 0.403800 0.498829 0.040616 0.042011
0 0.408111 0.723807 0.042916 0.046941
0 0.340706 0.775855 0.040952 0.043522
0 0.745913 0.868333 0.043869 0.045823
0 0.287168 0.576995 0.032538 0.038130
0 0.145240 0.645000 0.040952 0.043522
0 0.303979 0.504625 0.031921 0.040759
0 0.214132 0.589371 0.040616 0.042011
0 0.317386 0.323824 0.032875 0.039643
0 0.772139 0.500092 0.045833 0.049241
0 0.831896 0.745263 0.042916 0.046941
0 0.592874 0.785177 0.042916 0.046941
0 0.777712 0.728686 0.042916 0.046941
0 0.192015 0.694837 0.043532 0.044311
0 0.800910 0.884352 0.042242 0.043917
0 0.278945 0.610814 0.034838 0.043060
0 0.157740 0.347651 0.043869 0.045823
0 0.357897 0.259511 0.033212 0.041154
0 0.415213 0.688837 0.040279 0.040499
0 0.770948 0.762144 0.043532 0.044311
0 0.304736 0.692988 0.045833 0.049241
0 0.839979 0.708979 0.042916 0.046941
0 0.229794 0.519070 0.040952 0.043522
0 0.584953 0.328976 0.041626 0.046546
0 0.335779 0.364978 0.032875 0.039643
0 0.824150 0.780035 0.042242 0.043917
0 0.872760 0.568018 0.042579 0.045428
0 0.148704 0.382029 0.045776 0.043590
0 0.293503 0.427942 0.034165 0.040037
0 0.198639 0.658915 0.043869 0.045823
0 0.138139 0.679969 0.042242 0.043917
0 0.880367 0.530780 0.044206 0.047335
0 0.312650 0.657460 0.042242 0.043917
0 0.121861 0.746851 0.041905 0.042405
0 0.747918 0.605722 0.044542 0.048846
0 0.324657 0.288099 0.034502 0.041549
0 0.584146 0.821264 0.044206 0.047335
0 0.849759 0.408375 0.043532 0.044311
0 0.841031 0.444463 0.042916 0.046941
0 0.326406 0.400867 0.036128 0.043455
0 0.586459 0.560364 0.042242 0.043917
0 0.164365 0.311728 0.043532 0.044311
0 0.617095 0.679547 0.040952 0.043522
0 0.246240 0.451433 0.040952 0.043522
0 0.185123 0.469069 0.041905 0.042405
0 0.278178 0.496731 0.037082 0.042338
0 0.717240 0.746520 0.045159 0.046218
0 0.896168 0.462946 0.044823 0.044706
0 0.188586 0.206097 0.043589 0.049964
0 0.724342 0.711550 0.043869 0.045823
0 0.602248 0.749289 0.042916 0.046941
0 0.336058 0.552388 0.043252 0.048452
0 0.426057 0.395827 0.042579 0.045428
0 0.399011 0.272897 0.046449 0.046612
0 0.603102 0.488749 0.043869 0.045823
0 0.358315 0.449387 0.043869 0.045823
0 0.609517 0.713564 0.043869 0.045823
0 0.567973 0.402103 0.040672 0.047662
0 0.262069 0.380377 0.043532 0.044311
0 0.634622 0.344172 0.042242 0.043917
0 0.382200 0.345267 0.039998 0.044639
0 0.439265 0.583963 0.042579 0.045428
0 0.594374 0.524836 0.045833 0.049241
0 0.278683 0.311983 0.041289 0.045034
0 0.192224 0.434100 0.044542 0.048846
0 0.238662 0.485449 0.043869 0.045823
0 0.640166 0.575987 0.043869 0.045823
0 0.485575 0.376087 0.042916 0.046941
0 0.709871 0.519799 0.042579 0.045428
0 0.380224 0.604657 0.043869 0.045823
0 0.670704 0.432725 0.044206 0.047335
0 0.225313 0.294847 0.045496 0.047730
0 0.391741 0.308622 0.040335 0.046151
0 0.648250 0.539703 0.043869 0.045823
0 0.556791 0.696626 0.044879 0.050359
0 0.740886 0.377489 0.047797 0.052661
0 0.242294 0.221721 0.044542 0.048846
0 0.626370 0.381212 0.043252 0.048452
0 0.435261 0.360694 0.042916 0.046941
0 0.679432 0.396638 0.042242 0.043917
0 0.254323 0.415149 0.043532 0.044311
0 0.624673 0.645531 0.043869 0.045823
0 0.502555 0.302961 0.044542 0.048846
0 0.454758 0.514419 0.043252 0.048452
0 0.611185 0.452465 0.047123 0.049636
