0 0.553391 0.487722 0.031898 0.039759
0 0.538523 0.239104 0.036781 0.048507
0 0.540839 0.280973 0.036690 0.046866
0 0.335372 0.305134 0.035674 0.048372
0 0.594512 0.314116 0.035583 0.046731
0 0.330095 0.219821 0.036781 0.048507
0 0.691252 0.218876 0.036781 0.048507
0 0.332456 0.262511 0.034385 0.044954
0 0.328151 0.174600 0.037980 0.050284
0 0.433037 0.206475 0.036690 0.046866
0 0.550702 0.449204 0.035492 0.045088
0 0.387465 0.299625 0.035583 0.046731
0 0.548895 0.406445 0.036781 0.048507
0 0.345699 0.471656 0.035583 0.046731
0 0.743253 0.211726 0.036872 0.050149
0 0.437760 0.291855 0.036872 0.050149
0 0.442992 0.376348 0.038071 0.051926
0 0.596919 0.357628 0.037889 0.048642
0 0.737841 0.123949 0.038071 0.051926
0 0.529091 0.733665 0.024890 0.032383
0 0.494693 0.343613 0.046021 0.036583
0 0.501942 0.494805 0.043988 0.039598
0 0.872691 0.657165 0.036509 0.043582
0 0.307875 0.725028 0.036781 0.048507
0 0.882463 0.823754 0.037708 0.045358
0 0.112229 0.967015 0.039922 0.045627
0 0.485584 0.209176 0.046948 0.033435
0 0.400073 0.547692 0.037799 0.047000
0 0.109822 0.923504 0.040195 0.050554
0 0.483768 0.176337 0.045095 0.039732
0 0.497435 0.373033 0.048600 0.043421
0 0.073598 0.248536 0.035765 0.050015
0 0.879639 0.782773 0.034022 0.038386
0 0.490923 0.275473 0.041683 0.037687
0 0.853190 0.324808 0.034385 0.044954
0 0.875605 0.699788 0.030972 0.042908
0 0.104454 0.836549 0.036509 0.043582
0 0.850411 0.284649 0.037799 0.047000
0 0.676489 0.848804 0.035674 0.048372
0 0.107369 0.879172 0.037799 0.047000
0 0.863517 0.491330 0.036509 0.043582
0 0.667451 0.685431 0.035401 0.043447
0 0.678432 0.894024 0.034476 0.046596
0 0.244428 0.525296 0.034294 0.043312
0 0.894175 0.148741 0.035765 0.050015
0 0.910377 0.401329 0.035401 0.043447
0 0.357143 0.678539 0.030972 0.042908
0 0.147327 0.664384 0.036509 0.043582
0 0.906401 0.359661 0.038997 0.048776
0 0.482368 0.140968 0.048691 0.045063
0 0.697556 0.342910 0.033005 0.039894
0 0.896582 0.192252 0.037889 0.048642
0 0.674817 0.808509 0.034294 0.043312
0 0.669586 0.724017 0.035492 0.045088
0 0.673009 0.765751 0.035583 0.046731
0 0.279064 0.224374 0.036599 0.045223
0 0.078412 0.335557 0.035401 0.043447
0 0.645544 0.309564 0.035583 0.046731
0 0.886068 0.868773 0.037980 0.050284
0 0.898943 0.234943 0.037889 0.048642
0 0.904039 0.316972 0.038815 0.045492
0 0.076095 0.293688 0.035492 0.045088
0 0.298239 0.560903 0.038071 0.051926
0 0.095698 0.668183 0.035311 0.041804
0 0.144548 0.624224 0.037708 0.045358
0 0.149598 0.705432 0.038724 0.043851
0 0.643644 0.265164 0.032443 0.049611
0 0.857777 0.407726 0.036509 0.043582
0 0.901260 0.276811 0.037799 0.047000
0 0.305695 0.685623 0.034203 0.041670
0 0.854952 0.366745 0.037799 0.047000
0 0.354873 0.637491 0.033187 0.043178
0 0.101019 0.754318 0.038906 0.047135
0 0.103335 0.796187 0.036599 0.045223
0 0.809108 0.454969 0.032080 0.043043
0 0.124628 0.243982 0.037980 0.050284
0 0.814248 0.537820 0.033096 0.041535
0 0.176168 0.238541 0.036599 0.045223
0 0.702742 0.426580 0.034294 0.043312
0 0.182054 0.365104 0.034203 0.041670
0 0.847541 0.242847 0.036781 0.048507
0 0.655870 0.476085 0.030881 0.041266
0 0.876905 0.743434 0.035674 0.048372
0 0.084253 0.461300 0.035311 0.041804
0 0.088931 0.545859 0.033187 0.043178
0 0.842218 0.156713 0.035583 0.046731
0 0.295368 0.519101 0.036509 0.043582
0 0.657496 0.515558 0.034385 0.044954
0 0.912784 0.444841 0.037889 0.048642
0 0.173534 0.190925 0.036963 0.051791
0 0.891541 0.101125 0.035946 0.053298
0 0.143385 0.583041 0.038071 0.051926
0 0.640820 0.224183 0.030791 0.039624
0 0.860646 0.449528 0.035492 0.045088
0 0.071009 0.201740 0.038071 0.051926
0 0.599280 0.400318 0.033278 0.044819
0 0.080773 0.378248 0.037799 0.047000
0 0.393678 0.422016 0.036418 0.041939
0 0.094071 0.628710 0.036599 0.045223
0 0.309311 0.771137 0.036781 0.048507
0 0.231277 0.317793 0.035492 0.045088
0 0.082027 0.421072 0.035583 0.046731
0 0.123656 0.196164 0.039269 0.053702
0 0.177377 0.280545 0.032261 0.046327
0 0.798916 0.290911 0.034294 0.043312
0 0.844580 0.199403 0.037799 0.047000
0 0.811424 0.496838 0.034567 0.048238
0 0.818463 0.624088 0.034476 0.046596
0 0.544217 0.321886 0.031898 0.039759
0 0.839675 0.110739 0.038162 0.053567
0 0.805266 0.415765 0.033368 0.046462
0 0.635361 0.135586 0.034839 0.053163
0 0.493340 0.309064 0.043244 0.046031
0 0.301199 0.604346 0.034294 0.043312
0 0.685703 0.128637 0.038071 0.051926
0 0.130606 0.372188 0.035401 0.043447
0 0.091800 0.587661 0.038997 0.048776
0 0.816011 0.579756 0.034657 0.049880
0 0.098105 0.711694 0.037799 0.047000
0 0.488554 0.242701 0.047583 0.044928
0 0.151959 0.748123 0.039269 0.053702
0 0.127081 0.288314 0.037799 0.047000
0 0.140378 0.538777 0.036599 0.045223
0 0.276566 0.179221 0.036872 0.050149
0 0.663326 0.600805 0.036781 0.048507
0 0.136345 0.455792 0.037799 0.047000
0 0.129442 0.331005 0.035583 0.046731
0 0.869403 0.617893 0.036509 0.043582
0 0.086614 0.503990 0.035674 0.048372
0 0.745615 0.254416 0.031898 0.039759
0 0.865279 0.533267 0.035492 0.045088
0 0.358951 0.721297 0.036872 0.050149
0 0.499862 0.447122 0.045640 0.049584
0 0.638459 0.181493 0.035765 0.050015
0 0.242158 0.484248 0.038724 0.043851
0 0.293742 0.479627 0.035583 0.046731
0 0.750801 0.338087 0.033187 0.043178
0 0.395441 0.463953 0.037799 0.047000
0 0.302871 0.644642 0.035674 0.048372
0 0.867042 0.575203 0.036690 0.046866
0 0.665180 0.644383 0.037799 0.047000
0 0.290827 0.437005 0.034294 0.043312
0 0.440076 0.333725 0.036418 0.041939
0 0.138198 0.499370 0.036599 0.045223
0 0.801142 0.331138 0.034567 0.048238
0 0.534634 0.148662 0.036963 0.051791
0 0.402988 0.590315 0.038906 0.047135
0 0.246145 0.566411 0.037799 0.047000
0 0.431002 0.159613 0.038071 0.051926
0 0.705612 0.468382 0.037889 0.048642
0 0.380108 0.166629 0.035946 0.053298
0 0.660366 0.557360 0.035583 0.046731
0 0.338332 0.348578 0.034294 0.043312
0 0.557514 0.572348 0.037889 0.048642
0 0.347924 0.511883 0.035492 0.045088
0 0.555616 0.527948 0.034567 0.048238
0 0.592750 0.272181 0.034385 0.044954
0 0.753208 0.381598 0.037889 0.048642
0 0.229097 0.278387 0.033278 0.044819
0 0.700980 0.384644 0.035674 0.048372
0 0.349833 0.596779 0.036690 0.046866
0 0.688890 0.176186 0.036599 0.045223
0 0.602151 0.442120 0.034476 0.046596
0 0.803503 0.373829 0.034385 0.044954
0 0.740384 0.169924 0.035492 0.045088
0 0.647169 0.349038 0.034294 0.043312
0 0.398265 0.504934 0.036509 0.043582
0 0.239423 0.444908 0.037799 0.047000
0 0.342919 0.431495 0.034385 0.044954
0 0.340558 0.388805 0.036781 0.048507
0 0.693659 0.262388 0.036690 0.046866
0 0.383950 0.256248 0.035674 0.048372
0 0.224519 0.185551 0.037054 0.053432
0 0.797018 0.246512 0.035765 0.050015
0 0.227153 0.233166 0.036872 0.050149
0 0.546442 0.362113 0.036781 0.048507
0 0.696529 0.304190 0.035492 0.045088
0 0.133984 0.413101 0.037799 0.047000
0 0.282816 0.312352 0.036509 0.043582
0 0.748440 0.295396 0.035765 0.050015
0 0.248461 0.608281 0.037708 0.045358
0 0.434845 0.249233 0.035401 0.043447
0 0.653045 0.435104 0.034385 0.044954
0 0.234102 0.358774 0.036599 0.045223
0 0.536025 0.193950 0.036690 0.046866
0 0.388674 0.341630 0.035492 0.045088
0 0.289065 0.395068 0.035492 0.045088
0 0.286149 0.352445 0.036599 0.045223
0 0.349088 0.553065 0.037889 0.048642
0 0.382742 0.214244 0.035583 0.046731
0 0.391498 0.382610 0.034385 0.044954
0 0.179230 0.324123 0.035674 0.048372
0 0.281562 0.269527 0.036872 0.050149
0 0.650684 0.392414 0.034567 0.048238
0 0.236463 0.401465 0.036781 0.048507
