0 0.705666 0.339852 0.034613 0.041429
0 0.445208 0.718258 0.034620 0.043074
0 0.381975 0.424917 0.019025 0.033065
0 0.229207 0.421889 0.024593 0.036405
0 0.535220 0.715784 0.025705 0.036415
0 0.534896 0.928778 0.022364 0.034740
0 0.898426 0.882726 0.022364 0.034740
0 0.560259 0.841013 0.023482 0.036395
0 0.899354 0.927144 0.024586 0.034760
0 0.225364 0.545211 0.024593 0.036405
0 0.922683 0.928177 0.024593 0.036405
0 0.560644 0.882135 0.024593 0.036405
0 0.536371 0.840797 0.024607 0.039695
0 0.496970 0.157861 0.044579 0.033297
0 0.534322 0.798836 0.024586 0.034760
0 0.704724 0.298725 0.032391 0.041409
0 0.497266 0.220365 0.045664 0.026728
0 0.535613 0.755261 0.022371 0.036385
0 0.535083 0.883549 0.022371 0.036385
0 0.225690 0.466266 0.024593 0.036405
0 0.796252 0.467320 0.023502 0.041328
0 0.486704 0.759752 0.024566 0.029826
0 0.381455 0.550737 0.025698 0.034770
0 0.137686 0.251649 0.035746 0.046374
0 0.446775 0.339153 0.034613 0.041429
0 0.496650 0.504082 0.037961 0.044749
0 0.808346 0.632728 0.035759 0.049663
0 0.448069 0.294756 0.034640 0.048008
0 0.548627 0.294844 0.035746 0.046374
0 0.757997 0.716978 0.035752 0.048018
0 0.343794 0.253515 0.034634 0.046364
0 0.189737 0.293240 0.031287 0.043044
0 0.084544 0.205115 0.035759 0.049663
0 0.293419 0.209473 0.035780 0.054597
0 0.446598 0.381915 0.034640 0.048008
0 0.860574 0.631556 0.033523 0.046354
0 0.497389 0.459680 0.039072 0.044759
0 0.757498 0.300025 0.035746 0.046374
0 0.548995 0.340079 0.034627 0.044719
0 0.188998 0.337642 0.034620 0.043074
0 0.704905 0.255140 0.034647 0.049653
0 0.548818 0.382841 0.034613 0.041429
0 0.809101 0.719086 0.035739 0.044729
0 0.497134 0.252436 0.043488 0.038221
0 0.395285 0.295923 0.033529 0.047998
0 0.860476 0.386485 0.033509 0.043064
0 0.808983 0.344077 0.034600 0.038140
0 0.600024 0.629197 0.034647 0.049653
0 0.808721 0.676318 0.034600 0.038140
0 0.239935 0.380044 0.039058 0.041469
0 0.757876 0.342793 0.036843 0.043094
0 0.294336 0.256357 0.033482 0.036485
0 0.913246 0.388607 0.036870 0.049673
0 0.600945 0.675259 0.032384 0.039765
0 0.911681 0.632842 0.035739 0.044729
0 0.293614 0.296648 0.034640 0.048008
0 0.861498 0.676796 0.035739 0.044729
0 0.084347 0.252811 0.033495 0.039775
0 0.394373 0.382265 0.034620 0.043074
0 0.809928 0.384383 0.036843 0.043094
0 0.406422 0.424315 0.021253 0.034729
0 0.240657 0.339754 0.035718 0.039795
0 0.652867 0.210261 0.034661 0.052943
0 0.860767 0.719553 0.034627 0.044719
0 0.756677 0.633083 0.034640 0.048008
0 0.653604 0.300729 0.034634 0.046364
0 0.188828 0.378760 0.036829 0.039805
0 0.084729 0.294756 0.036850 0.044739
0 0.912050 0.678076 0.036857 0.046384
0 0.860829 0.300960 0.033523 0.046354
0 0.912432 0.720021 0.037947 0.041459
0 0.393732 0.671738 0.035746 0.046374
0 0.241397 0.295352 0.032425 0.049633
0 0.495185 0.320677 0.040162 0.039835
0 0.809167 0.299670 0.034654 0.051298
0 0.392798 0.628966 0.033509 0.043064
0 0.600212 0.718016 0.033523 0.046354
0 0.912318 0.344191 0.034620 0.043074
0 0.587511 0.296018 0.022391 0.041318
0 0.560145 0.465182 0.022378 0.038029
0 0.653222 0.258784 0.031280 0.041399
0 0.445579 0.628622 0.034627 0.044719
0 0.496473 0.546844 0.029058 0.041379
0 0.406266 0.462144 0.021253 0.034729
0 0.758256 0.385560 0.035732 0.043084
0 0.536972 0.426320 0.020149 0.036364
0 0.395102 0.340330 0.033502 0.041419
0 0.861763 0.343733 0.033509 0.043064
0 0.137336 0.336352 0.031267 0.038110
0 0.343437 0.339863 0.032391 0.041409
0 0.381809 0.465212 0.021267 0.038019
0 0.560864 0.425714 0.021253 0.034729
0 0.535525 0.507723 0.022378 0.038029
0 0.186877 0.716741 0.035739 0.044729
0 0.445941 0.675501 0.035746 0.046374
0 0.535743 0.589141 0.023496 0.039685
0 0.923596 0.841834 0.025712 0.038060
0 0.393546 0.716968 0.035739 0.044729
0 0.496018 0.388120 0.042357 0.033277
0 0.343607 0.298744 0.032391 0.041409
0 0.186133 0.627918 0.031294 0.044689
0 0.899488 0.760201 0.021260 0.036374
0 0.819960 0.511121 0.024593 0.036405
0 0.561514 0.671613 0.024593 0.036405
0 0.560753 0.586901 0.022378 0.038029
0 0.559416 0.507117 0.021247 0.033086
0 0.898756 0.802958 0.024593 0.036405
0 0.820303 0.428063 0.024600 0.038050
0 0.536809 0.465794 0.022371 0.036385
0 0.560786 0.713547 0.023489 0.038040
0 0.496984 0.288620 0.041239 0.031622
0 0.848197 0.803322 0.025712 0.038060
0 0.795863 0.427019 0.022358 0.033096
0 0.560573 0.630485 0.024593 0.036405
0 0.536133 0.629442 0.022378 0.038029
0 0.560991 0.798255 0.024593 0.036405
0 0.912495 0.301428 0.032398 0.043054
0 0.821248 0.468369 0.024607 0.039695
0 0.925426 0.802377 0.022378 0.038029
0 0.923982 0.882958 0.024600 0.038050
0 0.559502 0.755477 0.023496 0.039685
0 0.497955 0.188298 0.042378 0.038211
0 0.924491 0.759605 0.022364 0.034740
0 0.560923 0.545782 0.022391 0.041318
0 0.820346 0.552243 0.023482 0.036395
0 0.496709 0.355230 0.041246 0.033267
0 0.612511 0.296245 0.023489 0.038040
0 0.136392 0.296046 0.031287 0.043044
0 0.535956 0.672204 0.024600 0.038050
0 0.535351 0.549663 0.022371 0.036385
0 0.186507 0.671507 0.034634 0.046364
0 0.847816 0.761378 0.022358 0.033096
0 0.559906 0.926537 0.023482 0.036395
