0 0.708667 0.784375 0.033333 0.034375
0 0.762000 0.420312 0.036000 0.037500
0 0.189333 0.672656 0.034667 0.032813
0 0.190000 0.707812 0.036000 0.037500
0 0.819333 0.817187 0.036000 0.034375
0 0.189333 0.745313 0.037333 0.034375
0 0.408000 0.883594 0.034667 0.029687
0 0.500000 0.404687 0.029333 0.028125
0 0.136000 0.671875 0.034667 0.034375
0 0.764000 0.818750 0.034667 0.031250
0 0.408000 0.817969 0.034667 0.032813
0 0.499333 0.228906 0.033333 0.029687
0 0.191333 0.889844 0.038667 0.035937
0 0.405333 0.242969 0.037333 0.035937
0 0.500000 0.297656 0.032000 0.029687
0 0.190000 0.817187 0.036000 0.037500
0 0.406667 0.566406 0.034667 0.029687
0 0.470000 0.387500 0.022667 0.031250
0 0.404667 0.206250 0.036000 0.034375
0 0.299333 0.852344 0.036000 0.032813
0 0.872667 0.421094 0.036000 0.039062
0 0.299333 0.817187 0.036000 0.034375
0 0.544000 0.673438 0.034667 0.031250
0 0.408000 0.851562 0.034667 0.034375
0 0.875333 0.528906 0.036000 0.035937
0 0.456667 0.310937 0.036000 0.040625
0 0.499333 0.199219 0.033333 0.029687
0 0.873333 0.457031 0.034667 0.029687
0 0.876000 0.853125 0.037333 0.034375
0 0.462000 0.853906 0.033333 0.029687
0 0.298667 0.780469 0.037333 0.035937
0 0.820000 0.852344 0.034667 0.032813
0 0.446000 0.350781 0.028000 0.029687
0 0.134000 0.498437 0.033333 0.034375
0 0.874000 0.635938 0.036000 0.034375
0 0.653333 0.852344 0.034667 0.029687
0 0.820000 0.886719 0.034667 0.032813
0 0.544000 0.853125 0.034667 0.037500
0 0.545333 0.746875 0.037333 0.037500
0 0.189333 0.639062 0.034667 0.034375
0 0.709333 0.889844 0.037333 0.032813
0 0.708000 0.819531 0.034667 0.032813
0 0.405333 0.280469 0.032000 0.035937
0 0.818667 0.707812 0.034667 0.031250
0 0.242667 0.565625 0.034667 0.034375
0 0.766000 0.887500 0.036000 0.034375
0 0.543333 0.529687 0.033333 0.031250
0 0.653333 0.820312 0.037333 0.034375
0 0.444667 0.458594 0.028000 0.029687
0 0.132000 0.315625 0.034667 0.034375
0 0.545333 0.601562 0.032000 0.034375
0 0.136000 0.571875 0.034667 0.034375
0 0.651333 0.456250 0.033333 0.031250
0 0.299333 0.708594 0.036000 0.035937
0 0.544667 0.638281 0.036000 0.035937
0 0.874667 0.670312 0.034667 0.031250
0 0.300000 0.888281 0.037333 0.035937
0 0.544000 0.708594 0.037333 0.035937
0 0.447333 0.566406 0.030667 0.035937
0 0.470667 0.421094 0.024000 0.029687
0 0.462000 0.819531 0.036000 0.039062
0 0.473333 0.528125 0.026667 0.034375
0 0.298000 0.675781 0.036000 0.032813
0 0.816667 0.528906 0.036000 0.035937
0 0.408667 0.710938 0.033333 0.034375
0 0.470000 0.351562 0.025333 0.034375
0 0.462000 0.708594 0.033333 0.035937
0 0.708000 0.746875 0.037333 0.037500
0 0.133333 0.389062 0.037333 0.037500
0 0.408667 0.748437 0.036000 0.037500
0 0.188000 0.314063 0.034667 0.037500
0 0.820000 0.781250 0.037333 0.037500
0 0.651333 0.490625 0.036000 0.037500
0 0.763333 0.743750 0.036000 0.037500
0 0.709333 0.710938 0.037333 0.034375
0 0.875333 0.781250 0.036000 0.037500
0 0.763333 0.639062 0.036000 0.034375
0 0.297333 0.528906 0.034667 0.035937
0 0.444667 0.386719 0.028000 0.035937
0 0.461333 0.635156 0.034667 0.035937
0 0.819333 0.674219 0.036000 0.035937
0 0.352000 0.566406 0.037333 0.032813
0 0.764667 0.564063 0.036000 0.037500
0 0.707333 0.564844 0.038667 0.032813
0 0.188667 0.532031 0.036000 0.039062
0 0.706000 0.383594 0.036000 0.032813
0 0.816667 0.345313 0.038667 0.034375
0 0.242000 0.459375 0.033333 0.034375
0 0.406667 0.600000 0.034667 0.037500
0 0.543333 0.417969 0.033333 0.032813
0 0.874000 0.707812 0.036000 0.037500
0 0.763333 0.707812 0.036000 0.034375
0 0.817333 0.380469 0.037333 0.035937
0 0.446000 0.423438 0.028000 0.031250
0 0.406000 0.493750 0.030667 0.034375
0 0.352000 0.493750 0.034667 0.034375
0 0.351333 0.457031 0.036000 0.035937
0 0.188000 0.387500 0.034667 0.034375
0 0.461333 0.746094 0.034667 0.035937
0 0.707333 0.639062 0.036000 0.034375
0 0.707333 0.528906 0.038667 0.035937
0 0.351333 0.347656 0.036000 0.035937
0 0.707333 0.601562 0.036000 0.037500
0 0.707333 0.420312 0.036000 0.034375
0 0.708000 0.674219 0.040000 0.035937
0 0.815333 0.306250 0.036000 0.040625
0 0.543333 0.455469 0.033333 0.039062
0 0.763333 0.456250 0.036000 0.034375
0 0.764000 0.601562 0.034667 0.037500
0 0.816000 0.455469 0.037333 0.039062
0 0.762667 0.383594 0.034667 0.035937
0 0.546000 0.783594 0.036000 0.035937
0 0.873333 0.382031 0.037333 0.035937
0 0.542667 0.383594 0.032000 0.032813
0 0.297333 0.457813 0.034667 0.034375
0 0.406667 0.422656 0.037333 0.035937
0 0.445333 0.493750 0.029333 0.034375
0 0.762667 0.492188 0.034667 0.034375
0 0.408667 0.674219 0.036000 0.035937
0 0.460667 0.782031 0.036000 0.035937
0 0.405333 0.457813 0.034667 0.034375
0 0.872667 0.307031 0.036000 0.039062
0 0.708000 0.456250 0.037333 0.037500
0 0.818667 0.600000 0.037333 0.037500
0 0.542000 0.310156 0.036000 0.039062
0 0.298000 0.639844 0.036000 0.039062
0 0.650667 0.385156 0.037333 0.032813
0 0.648667 0.347656 0.036000 0.039062
0 0.763333 0.783594 0.036000 0.039062
0 0.406000 0.350000 0.033333 0.037500
0 0.295333 0.276562 0.033333 0.021875
0 0.646000 0.271875 0.036000 0.025000
0 0.132000 0.278906 0.037333 0.026562
0 0.136667 0.850000 0.036000 0.031250
0 0.496667 0.784375 0.022667 0.028125
0 0.500000 0.370312 0.032000 0.037500
0 0.818000 0.560937 0.036000 0.025000
0 0.871333 0.269531 0.036000 0.023438
0 0.134667 0.710156 0.037333 0.039062
0 0.135333 0.815625 0.038667 0.037500
0 0.136667 0.746094 0.033333 0.032813
0 0.134667 0.604688 0.034667 0.034375
0 0.136000 0.885156 0.037333 0.035937
0 0.500667 0.440625 0.030667 0.037500
0 0.136000 0.779687 0.037333 0.031250
0 0.189333 0.778125 0.037333 0.031250
0 0.544667 0.817969 0.033333 0.032813
0 0.190667 0.853906 0.034667 0.035937
0 0.135333 0.639062 0.033333 0.034375
0 0.876000 0.817187 0.037333 0.034375
0 0.874667 0.745313 0.034667 0.034375
0 0.352000 0.709375 0.037333 0.034375
0 0.296667 0.492969 0.030667 0.032813
0 0.471333 0.457031 0.025333 0.032813
0 0.350000 0.312500 0.036000 0.034375
0 0.296667 0.310937 0.036000 0.037500
0 0.134000 0.534375 0.036000 0.037500
0 0.354000 0.746875 0.036000 0.034375
0 0.653333 0.886719 0.037333 0.035937
0 0.652000 0.565625 0.034667 0.034375
0 0.763333 0.528125 0.033333 0.034375
0 0.876667 0.889062 0.038667 0.037500
0 0.409333 0.784375 0.034667 0.031250
0 0.297333 0.421875 0.029333 0.034375
0 0.820000 0.743750 0.037333 0.037500
0 0.652000 0.601562 0.034667 0.034375
0 0.874000 0.489844 0.036000 0.035937
0 0.874000 0.600781 0.036000 0.032813
0 0.189333 0.423438 0.034667 0.034375
0 0.189333 0.603906 0.034667 0.035937
0 0.404667 0.314063 0.033333 0.031250
0 0.653333 0.785156 0.037333 0.035937
0 0.763333 0.851562 0.036000 0.034375
0 0.134000 0.425000 0.036000 0.034375
0 0.471333 0.492188 0.028000 0.031250
0 0.594667 0.310937 0.037333 0.034375
0 0.299333 0.746094 0.036000 0.035937
0 0.351333 0.421875 0.036000 0.034375
0 0.354000 0.783594 0.038667 0.039062
0 0.352667 0.639062 0.033333 0.031250
0 0.459333 0.600000 0.033333 0.034375
0 0.297333 0.567187 0.034667 0.037500
0 0.243333 0.530469 0.036000 0.032813
0 0.407333 0.637500 0.033333 0.031250
0 0.297333 0.602344 0.034667 0.032813
0 0.653333 0.710156 0.037333 0.035937
0 0.817333 0.417969 0.037333 0.035937
0 0.648000 0.310156 0.034667 0.032813
0 0.818667 0.636719 0.037333 0.039062
0 0.352667 0.673438 0.033333 0.031250
0 0.499333 0.264844 0.036000 0.035937
0 0.874000 0.566406 0.038667 0.035937
0 0.653333 0.673438 0.037333 0.034375
0 0.594000 0.423438 0.033333 0.040625
0 0.188667 0.458594 0.033333 0.035937
0 0.763333 0.673438 0.033333 0.031250
0 0.134000 0.460938 0.036000 0.037500
0 0.242000 0.312500 0.036000 0.034375
0 0.544667 0.565625 0.036000 0.037500
0 0.873333 0.345313 0.034667 0.034375
0 0.188667 0.494531 0.036000 0.035937
0 0.298000 0.387500 0.030667 0.034375
0 0.133333 0.352344 0.037333 0.035937
0 0.543333 0.493750 0.036000 0.037500
0 0.652000 0.637500 0.037333 0.034375
0 0.817333 0.493750 0.034667 0.034375
0 0.353333 0.530469 0.037333 0.039062
0 0.461333 0.671094 0.034667 0.035937
0 0.461333 0.888281 0.034667 0.039062
0 0.708667 0.854688 0.036000 0.034375
0 0.707333 0.493750 0.033333 0.034375
0 0.653333 0.747656 0.037333 0.035937
0 0.545333 0.889844 0.034667 0.035937
0 0.189333 0.568750 0.037333 0.034375
0 0.652667 0.528906 0.038667 0.039062
0 0.353333 0.603125 0.037333 0.037500
0 0.406667 0.386719 0.034667 0.035937
0 0.542667 0.348438 0.032000 0.034375
0 0.407333 0.532031 0.036000 0.042188
0 0.351333 0.386719 0.036000 0.035937
0 0.242667 0.388281 0.034667 0.035937
0 0.446667 0.530469 0.029333 0.032813
0 0.242667 0.494531 0.034667 0.035937
0 0.652000 0.421094 0.037333 0.035937
0 0.243333 0.350781 0.036000 0.035937
0 0.761333 0.345313 0.037333 0.040625
0 0.242667 0.424219 0.034667 0.035937
0 0.188000 0.351562 0.037333 0.037500
0 0.760667 0.307031 0.036000 0.039062
0 0.594667 0.385937 0.034667 0.034375
0 0.705333 0.309375 0.037333 0.037500
0 0.594667 0.350000 0.037333 0.037500
0 0.297333 0.350781 0.034667 0.035937
0 0.706000 0.349219 0.038667 0.035937
