0 0.882329 0.572580 0.035782 0.038020
0 0.822992 0.630217 0.034342 0.034743
0 0.864248 0.856470 0.034342 0.034743
0 0.822686 0.655580 0.037416 0.044453
0 0.506303 0.601400 0.023887 0.025872
0 0.773354 0.530104 0.035394 0.031710
0 0.878546 0.634103 0.035782 0.038020
0 0.500962 0.698478 0.020051 0.023927
0 0.490431 0.879953 0.021492 0.027204
0 0.815233 0.756418 0.034342 0.034743
0 0.874092 0.696353 0.037125 0.039720
0 0.814110 0.784875 0.033096 0.034620
0 0.391260 0.463895 0.035394 0.031710
0 0.117950 0.371900 0.034342 0.034743
0 0.831374 0.504078 0.035588 0.034865
0 0.860943 0.920421 0.035685 0.036443
0 0.500928 0.678636 0.022447 0.022595
0 0.877326 0.664137 0.036834 0.034988
0 0.505647 0.581496 0.024842 0.021262
0 0.866333 0.822554 0.036931 0.036565
0 0.861110 0.887109 0.037125 0.039720
0 0.869470 0.791915 0.036640 0.031833
0 0.727637 0.376415 0.038856 0.047731
0 0.777330 0.465425 0.035588 0.034865
0 0.775723 0.501770 0.037222 0.041298
0 0.872104 0.728692 0.036834 0.034988
0 0.116585 0.404301 0.030312 0.029642
0 0.813319 0.818124 0.035782 0.038020
0 0.105092 0.591235 0.035394 0.031710
0 0.886354 0.507114 0.032999 0.033042
0 0.389085 0.489073 0.034536 0.037897
0 0.274650 0.576198 0.034342 0.034743
0 0.212127 0.665262 0.030021 0.024909
0 0.491311 0.855440 0.022641 0.025750
0 0.810036 0.851129 0.035588 0.034865
0 0.870115 0.761031 0.037125 0.039720
0 0.104495 0.621331 0.035588 0.034865
0 0.264301 0.703731 0.034342 0.034743
0 0.888197 0.477141 0.032999 0.033042
0 0.092137 0.812148 0.034342 0.034743
0 0.216533 0.603801 0.033954 0.028432
0 0.093356 0.782114 0.033096 0.034620
0 0.830154 0.534112 0.034342 0.034743
0 0.644288 0.834801 0.035200 0.028555
0 0.890233 0.444013 0.038371 0.039843
0 0.175229 0.378336 0.031558 0.029764
0 0.805534 0.914168 0.036834 0.034988
0 0.817796 0.724929 0.038274 0.038265
0 0.819161 0.692528 0.036931 0.036565
0 0.768255 0.623238 0.034148 0.031587
0 0.424328 0.813132 0.031461 0.028186
0 0.807474 0.882619 0.036834 0.034988
0 0.672068 0.393160 0.032043 0.037652
0 0.719766 0.524825 0.032902 0.031464
0 0.266816 0.673030 0.035879 0.039597
0 0.446240 0.466930 0.035685 0.036443
0 0.280324 0.483914 0.031752 0.032919
0 0.095345 0.749775 0.033193 0.036197
0 0.260448 0.796987 0.033096 0.034620
0 0.262963 0.766288 0.031946 0.036074
0 0.721609 0.494851 0.033096 0.034620
0 0.665029 0.517844 0.035394 0.031710
0 0.097859 0.719074 0.034342 0.034743
0 0.152097 0.754572 0.034342 0.034743
0 0.275870 0.546164 0.033096 0.034620
0 0.367554 0.839280 0.034342 0.034743
0 0.325030 0.643850 0.035685 0.036443
0 0.311306 0.867068 0.038081 0.035111
0 0.666151 0.489388 0.034342 0.034743
0 0.269524 0.639175 0.037028 0.038143
0 0.393152 0.433133 0.038371 0.039843
0 0.316003 0.800873 0.036834 0.034988
0 0.646276 0.802463 0.035491 0.033287
0 0.602338 0.640221 0.035588 0.034865
0 0.321822 0.706223 0.034342 0.034743
0 0.255849 0.861604 0.037028 0.038143
0 0.211433 0.696936 0.035976 0.041175
0 0.616491 0.420220 0.034245 0.033164
0 0.590700 0.829522 0.035588 0.034865
0 0.546881 0.634758 0.031849 0.034497
0 0.110814 0.498162 0.035588 0.034865
0 0.168689 0.474503 0.035491 0.033287
0 0.366189 0.871681 0.035685 0.036443
0 0.204943 0.792313 0.034439 0.036320
0 0.219886 0.539062 0.035394 0.031710
0 0.648264 0.770123 0.035588 0.034865
0 0.335997 0.455276 0.034148 0.031587
0 0.603704 0.607820 0.034439 0.036320
0 0.334777 0.485310 0.035588 0.034865
0 0.715360 0.586285 0.037222 0.041298
0 0.643068 0.864836 0.037028 0.038143
0 0.373422 0.743841 0.034439 0.036320
0 0.433285 0.687843 0.034245 0.033164
0 0.223669 0.477539 0.035588 0.034865
0 0.430819 0.717754 0.035491 0.033287
0 0.153365 0.723749 0.035685 0.036443
0 0.323042 0.676189 0.035588 0.034865
0 0.313343 0.833940 0.035782 0.038020
0 0.112083 0.467339 0.034439 0.036320
0 0.770097 0.593265 0.037028 0.038143
0 0.330081 0.551504 0.036834 0.034988
0 0.379864 0.649252 0.032999 0.033042
0 0.283580 0.420752 0.035491 0.033287
0 0.340403 0.393815 0.035588 0.034865
0 0.656598 0.644773 0.034245 0.033164
0 0.397897 0.366150 0.034342 0.034743
0 0.532486 0.858702 0.035782 0.038020
0 0.662563 0.547756 0.037028 0.038143
0 0.285472 0.389990 0.033096 0.034620
0 0.342439 0.360687 0.038274 0.038265
0 0.381755 0.618491 0.033290 0.037774
0 0.225560 0.446777 0.035491 0.033287
0 0.099847 0.686736 0.037125 0.039720
0 0.654658 0.676323 0.034439 0.036320
0 0.536559 0.792447 0.035976 0.041175
0 0.612134 0.480893 0.035588 0.034865
0 0.534425 0.827152 0.035588 0.034865
0 0.155402 0.690621 0.035685 0.036443
0 0.169860 0.445258 0.034342 0.034743
0 0.601119 0.670255 0.036834 0.034988
0 0.214018 0.634501 0.035879 0.039597
0 0.450743 0.403891 0.031752 0.032919
0 0.337217 0.425243 0.035588 0.034865
0 0.597884 0.702471 0.034439 0.036320
0 0.552846 0.537741 0.031752 0.032919
0 0.394662 0.398367 0.036931 0.036565
0 0.548295 0.601569 0.033096 0.034620
0 0.377253 0.681529 0.034536 0.037897
0 0.610097 0.514021 0.035782 0.038020
0 0.441141 0.560065 0.034439 0.036320
0 0.332692 0.519226 0.035685 0.036443
0 0.172520 0.412191 0.035976 0.041175
0 0.550906 0.569291 0.034439 0.036320
0 0.618528 0.387092 0.037125 0.039720
0 0.217849 0.572190 0.038468 0.041421
0 0.561728 0.383083 0.038371 0.039843
0 0.383841 0.584574 0.035685 0.036443
0 0.502729 0.659531 0.023567 0.020667
0 0.498916 0.507432 0.040330 0.031412
0 0.504415 0.621924 0.022457 0.022753
0 0.506927 0.377130 0.034647 0.019563
0 0.481565 0.789648 0.032640 0.027205
0 0.508673 0.348735 0.038498 0.041893
0 0.502054 0.456399 0.033212 0.036512
0 0.503825 0.641705 0.023586 0.020982
0 0.504081 0.423429 0.035685 0.036443
0 0.885003 0.539277 0.036805 0.034515
0 0.880480 0.603655 0.031846 0.031627
0 0.506400 0.395805 0.031076 0.024135
0 0.498834 0.531507 0.031973 0.023831
0 0.497839 0.547796 0.028746 0.011424
0 0.480124 0.805329 0.032156 0.010474
0 0.427465 0.782494 0.034439 0.036320
0 0.090003 0.846853 0.037028 0.038143
0 0.443726 0.497631 0.034342 0.034743
0 0.606315 0.575543 0.035588 0.034865
0 0.262410 0.734492 0.034245 0.033164
0 0.230111 0.382949 0.033954 0.028432
0 0.718546 0.554858 0.034148 0.031587
0 0.149485 0.786849 0.035491 0.033287
0 0.370262 0.805425 0.035685 0.036443
0 0.766363 0.653999 0.037319 0.042875
0 0.833314 0.472527 0.033096 0.034620
0 0.101358 0.651970 0.032999 0.033042
0 0.427633 0.749182 0.033193 0.036197
0 0.436590 0.623893 0.033096 0.034620
0 0.257885 0.828477 0.031849 0.034497
0 0.835877 0.441039 0.034536 0.037897
0 0.780419 0.435576 0.035782 0.038020
0 0.772757 0.560199 0.035588 0.034865
0 0.209348 0.730852 0.035491 0.033287
0 0.201541 0.857841 0.038274 0.038265
0 0.114071 0.435000 0.034342 0.034743
0 0.372153 0.774663 0.035588 0.034865
0 0.420351 0.877810 0.036834 0.034988
0 0.326873 0.613877 0.032999 0.033042
0 0.540536 0.727769 0.035588 0.034865
0 0.530594 0.889464 0.035297 0.030133
0 0.722254 0.463967 0.035491 0.033287
0 0.317319 0.769261 0.033096 0.034620
0 0.163112 0.565209 0.033096 0.034620
0 0.537973 0.759258 0.029163 0.031096
0 0.668569 0.460266 0.032999 0.033042
0 0.555360 0.507041 0.033096 0.034620
0 0.608158 0.545570 0.033096 0.034620
0 0.277955 0.512247 0.035685 0.036443
0 0.109643 0.527408 0.034245 0.033164
0 0.202906 0.825440 0.034439 0.036320
0 0.385157 0.552962 0.034051 0.030010
0 0.557203 0.477068 0.035588 0.034865
0 0.649581 0.738511 0.034342 0.034743
0 0.319834 0.738562 0.034439 0.036320
0 0.206882 0.760763 0.034439 0.036320
0 0.442409 0.529242 0.033096 0.034620
0 0.147448 0.819977 0.035879 0.039597
0 0.165003 0.534449 0.030506 0.032796
0 0.160598 0.595910 0.034439 0.036320
0 0.827591 0.565601 0.035588 0.034865
0 0.586100 0.894139 0.034342 0.034743
0 0.560363 0.415484 0.036640 0.031833
0 0.106983 0.560473 0.035685 0.036443
0 0.271464 0.607625 0.034342 0.034743
0 0.542233 0.700162 0.035491 0.033287
0 0.453354 0.371614 0.038274 0.038265
0 0.614649 0.450192 0.031752 0.032919
0 0.421765 0.844621 0.035782 0.038020
0 0.544941 0.666307 0.034536 0.037897
0 0.825555 0.598729 0.035782 0.038020
0 0.652095 0.707812 0.033193 0.036197
0 0.157867 0.660710 0.031752 0.032919
0 0.375264 0.713869 0.034245 0.033164
0 0.640311 0.899479 0.035588 0.034865
0 0.595321 0.733959 0.032999 0.033042
0 0.591296 0.799427 0.035588 0.034865
0 0.588040 0.862588 0.034536 0.037897
0 0.175777 0.349030 0.034342 0.034743
0 0.448228 0.434591 0.033096 0.034620
0 0.159184 0.629099 0.033193 0.036197
0 0.661149 0.580945 0.035588 0.034865
0 0.724242 0.431628 0.035976 0.041175
0 0.221777 0.508300 0.035685 0.036443
0 0.435176 0.657082 0.034536 0.037897
0 0.670079 0.425499 0.034633 0.039474
0 0.281640 0.452302 0.035685 0.036443
0 0.658586 0.612434 0.034342 0.034743
0 0.558471 0.446246 0.036931 0.036565
0 0.232674 0.351461 0.035976 0.041175
0 0.387000 0.522990 0.034439 0.036320
0 0.328189 0.582265 0.036931 0.036565
0 0.593333 0.766299 0.033290 0.037774
0 0.288228 0.355346 0.037028 0.038143
0 0.228171 0.414500 0.034536 0.037897
0 0.438529 0.592342 0.035588 0.034865
0 0.166272 0.503625 0.034342 0.034743
