0 0.592047 0.551327 0.041048 0.044272
0 0.219307 0.501833 0.031675 0.034517
0 0.519195 0.631570 0.040087 0.034130
0 0.189838 0.639280 0.031997 0.036019
0 0.271382 0.329444 0.042991 0.042015
0 0.783660 0.747081 0.037816 0.040519
0 0.514907 0.904709 0.046545 0.047269
0 0.527094 0.604341 0.042991 0.042015
0 0.155452 0.331834 0.045901 0.044265
0 0.818759 0.576964 0.038460 0.043524
0 0.163828 0.295969 0.045252 0.046895
0 0.528914 0.836174 0.044930 0.045393
0 0.333680 0.567589 0.045574 0.048398
0 0.562840 0.434411 0.041697 0.041641
0 0.557207 0.463890 0.042669 0.040513
0 0.645741 0.566844 0.037811 0.046154
0 0.330369 0.848987 0.047511 0.051776
0 0.828424 0.535091 0.039109 0.040893
0 0.358062 0.713419 0.046867 0.048771
0 0.542122 0.777778 0.042991 0.042015
0 0.746929 0.899178 0.044279 0.048024
0 0.332001 0.312665 0.045252 0.046895
0 0.612569 0.721566 0.042342 0.044645
0 0.550279 0.492995 0.041697 0.041641
0 0.349622 0.493232 0.047828 0.058913
0 0.679548 0.950694 0.045890 0.055534
0 0.605162 0.756115 0.044930 0.045393
0 0.808617 0.627474 0.042664 0.046148
0 0.630611 0.643828 0.042986 0.047650
0 0.551552 0.285186 0.040726 0.042769
0 0.549854 0.744917 0.044285 0.042389
0 0.557425 0.712807 0.040726 0.042769
0 0.798791 0.670097 0.044279 0.048024
0 0.574756 0.378831 0.042342 0.044645
0 0.640117 0.605896 0.042664 0.046148
0 0.694367 0.884786 0.048483 0.050647
0 0.387047 0.578226 0.045567 0.054032
0 0.578684 0.616857 0.042019 0.043143
0 0.635048 0.357172 0.043957 0.046521
0 0.621429 0.683448 0.044601 0.049526
0 0.585609 0.584562 0.042342 0.044645
0 0.744862 0.386514 0.043630 0.050654
0 0.171235 0.261419 0.045252 0.046895
0 0.853226 0.422616 0.042336 0.050280
0 0.607833 0.484103 0.042991 0.042015
0 0.622004 0.418009 0.042991 0.042015
0 0.571599 0.649905 0.042019 0.043143
0 0.492436 0.355839 0.043957 0.046521
0 0.224772 0.280879 0.048161 0.049145
0 0.752338 0.614400 0.047184 0.055908
0 0.708856 0.813998 0.047833 0.053278
0 0.732758 0.965273 0.050744 0.055528
0 0.340536 0.272858 0.046862 0.054406
0 0.789288 0.711220 0.042019 0.043143
0 0.655249 0.528913 0.045252 0.046895
0 0.372494 0.392962 0.043952 0.052156
0 0.599293 0.517528 0.043957 0.046521
0 0.902587 0.474369 0.049133 0.048017
0 0.278467 0.296397 0.043635 0.045019
0 0.446792 0.302767 0.046540 0.052904
0 0.688099 0.375694 0.043308 0.049152
0 0.838411 0.491716 0.044279 0.048024
0 0.764006 0.829139 0.045574 0.048398
0 0.417649 0.441904 0.048155 0.054780
0 0.663300 0.491359 0.042664 0.046148
0 0.909506 0.435690 0.047511 0.051776
0 0.393098 0.287250 0.047833 0.053278
0 0.502088 0.704951 0.042095 0.032174
0 0.496871 0.729287 0.040538 0.036233
0 0.544321 0.520785 0.040087 0.034130
0 0.583165 0.342817 0.041628 0.046975
0 0.580963 0.817717 0.030058 0.032641
0 0.183236 0.670074 0.031675 0.034517
0 0.208952 0.678304 0.029409 0.035272
0 0.488080 0.552389 0.027793 0.033396
0 0.291653 0.766810 0.041370 0.045774
0 0.232463 0.568647 0.028764 0.032267
0 0.179868 0.701803 0.035878 0.037141
0 0.284831 0.731339 0.031024 0.037147
0 0.211408 0.529062 0.033290 0.036393
0 0.194988 0.612054 0.029414 0.029637
0 0.225912 0.474231 0.030702 0.035645
0 0.237291 0.542923 0.030702 0.035645
0 0.201754 0.583701 0.031997 0.036019
0 0.522417 0.802393 0.027471 0.031893
0 0.207874 0.555160 0.031352 0.033015
0 0.215232 0.649012 0.032319 0.037522
0 0.515011 0.654289 0.042025 0.037508
0 0.741883 0.861828 0.027793 0.033396
0 0.227149 0.593433 0.029087 0.033769
0 0.221998 0.620657 0.030380 0.034143
0 0.472115 0.783868 0.026498 0.033021
0 0.231384 0.445503 0.028764 0.032267
0 0.476674 0.820279 0.040726 0.042769
0 0.183295 0.737090 0.043308 0.049152
0 0.249526 0.482651 0.031997 0.036019
0 0.176373 0.772578 0.048167 0.043511
0 0.336908 0.744794 0.031024 0.037147
0 0.237503 0.416962 0.029409 0.035272
0 0.544789 0.316732 0.040082 0.039765
0 0.275870 0.837225 0.044607 0.043891
0 0.243246 0.511942 0.032319 0.037522
0 0.244431 0.387857 0.031024 0.037147
0 0.170259 0.807502 0.044279 0.048024
0 0.687219 0.847626 0.027793 0.033396
0 0.256131 0.455048 0.032968 0.034891
0 0.284085 0.802111 0.043635 0.045019
0 0.583578 0.850376 0.042986 0.047650
0 0.492579 0.518593 0.031024 0.037147
0 0.134684 0.435105 0.044279 0.048024
0 0.577303 0.886051 0.042019 0.043143
0 0.569895 0.920601 0.045252 0.046895
0 0.148367 0.364881 0.043313 0.043517
0 0.568637 0.407372 0.042997 0.036380
0 0.563219 0.682578 0.038787 0.039391
0 0.320806 0.637249 0.044279 0.048024
0 0.342600 0.782331 0.046218 0.051402
0 0.491172 0.759066 0.040082 0.039765
0 0.508406 0.681892 0.043641 0.039385
0 0.263383 0.427632 0.030702 0.035645
0 0.539493 0.546508 0.040082 0.039765
0 0.141767 0.398866 0.044930 0.045393
0 0.557988 0.248760 0.037494 0.039017
0 0.774476 0.783509 0.038138 0.042021
0 0.614272 0.450870 0.042342 0.044645
0 0.627799 0.387779 0.041053 0.038637
0 0.563946 0.220970 0.033940 0.033763
0 0.304366 0.697902 0.046218 0.051402
0 0.263971 0.360803 0.041697 0.041641
0 0.470075 0.854265 0.042342 0.044645
0 0.521507 0.870724 0.044930 0.045393
0 0.268531 0.397214 0.033290 0.036393
0 0.533535 0.574297 0.039760 0.038263
0 0.463317 0.892193 0.047517 0.046141
0 0.596621 0.789540 0.044607 0.043891
0 0.730276 0.717297 0.047506 0.057411
0 0.178480 0.224430 0.046867 0.048771
0 0.500163 0.316596 0.043308 0.049152
0 0.286516 0.255651 0.046218 0.051402
0 0.671835 0.451553 0.048161 0.049145
0 0.776337 0.508872 0.048805 0.052150
0 0.232821 0.240134 0.047511 0.051776
0 0.678753 0.412874 0.045252 0.046895
0 0.736974 0.426509 0.047189 0.050274
0 0.799203 0.402219 0.049449 0.055154
