0 0.868021 0.450958 0.039077 0.045439
0 0.444388 0.916110 0.042608 0.045121
0 0.379304 0.637032 0.038400 0.042440
0 0.449757 0.265281 0.038062 0.040940
0 0.666104 0.774685 0.041930 0.042121
0 0.428338 0.848077 0.042881 0.041016
0 0.343973 0.724761 0.043558 0.044015
0 0.805368 0.619159 0.040980 0.043228
0 0.488524 0.867370 0.041930 0.042121
0 0.320133 0.622237 0.041930 0.042121
0 0.192895 0.321261 0.041382 0.050331
0 0.168315 0.703853 0.041318 0.044727
0 0.781744 0.777048 0.041657 0.046226
0 0.558343 0.544702 0.040641 0.041728
0 0.142678 0.599474 0.041930 0.042121
0 0.624858 0.598130 0.041930 0.042121
0 0.582722 0.652671 0.041318 0.044727
0 0.312176 0.586998 0.042946 0.046620
0 0.838081 0.193210 0.034193 0.039759
0 0.135534 0.564788 0.041318 0.044727
0 0.884873 0.406541 0.034870 0.042758
0 0.793127 0.320743 0.038062 0.040940
0 0.843696 0.795002 0.038400 0.042440
0 0.287965 0.479779 0.041930 0.042121
0 0.201361 0.358750 0.041930 0.042121
0 0.677519 0.321575 0.041657 0.046226
0 0.843472 0.342240 0.036837 0.046151
0 0.780038 0.513084 0.040980 0.043228
0 0.411947 0.778544 0.042608 0.045121
0 0.845223 0.227897 0.036159 0.043152
0 0.682187 0.845913 0.042269 0.043621
0 0.811337 0.202977 0.034870 0.042758
0 0.549355 0.886467 0.042269 0.043621
0 0.673416 0.810121 0.041657 0.046226
0 0.195552 0.583332 0.041930 0.042121
0 0.433637 0.621245 0.040641 0.041728
0 0.629280 0.858860 0.040980 0.043228
0 0.832437 0.497888 0.038674 0.038334
0 0.295109 0.514465 0.040641 0.041728
0 0.464991 0.763151 0.042269 0.043621
0 0.630497 0.372799 0.040367 0.045832
0 0.118806 0.493755 0.041592 0.040622
0 0.524364 0.781892 0.042269 0.043621
0 0.534640 0.439733 0.038062 0.040940
0 0.278550 0.444183 0.040028 0.044333
0 0.127408 0.528798 0.043897 0.045514
0 0.269947 0.409141 0.040980 0.043228
0 0.566300 0.579942 0.040980 0.043228
0 0.371686 0.603293 0.040641 0.041728
0 0.500323 0.675423 0.042269 0.043621
0 0.477910 0.570060 0.042946 0.046620
0 0.758211 0.672829 0.041318 0.044727
0 0.684831 0.357012 0.041930 0.042121
0 0.212756 0.653417 0.043285 0.048120
0 0.165182 0.442728 0.039012 0.039835
0 0.485867 0.605299 0.042608 0.045121
0 0.443333 0.429139 0.039351 0.041334
0 0.435142 0.881263 0.042946 0.046620
0 0.111357 0.460765 0.042269 0.043621
0 0.156580 0.407686 0.041996 0.047726
0 0.658316 0.740195 0.042608 0.045121
0 0.421363 0.814140 0.042608 0.045121
0 0.773787 0.741809 0.043897 0.045514
0 0.533441 0.815988 0.042269 0.043621
0 0.621323 0.823620 0.044574 0.048514
0 0.404159 0.744054 0.042608 0.045121
0 0.592724 0.458868 0.043897 0.045514
0 0.709484 0.460088 0.042608 0.045121
0 0.392256 0.447137 0.042269 0.043621
0 0.102585 0.424973 0.044236 0.047013
0 0.849810 0.568723 0.042946 0.046620
0 0.816692 0.428158 0.045526 0.047407
0 0.731006 0.302039 0.040980 0.043228
0 0.425036 0.586202 0.042946 0.046620
0 0.541568 0.851977 0.045526 0.047407
0 0.551784 0.280617 0.040705 0.047332
0 0.356110 0.534313 0.041318 0.044727
0 0.604829 0.265224 0.040367 0.045832
0 0.742296 0.602350 0.043897 0.045514
0 0.460537 0.499225 0.042608 0.045121
0 0.801084 0.355982 0.044236 0.047013
0 0.722403 0.266997 0.042608 0.045121
0 0.408138 0.514421 0.041657 0.046226
0 0.395694 0.706565 0.043285 0.048120
0 0.448705 0.687977 0.044236 0.047013
0 0.332407 0.429344 0.040641 0.041728
0 0.671742 0.549353 0.042946 0.046620
0 0.323975 0.395051 0.043285 0.048120
0 0.559911 0.316606 0.042608 0.045121
0 0.739132 0.338029 0.044236 0.047013
0 0.327107 0.656174 0.043558 0.044015
0 0.725398 0.530567 0.042608 0.045121
0 0.241453 0.533252 0.043558 0.044015
0 0.755860 0.409062 0.042608 0.045121
0 0.621556 0.336256 0.041318 0.044727
0 0.749439 0.637036 0.042608 0.045121
0 0.700883 0.425045 0.043558 0.044015
0 0.687995 0.621332 0.046203 0.050407
0 0.568683 0.352399 0.043897 0.045514
0 0.314696 0.357009 0.044913 0.050013
0 0.502981 0.299524 0.039077 0.045439
0 0.517266 0.368898 0.043558 0.044015
0 0.776705 0.248014 0.047492 0.050800
0 0.526852 0.405243 0.041318 0.044727
0 0.663446 0.512614 0.043285 0.048120
0 0.272402 0.667266 0.046542 0.051906
0 0.654506 0.476072 0.041657 0.046226
0 0.659468 0.247741 0.047154 0.049301
0 0.576164 0.388586 0.042608 0.045121
0 0.716966 0.496274 0.043897 0.045514
0 0.765999 0.707319 0.043897 0.045514
0 0.250192 0.565848 0.043558 0.044015
0 0.416434 0.551160 0.041318 0.044727
0 0.184060 0.773582 0.043558 0.044015
0 0.598603 0.719954 0.039351 0.041334
0 0.910789 0.777723 0.031275 0.037472
0 0.290454 0.741100 0.042269 0.043621
0 0.297766 0.776537 0.043897 0.045514
0 0.590172 0.685661 0.040641 0.041728
0 0.896502 0.708350 0.031275 0.037472
0 0.313172 0.844767 0.042881 0.041016
0 0.878484 0.637711 0.032226 0.036366
0 0.790008 0.810592 0.041930 0.042121
0 0.337994 0.948593 0.043897 0.045514
0 0.496618 0.900164 0.040641 0.041728
0 0.613366 0.788381 0.040303 0.040228
0 0.574257 0.615181 0.043897 0.045514
0 0.305554 0.811027 0.041318 0.044727
0 0.861138 0.298376 0.032226 0.036366
0 0.550555 0.510212 0.044574 0.048514
0 0.321774 0.879810 0.042608 0.045121
0 0.191848 0.808072 0.044236 0.047013
0 0.471357 0.367045 0.036430 0.044351
0 0.876408 0.369052 0.037450 0.043546
0 0.207423 0.877052 0.040849 0.032018
0 0.457037 0.297522 0.037046 0.036442
0 0.558506 0.768262 0.031275 0.037472
0 0.095104 0.388786 0.040237 0.034623
0 0.439628 0.653880 0.038271 0.031230
0 0.650833 0.209502 0.041527 0.035017
0 0.304941 0.319913 0.041527 0.035017
0 0.264953 0.634275 0.039222 0.030125
0 0.543827 0.245378 0.039560 0.031624
0 0.616731 0.562141 0.039899 0.033124
0 0.224966 0.948637 0.040980 0.043228
0 0.490768 0.434694 0.033242 0.040865
0 0.231770 0.979810 0.044849 0.040380
0 0.481214 0.401545 0.033515 0.036760
0 0.829017 0.272116 0.035144 0.038653
0 0.151755 0.633571 0.043285 0.048120
0 0.215855 0.911345 0.046203 0.050407
0 0.329732 0.915049 0.042269 0.043621
0 0.200313 0.845561 0.044236 0.047013
0 0.481042 0.831185 0.038739 0.043939
0 0.852061 0.264280 0.033581 0.042365
0 0.868789 0.335311 0.031952 0.040471
0 0.441494 0.231738 0.036434 0.039047
0 0.854965 0.646496 0.033515 0.036760
0 0.884996 0.785598 0.033177 0.035260
0 0.510769 0.334014 0.040980 0.043228
0 0.364543 0.568606 0.042608 0.045121
0 0.857146 0.415006 0.032903 0.039365
0 0.836159 0.306803 0.033854 0.038260
0 0.851292 0.379926 0.034193 0.039759
0 0.176103 0.738343 0.041996 0.047726
0 0.606222 0.753694 0.039690 0.042834
0 0.820584 0.237823 0.034531 0.041259
0 0.434721 0.201747 0.035757 0.036048
0 0.493011 0.639986 0.041318 0.044727
0 0.160527 0.669363 0.040641 0.041728
0 0.387737 0.671325 0.042269 0.043621
0 0.836553 0.760315 0.042269 0.043621
0 0.734815 0.566162 0.040705 0.047332
0 0.649883 0.705902 0.043897 0.045514
0 0.187764 0.548842 0.042608 0.045121
0 0.841990 0.531038 0.044236 0.047013
0 0.451935 0.464182 0.040980 0.043228
0 0.468494 0.534464 0.042946 0.046620
0 0.302252 0.549152 0.040705 0.047332
0 0.747089 0.373269 0.043220 0.042515
0 0.788471 0.547377 0.042946 0.046620
0 0.584597 0.422879 0.041318 0.044727
0 0.383316 0.410595 0.038062 0.040940
0 0.859566 0.605818 0.045526 0.047407
0 0.819824 0.689282 0.044574 0.048514
0 0.419631 0.324170 0.040028 0.044333
0 0.811867 0.654042 0.043558 0.044015
0 0.876563 0.751306 0.035821 0.041653
0 0.632984 0.634119 0.043285 0.048120
0 0.692449 0.390752 0.044849 0.044409
0 0.209794 0.393043 0.041318 0.044727
0 0.234309 0.498565 0.044849 0.044409
0 0.367740 0.341615 0.038739 0.043939
0 0.639269 0.408591 0.040980 0.043228
0 0.348153 0.499073 0.040980 0.043228
0 0.613124 0.301963 0.042608 0.045121
0 0.680175 0.583646 0.040980 0.043228
0 0.340195 0.463833 0.041318 0.044727
0 0.216767 0.426979 0.044849 0.044409
0 0.427757 0.360159 0.042608 0.045121
0 0.646073 0.441779 0.039012 0.039835
0 0.869082 0.715119 0.037788 0.045045
0 0.204630 0.617428 0.042608 0.045121
0 0.808566 0.392169 0.042269 0.043621
0 0.225539 0.462772 0.044236 0.047013
0 0.785339 0.286253 0.043897 0.045514
0 0.609790 0.531400 0.042269 0.043621
0 0.173445 0.476272 0.041318 0.044727
0 0.772081 0.477845 0.041996 0.047726
0 0.257842 0.602784 0.043285 0.048120
0 0.375697 0.376855 0.040980 0.043228
0 0.262159 0.374651 0.041657 0.046226
0 0.713462 0.230455 0.041657 0.046226
0 0.768240 0.210525 0.040980 0.043228
0 0.516883 0.745706 0.044236 0.047013
0 0.179976 0.514352 0.040028 0.044333
0 0.668747 0.285783 0.042269 0.043621
0 0.601663 0.495410 0.042946 0.046620
0 0.457340 0.726215 0.044574 0.048514
0 0.641450 0.671609 0.042608 0.045121
0 0.435545 0.394649 0.036772 0.040546
0 0.336185 0.690271 0.043558 0.044015
0 0.826277 0.464504 0.042608 0.045121
0 0.542903 0.473277 0.039690 0.042834
0 0.400350 0.479931 0.040303 0.040228
0 0.828596 0.725075 0.042608 0.045121
0 0.764124 0.442605 0.037723 0.039441
0 0.508925 0.710466 0.043897 0.045514
0 0.281375 0.707004 0.045526 0.047407
0 0.861294 0.680629 0.033854 0.038260
0 0.473423 0.797444 0.040980 0.043228
0 0.903476 0.742287 0.036159 0.043152
0 0.887731 0.672557 0.033242 0.040865
0 0.796767 0.584116 0.042608 0.045121
