0 0.358889 0.459704 0.022222 0.034539
0 0.335556 0.419408 0.022222 0.036184
0 0.293889 0.212993 0.034444 0.050987
0 0.087778 0.299342 0.035556 0.046053
0 0.706667 0.708882 0.035556 0.046053
0 0.138333 0.620888 0.036667 0.050987
0 0.436667 0.502467 0.022222 0.034539
0 0.087778 0.342105 0.035556 0.039474
0 0.901667 0.425164 0.023333 0.037829
0 0.809444 0.422697 0.030000 0.042763
0 0.435000 0.461349 0.021111 0.034539
0 0.462778 0.460526 0.023333 0.032895
0 0.450000 0.382401 0.035556 0.037829
0 0.396667 0.620888 0.033333 0.041118
0 0.462778 0.540296 0.023333 0.034539
0 0.359444 0.342105 0.021111 0.032895
0 0.335000 0.459704 0.021111 0.031250
0 0.604444 0.342928 0.035556 0.037829
0 0.335556 0.340461 0.020000 0.036184
0 0.462778 0.500822 0.023333 0.034539
0 0.358889 0.301809 0.022222 0.037829
0 0.335556 0.299342 0.022222 0.036184
0 0.901111 0.462993 0.022222 0.031250
0 0.501667 0.255757 0.045556 0.041118
0 0.758333 0.345395 0.034444 0.039474
0 0.359444 0.420230 0.021111 0.031250
0 0.461667 0.421053 0.023333 0.036184
0 0.914444 0.304276 0.033333 0.042763
0 0.503333 0.322368 0.042222 0.039474
0 0.358889 0.379112 0.020000 0.031250
0 0.720000 0.787007 0.022222 0.037829
0 0.410000 0.910362 0.022222 0.034539
0 0.912778 0.343750 0.034444 0.039474
0 0.411111 0.746711 0.020000 0.036184
0 0.085000 0.620066 0.038889 0.049342
0 0.386111 0.747533 0.023333 0.034539
0 0.411111 0.828125 0.020000 0.034539
0 0.137222 0.708882 0.036667 0.042763
0 0.705556 0.299342 0.035556 0.046053
0 0.084444 0.709704 0.037778 0.047697
0 0.436111 0.421053 0.021111 0.029605
0 0.605556 0.259046 0.035556 0.034539
0 0.438333 0.746711 0.021111 0.032895
0 0.293333 0.299342 0.035556 0.042763
0 0.386111 0.824836 0.023333 0.031250
0 0.293333 0.259046 0.035556 0.034539
0 0.926667 0.425164 0.022222 0.034539
0 0.461667 0.745066 0.021111 0.036184
0 0.502222 0.157895 0.051111 0.036184
0 0.926667 0.461349 0.020000 0.031250
0 0.084444 0.665296 0.037778 0.044408
0 0.810000 0.342928 0.035556 0.031250
0 0.502778 0.193257 0.047778 0.034539
0 0.911667 0.380757 0.034444 0.037829
0 0.357222 0.501645 0.025556 0.032895
0 0.385000 0.910362 0.023333 0.034539
0 0.720000 0.749178 0.022222 0.031250
0 0.461111 0.788651 0.024444 0.034539
0 0.202222 0.789474 0.024444 0.032895
0 0.411111 0.784539 0.022222 0.029605
0 0.758333 0.382401 0.032222 0.041118
0 0.695556 0.788651 0.022222 0.034539
0 0.860556 0.300987 0.032222 0.042763
0 0.695000 0.747533 0.021111 0.034539
0 0.385556 0.784539 0.024444 0.032895
0 0.201667 0.748355 0.023333 0.036184
0 0.553333 0.339638 0.035556 0.031250
0 0.137222 0.666941 0.034444 0.044408
0 0.502778 0.385691 0.045556 0.031250
0 0.501111 0.537829 0.031111 0.039474
0 0.860556 0.262336 0.034444 0.031250
0 0.502222 0.290296 0.046667 0.031250
0 0.502778 0.356908 0.045556 0.032895
0 0.860556 0.378289 0.034444 0.052632
0 0.410556 0.870888 0.023333 0.031250
0 0.512778 0.731908 0.023333 0.026316
0 0.861111 0.338816 0.033333 0.032895
0 0.502222 0.226151 0.046667 0.027961
0 0.385556 0.869243 0.022222 0.034539
0 0.512778 0.754112 0.021111 0.021382
0 0.190556 0.384046 0.036667 0.047697
0 0.396667 0.302632 0.035556 0.046053
0 0.553889 0.256579 0.036667 0.046053
0 0.086667 0.383224 0.037778 0.046053
0 0.810556 0.259046 0.034444 0.047697
0 0.346111 0.667763 0.034444 0.042763
0 0.190000 0.300164 0.035556 0.047697
0 0.242222 0.301809 0.035556 0.044408
0 0.448333 0.300987 0.036667 0.046053
0 0.139444 0.384868 0.036667 0.046053
0 0.450000 0.620888 0.035556 0.044408
0 0.346111 0.621711 0.034444 0.049342
0 0.397778 0.382401 0.033333 0.041118
0 0.346667 0.708882 0.033333 0.042763
0 0.241667 0.258224 0.034444 0.046053
0 0.759444 0.708059 0.036667 0.044408
0 0.656111 0.341283 0.034444 0.044408
0 0.501667 0.454770 0.038889 0.044408
0 0.706111 0.623355 0.034444 0.046053
0 0.706667 0.666118 0.033333 0.042763
0 0.448333 0.665296 0.034444 0.041118
0 0.705556 0.342928 0.035556 0.041118
0 0.138889 0.343750 0.035556 0.042763
0 0.552778 0.377467 0.036667 0.044408
0 0.705000 0.386513 0.036667 0.046053
0 0.605556 0.213816 0.035556 0.052632
0 0.293889 0.342105 0.034444 0.039474
0 0.758889 0.622533 0.035556 0.047697
0 0.861111 0.216283 0.035556 0.054276
0 0.758889 0.666941 0.035556 0.041118
0 0.139444 0.299342 0.034444 0.046053
0 0.188889 0.342105 0.035556 0.039474
0 0.293333 0.382401 0.035556 0.041118
0 0.552778 0.421875 0.034444 0.041118
0 0.397778 0.707237 0.035556 0.042763
0 0.553889 0.302632 0.034444 0.042763
0 0.604444 0.381579 0.035556 0.042763
0 0.448333 0.706414 0.036667 0.044408
0 0.604444 0.299342 0.035556 0.042763
0 0.758333 0.300987 0.036667 0.046053
0 0.500556 0.497533 0.038889 0.041118
0 0.449444 0.342928 0.034444 0.041118
0 0.810000 0.304276 0.033333 0.042763
0 0.190556 0.620888 0.034444 0.047697
0 0.397778 0.343750 0.033333 0.036184
0 0.188889 0.707237 0.037778 0.042763
0 0.654444 0.383224 0.035556 0.039474
0 0.656111 0.298520 0.036667 0.044408
0 0.395556 0.664474 0.031111 0.042763
0 0.335556 0.379112 0.022222 0.031250
0 0.809444 0.379934 0.034444 0.039474
0 0.189444 0.666118 0.036667 0.042763
