0 0.598690 0.734235 0.024542 0.037951
0 0.135411 0.850750 0.024486 0.036305
0 0.238322 0.379478 0.039796 0.030894
0 0.521510 0.738393 0.020875 0.027828
0 0.132567 0.767660 0.024429 0.034660
0 0.107043 0.769581 0.022210 0.034493
0 0.498851 0.368946 0.043294 0.036080
0 0.497838 0.339330 0.041188 0.039203
0 0.164034 0.890660 0.025652 0.038034
0 0.160495 0.803499 0.022210 0.034493
0 0.601208 0.775285 0.024429 0.034660
0 0.159725 0.764793 0.023376 0.036222
0 0.108367 0.808246 0.024486 0.036305
0 0.492581 0.201987 0.044235 0.031228
0 0.370663 0.833048 0.022267 0.036138
0 0.494862 0.268623 0.042072 0.032705
0 0.082047 0.770638 0.025595 0.036389
0 0.083371 0.809303 0.025539 0.034744
0 0.346250 0.834885 0.024486 0.036305
0 0.162569 0.847882 0.023545 0.041158
0 0.135000 0.806242 0.024598 0.039596
0 0.561791 0.403800 0.022210 0.034493
0 0.286752 0.250466 0.034698 0.043638
0 0.609488 0.692184 0.033645 0.045200
0 0.625648 0.774271 0.024486 0.036305
0 0.368061 0.789530 0.022323 0.037784
0 0.365600 0.750125 0.022210 0.034493
0 0.144446 0.724703 0.040247 0.044056
0 0.341741 0.751920 0.023320 0.034577
0 0.090799 0.685026 0.040191 0.042411
0 0.092235 0.726982 0.040472 0.050637
0 0.099508 0.516939 0.024373 0.033014
0 0.073403 0.518080 0.023320 0.034577
0 0.490871 0.168300 0.043407 0.039370
0 0.100334 0.557292 0.025652 0.038034
0 0.070615 0.436636 0.025595 0.036389
0 0.343648 0.791367 0.024542 0.037951
0 0.624297 0.734783 0.022379 0.039429
0 0.071967 0.476124 0.025483 0.033098
0 0.905283 0.249286 0.036862 0.042160
0 0.447545 0.787673 0.023376 0.036222
0 0.097248 0.434631 0.023376 0.036222
0 0.490244 0.133705 0.044516 0.039454
0 0.142456 0.682789 0.036975 0.045451
0 0.903960 0.210621 0.036918 0.043805
0 0.469967 0.743922 0.022210 0.034493
0 0.287604 0.291641 0.033476 0.040264
0 0.471957 0.785836 0.023376 0.036222
0 0.445581 0.746582 0.024486 0.036305
0 0.713328 0.686844 0.037031 0.047096
0 0.196629 0.721601 0.038197 0.048825
0 0.562615 0.444152 0.025708 0.039679
0 0.502951 0.521222 0.030035 0.036723
0 0.701284 0.351239 0.038028 0.043889
0 0.098044 0.474161 0.026706 0.036472
0 0.853157 0.254034 0.034698 0.043638
0 0.132775 0.302468 0.037087 0.048742
0 0.493152 0.234935 0.043576 0.044306
0 0.353123 0.710650 0.038140 0.047179
0 0.081003 0.350077 0.036918 0.043805
0 0.195193 0.679645 0.035808 0.043722
0 0.089862 0.641383 0.039475 0.053844
0 0.764900 0.682138 0.035864 0.045367
0 0.184958 0.299365 0.037031 0.047096
0 0.080621 0.306392 0.037087 0.048742
0 0.854095 0.297676 0.035864 0.045367
0 0.813544 0.591876 0.037144 0.050387
0 0.816472 0.677433 0.034698 0.043638
0 0.815064 0.636300 0.034698 0.043638
0 0.496542 0.301488 0.041300 0.042494
0 0.351603 0.666226 0.038140 0.047179
0 0.750454 0.260112 0.036033 0.050303
0 0.762470 0.594895 0.037087 0.048742
0 0.082468 0.392855 0.039137 0.043972
0 0.404140 0.705986 0.035751 0.042077
0 0.237440 0.337480 0.036975 0.045451
0 0.350666 0.622583 0.034754 0.045284
0 0.763492 0.641005 0.035864 0.045367
0 0.711365 0.645753 0.035808 0.043722
0 0.288513 0.334462 0.037031 0.047096
0 0.285147 0.203575 0.034980 0.051865
0 0.609162 0.650144 0.033589 0.043555
0 0.236587 0.296305 0.033532 0.041910
0 0.648747 0.311479 0.033420 0.038619
0 0.906250 0.293752 0.038197 0.048825
0 0.142017 0.637459 0.037256 0.053677
0 0.393761 0.370255 0.035864 0.045367
0 0.660264 0.647948 0.035808 0.043722
0 0.709234 0.599725 0.037144 0.050387
0 0.341280 0.332140 0.035808 0.043722
0 0.445889 0.365508 0.035920 0.047012
0 0.659270 0.602661 0.037087 0.048742
0 0.752502 0.303672 0.034642 0.041993
0 0.901801 0.163771 0.038422 0.055406
0 0.698682 0.307722 0.035864 0.045367
0 0.698328 0.264859 0.035977 0.048658
0 0.595128 0.272625 0.033757 0.048491
0 0.608196 0.605679 0.037144 0.050387
0 0.558997 0.695983 0.036975 0.045451
0 0.500220 0.441424 0.041525 0.049076
0 0.557561 0.654027 0.036918 0.043805
0 0.851636 0.209610 0.037144 0.050387
0 0.403316 0.665634 0.034698 0.043638
0 0.342133 0.373315 0.034811 0.046929
0 0.661728 0.690727 0.038140 0.047179
0 0.235038 0.251058 0.036033 0.050303
0 0.800945 0.256312 0.037144 0.050387
0 0.445007 0.323511 0.036862 0.042160
0 0.456323 0.702884 0.035808 0.043722
0 0.650211 0.354257 0.035977 0.048658
0 0.455443 0.660886 0.034754 0.045284
0 0.392353 0.329122 0.035751 0.042077
0 0.392526 0.285396 0.037144 0.050387
0 0.401739 0.619564 0.037144 0.050387
0 0.597174 0.316184 0.034698 0.043638
0 0.134482 0.384817 0.037312 0.055322
0 0.445236 0.281430 0.035920 0.047012
0 0.752885 0.347356 0.037144 0.050387
0 0.647226 0.267054 0.036089 0.051948
0 0.547621 0.363627 0.039306 0.048909
0 0.546712 0.320806 0.035751 0.042077
0 0.339703 0.286072 0.036033 0.050303
0 0.599222 0.359744 0.035977 0.048658
0 0.454477 0.616421 0.038197 0.048825
0 0.805012 0.342609 0.037087 0.048742
0 0.803048 0.301517 0.035864 0.045367
0 0.545718 0.275518 0.037144 0.050387
0 0.194172 0.633534 0.039475 0.053844
0 0.555458 0.608822 0.038309 0.052115
0 0.186054 0.380111 0.038366 0.053761
0 0.502822 0.484942 0.039137 0.043972
