0 0.263479 0.050511 0.041803 0.060709
0 0.808427 0.268261 0.041237 0.057528
0 0.388918 0.239786 0.039312 0.052337
0 0.786844 0.395913 0.040670 0.054347
0 0.801571 0.313212 0.040670 0.054347
0 0.614647 0.456289 0.039029 0.050747
0 0.686670 0.355124 0.039596 0.053928
0 0.693780 0.311973 0.041237 0.057528
0 0.771154 0.777601 0.041745 0.054767
0 0.453352 0.174780 0.037730 0.054680
0 0.759825 0.247596 0.042878 0.061128
0 0.922816 0.535719 0.040670 0.054347
0 0.679307 0.396474 0.041745 0.054767
0 0.749091 0.898262 0.041237 0.057528
0 0.438877 0.259281 0.037672 0.048738
0 0.829298 0.457554 0.038746 0.049157
0 0.506544 0.756841 0.040953 0.055938
0 0.794207 0.354563 0.040670 0.054347
0 0.763790 0.818953 0.039596 0.053928
0 0.621870 0.415734 0.039312 0.052337
0 0.255943 0.096047 0.039879 0.055518
0 0.778376 0.737047 0.041462 0.053176
0 0.245044 0.437932 0.040670 0.054347
0 0.835021 0.715777 0.039029 0.050747
0 0.742465 0.635436 0.038463 0.047566
0 0.274724 0.277721 0.037955 0.050328
0 0.317462 0.337772 0.037164 0.051499
0 0.892994 0.696726 0.041520 0.059118
0 0.226234 0.259650 0.038238 0.051918
0 0.253482 0.397001 0.037955 0.050328
0 0.878691 0.777042 0.040670 0.054347
0 0.393820 0.499389 0.038521 0.053509
0 0.508214 0.453879 0.046609 0.059625
0 0.736459 0.378805 0.039312 0.052337
0 0.301801 0.419258 0.039029 0.050747
0 0.792396 0.658321 0.039029 0.050747
0 0.914915 0.576860 0.039029 0.050747
0 0.378555 0.581881 0.042312 0.057948
0 0.191823 0.156073 0.041520 0.059118
0 0.325617 0.298430 0.035015 0.050660
0 0.713829 0.799457 0.040670 0.054347
0 0.386597 0.539944 0.040387 0.052756
0 0.233740 0.217504 0.040670 0.054347
0 0.785457 0.697286 0.039312 0.052337
0 0.721335 0.757311 0.040953 0.055938
0 0.118867 0.256024 0.041237 0.057528
0 0.828478 0.755746 0.040670 0.054347
0 0.837341 0.415618 0.041803 0.060709
0 0.541917 0.858242 0.039029 0.050747
0 0.601619 0.232637 0.042595 0.059538
0 0.585505 0.616711 0.041237 0.057528
0 0.103886 0.336925 0.039596 0.053928
0 0.685112 0.957493 0.041462 0.053176
0 0.057895 0.575819 0.041745 0.054767
0 0.865380 0.554979 0.038238 0.051918
0 0.217825 0.297191 0.036598 0.048318
0 0.814570 0.837067 0.037447 0.053089
0 0.210744 0.336950 0.039312 0.052337
0 0.294720 0.459018 0.039596 0.053928
0 0.609438 0.185510 0.041803 0.060709
0 0.548744 0.816682 0.040670 0.054347
0 0.163842 0.019557 0.043386 0.039115
0 0.241640 0.176362 0.036881 0.049909
0 0.693692 0.915766 0.042312 0.057948
0 0.500254 0.798611 0.038238 0.051918
0 0.562622 0.738753 0.040670 0.054347
0 0.757247 0.858922 0.037955 0.050328
0 0.050815 0.615579 0.041179 0.051586
0 0.821114 0.797097 0.038521 0.053509
0 0.792508 0.957728 0.043386 0.058367
0 0.699586 0.576180 0.040104 0.051167
0 0.743965 0.336658 0.042312 0.057948
0 0.402146 0.455862 0.037730 0.054680
0 0.279739 0.539919 0.040670 0.054347
0 0.900075 0.656966 0.039820 0.049576
0 0.571343 0.696231 0.038521 0.053509
0 0.778688 0.435254 0.039537 0.047985
0 0.265436 0.620235 0.043669 0.059957
0 0.567597 0.349481 0.028793 0.043793
0 0.959777 0.328172 0.043103 0.056776
0 0.578141 0.658061 0.037955 0.050328
0 0.492352 0.839752 0.039312 0.052337
0 0.885376 0.736276 0.038746 0.049157
0 0.287103 0.498568 0.040670 0.054347
0 0.222444 0.558384 0.040104 0.051167
0 0.272404 0.577879 0.039029 0.050747
0 0.177244 0.799287 0.043386 0.058367
0 0.593010 0.574565 0.037672 0.048738
0 0.734646 0.976100 0.040670 0.047800
0 0.568888 0.480956 0.029867 0.044212
0 0.822247 0.493924 0.039254 0.046395
0 0.112041 0.297584 0.039029 0.050747
0 0.248438 0.138193 0.039596 0.053928
0 0.141467 0.135573 0.040104 0.051167
0 0.534553 0.899593 0.042312 0.057948
0 0.431118 0.299627 0.039596 0.053928
0 0.134245 0.176129 0.040387 0.052756
0 0.677748 0.986128 0.041462 0.027745
0 0.237284 0.478278 0.041462 0.053176
0 0.192510 0.716796 0.039029 0.050747
0 0.229525 0.518624 0.040104 0.051167
0 0.080212 0.456957 0.042312 0.057948
0 0.707428 0.838632 0.040896 0.049996
0 0.207067 0.638280 0.038238 0.051918
0 0.043734 0.655339 0.041745 0.054767
0 0.951309 0.372493 0.042029 0.056357
0 0.199986 0.678041 0.040387 0.052756
0 0.423358 0.339973 0.035523 0.047899
0 0.741868 0.938818 0.039820 0.049576
0 0.555683 0.777718 0.037672 0.048738
0 0.478079 0.916677 0.040104 0.051167
0 0.148294 0.094013 0.042312 0.057948
0 0.485018 0.877712 0.040387 0.052756
0 0.727424 0.996775 0.040387 0.006449
0 0.885129 0.515059 0.029076 0.045384
0 0.943945 0.413844 0.042029 0.056357
0 0.087576 0.415607 0.039596 0.053928
0 0.573574 0.312692 0.024437 0.036174
0 0.874154 0.428283 0.026645 0.042954
0 0.095731 0.376266 0.039029 0.050747
0 0.562232 0.518330 0.028002 0.044964
0 0.073243 0.499313 0.040387 0.052756
0 0.065513 0.536268 0.040104 0.051167
0 0.576790 0.439816 0.028793 0.043793
0 0.599666 0.537190 0.037955 0.050328
0 0.185825 0.757561 0.040387 0.052756
0 0.215900 0.598354 0.037447 0.053089
0 0.799759 0.913782 0.039312 0.052337
0 0.849720 0.636466 0.040104 0.051167
0 0.416166 0.377138 0.039029 0.050747
0 0.700914 0.875212 0.041462 0.053176
0 0.551400 0.430758 0.028002 0.044964
0 0.597099 0.319320 0.023080 0.034165
0 0.544855 0.470728 0.026928 0.044545
0 0.867073 0.468042 0.026078 0.039774
0 0.037049 0.696104 0.040953 0.055938
0 0.859456 0.507594 0.025004 0.039355
0 0.806811 0.877413 0.037672 0.048738
0 0.544833 0.254701 0.047908 0.055691
0 0.931821 0.491607 0.043386 0.058367
0 0.509027 0.671914 0.028793 0.043793
0 0.125836 0.213669 0.039312 0.052337
0 0.536955 0.511869 0.024721 0.037764
0 0.893142 0.476514 0.028793 0.043793
0 0.028865 0.738835 0.041462 0.053176
0 0.899545 0.437339 0.025287 0.040945
0 0.628667 0.377564 0.039312 0.052337
0 0.501947 0.711674 0.030943 0.044632
0 0.559979 0.389032 0.028735 0.037850
0 0.331877 0.260051 0.037672 0.048738
0 0.408548 0.416688 0.037838 0.038443
0 0.155941 0.051072 0.039029 0.050747
0 0.443549 0.733111 0.027153 0.040193
0 0.501133 0.493638 0.048074 0.045397
0 0.735526 0.674401 0.042029 0.056357
0 0.707346 0.535835 0.039312 0.052337
0 0.517991 0.379621 0.044853 0.049764
0 0.530945 0.316554 0.046579 0.053841
0 0.562492 0.158772 0.047028 0.045137
0 0.525058 0.349610 0.047376 0.047093
0 0.556643 0.188382 0.046945 0.050284
0 0.937643 0.455693 0.041490 0.053335
0 0.551220 0.218838 0.047762 0.043648
0 0.537599 0.285642 0.044483 0.042072
0 0.445958 0.219521 0.040953 0.055938
0 0.496060 0.238221 0.041745 0.054767
0 0.757134 0.559515 0.039596 0.053928
0 0.715501 0.496494 0.039312 0.052337
0 0.772145 0.475224 0.042312 0.057948
0 0.799872 0.619566 0.042536 0.053595
0 0.281805 0.237960 0.040670 0.054347
0 0.842497 0.677022 0.040953 0.055938
0 0.729662 0.416974 0.039312 0.052337
0 0.461677 0.131254 0.041803 0.060709
0 0.267389 0.315680 0.039029 0.050747
0 0.751612 0.293717 0.041745 0.054767
0 0.907692 0.617415 0.039879 0.055518
0 0.806953 0.579806 0.040387 0.052756
0 0.340062 0.217320 0.040445 0.058699
0 0.723260 0.456148 0.037955 0.050328
0 0.748979 0.598857 0.039029 0.050747
0 0.488301 0.278567 0.040387 0.052756
0 0.814062 0.536656 0.040445 0.058699
0 0.510421 0.151125 0.042595 0.059538
0 0.397498 0.198060 0.038014 0.056271
0 0.728021 0.716546 0.039596 0.053928
0 0.259630 0.356026 0.038805 0.055099
0 0.857337 0.596916 0.039596 0.053928
0 0.503565 0.196075 0.039312 0.052337
0 0.412792 0.112178 0.042312 0.057948
0 0.764640 0.517370 0.039879 0.055518
0 0.314372 0.071221 0.042595 0.059538
0 0.606888 0.496635 0.038805 0.055099
0 0.289818 0.199415 0.038238 0.051918
0 0.636173 0.335419 0.042312 0.057948
0 0.593689 0.277168 0.039879 0.055518
0 0.405003 0.155914 0.039312 0.052337
0 0.297861 0.157479 0.040162 0.057109
0 0.309419 0.379707 0.038521 0.053509
0 0.304971 0.114328 0.040670 0.054347
