0 0.720019 0.631928 0.025504 0.037877
0 0.119855 0.762208 0.041116 0.052570
0 0.145585 0.922742 0.039510 0.048973
0 0.758526 0.702927 0.027109 0.041474
0 0.629214 0.883827 0.026583 0.038267
0 0.456870 0.215834 0.047650 0.042864
0 0.617989 0.797872 0.023345 0.037097
0 0.623740 0.839950 0.024979 0.034671
0 0.139004 0.886059 0.043275 0.053350
0 0.597829 0.849314 0.025504 0.037877
0 0.573475 0.299369 0.038956 0.051789
0 0.242860 0.542828 0.034112 0.047022
0 0.584168 0.765939 0.025504 0.037877
0 0.126554 0.803094 0.040853 0.050966
0 0.597338 0.678811 0.025767 0.039480
0 0.912474 0.431605 0.038984 0.045765
0 0.725930 0.668003 0.025241 0.036274
0 0.871301 0.194284 0.040298 0.053782
0 0.571573 0.685575 0.024950 0.040693
0 0.132844 0.844978 0.042983 0.057770
0 0.300433 0.566177 0.038956 0.051789
0 0.155841 0.664287 0.040560 0.055386
0 0.212071 0.686424 0.038984 0.045765
0 0.232576 0.808086 0.041116 0.052570
0 0.053403 0.353152 0.040560 0.055386
0 0.450945 0.183159 0.046250 0.052917
0 0.694842 0.467798 0.026583 0.038267
0 0.752089 0.663645 0.026846 0.039870
0 0.821114 0.209025 0.035454 0.049015
0 0.744865 0.619551 0.027109 0.041474
0 0.577324 0.727653 0.026583 0.038267
0 0.107390 0.682646 0.037088 0.046589
0 0.151614 0.963021 0.041116 0.052570
0 0.709355 0.158554 0.037905 0.045375
0 0.162146 0.702768 0.037876 0.051399
0 0.158167 0.989212 0.042720 0.021576
0 0.438836 0.433791 0.040853 0.050966
0 0.218916 0.724710 0.036797 0.051009
0 0.731320 0.540380 0.026292 0.042688
0 0.705542 0.550545 0.030348 0.042644
0 0.713058 0.589438 0.026292 0.042688
0 0.699659 0.507666 0.026292 0.042688
0 0.186748 0.524894 0.040823 0.056990
0 0.170188 0.744867 0.040823 0.056990
0 0.717777 0.461208 0.024950 0.040693
0 0.113695 0.721127 0.040298 0.053782
0 0.864208 0.150993 0.040823 0.056990
0 0.672669 0.262672 0.039218 0.053392
0 0.849530 0.371984 0.039218 0.053392
0 0.947574 0.638852 0.037613 0.049796
0 0.778823 0.268465 0.039744 0.056600
0 0.294128 0.527696 0.036797 0.051009
0 0.237490 0.506556 0.037088 0.046589
0 0.073632 0.476612 0.040560 0.055386
0 0.772400 0.225781 0.037876 0.051399
0 0.604183 0.717097 0.026846 0.039870
0 0.739099 0.580875 0.025504 0.037877
0 0.261450 0.321273 0.036009 0.046199
0 0.570999 0.598319 0.039218 0.053392
0 0.699202 0.424613 0.041378 0.054173
0 0.478845 0.345133 0.046279 0.046893
0 0.466839 0.280163 0.047096 0.045680
0 0.484431 0.377064 0.048806 0.049919
0 0.446007 0.149534 0.046358 0.047374
0 0.969012 0.766206 0.039507 0.055156
0 0.425821 0.350862 0.037298 0.047872
0 0.941348 0.597370 0.036928 0.051810
0 0.933609 0.557115 0.041326 0.053852
0 0.473147 0.311681 0.046093 0.051955
0 0.501254 0.490206 0.044411 0.041694
0 0.549355 0.713984 0.023928 0.028257
0 0.609277 0.755167 0.023373 0.031073
0 0.850577 0.060814 0.039831 0.038530
0 0.550231 0.475053 0.039831 0.038530
0 0.898667 0.350830 0.038751 0.038140
0 0.855718 0.406261 0.039568 0.036926
0 0.835869 0.288608 0.035540 0.030945
0 0.551967 0.733420 0.023373 0.031073
0 0.590882 0.803423 0.024687 0.039090
0 0.760850 0.790399 0.040035 0.052179
0 0.891822 0.312544 0.042983 0.057770
0 0.046733 0.305462 0.041874 0.063403
0 0.716530 0.851422 0.041904 0.057380
0 0.906037 0.392323 0.041349 0.060196
0 0.724753 0.500295 0.026292 0.042688
0 0.710109 0.808737 0.037876 0.051399
0 0.766733 0.833280 0.040823 0.056990
0 0.862140 0.448946 0.040269 0.059806
0 0.729043 0.282209 0.040560 0.055386
0 0.099743 0.642952 0.040823 0.056990
0 0.962314 0.721838 0.040823 0.056990
0 0.268017 0.361357 0.037059 0.052612
0 0.884860 0.270054 0.040035 0.052179
0 0.196258 0.251425 0.040269 0.059806
0 0.658336 0.178690 0.041670 0.049753
0 0.695631 0.727355 0.039510 0.048973
0 0.722885 0.241128 0.036009 0.046199
0 0.926936 0.516390 0.041116 0.052570
0 0.066933 0.435727 0.039772 0.050576
0 0.494555 0.449320 0.047301 0.059331
0 0.249691 0.584515 0.041641 0.055776
0 0.225338 0.767394 0.038139 0.053002
0 0.199344 0.605259 0.036534 0.049406
0 0.636813 0.361395 0.038401 0.054605
0 0.878146 0.232570 0.038693 0.050186
0 0.857130 0.104300 0.042429 0.060587
0 0.556930 0.515940 0.040560 0.055386
0 0.758317 0.146804 0.038139 0.053002
0 0.461585 0.248096 0.050832 0.056081
0 0.193170 0.567579 0.038956 0.051789
0 0.537635 0.394690 0.036534 0.049406
0 0.954010 0.678135 0.040035 0.052179
0 0.704227 0.765858 0.040298 0.053782
0 0.753349 0.748105 0.039744 0.056600
0 0.257324 0.627612 0.040035 0.052179
0 0.564300 0.557433 0.038430 0.048583
0 0.255027 0.278589 0.040560 0.055386
0 0.152334 0.314852 0.040298 0.053782
0 0.844009 0.025414 0.041349 0.050828
0 0.419017 0.309335 0.041086 0.058593
0 0.643381 0.401479 0.037351 0.048193
0 0.577144 0.642802 0.041116 0.052570
0 0.870036 0.493645 0.040823 0.056990
0 0.287560 0.487612 0.038956 0.051789
0 0.765425 0.186693 0.036534 0.049406
0 0.081002 0.518105 0.038956 0.051789
0 0.813335 0.168529 0.042720 0.056166
0 0.567593 0.256490 0.041904 0.057380
0 0.685395 0.343837 0.040035 0.052179
0 0.665576 0.219381 0.039744 0.056600
0 0.656648 0.482450 0.038139 0.053002
0 0.202797 0.298313 0.039744 0.056600
0 0.247263 0.234690 0.041904 0.057380
0 0.096118 0.289313 0.041904 0.057380
0 0.173233 0.438919 0.038956 0.051789
0 0.274979 0.403847 0.039481 0.054995
0 0.695431 0.073574 0.040006 0.058203
0 0.745225 0.056429 0.040269 0.059806
0 0.206043 0.646145 0.042166 0.058983
0 0.644690 0.091912 0.042166 0.058983
0 0.160506 0.357753 0.040823 0.056990
0 0.682496 0.647187 0.039510 0.048973
0 0.117660 0.420790 0.039218 0.053392
0 0.876458 0.536330 0.041641 0.055776
0 0.919843 0.473098 0.042166 0.058983
0 0.059825 0.395836 0.040853 0.050966
0 0.652177 0.137608 0.041378 0.054173
0 0.180457 0.483012 0.039744 0.056600
0 0.130256 0.501154 0.038139 0.053002
0 0.355562 0.243105 0.040823 0.056990
0 0.347813 0.195805 0.041086 0.058593
0 0.123017 0.460463 0.041116 0.052570
0 0.093992 0.600874 0.037613 0.049796
0 0.297873 0.215551 0.042692 0.062190
0 0.102672 0.332800 0.042458 0.054563
0 0.580174 0.340255 0.039218 0.053392
0 0.616453 0.237134 0.040298 0.053782
0 0.143246 0.583923 0.041116 0.052570
0 0.510693 0.233746 0.037876 0.051399
0 0.518748 0.272444 0.036534 0.049406
0 0.087701 0.558991 0.039218 0.053392
0 0.167468 0.400243 0.037876 0.051399
0 0.281401 0.446531 0.040298 0.053782
0 0.702510 0.120268 0.041086 0.058593
0 0.629442 0.319902 0.036797 0.051009
0 0.716185 0.200241 0.039481 0.054995
0 0.209759 0.340802 0.036797 0.051009
0 0.649408 0.441760 0.039481 0.054995
0 0.324232 0.386896 0.038139 0.053002
0 0.150353 0.623813 0.040035 0.052179
0 0.670308 0.565825 0.037613 0.049796
0 0.504811 0.190866 0.040823 0.056990
0 0.623283 0.278821 0.040298 0.053782
0 0.496389 0.142960 0.042429 0.060587
0 0.752712 0.102125 0.040006 0.058203
0 0.136415 0.542235 0.041641 0.055776
0 0.842174 0.327089 0.042429 0.060587
0 0.224237 0.422185 0.036797 0.051009
0 0.305623 0.262851 0.041378 0.054173
0 0.830498 0.252338 0.038927 0.057813
0 0.318205 0.346617 0.039218 0.053392
0 0.543794 0.435771 0.042720 0.056166
0 0.311782 0.303932 0.040035 0.052179
0 0.678287 0.303948 0.041116 0.052570
0 0.432283 0.390305 0.040823 0.056990
0 0.692635 0.384529 0.041378 0.054173
0 0.146320 0.271170 0.040823 0.056990
0 0.689734 0.687878 0.041378 0.054173
0 0.230119 0.465064 0.041904 0.057380
0 0.109356 0.377087 0.040006 0.058203
0 0.216458 0.381689 0.039218 0.053392
0 0.663609 0.524939 0.040560 0.055386
0 0.531067 0.354606 0.039218 0.053392
0 0.524236 0.312918 0.039218 0.053392
0 0.676599 0.607709 0.039218 0.053392
