0 0.100660 0.829999 0.023460 0.034671
0 0.087877 0.378535 0.039053 0.044649
0 0.605047 0.662536 0.035701 0.039696
0 0.073734 0.459932 0.021244 0.036295
0 0.098728 0.458088 0.022355 0.036304
0 0.913278 0.333273 0.032367 0.039669
0 0.295342 0.293113 0.036818 0.041347
0 0.398838 0.336611 0.036806 0.038063
0 0.655198 0.703181 0.037948 0.046282
0 0.798730 0.455712 0.020121 0.033002
0 0.412580 0.747015 0.021238 0.034653
0 0.099397 0.788957 0.023460 0.034671
0 0.555446 0.620244 0.034626 0.049539
0 0.293915 0.207738 0.034644 0.054465
0 0.073137 0.748939 0.022343 0.033020
0 0.501058 0.185537 0.042367 0.039750
0 0.201624 0.789773 0.027905 0.034707
0 0.387066 0.458219 0.023460 0.034671
0 0.668728 0.455942 0.022337 0.031378
0 0.412621 0.458013 0.023472 0.037955
0 0.645910 0.745129 0.023460 0.034671
0 0.823176 0.456336 0.022349 0.034662
0 0.088132 0.297251 0.037948 0.046282
0 0.201478 0.750364 0.025695 0.037973
0 0.823033 0.417748 0.020121 0.033002
0 0.503766 0.316880 0.042367 0.039750
0 0.669587 0.538038 0.023448 0.031387
0 0.668327 0.497818 0.023466 0.036313
0 0.387571 0.744755 0.022343 0.033020
0 0.399647 0.705247 0.033491 0.042962
0 0.243580 0.417507 0.034577 0.036403
0 0.074950 0.788334 0.023466 0.036313
0 0.643571 0.413452 0.021238 0.034653
0 0.554499 0.664587 0.034589 0.039687
0 0.100809 0.870228 0.021244 0.036295
0 0.074149 0.872086 0.025689 0.036331
0 0.388439 0.829314 0.021238 0.034653
0 0.073023 0.418065 0.022349 0.034662
0 0.757411 0.249968 0.034559 0.031477
0 0.073988 0.828572 0.023460 0.034671
0 0.667469 0.415722 0.022355 0.036304
0 0.099804 0.748723 0.022355 0.036304
0 0.388022 0.416339 0.025689 0.036331
0 0.500930 0.151054 0.046788 0.033218
0 0.413021 0.416137 0.022343 0.033020
0 0.861054 0.332874 0.034571 0.034761
0 0.706053 0.333307 0.035665 0.029844
0 0.646353 0.864996 0.023460 0.034671
0 0.911863 0.251182 0.036788 0.033137
0 0.502909 0.535281 0.030145 0.039651
0 0.644948 0.785367 0.021244 0.036295
0 0.707471 0.416219 0.035683 0.034770
0 0.412726 0.786424 0.021226 0.031369
0 0.646211 0.826409 0.023454 0.033029
0 0.501295 0.249575 0.042367 0.039750
0 0.672637 0.911582 0.022343 0.033020
0 0.388287 0.788263 0.023472 0.037955
0 0.243828 0.334581 0.033448 0.031468
0 0.554101 0.707284 0.037948 0.046282
0 0.503894 0.351362 0.042343 0.033182
0 0.075973 0.914764 0.024577 0.036322
0 0.671207 0.825386 0.022361 0.037946
0 0.100421 0.915388 0.022349 0.034662
0 0.503997 0.379276 0.044577 0.036484
0 0.515322 0.737154 0.022319 0.026452
0 0.861913 0.414971 0.037881 0.028220
0 0.295497 0.334984 0.036800 0.036421
0 0.670499 0.784340 0.023460 0.034671
0 0.087722 0.336664 0.034577 0.036403
0 0.191613 0.336645 0.033472 0.038036
0 0.671912 0.865611 0.023466 0.036313
0 0.669236 0.743298 0.021238 0.034653
0 0.501183 0.219198 0.044547 0.028274
0 0.412477 0.869350 0.024577 0.036322
0 0.502537 0.284869 0.040115 0.031522
0 0.294638 0.252889 0.033454 0.033110
0 0.203036 0.871043 0.025702 0.039615
0 0.099143 0.420317 0.023454 0.033029
0 0.645961 0.909335 0.022361 0.037946
0 0.514885 0.755507 0.031645 0.009467
0 0.552563 0.291854 0.035726 0.046264
0 0.503312 0.494226 0.037935 0.042998
0 0.654791 0.292669 0.033515 0.049530
0 0.860182 0.247495 0.035732 0.047906
0 0.604789 0.292253 0.035732 0.047906
0 0.704626 0.247931 0.035738 0.049548
0 0.347826 0.663795 0.036831 0.044631
0 0.553432 0.376413 0.036831 0.044631
0 0.757247 0.205634 0.036867 0.054483
0 0.808680 0.292246 0.036855 0.051199
0 0.346762 0.376442 0.034608 0.044613
0 0.191717 0.665057 0.035707 0.041338
0 0.502596 0.450717 0.041275 0.044667
0 0.912248 0.205202 0.035750 0.052832
0 0.451323 0.707294 0.036831 0.044631
0 0.452273 0.663771 0.034602 0.042971
0 0.808980 0.373526 0.034626 0.049539
0 0.140906 0.296003 0.036831 0.044631
0 0.757873 0.374760 0.036831 0.044631
0 0.450902 0.293497 0.036831 0.044631
0 0.398677 0.293098 0.036849 0.049557
0 0.860905 0.292646 0.034602 0.042971
0 0.757569 0.292659 0.034620 0.047897
0 0.192879 0.378507 0.037948 0.046282
0 0.139540 0.377296 0.035714 0.042980
0 0.140502 0.337058 0.037929 0.041356
0 0.603429 0.375188 0.036824 0.042989
0 0.347993 0.708950 0.036837 0.046273
0 0.912868 0.372686 0.035714 0.042980
0 0.399495 0.664198 0.033491 0.042962
0 0.451063 0.337010 0.034589 0.039687
0 0.348221 0.620277 0.033503 0.046246
0 0.192109 0.620718 0.034620 0.047897
0 0.603838 0.335775 0.035701 0.039696
0 0.553283 0.336184 0.034589 0.039687
0 0.450656 0.377244 0.035720 0.044622
0 0.606553 0.619009 0.034620 0.047897
0 0.757166 0.333714 0.035695 0.038054
0 0.705907 0.293899 0.033491 0.042962
0 0.242969 0.252485 0.034620 0.047897
0 0.451546 0.617800 0.035726 0.046264
0 0.085994 0.619934 0.035732 0.047906
0 0.606314 0.704399 0.037954 0.047924
0 0.191320 0.707754 0.036831 0.044631
0 0.654539 0.374775 0.036824 0.042989
0 0.348122 0.293507 0.035726 0.046264
0 0.295094 0.376039 0.037948 0.046282
0 0.139887 0.621140 0.034620 0.047897
0 0.655504 0.335357 0.034589 0.039687
0 0.861758 0.373099 0.035726 0.046264
0 0.138943 0.666305 0.034602 0.042971
0 0.706199 0.372715 0.035726 0.046264
0 0.192017 0.295590 0.034608 0.044613
0 0.086161 0.665089 0.037935 0.042998
0 0.912561 0.289764 0.035720 0.044622
0 0.398772 0.619047 0.032398 0.047879
0 0.086325 0.709424 0.037948 0.046282
0 0.243691 0.297636 0.033491 0.042962
0 0.643723 0.454502 0.021250 0.037937
0 0.347724 0.336204 0.034589 0.039687
0 0.656713 0.662118 0.034589 0.039687
0 0.656549 0.617784 0.034626 0.049539
0 0.798025 0.415487 0.021226 0.031369
0 0.243419 0.373994 0.034608 0.044613
0 0.643878 0.496374 0.018998 0.029709
0 0.398980 0.375199 0.036812 0.039705
0 0.412875 0.826653 0.023466 0.036313
0 0.097772 0.499968 0.026806 0.037982
0 0.138543 0.708180 0.037942 0.044640
