0 0.689815 0.612975 0.039892 0.043149
0 0.275074 0.398625 0.025650 0.032653
0 0.476751 0.336259 0.037792 0.030450
0 0.481102 0.374146 0.039041 0.030930
0 0.505456 0.614462 0.021377 0.026692
0 0.500514 0.576085 0.023315 0.021430
0 0.477133 0.356558 0.025567 0.024723
0 0.484447 0.393256 0.030421 0.025565
0 0.489370 0.417429 0.038383 0.039965
0 0.503470 0.594378 0.023628 0.025512
0 0.509038 0.633802 0.019181 0.020484
0 0.513604 0.650213 0.023281 0.023347
0 0.516400 0.665266 0.021627 0.014764
0 0.518694 0.677590 0.020876 0.018711
0 0.521716 0.693084 0.023161 0.026869
0 0.452481 0.869047 0.036165 0.034758
0 0.618235 0.855840 0.041372 0.045022
0 0.824061 0.737442 0.039892 0.043149
0 0.713012 0.409605 0.041116 0.043474
0 0.776478 0.457450 0.036933 0.039404
0 0.175066 0.554582 0.038413 0.041277
0 0.425773 0.715276 0.039380 0.040053
0 0.269886 0.529456 0.026377 0.032164
0 0.556152 0.484312 0.037189 0.040953
0 0.697260 0.314360 0.038925 0.044374
0 0.755988 0.333554 0.036933 0.039404
0 0.347166 0.572023 0.036165 0.034758
0 0.110021 0.508772 0.039437 0.047471
0 0.772224 0.427863 0.035710 0.039080
0 0.794066 0.552209 0.040860 0.041925
0 0.550773 0.451789 0.039636 0.041601
0 0.781085 0.813493 0.038157 0.039728
0 0.420650 0.684302 0.039380 0.040053
0 0.326320 0.449837 0.035966 0.040628
0 0.776091 0.783293 0.037900 0.038179
0 0.733502 0.533501 0.041116 0.043474
0 0.454832 0.543492 0.036677 0.037855
0 0.724125 0.472940 0.038868 0.036955
0 0.614851 0.499472 0.039124 0.038503
0 0.321877 0.774330 0.037189 0.040953
0 0.320330 0.417477 0.039636 0.041601
0 0.200679 0.709452 0.037900 0.038179
0 0.443591 0.479383 0.035710 0.039080
0 0.744487 0.596062 0.039636 0.041601
0 0.234022 0.571291 0.038413 0.041277
0 0.599356 0.405775 0.036933 0.039404
0 0.223905 0.510117 0.038157 0.039728
0 0.740105 0.565700 0.038157 0.039728
0 0.366077 0.697955 0.038413 0.041277
0 0.307250 0.682021 0.038157 0.039728
0 0.803059 0.610448 0.039892 0.043149
0 0.804699 0.288314 0.043364 0.049993
0 0.136117 0.662706 0.039892 0.043149
0 0.808566 0.643745 0.039636 0.041601
0 0.362050 0.665882 0.040604 0.040377
0 0.674191 0.518504 0.036933 0.039404
0 0.782825 0.488100 0.039892 0.043149
0 0.377546 0.759579 0.038925 0.044374
0 0.679058 0.547929 0.036933 0.039404
0 0.239272 0.603039 0.038157 0.039728
0 0.653573 0.393833 0.039636 0.041601
0 0.609245 0.469434 0.040604 0.040377
0 0.297360 0.618361 0.036421 0.036306
0 0.180928 0.586168 0.039380 0.040053
0 0.761851 0.365140 0.038413 0.041277
0 0.242432 0.633725 0.039636 0.041601
0 0.770356 0.752482 0.039636 0.041601
0 0.378901 0.431863 0.043364 0.049993
0 0.767101 0.396888 0.040604 0.040377
0 0.684308 0.579677 0.039636 0.041601
0 0.342911 0.542436 0.038413 0.041277
0 0.787464 0.520011 0.040860 0.041925
0 0.190562 0.648278 0.038157 0.039728
0 0.917583 0.615664 0.042851 0.046896
0 0.702411 0.349367 0.039892 0.043149
0 0.291626 0.587550 0.038669 0.042825
0 0.400160 0.560405 0.042851 0.046896
0 0.415655 0.654102 0.042083 0.042249
0 0.332054 0.480650 0.036677 0.037855
0 0.469972 0.638900 0.038669 0.042825
0 0.550687 0.872122 0.025666 0.034937
0 0.159866 0.814030 0.040661 0.047796
0 0.155868 0.785991 0.037900 0.038179
0 0.405794 0.594477 0.039380 0.040053
0 0.252036 0.691802 0.040405 0.046247
0 0.317082 0.737612 0.038470 0.048696
0 0.235313 0.926595 0.038413 0.041277
0 0.547329 0.847955 0.025608 0.027518
0 0.479705 0.697751 0.035710 0.039080
0 0.215307 0.801763 0.037445 0.042501
0 0.240180 0.956021 0.041372 0.045022
0 0.248422 0.666086 0.038413 0.041277
0 0.225068 0.864647 0.040860 0.041925
0 0.347106 0.926879 0.039380 0.040053
0 0.456422 0.889019 0.046892 0.064256
0 0.549091 0.785250 0.034941 0.034434
0 0.267108 0.431581 0.037388 0.035082
0 0.249011 0.403236 0.027145 0.036810
0 0.180741 0.940249 0.038868 0.036955
0 0.115883 0.540358 0.036421 0.036306
0 0.507015 0.538556 0.039579 0.034181
0 0.229579 0.895784 0.039636 0.041601
0 0.210341 0.775597 0.038669 0.042825
0 0.868703 0.239022 0.025409 0.033388
0 0.495941 0.792060 0.036933 0.039404
0 0.582249 0.638246 0.035710 0.039080
0 0.842882 0.245056 0.027600 0.032488
0 0.258539 0.727260 0.040604 0.040377
0 0.409508 0.616933 0.043108 0.048444
0 0.343108 0.898840 0.038157 0.039728
0 0.866101 0.304374 0.039892 0.043149
0 0.500067 0.820873 0.040860 0.041925
0 0.885906 0.331458 0.026633 0.033713
0 0.860979 0.273400 0.039380 0.040053
0 0.891156 0.363206 0.023930 0.031516
0 0.312244 0.712220 0.035453 0.037530
0 0.869718 0.399603 0.028112 0.035585
0 0.829568 0.770739 0.037189 0.040953
0 0.144143 0.722818 0.040860 0.041925
0 0.274752 0.558881 0.026889 0.035261
0 0.296674 0.521548 0.024186 0.033064
0 0.165856 0.846390 0.040860 0.041925
0 0.175618 0.909275 0.041827 0.040701
0 0.576514 0.607434 0.036933 0.039404
0 0.390014 0.495197 0.035197 0.035982
0 0.545935 0.426397 0.039579 0.034181
0 0.185607 0.969675 0.042339 0.043798
0 0.385631 0.464836 0.036677 0.037855
0 0.503244 0.508032 0.041372 0.045022
0 0.220074 0.834448 0.038157 0.039728
0 0.172203 0.877040 0.040860 0.041925
0 0.447614 0.839622 0.042083 0.042249
0 0.753637 0.659109 0.037445 0.042501
0 0.833695 0.799552 0.038669 0.042825
0 0.603607 0.763529 0.039380 0.040053
0 0.442975 0.807711 0.041116 0.043474
0 0.439464 0.450570 0.036165 0.034758
0 0.140756 0.694617 0.038413 0.041277
0 0.485212 0.731048 0.038413 0.041277
0 0.613240 0.825639 0.037644 0.036630
0 0.608857 0.795278 0.039636 0.041601
0 0.272843 0.462392 0.039636 0.041601
0 0.490334 0.762022 0.038413 0.041277
0 0.643328 0.331885 0.039636 0.041601
0 0.708146 0.380180 0.037644 0.036630
0 0.892326 0.459083 0.040604 0.040377
0 0.337985 0.867865 0.038157 0.039728
0 0.638689 0.299974 0.043563 0.044122
0 0.760111 0.690533 0.039636 0.041601
0 0.125132 0.600146 0.037900 0.038179
0 0.561146 0.514511 0.036933 0.039404
0 0.901831 0.520419 0.039124 0.038503
0 0.570780 0.576622 0.035710 0.039080
0 0.887075 0.427334 0.041372 0.045022
0 0.394653 0.527108 0.037189 0.040953
0 0.565785 0.546422 0.038413 0.041277
0 0.268172 0.789370 0.037445 0.042501
0 0.263534 0.757460 0.037900 0.038179
0 0.864112 0.369565 0.026633 0.033713
0 0.597872 0.732718 0.038669 0.042825
0 0.504834 0.853558 0.039636 0.041601
0 0.620358 0.532769 0.039380 0.040053
0 0.388303 0.824625 0.041372 0.045022
0 0.120365 0.567461 0.037189 0.040953
0 0.913300 0.582043 0.039124 0.038503
0 0.463982 0.606540 0.037445 0.042501
0 0.264151 0.498643 0.028625 0.038683
0 0.204578 0.740751 0.040860 0.041925
0 0.332862 0.836891 0.035710 0.039080
0 0.383536 0.791940 0.039636 0.041601
0 0.228899 0.540317 0.037900 0.038179
0 0.658212 0.425743 0.038157 0.039728
0 0.430155 0.745638 0.038413 0.041277
0 0.458731 0.574791 0.036677 0.037855
0 0.587144 0.671706 0.040148 0.044698
0 0.219621 0.476495 0.035966 0.040628
0 0.170200 0.525156 0.037900 0.038179
0 0.371683 0.727992 0.036421 0.036306
0 0.857509 0.337366 0.032551 0.041204
0 0.813816 0.675494 0.036933 0.039404
0 0.798192 0.581023 0.038868 0.036955
0 0.592878 0.702517 0.037900 0.038179
0 0.151485 0.755628 0.042339 0.043798
0 0.474355 0.669262 0.036677 0.037855
0 0.130738 0.630184 0.036421 0.036306
0 0.751093 0.300094 0.038413 0.041277
0 0.328352 0.805755 0.036933 0.039404
0 0.494151 0.453053 0.039181 0.045923
0 0.317042 0.386016 0.038413 0.041277
0 0.437725 0.775964 0.040860 0.041925
0 0.509601 0.886243 0.038413 0.041277
0 0.819550 0.706305 0.038157 0.039728
0 0.748514 0.628134 0.036933 0.039404
0 0.765973 0.722119 0.038157 0.039728
0 0.728380 0.502528 0.038157 0.039728
0 0.896965 0.490994 0.039636 0.041601
0 0.648322 0.362084 0.039380 0.040053
0 0.290940 0.490737 0.024897 0.030290
0 0.592753 0.373576 0.042339 0.043798
0 0.663946 0.456555 0.039380 0.040053
0 0.907694 0.552006 0.043563 0.044122
0 0.194461 0.679577 0.038157 0.039728
0 0.448970 0.511906 0.038157 0.039728
0 0.164337 0.493571 0.039892 0.043149
0 0.303222 0.649948 0.038413 0.041277
0 0.539817 0.393262 0.044132 0.054639
0 0.186051 0.617143 0.039380 0.040053
0 0.669424 0.485818 0.038157 0.039728
0 0.337789 0.511462 0.038413 0.041277
0 0.357055 0.635683 0.038413 0.041277
0 0.718263 0.441354 0.040860 0.041925
0 0.604734 0.438298 0.039892 0.043149
0 0.351065 0.603322 0.039636 0.041601
0 0.434825 0.418660 0.039181 0.045923
