0 0.878662 0.203800 0.038347 0.049123
0 0.449579 0.152112 0.048706 0.049500
0 0.674981 0.268443 0.039673 0.051082
0 0.770168 0.536057 0.042328 0.054996
0 0.307399 0.261988 0.042812 0.058196
0 0.300371 0.215591 0.042812 0.058196
0 0.350673 0.198164 0.043654 0.056954
0 0.776590 0.578454 0.042085 0.053396
0 0.826771 0.560227 0.038832 0.052324
0 0.788166 0.658627 0.041001 0.053039
0 0.358364 0.245182 0.045466 0.062111
0 0.758351 0.454285 0.043412 0.055354
0 0.720729 0.209683 0.042812 0.058196
0 0.751507 0.412868 0.044011 0.052512
0 0.807810 0.438816 0.042085 0.053396
0 0.098317 0.279698 0.045708 0.063711
0 0.764652 0.495882 0.040759 0.051439
0 0.324733 0.383936 0.042328 0.054996
0 0.663928 0.529935 0.041486 0.056239
0 0.758671 0.110663 0.044624 0.063353
0 0.204985 0.292398 0.042328 0.054996
0 0.229768 0.459764 0.043654 0.056954
0 0.256192 0.277193 0.044496 0.055711
0 0.147897 0.265029 0.044139 0.060153
0 0.838852 0.301756 0.043412 0.055354
0 0.166322 0.394176 0.046065 0.059269
0 0.675081 0.611086 0.041728 0.057839
0 0.776975 0.239010 0.041001 0.053039
0 0.713145 0.512866 0.040158 0.054281
0 0.650783 0.446920 0.042570 0.056597
0 0.407639 0.224734 0.044738 0.057312
0 0.198199 0.247601 0.044981 0.058911
0 0.783034 0.279007 0.040516 0.049839
0 0.795009 0.700045 0.042085 0.053396
0 0.820049 0.519610 0.039673 0.051082
0 0.789513 0.318026 0.039673 0.051082
0 0.401637 0.181359 0.043654 0.056954
0 0.624138 0.286048 0.042085 0.053396
0 0.720231 0.555884 0.041243 0.054638
0 0.732348 0.635877 0.041728 0.057839
0 0.694042 0.732498 0.042328 0.054996
0 0.850548 0.382729 0.042570 0.056597
0 0.782649 0.618451 0.037263 0.048766
0 0.223224 0.416567 0.041001 0.053039
0 0.770553 0.196614 0.041243 0.054638
0 0.707386 0.471091 0.038589 0.050724
0 0.832830 0.600224 0.041001 0.053039
0 0.241464 0.540736 0.042328 0.054996
0 0.700543 0.429673 0.037505 0.050366
0 0.814190 0.135190 0.045466 0.062111
0 0.726731 0.253058 0.038589 0.050724
0 0.293092 0.524552 0.043169 0.053754
0 0.280611 0.442159 0.042927 0.052154
0 0.519039 0.276190 0.037990 0.053566
0 0.331034 0.425532 0.042328 0.054996
0 0.694726 0.391275 0.039673 0.051082
0 0.268073 0.363143 0.042085 0.053396
0 0.160378 0.347422 0.043412 0.055354
0 0.750524 0.755868 0.042927 0.052154
0 0.631281 0.325687 0.039916 0.052681
0 0.261651 0.320747 0.042328 0.054996
0 0.211528 0.335595 0.042328 0.054996
0 0.687220 0.349237 0.039431 0.049481
0 0.795571 0.358022 0.039673 0.051082
0 0.712882 0.853110 0.039316 0.055524
0 0.813728 0.819857 0.043654 0.056954
0 0.286007 0.481535 0.039916 0.052681
0 0.512253 0.231393 0.037990 0.053566
0 0.761800 0.837819 0.043412 0.055354
0 0.901371 0.706967 0.041486 0.056239
0 0.618378 0.244273 0.041001 0.053039
0 0.253461 0.619930 0.044254 0.054112
0 0.669044 0.229246 0.039916 0.052681
0 0.851127 0.721015 0.040759 0.051439
0 0.800967 0.397398 0.041001 0.053039
0 0.800946 0.739242 0.041843 0.051797
0 0.826613 0.220963 0.043169 0.053754
0 0.876352 0.545558 0.042085 0.053396
0 0.832793 0.261759 0.040274 0.048239
0 0.890901 0.284594 0.043412 0.055354
0 0.733452 0.293676 0.042085 0.053396
0 0.857549 0.763412 0.041486 0.056239
0 0.687078 0.690281 0.041001 0.053039
0 0.235527 0.501539 0.041600 0.050196
0 0.414183 0.267931 0.044254 0.054112
0 0.894107 0.666527 0.038589 0.050724
0 0.864114 0.464765 0.039673 0.051082
0 0.744466 0.715871 0.043412 0.055354
0 0.154198 0.306625 0.042685 0.050554
0 0.524741 0.321344 0.040643 0.057481
0 0.638245 0.367906 0.041243 0.054638
0 0.870835 0.505383 0.041001 0.053039
0 0.887384 0.625910 0.039916 0.052681
0 0.813569 0.480591 0.041001 0.053039
0 0.421689 0.309970 0.041843 0.051797
0 0.839552 0.640842 0.042328 0.054996
0 0.669444 0.570111 0.036778 0.045567
0 0.929728 0.529638 0.044738 0.057312
0 0.857634 0.425747 0.038347 0.049123
0 0.881989 0.586534 0.040759 0.051439
0 0.657206 0.489317 0.039189 0.047881
0 0.739632 0.334474 0.042328 0.054996
0 0.568919 0.259742 0.040158 0.054281
0 0.820433 0.180166 0.040759 0.051439
0 0.745028 0.373849 0.040516 0.049839
0 0.844610 0.343532 0.039189 0.047881
0 0.765336 0.154660 0.040759 0.051439
0 0.305752 0.604367 0.042570 0.056597
0 0.576247 0.304360 0.041243 0.054638
0 0.897323 0.326990 0.043169 0.053754
0 0.872119 0.160604 0.039316 0.055524
0 0.864393 0.804829 0.041600 0.050196
0 0.266726 0.703745 0.045580 0.056069
0 0.725626 0.595260 0.039431 0.049481
0 0.806763 0.777638 0.041843 0.051797
0 0.680720 0.652061 0.039431 0.049481
0 0.681461 0.307461 0.041001 0.053039
0 0.299030 0.563749 0.042927 0.052154
0 0.474189 0.314580 0.046755 0.050224
0 0.432179 0.390500 0.041243 0.054638
0 0.426542 0.349524 0.043769 0.050911
0 0.494177 0.454046 0.041728 0.057839
0 0.480781 0.348924 0.044968 0.045227
0 0.438681 0.434550 0.041811 0.056346
0 0.249309 0.231756 0.045272 0.060831
0 0.469156 0.282324 0.045857 0.041569
0 0.928391 0.441890 0.024123 0.036834
0 0.484050 0.375915 0.045453 0.048427
0 0.459152 0.215307 0.047979 0.044700
0 0.454668 0.185710 0.046537 0.048785
0 0.904045 0.367608 0.044496 0.055711
0 0.909141 0.408762 0.044254 0.054112
0 0.045483 0.295439 0.039801 0.058723
0 0.247644 0.581534 0.044254 0.054112
0 0.217166 0.376571 0.041001 0.053039
0 0.274552 0.402162 0.042927 0.052154
0 0.318012 0.343318 0.040516 0.049839
0 0.700101 0.772495 0.039189 0.047881
0 0.922399 0.485020 0.043654 0.056954
0 0.884478 0.242197 0.043169 0.053754
0 0.644424 0.408702 0.037862 0.045924
0 0.739070 0.676495 0.038946 0.046282
0 0.756040 0.796043 0.041843 0.051797
0 0.259340 0.662506 0.043412 0.055354
0 0.705254 0.810270 0.038347 0.049123
0 0.271942 0.745699 0.045096 0.052869
0 0.845611 0.680839 0.039673 0.051082
0 0.464362 0.249704 0.047506 0.055184
0 0.312316 0.305720 0.040274 0.048239
