0 0.679151 0.661839 0.041362 0.053329
0 0.325527 0.461594 0.026870 0.038508
0 0.495441 0.452676 0.046830 0.054774
0 0.835275 0.242398 0.040972 0.050085
0 0.734930 0.271421 0.041167 0.051708
0 0.633747 0.298157 0.037884 0.050841
0 0.567732 0.603425 0.038664 0.057327
0 0.275756 0.390238 0.042845 0.056862
0 0.668370 0.576834 0.040463 0.054663
0 0.583428 0.311453 0.037495 0.047597
0 0.331943 0.500896 0.025971 0.039840
0 0.467360 0.219042 0.049238 0.039550
0 0.210875 0.700227 0.039563 0.055995
0 0.414395 0.642267 0.040853 0.057906
0 0.880720 0.188555 0.039563 0.055995
0 0.465456 0.630449 0.039368 0.054373
0 0.374604 0.743146 0.038274 0.054084
0 0.369085 0.701932 0.036596 0.048929
0 0.328809 0.376220 0.036596 0.048929
0 0.839504 0.282278 0.039683 0.048175
0 0.637781 0.336416 0.038783 0.049507
0 0.922149 0.509778 0.040463 0.054663
0 0.124352 0.431080 0.038588 0.047886
0 0.870639 0.522552 0.038079 0.052462
0 0.470367 0.676006 0.037495 0.047597
0 0.617054 0.591230 0.038469 0.055706
0 0.429993 0.349484 0.037299 0.045974
0 0.221109 0.785376 0.041167 0.051708
0 0.890564 0.270461 0.041167 0.051708
0 0.875902 0.566343 0.037689 0.049218
0 0.785053 0.256505 0.038978 0.051130
0 0.930899 0.591973 0.040268 0.053040
0 0.056543 0.317635 0.042141 0.059817
0 0.271040 0.346302 0.038783 0.049507
0 0.220408 0.366375 0.038783 0.049507
0 0.215591 0.744162 0.037689 0.049218
0 0.266362 0.307377 0.038393 0.046263
0 0.628637 0.673512 0.039563 0.055995
0 0.419951 0.688492 0.037689 0.049218
0 0.824940 0.578971 0.038588 0.047886
0 0.885886 0.231535 0.038588 0.047886
0 0.740253 0.311014 0.039878 0.049796
0 0.671096 0.200434 0.039173 0.052751
0 0.067617 0.405072 0.042455 0.053618
0 0.911152 0.347853 0.029643 0.043951
0 0.351780 0.454657 0.024292 0.034686
0 0.926123 0.552236 0.037495 0.047597
0 0.838468 0.362876 0.024682 0.037930
0 0.832794 0.325050 0.026675 0.036885
0 0.357201 0.495060 0.023589 0.037641
0 0.789380 0.297196 0.037884 0.050841
0 0.380065 0.366024 0.037299 0.045974
0 0.880327 0.607846 0.036791 0.050552
0 0.474595 0.715888 0.036986 0.052173
0 0.480902 0.317625 0.047144 0.048575
0 0.830750 0.622619 0.040463 0.054663
0 0.424179 0.728372 0.038978 0.051130
0 0.862827 0.358949 0.026675 0.036885
0 0.678098 0.244603 0.040463 0.054663
0 0.061904 0.362237 0.038198 0.044642
0 0.383747 0.406049 0.040463 0.054663
0 0.459572 0.154248 0.050037 0.046199
0 0.916475 0.387446 0.027574 0.035553
0 0.464116 0.187352 0.049138 0.047532
0 0.476456 0.285332 0.047458 0.042377
0 0.505421 0.540403 0.034798 0.051595
0 0.906279 0.307306 0.029253 0.040707
0 0.488310 0.379257 0.046755 0.045332
0 0.545140 0.744103 0.024801 0.030109
0 0.071906 0.440754 0.040116 0.034156
0 0.859242 0.319735 0.026675 0.036885
0 0.541474 0.718297 0.024098 0.033064
0 0.485445 0.350730 0.045076 0.040177
0 0.471064 0.249858 0.048258 0.049027
0 0.500704 0.496467 0.044643 0.054196
0 0.374254 0.322377 0.042141 0.059817
0 0.528491 0.281624 0.039173 0.052751
0 0.576973 0.267139 0.041048 0.059528
0 0.536245 0.364918 0.039173 0.052751
0 0.323292 0.335006 0.038274 0.054084
0 0.169601 0.375615 0.039368 0.054373
0 0.434417 0.390987 0.039368 0.054373
0 0.119283 0.388911 0.039368 0.054373
0 0.629128 0.255033 0.039173 0.052751
0 0.333136 0.416911 0.038079 0.052462
0 0.730760 0.227341 0.041557 0.054952
0 0.425666 0.308793 0.039173 0.052751
0 0.260551 0.263730 0.041048 0.059528
0 0.587852 0.352955 0.041362 0.053329
0 0.533012 0.323937 0.037689 0.049218
0 0.364174 0.656374 0.041048 0.059528
0 0.179738 0.459953 0.039368 0.054373
0 0.830304 0.201039 0.039368 0.054373
0 0.573093 0.648027 0.037689 0.049218
0 0.128971 0.474204 0.043235 0.060106
0 0.175217 0.417640 0.040073 0.051419
0 0.076719 0.485501 0.044134 0.058773
0 0.779985 0.214335 0.039368 0.054373
0 0.215399 0.320005 0.041242 0.061149
0 0.673731 0.621436 0.037689 0.049218
0 0.577518 0.689530 0.041557 0.054952
0 0.819775 0.535991 0.039563 0.055995
