0 0.529586 0.583742 0.027630 0.041208
0 0.535753 0.619296 0.027890 0.035304
0 0.162604 0.841300 0.038668 0.043959
0 0.158368 0.818166 0.036476 0.037444
0 0.487270 0.389480 0.041121 0.044570
0 0.543992 0.659978 0.022521 0.023520
0 0.167553 0.873126 0.041845 0.049228
0 0.333094 0.483539 0.036717 0.038997
0 0.690572 0.615385 0.037461 0.036197
0 0.789335 0.525461 0.036959 0.040549
0 0.198347 0.706606 0.039411 0.041160
0 0.188076 0.644660 0.038185 0.040855
0 0.357371 0.635529 0.037461 0.036197
0 0.142181 0.718184 0.037944 0.039302
0 0.853440 0.577217 0.034023 0.036832
0 0.237956 0.957178 0.035491 0.038691
0 0.322352 0.774881 0.034264 0.038385
0 0.848611 0.546167 0.036959 0.040549
0 0.719176 0.803388 0.039170 0.039608
0 0.277312 0.849805 0.038185 0.040855
0 0.316788 0.743208 0.038185 0.040855
0 0.660733 0.431722 0.037702 0.037749
0 0.415551 0.653283 0.036717 0.038997
0 0.863932 0.288356 0.035491 0.038691
0 0.328265 0.452489 0.036717 0.038997
0 0.660996 0.785634 0.038426 0.042407
0 0.862857 0.637762 0.036476 0.037444
0 0.498135 0.459342 0.038668 0.043959
0 0.665212 0.816837 0.036717 0.038997
0 0.420872 0.683403 0.038185 0.040855
0 0.820862 0.359564 0.034023 0.036832
0 0.342994 0.547190 0.036717 0.038997
0 0.318124 0.387286 0.036717 0.038997
0 0.133498 0.658261 0.039411 0.041160
0 0.258729 0.726230 0.037200 0.042101
0 0.739949 0.572440 0.035491 0.038691
0 0.548710 0.428193 0.036717 0.038997
0 0.670162 0.848663 0.038928 0.038055
0 0.838219 0.483444 0.035008 0.035586
0 0.371607 0.731159 0.037441 0.043653
0 0.455039 0.903079 0.035008 0.035586
0 0.214532 0.446160 0.038668 0.043959
0 0.105136 0.471810 0.038185 0.040855
0 0.430652 0.746279 0.035491 0.038691
0 0.173950 0.553839 0.035491 0.038691
0 0.427520 0.361635 0.037200 0.042101
0 0.869746 0.317547 0.035491 0.038691
0 0.571387 0.582194 0.036717 0.038997
0 0.443476 0.456031 0.036234 0.035891
0 0.434988 0.778257 0.036959 0.040549
0 0.425702 0.714453 0.035732 0.040243
0 0.208981 0.770881 0.038426 0.042407
0 0.352170 0.606185 0.039170 0.039608
0 0.193397 0.674780 0.039170 0.039608
0 0.749486 0.633763 0.035249 0.037138
0 0.641800 0.662212 0.035732 0.040243
0 0.267533 0.786930 0.037944 0.039302
0 0.765913 0.374870 0.034023 0.036832
0 0.843661 0.514341 0.036717 0.038997
0 0.867807 0.669589 0.036717 0.038997
0 0.636236 0.630539 0.036717 0.038997
0 0.124081 0.597714 0.036959 0.040549
0 0.366416 0.697780 0.036717 0.038997
0 0.879163 0.378094 0.037944 0.039302
0 0.293376 0.588583 0.037200 0.042101
0 0.287442 0.558616 0.036476 0.037444
0 0.713975 0.774044 0.037944 0.039302
0 0.581538 0.643364 0.037702 0.037749
0 0.164905 0.491587 0.039653 0.042712
0 0.447450 0.485681 0.035491 0.038691
0 0.335613 0.868336 0.036717 0.038997
0 0.586488 0.675190 0.038426 0.042407
0 0.656879 0.402849 0.036717 0.038997
0 0.773743 0.793821 0.036959 0.040549
0 0.819165 0.713158 0.038185 0.040855
0 0.153549 0.783082 0.037944 0.039302
0 0.793671 0.557440 0.035491 0.038691
0 0.388285 0.469785 0.036717 0.038997
0 0.709025 0.742218 0.038185 0.040855
0 0.401184 0.560910 0.034506 0.039938
0 0.452400 0.517507 0.035732 0.040243
0 0.281878 0.526943 0.035491 0.038691
0 0.109222 0.506270 0.038185 0.040855
0 0.825199 0.391542 0.035974 0.041795
0 0.562463 0.520718 0.037702 0.037749
0 0.179513 0.585513 0.034023 0.036832
0 0.622604 0.538790 0.035491 0.038691
0 0.480620 0.350821 0.040377 0.047370
0 0.603287 0.414592 0.035491 0.038691
0 0.823622 0.745912 0.036959 0.040549
0 0.114544 0.536391 0.039170 0.039608
0 0.238799 0.602184 0.038426 0.042407
0 0.341055 0.899232 0.037944 0.039302
0 0.858149 0.607490 0.036717 0.038997
0 0.281890 0.883336 0.037200 0.042101
0 0.681276 0.555615 0.035249 0.037138
0 0.723884 0.833661 0.038928 0.038055
0 0.444526 0.839580 0.036717 0.038997
0 0.160819 0.457127 0.040136 0.045818
0 0.397089 0.530485 0.037461 0.036197
0 0.716044 0.418744 0.035008 0.035586
0 0.553780 0.460796 0.034747 0.041490
0 0.858620 0.254201 0.038909 0.045512
0 0.735853 0.542013 0.036476 0.037444
0 0.700351 0.678260 0.038185 0.040855
0 0.833631 0.453947 0.037944 0.039302
0 0.457108 0.547780 0.035491 0.038691
0 0.148478 0.750480 0.038426 0.042407
0 0.769165 0.760290 0.038909 0.045512
0 0.337431 0.515518 0.038185 0.040855
0 0.273075 0.466243 0.036717 0.038997
0 0.323195 0.419888 0.039653 0.042712
0 0.759265 0.696638 0.038426 0.042407
0 0.695402 0.646435 0.035491 0.038691
0 0.377159 0.406439 0.039653 0.042712
0 0.769888 0.404520 0.035732 0.040243
0 0.814335 0.682108 0.038185 0.040855
0 0.704075 0.710392 0.037944 0.039302
0 0.392993 0.500058 0.036959 0.040549
0 0.544252 0.395438 0.035974 0.041795
0 0.410842 0.623009 0.036476 0.037444
0 0.229382 0.541638 0.035491 0.038691
0 0.809014 0.651988 0.036717 0.038997
0 0.567292 0.551768 0.038185 0.040855
0 0.224312 0.509036 0.038426 0.042407
0 0.651195 0.370399 0.038426 0.042407
0 0.804064 0.620162 0.036959 0.040549
0 0.607623 0.446570 0.034506 0.039938
0 0.618388 0.507587 0.034264 0.038385
0 0.268617 0.433489 0.038426 0.042407
0 0.459977 0.578512 0.039411 0.041160
0 0.706265 0.355869 0.035732 0.040243
0 0.598950 0.382613 0.036959 0.040549
0 0.744778 0.603489 0.035491 0.038691
0 0.382229 0.439041 0.039170 0.039608
0 0.612825 0.475915 0.035249 0.037138
0 0.711336 0.388472 0.038185 0.040855
0 0.297964 0.618081 0.033781 0.035280
0 0.253045 0.693781 0.037944 0.039302
0 0.540973 0.640572 0.022279 0.021968
0 0.570755 0.848439 0.025457 0.027236
0 0.546638 0.681089 0.024472 0.028483
0 0.876480 0.733546 0.039170 0.039608
0 0.627312 0.569063 0.035249 0.037138
0 0.371475 0.373990 0.035491 0.038691
0 0.439576 0.807755 0.034023 0.036832
0 0.651337 0.723535 0.035974 0.041795
0 0.203297 0.738431 0.039170 0.039608
0 0.874334 0.347045 0.035008 0.035586
0 0.830270 0.424144 0.035491 0.038691
0 0.731266 0.512517 0.036959 0.040549
0 0.799234 0.589112 0.036959 0.040549
0 0.436807 0.425439 0.038426 0.042407
0 0.405521 0.592889 0.037944 0.039302
0 0.752968 0.664342 0.037944 0.039302
0 0.725703 0.480843 0.035491 0.038691
0 0.666055 0.461843 0.036717 0.038997
0 0.670884 0.492892 0.036717 0.038997
0 0.761456 0.342115 0.036215 0.043348
0 0.720632 0.448242 0.037944 0.039302
0 0.675954 0.525495 0.036717 0.038997
0 0.780039 0.465690 0.039653 0.042712
0 0.510759 0.530878 0.036848 0.033238
0 0.505621 0.507469 0.039189 0.032151
0 0.491812 0.422779 0.039484 0.041626
0 0.513321 0.552881 0.036828 0.024548
0 0.345884 0.930282 0.037944 0.039302
0 0.784988 0.497516 0.036959 0.040549
0 0.213318 0.802859 0.038928 0.038055
0 0.330663 0.836509 0.036959 0.040549
0 0.277783 0.496517 0.036476 0.037444
0 0.828451 0.776962 0.036476 0.037444
0 0.558117 0.492773 0.035249 0.037138
0 0.432470 0.393462 0.036476 0.037444
0 0.346848 0.576065 0.037702 0.037749
0 0.775702 0.433711 0.032796 0.036527
0 0.227684 0.895232 0.037200 0.042101
0 0.647000 0.691556 0.036476 0.037444
0 0.169121 0.522790 0.037944 0.039302
0 0.272241 0.817203 0.037702 0.037749
0 0.286598 0.913609 0.036476 0.037444
0 0.119131 0.565888 0.036234 0.035891
0 0.449476 0.871406 0.031570 0.036221
0 0.138207 0.688534 0.036234 0.035891
0 0.217785 0.831580 0.039170 0.039608
0 0.222614 0.862630 0.039170 0.039608
0 0.886752 0.795492 0.037944 0.039302
0 0.326447 0.805307 0.038185 0.040855
0 0.778331 0.823318 0.037963 0.031845
0 0.577443 0.612938 0.036717 0.038997
0 0.262945 0.757432 0.037461 0.036197
0 0.173841 0.909457 0.036959 0.040549
0 0.232021 0.927210 0.035249 0.037138
0 0.763974 0.726912 0.035249 0.037138
0 0.128056 0.627364 0.037702 0.037749
0 0.301325 0.647883 0.037200 0.042101
0 0.574870 0.870797 0.024472 0.028483
0 0.243015 0.633387 0.033781 0.035280
0 0.814937 0.325562 0.035732 0.040243
0 0.361466 0.665955 0.036959 0.040549
0 0.311959 0.712159 0.035732 0.040243
0 0.184113 0.971403 0.038185 0.040855
0 0.881068 0.763043 0.039653 0.042712
0 0.218748 0.477363 0.036476 0.037444
0 0.291428 0.944659 0.038928 0.038055
0 0.184101 0.615009 0.036476 0.037444
0 0.831320 0.807693 0.040397 0.039914
0 0.233236 0.570512 0.035993 0.034339
0 0.685371 0.586041 0.034264 0.038385
0 0.871530 0.701720 0.039411 0.041160
0 0.655925 0.753032 0.037461 0.036197
0 0.306517 0.681262 0.036959 0.040549
0 0.177936 0.939882 0.035491 0.038691
0 0.248950 0.663354 0.036959 0.040549
0 0.550300 0.790643 0.034264 0.038385
0 0.630794 0.599643 0.035491 0.038691
