0 0.407293 0.707225 0.037450 0.039033
0 0.339293 0.707505 0.026775 0.035879
0 0.115187 0.452593 0.028103 0.034330
0 0.408198 0.344856 0.036117 0.039028
0 0.128296 0.598730 0.040103 0.034379
0 0.407169 0.886854 0.038780 0.037484
0 0.705952 0.704442 0.037441 0.035923
0 0.707736 0.632895 0.038784 0.039039
0 0.142962 0.377828 0.028103 0.034330
0 0.185289 0.706583 0.036098 0.032807
0 0.115631 0.378718 0.026775 0.035879
0 0.114746 0.306404 0.030780 0.037451
0 0.240072 0.524397 0.034765 0.032801
0 0.869850 0.449490 0.038780 0.037484
0 0.868853 0.560692 0.038775 0.035929
0 0.406411 0.415625 0.034770 0.034357
0 0.460184 0.560817 0.034765 0.032801
0 0.295842 0.668804 0.036098 0.032807
0 0.760198 0.344186 0.036103 0.034363
0 0.352858 0.563591 0.036103 0.034363
0 0.705508 0.557475 0.034780 0.037467
0 0.813650 0.383624 0.041441 0.035940
0 0.352866 0.345861 0.034780 0.037467
0 0.813537 0.346299 0.038784 0.039039
0 0.460303 0.379633 0.033446 0.037462
0 0.128183 0.561405 0.040113 0.037489
0 0.544194 0.343518 0.036094 0.031252
0 0.295952 0.705350 0.036113 0.037473
0 0.705083 0.416730 0.034784 0.039022
0 0.351749 0.417405 0.034770 0.034357
0 0.759961 0.486489 0.034765 0.032801
0 0.814076 0.524370 0.038780 0.037484
0 0.868629 0.486820 0.038770 0.034374
0 0.758957 0.595359 0.037441 0.035923
0 0.462402 0.633125 0.038770 0.034374
0 0.597417 0.306752 0.033431 0.032796
0 0.407409 0.525264 0.036108 0.035918
0 0.706516 0.670225 0.036098 0.032807
0 0.706072 0.523259 0.033427 0.031241
0 0.650747 0.305755 0.036122 0.040583
0 0.596620 0.704892 0.037441 0.035923
0 0.240627 0.707911 0.040117 0.039044
0 0.184190 0.563507 0.040108 0.035934
0 0.544295 0.376955 0.033431 0.032796
0 0.541285 0.704342 0.036103 0.034363
0 0.143185 0.451700 0.028108 0.035885
0 0.815188 0.451270 0.036103 0.034363
0 0.597068 0.632572 0.030770 0.034341
0 0.544066 0.521592 0.034765 0.032801
0 0.759186 0.450722 0.036108 0.035918
0 0.651407 0.524261 0.033431 0.032796
0 0.296185 0.561491 0.037431 0.032812
0 0.869420 0.307189 0.038784 0.039039
0 0.543957 0.485822 0.032099 0.032790
0 0.704955 0.594803 0.036103 0.034363
0 0.350640 0.491283 0.037450 0.039033
0 0.184406 0.635046 0.040117 0.039044
0 0.183967 0.489635 0.034780 0.037467
0 0.543739 0.413506 0.037446 0.037478
0 0.239743 0.415533 0.040117 0.039044
0 0.297407 0.304098 0.038789 0.040594
0 0.365396 0.741613 0.025422 0.029653
0 0.458746 0.305767 0.036117 0.039028
0 0.173175 0.889371 0.029436 0.034335
0 0.184287 0.816230 0.038780 0.037484
0 0.408064 0.742215 0.033427 0.031241
0 0.868496 0.884179 0.038765 0.032818
0 0.506172 0.777581 0.024084 0.028093
0 0.869053 0.847630 0.037436 0.034368
0 0.297723 0.849979 0.036103 0.034363
0 0.114854 0.342174 0.028094 0.031219
0 0.296958 0.817322 0.037436 0.034368
0 0.364840 0.778162 0.026770 0.034324
0 0.338175 0.779050 0.026766 0.032768
0 0.501074 0.193618 0.033413 0.026576
0 0.351416 0.527827 0.036113 0.037473
0 0.185067 0.853552 0.040113 0.037489
0 0.707047 0.845963 0.036108 0.035918
0 0.295829 0.884979 0.040108 0.035934
0 0.128613 0.703705 0.034765 0.032801
0 0.499796 0.432348 0.029436 0.034335
0 0.140632 0.489036 0.028089 0.029664
0 0.128177 0.779914 0.038784 0.039039
0 0.868945 0.811860 0.040113 0.037489
0 0.867408 0.524150 0.033446 0.037462
0 0.407725 0.850304 0.037441 0.035923
0 0.706730 0.740986 0.036113 0.037473
0 0.460175 0.778548 0.036098 0.032807
0 0.184296 0.598500 0.037436 0.034368
0 0.869949 0.702990 0.040113 0.037489
0 0.142077 0.305514 0.026766 0.032768
0 0.542961 0.597025 0.034770 0.034357
0 0.407844 0.669120 0.038780 0.037484
0 0.185079 0.416535 0.037446 0.037478
0 0.297296 0.267551 0.036070 0.023476
0 0.198510 0.890044 0.026756 0.029658
0 0.545302 0.268863 0.033399 0.021910
0 0.185295 0.267234 0.036075 0.025031
0 0.869528 0.342959 0.038737 0.023487
0 0.759305 0.269539 0.037408 0.025036
0 0.128721 0.739475 0.037450 0.039033
0 0.406950 0.814537 0.036098 0.032807
0 0.501161 0.222389 0.033427 0.031241
0 0.759054 0.848082 0.038780 0.037484
0 0.184082 0.527738 0.040108 0.035934
0 0.501025 0.398129 0.029417 0.028114
0 0.869501 0.775309 0.038765 0.032818
0 0.460276 0.811985 0.036094 0.031252
0 0.651829 0.884292 0.034761 0.031246
0 0.297399 0.742670 0.036094 0.031252
0 0.502256 0.363909 0.032113 0.037456
0 0.543062 0.630462 0.034765 0.032801
0 0.184841 0.778903 0.037436 0.034368
0 0.869079 0.415278 0.034761 0.031246
0 0.542388 0.848973 0.034761 0.031246
0 0.338067 0.743280 0.026766 0.032768
0 0.759065 0.631129 0.034775 0.035912
0 0.704276 0.811759 0.036098 0.032807
0 0.351738 0.634358 0.038784 0.039039
0 0.542491 0.883187 0.037427 0.031257
0 0.707160 0.883288 0.038775 0.035929
0 0.296408 0.635364 0.037436 0.034368
0 0.460381 0.846977 0.036117 0.039028
0 0.760060 0.739990 0.036108 0.035918
0 0.142406 0.414378 0.026756 0.029658
0 0.129071 0.634496 0.038770 0.034374
0 0.185397 0.742353 0.038784 0.039039
0 0.759949 0.703442 0.036103 0.034363
0 0.814421 0.417836 0.037422 0.029702
0 0.295505 0.777670 0.037450 0.039033
0 0.597400 0.742214 0.033450 0.039017
0 0.240406 0.634816 0.037441 0.035923
0 0.352516 0.670902 0.037427 0.031257
0 0.115744 0.416042 0.026756 0.029658
0 0.365957 0.706617 0.026770 0.034324
0 0.407740 0.634906 0.036103 0.034363
0 0.869172 0.666446 0.038775 0.035929
0 0.543393 0.740103 0.037446 0.037478
0 0.461173 0.667346 0.038770 0.034374
0 0.705507 0.777540 0.036098 0.032807
0 0.652173 0.777759 0.036108 0.035918
0 0.651726 0.850078 0.034780 0.037467
0 0.869064 0.630676 0.036098 0.032807
0 0.296074 0.524945 0.032094 0.031235
0 0.128068 0.523302 0.037441 0.035923
0 0.759612 0.812309 0.037436 0.034368
0 0.760173 0.777315 0.036108 0.035918
0 0.461168 0.886632 0.034770 0.034357
0 0.651611 0.811976 0.037441 0.035923
0 0.867627 0.596467 0.036108 0.035918
0 0.813418 0.306642 0.036122 0.040583
0 0.541611 0.812428 0.036117 0.039028
0 0.501370 0.291595 0.030766 0.032785
0 0.460066 0.742779 0.038784 0.039039
0 0.407504 0.777209 0.037441 0.035923
0 0.128510 0.669492 0.037441 0.035923
0 0.184517 0.671593 0.037436 0.034368
0 0.759831 0.884626 0.037431 0.032812
0 0.759841 0.667673 0.036113 0.037473
0 0.457859 0.453517 0.030775 0.035896
0 0.142187 0.342061 0.026761 0.031213
0 0.651513 0.559253 0.033427 0.031241
0 0.543501 0.775873 0.034770 0.034357
0 0.652721 0.738099 0.037455 0.040588
0 0.869391 0.738763 0.041446 0.037495
0 0.239517 0.340883 0.037441 0.035923
0 0.350085 0.307769 0.034784 0.039022
0 0.705966 0.488267 0.036098 0.032807
0 0.868971 0.379508 0.040113 0.037489
0 0.241191 0.453630 0.037436 0.034368
0 0.459283 0.703902 0.037441 0.035923
0 0.240514 0.670586 0.037441 0.035923
0 0.184523 0.453085 0.036108 0.035918
0 0.596968 0.379072 0.034770 0.034357
0 0.650860 0.343080 0.038770 0.034374
0 0.240298 0.599046 0.034765 0.032801
0 0.406637 0.490275 0.034770 0.034357
0 0.352297 0.598586 0.037431 0.032812
0 0.760083 0.306083 0.036117 0.039028
0 0.351858 0.453175 0.037436 0.034368
0 0.651856 0.451941 0.034770 0.034357
0 0.460078 0.525825 0.034770 0.034357
0 0.705418 0.307086 0.033455 0.040572
0 0.295973 0.491508 0.037441 0.035923
0 0.705533 0.345188 0.036108 0.035918
0 0.650960 0.596581 0.037455 0.040588
0 0.758972 0.379960 0.036113 0.037473
0 0.458637 0.490061 0.034770 0.034357
0 0.406976 0.382186 0.036108 0.035918
0 0.813296 0.487048 0.040113 0.037489
0 0.406524 0.452950 0.034780 0.037467
0 0.239412 0.305891 0.037436 0.034368
0 0.758414 0.415733 0.037436 0.034368
0 0.650302 0.378852 0.037436 0.034368
0 0.239628 0.377431 0.034780 0.037467
0 0.501269 0.258158 0.033436 0.034352
0 0.459528 0.343866 0.037436 0.034368
0 0.543859 0.453163 0.034775 0.035912
0 0.597629 0.597577 0.034775 0.035912
0 0.705195 0.454055 0.037441 0.035923
0 0.406741 0.304426 0.036117 0.039028
0 0.704975 0.380960 0.034765 0.032801
0 0.458416 0.416966 0.034770 0.034357
0 0.407632 0.599136 0.033446 0.037462
0 0.543172 0.667009 0.037446 0.037478
0 0.758842 0.557256 0.040113 0.037489
0 0.184853 0.341886 0.037436 0.034368
0 0.597525 0.342522 0.036108 0.035918
0 0.239966 0.489405 0.037446 0.037478
0 0.760067 0.521482 0.037436 0.034368
0 0.297184 0.451067 0.037441 0.035923
0 0.595967 0.488719 0.037441 0.035923
0 0.406853 0.561814 0.037436 0.034368
0 0.352311 0.382411 0.036108 0.035918
0 0.296309 0.381863 0.038770 0.034374
0 0.544084 0.306972 0.036117 0.039028
0 0.295630 0.598819 0.036108 0.035918
0 0.597072 0.413286 0.037436 0.034368
0 0.297080 0.416853 0.037431 0.032812
0 0.460289 0.595809 0.037446 0.037478
0 0.595854 0.451394 0.040117 0.039044
0 0.544185 0.561250 0.037446 0.037478
0 0.596742 0.524485 0.036098 0.032807
0 0.238850 0.560950 0.037455 0.040588
0 0.651297 0.487714 0.038780 0.037484
0 0.596852 0.561033 0.036113 0.037473
0 0.596509 0.668344 0.037446 0.037478
0 0.184077 0.305342 0.033450 0.039017
0 0.650412 0.415400 0.037441 0.035923
0 0.296864 0.345313 0.037450 0.039033
0 0.185631 0.378430 0.036108 0.035918
