0 0.549444 0.155738 0.036667 0.042623
0 0.293889 0.331148 0.034444 0.042623
0 0.550000 0.538525 0.035556 0.037705
0 0.137222 0.492623 0.034444 0.040984
0 0.447222 0.369672 0.032222 0.034426
0 0.550556 0.577869 0.036667 0.040984
0 0.863333 0.791803 0.035556 0.045902
0 0.913889 0.327869 0.036667 0.045902
0 0.706111 0.706557 0.036667 0.045902
0 0.137222 0.621311 0.034444 0.045902
0 0.810556 0.580328 0.034444 0.039344
0 0.447222 0.454918 0.034444 0.044262
0 0.810000 0.539344 0.033333 0.042623
0 0.292778 0.662295 0.034444 0.039344
0 0.395000 0.702459 0.032222 0.040984
0 0.811111 0.787705 0.033333 0.040984
0 0.345000 0.413115 0.034444 0.042623
0 0.394444 0.744262 0.031111 0.042623
0 0.086667 0.453279 0.035556 0.037705
0 0.447778 0.500820 0.035556 0.047541
0 0.758889 0.790984 0.035556 0.044262
0 0.602778 0.416393 0.032222 0.039344
0 0.811111 0.827869 0.033333 0.042623
0 0.138333 0.371311 0.034444 0.040984
0 0.913333 0.245902 0.035556 0.042623
0 0.496667 0.311475 0.044444 0.039344
0 0.344444 0.661475 0.031111 0.040984
0 0.810556 0.868852 0.034444 0.042623
0 0.861667 0.416393 0.034444 0.039344
0 0.862222 0.330328 0.033333 0.040984
0 0.084444 0.743443 0.035556 0.044262
0 0.137778 0.450820 0.033333 0.039344
0 0.085000 0.661475 0.036667 0.044262
0 0.706111 0.661475 0.036667 0.044262
0 0.550556 0.827049 0.036667 0.040984
0 0.446111 0.286885 0.034444 0.039344
0 0.602778 0.745082 0.034444 0.040984
0 0.497222 0.143443 0.043333 0.034426
0 0.863889 0.663115 0.036667 0.044262
0 0.603333 0.705738 0.035556 0.040984
0 0.083889 0.823770 0.036667 0.044262
0 0.497778 0.177869 0.042222 0.037705
0 0.550556 0.912295 0.036667 0.047541
0 0.394444 0.863115 0.035556 0.037705
0 0.395000 0.785246 0.032222 0.039344
0 0.706667 0.620492 0.035556 0.044262
0 0.863889 0.620492 0.034444 0.040984
0 0.138333 0.577869 0.030000 0.037705
0 0.552222 0.703279 0.035556 0.039344
0 0.292778 0.828689 0.030000 0.037705
0 0.862222 0.580328 0.033333 0.039344
0 0.758333 0.916393 0.034444 0.039344
0 0.551111 0.786885 0.035556 0.039344
0 0.083889 0.783607 0.034444 0.039344
0 0.292222 0.703279 0.035556 0.042623
0 0.083889 0.868033 0.036667 0.044262
0 0.862222 0.498361 0.035556 0.042623
0 0.084444 0.702459 0.035556 0.040984
0 0.190556 0.246721 0.034444 0.044262
0 0.343889 0.866393 0.032222 0.047541
0 0.292222 0.744262 0.033333 0.039344
0 0.550556 0.868033 0.036667 0.040984
0 0.602778 0.785246 0.034444 0.042623
0 0.497222 0.278689 0.041111 0.032787
0 0.497778 0.211475 0.044444 0.026230
0 0.394444 0.826230 0.035556 0.032787
0 0.292778 0.869672 0.032222 0.040984
0 0.863889 0.704918 0.027778 0.039344
0 0.342222 0.826230 0.035556 0.026230
0 0.486111 0.742623 0.025556 0.036066
0 0.498889 0.495082 0.037778 0.032787
0 0.602778 0.868852 0.032222 0.039344
0 0.862222 0.540984 0.035556 0.042623
0 0.345000 0.619672 0.034444 0.039344
0 0.912778 0.202459 0.034444 0.047541
0 0.086111 0.617213 0.034444 0.040984
0 0.395556 0.911475 0.037778 0.049180
0 0.241111 0.330328 0.035556 0.044262
0 0.863333 0.746721 0.035556 0.040984
0 0.292222 0.784426 0.033333 0.044262
0 0.343889 0.745082 0.034444 0.040984
0 0.602222 0.330328 0.035556 0.040984
0 0.705556 0.201639 0.035556 0.042623
0 0.602222 0.199180 0.035556 0.050820
0 0.293333 0.622131 0.035556 0.044262
0 0.551111 0.744262 0.035556 0.045902
0 0.602778 0.621311 0.032222 0.042623
0 0.913889 0.286885 0.034444 0.039344
0 0.758333 0.874590 0.034444 0.044262
0 0.138333 0.536885 0.030000 0.044262
0 0.810000 0.289344 0.033333 0.040984
0 0.653333 0.290984 0.035556 0.047541
0 0.241667 0.245902 0.034444 0.042623
0 0.758889 0.286885 0.035556 0.042623
0 0.810556 0.328689 0.034444 0.040984
0 0.138889 0.331967 0.035556 0.037705
0 0.601667 0.912295 0.036667 0.047541
0 0.862222 0.456557 0.035556 0.040984
0 0.344444 0.370492 0.035556 0.045902
0 0.345000 0.290164 0.034444 0.045902
0 0.810000 0.245082 0.033333 0.044262
0 0.345000 0.203279 0.036667 0.042623
0 0.707222 0.414754 0.036667 0.042623
0 0.396111 0.455738 0.034444 0.042623
0 0.706667 0.455738 0.035556 0.039344
0 0.395000 0.662295 0.036667 0.042623
0 0.602222 0.290164 0.035556 0.042623
0 0.294444 0.289344 0.035556 0.044262
0 0.241667 0.376230 0.034444 0.044262
0 0.344444 0.577049 0.035556 0.042623
0 0.550556 0.289344 0.030000 0.040984
0 0.758889 0.372131 0.035556 0.042623
0 0.602778 0.538525 0.036667 0.040984
0 0.603333 0.373770 0.035556 0.045902
0 0.396111 0.579508 0.034444 0.044262
0 0.292778 0.453279 0.032222 0.040984
0 0.810556 0.455738 0.036667 0.042623
0 0.705556 0.244262 0.035556 0.042623
0 0.139444 0.157377 0.036667 0.049180
0 0.550000 0.410656 0.035556 0.044262
0 0.758333 0.413934 0.036667 0.040984
0 0.190556 0.331148 0.034444 0.042623
0 0.706111 0.328689 0.036667 0.044262
0 0.706667 0.372951 0.033333 0.040984
0 0.190556 0.204918 0.034444 0.042623
0 0.758889 0.328689 0.035556 0.044262
0 0.242222 0.204918 0.031111 0.042623
0 0.345000 0.245082 0.034444 0.040984
0 0.294444 0.204918 0.033333 0.042623
0 0.395556 0.246721 0.035556 0.044262
0 0.345556 0.330328 0.031111 0.034426
0 0.550000 0.332787 0.033333 0.042623
0 0.240556 0.157377 0.034444 0.049180
0 0.294444 0.372951 0.033333 0.040984
0 0.758333 0.747541 0.036667 0.042623
0 0.190556 0.289344 0.034444 0.040984
0 0.811667 0.369672 0.034444 0.044262
0 0.190000 0.413934 0.035556 0.047541
0 0.811111 0.622131 0.035556 0.044262
0 0.550556 0.497541 0.034444 0.044262
0 0.086111 0.286066 0.034444 0.044262
0 0.757778 0.200000 0.035556 0.049180
0 0.550556 0.619672 0.038889 0.045902
0 0.549444 0.246721 0.032222 0.044262
0 0.293333 0.495082 0.033333 0.042623
0 0.395556 0.203279 0.035556 0.042623
0 0.707222 0.496721 0.036667 0.042623
0 0.446667 0.410656 0.033333 0.044262
0 0.758333 0.495902 0.036667 0.044262
0 0.086111 0.536885 0.036667 0.044262
0 0.550556 0.455738 0.032222 0.042623
0 0.138889 0.204098 0.035556 0.044262
0 0.344444 0.495902 0.037778 0.040984
0 0.499444 0.449180 0.041111 0.049180
0 0.705556 0.154098 0.035556 0.049180
0 0.344444 0.156557 0.035556 0.044262
0 0.758333 0.154098 0.036667 0.042623
0 0.343333 0.788525 0.035556 0.042623
0 0.602222 0.828689 0.033333 0.044262
0 0.862222 0.372951 0.035556 0.047541
0 0.860556 0.200820 0.034444 0.054098
0 0.293889 0.413115 0.032222 0.039344
0 0.497222 0.375656 0.045556 0.035574
0 0.496667 0.345738 0.042222 0.029180
0 0.602778 0.578689 0.036667 0.039344
0 0.550556 0.200000 0.036667 0.045902
0 0.758333 0.704098 0.034444 0.044262
0 0.758889 0.620492 0.035556 0.044262
0 0.345000 0.536066 0.034444 0.039344
0 0.293889 0.159016 0.032222 0.045902
0 0.602222 0.456557 0.033333 0.040984
0 0.395556 0.497541 0.033333 0.040984
0 0.707222 0.537705 0.032222 0.042623
0 0.086667 0.413934 0.033333 0.040984
0 0.138889 0.290164 0.033333 0.042623
0 0.086667 0.329508 0.035556 0.042623
0 0.811667 0.746721 0.032222 0.044262
0 0.293889 0.246721 0.034444 0.040984
0 0.087222 0.578689 0.034444 0.039344
0 0.086111 0.492623 0.034444 0.044262
0 0.811667 0.413934 0.032222 0.040984
0 0.812222 0.663934 0.035556 0.039344
0 0.138889 0.245902 0.037778 0.042623
0 0.758333 0.832787 0.036667 0.042623
0 0.344444 0.703279 0.035556 0.042623
0 0.395556 0.538525 0.033333 0.040984
0 0.913889 0.155738 0.034444 0.042623
0 0.810556 0.497541 0.034444 0.040984
0 0.395000 0.290164 0.032222 0.045902
0 0.758333 0.245902 0.032222 0.039344
0 0.447778 0.330328 0.031111 0.044262
0 0.862222 0.289344 0.031111 0.040984
0 0.758333 0.454098 0.034444 0.039344
0 0.395556 0.621311 0.033333 0.042623
0 0.602778 0.245902 0.034444 0.042623
0 0.241667 0.289344 0.034444 0.044262
0 0.293889 0.579508 0.036667 0.044262
0 0.395000 0.156557 0.034444 0.047541
0 0.602778 0.663934 0.036667 0.042623
0 0.293889 0.537705 0.034444 0.042623
0 0.809444 0.200000 0.032222 0.045902
0 0.137222 0.412295 0.034444 0.040984
0 0.189444 0.372131 0.032222 0.039344
0 0.190000 0.157377 0.033333 0.045902
0 0.345000 0.454918 0.034444 0.040984
0 0.396667 0.413934 0.033333 0.040984
0 0.550000 0.371311 0.031111 0.034426
0 0.811667 0.705738 0.034444 0.040984
0 0.551667 0.662295 0.036667 0.042623
0 0.396111 0.372951 0.032222 0.037705
0 0.758333 0.537705 0.034444 0.042623
0 0.861111 0.247541 0.033333 0.042623
0 0.759444 0.578689 0.032222 0.039344
0 0.085000 0.372951 0.034444 0.040984
0 0.706667 0.578689 0.035556 0.039344
0 0.603333 0.496721 0.035556 0.039344
0 0.497778 0.244262 0.046667 0.039344
0 0.705556 0.286885 0.033333 0.039344
0 0.396111 0.334426 0.032222 0.042623
0 0.758889 0.663115 0.033333 0.040984
0 0.810000 0.913934 0.037778 0.044262
