0 0.797744 0.947473 0.039828 0.051572
0 0.792011 0.980256 0.039248 0.039489
0 0.388655 0.846731 0.039499 0.056008
0 0.122739 0.203357 0.040079 0.053175
0 0.558889 0.779379 0.038244 0.047997
0 0.109358 0.281495 0.037413 0.049228
0 0.199550 0.051598 0.041916 0.058353
0 0.906423 0.603203 0.037664 0.050829
0 0.596961 0.878555 0.038746 0.051201
0 0.786637 0.348508 0.039577 0.049971
0 0.127689 0.503055 0.043578 0.055892
0 0.352865 0.408975 0.035248 0.048485
0 0.690015 0.954393 0.040912 0.051944
0 0.849942 0.625181 0.038495 0.049599
0 0.344056 0.148475 0.034417 0.049715
0 0.577704 0.320690 0.037915 0.052432
0 0.185620 0.140522 0.041163 0.053547
0 0.243143 0.115525 0.039750 0.057610
0 0.293309 0.130212 0.038997 0.052803
0 0.316620 0.316336 0.041916 0.058353
0 0.824420 0.445895 0.036331 0.048856
0 0.522025 0.679774 0.038495 0.049599
0 0.323146 0.274679 0.036581 0.050458
0 0.503028 0.458830 0.045994 0.058238
0 0.499121 0.156114 0.039750 0.057610
0 0.684775 0.652907 0.038495 0.049599
0 0.880493 0.761452 0.040330 0.054777
0 0.835894 0.703935 0.039326 0.048368
0 0.592340 0.234541 0.038417 0.055637
0 0.236868 0.155580 0.038244 0.047997
0 0.259019 0.334554 0.041163 0.053547
0 0.830702 0.744361 0.037664 0.050829
0 0.735899 0.668767 0.037993 0.046394
0 0.875166 0.464158 0.036581 0.050458
0 0.534072 0.602868 0.038495 0.049599
0 0.190154 0.439233 0.038997 0.052803
0 0.153705 0.340614 0.039577 0.049971
0 0.893206 0.683929 0.040661 0.050343
0 0.553688 0.481284 0.040079 0.053175
0 0.684156 0.985225 0.039577 0.029550
0 0.172403 0.221248 0.040330 0.054777
0 0.546456 0.520167 0.039828 0.051572
0 0.602820 0.837512 0.037413 0.049228
0 0.640476 0.935700 0.038746 0.051201
0 0.894038 0.336410 0.041665 0.056752
0 0.385987 0.208453 0.036581 0.050458
0 0.527256 0.642737 0.039577 0.049971
0 0.628546 0.673283 0.037664 0.050829
0 0.392098 0.165808 0.037915 0.052432
0 0.898940 0.643688 0.040079 0.053175
0 0.855966 0.586729 0.040661 0.050343
0 0.565038 0.740125 0.038997 0.052803
0 0.491552 0.200791 0.040330 0.054777
0 0.565822 0.400186 0.038746 0.051201
0 0.471560 0.324777 0.036331 0.048856
0 0.589729 0.917438 0.041163 0.053547
0 0.696666 0.911933 0.041665 0.056752
0 0.723216 0.411157 0.036911 0.046023
0 0.515083 0.720445 0.039828 0.051572
0 0.427096 0.604981 0.040581 0.056380
0 0.659136 0.812945 0.039577 0.049971
0 0.642382 0.250030 0.037915 0.052432
0 0.735765 0.331046 0.037915 0.052432
0 0.766489 0.808428 0.038746 0.051201
0 0.749280 0.590629 0.038997 0.052803
0 0.540472 0.562011 0.043578 0.055892
0 0.253160 0.375597 0.041994 0.052316
0 0.378921 0.249926 0.036001 0.053291
0 0.634696 0.634029 0.037413 0.049228
0 0.359681 0.369106 0.036833 0.052060
0 0.779453 0.729303 0.039577 0.049971
0 0.280007 0.215130 0.041163 0.053547
0 0.710956 0.493056 0.038997 0.052803
0 0.836302 0.366399 0.039828 0.051572
0 0.372521 0.290783 0.033084 0.047742
0 0.786936 0.688817 0.039828 0.051572
0 0.792128 0.648391 0.039828 0.051572
0 0.923748 0.481678 0.038997 0.052803
0 0.842914 0.320550 0.042669 0.063161
0 0.208978 0.319066 0.038997 0.052803
0 0.608804 0.795668 0.038997 0.052803
0 0.584897 0.278417 0.036581 0.050458
0 0.609588 0.455729 0.038244 0.047997
0 0.647535 0.555706 0.041665 0.056752
0 0.653276 0.853987 0.038746 0.051201
0 0.754896 0.889712 0.038997 0.052803
0 0.640719 0.595576 0.039577 0.049971
0 0.742338 0.631300 0.039828 0.051572
0 0.703733 0.870462 0.040079 0.053175
0 0.664743 0.773504 0.038746 0.051201
0 0.868476 0.503226 0.037413 0.049228
0 0.484901 0.243249 0.037915 0.052432
0 0.337531 0.190132 0.039248 0.054406
0 0.222193 0.238338 0.037664 0.050829
0 0.715616 0.790966 0.038746 0.051201
0 0.710134 0.829605 0.039828 0.051572
0 0.615079 0.755612 0.038495 0.049599
0 0.560630 0.440613 0.038746 0.051201
0 0.478250 0.285709 0.039828 0.051572
0 0.722723 0.752884 0.040912 0.051944
0 0.781030 0.387948 0.040912 0.051944
0 0.686101 0.313155 0.039828 0.051572
0 0.215918 0.278395 0.037664 0.050829
0 0.591055 0.577684 0.039828 0.051572
0 0.774755 0.428003 0.038746 0.051201
0 0.692587 0.268106 0.041916 0.058353
0 0.743334 0.286369 0.041665 0.056752
0 0.678626 0.692162 0.038746 0.051201
0 0.654060 0.514048 0.038997 0.052803
0 0.885677 0.382503 0.041163 0.053547
0 0.366372 0.330037 0.037664 0.050829
0 0.465285 0.364833 0.038997 0.052803
0 0.229928 0.196252 0.040079 0.053175
0 0.912156 0.562962 0.036581 0.050458
0 0.755429 0.551375 0.038746 0.051201
0 0.272525 0.255614 0.038746 0.051201
0 0.672469 0.392894 0.037664 0.050829
0 0.679284 0.353024 0.038746 0.051201
0 0.458760 0.406490 0.038997 0.052803
0 0.861284 0.545500 0.039248 0.054406
0 0.286658 0.172671 0.041414 0.055149
0 0.577964 0.657610 0.038746 0.051201
0 0.768481 0.468059 0.038746 0.051201
0 0.761288 0.510332 0.040079 0.053175
0 0.635354 0.294892 0.040581 0.056380
0 0.716525 0.450226 0.039248 0.054406
0 0.793124 0.303459 0.042167 0.059956
0 0.659794 0.473807 0.037915 0.052432
0 0.818145 0.485950 0.038997 0.052803
0 0.615737 0.416475 0.038997 0.052803
0 0.623094 0.376791 0.038997 0.052803
0 0.729625 0.708823 0.039499 0.056008
0 0.842711 0.664064 0.040912 0.051944
0 0.812160 0.527794 0.037915 0.052432
0 0.666735 0.433136 0.038746 0.051201
0 0.621895 0.715743 0.040079 0.053175
0 0.704015 0.533727 0.037162 0.047625
0 0.142692 0.075980 0.043500 0.061930
0 0.308025 0.691582 0.038244 0.047997
0 0.818027 0.825273 0.037915 0.052432
0 0.147015 0.379683 0.038746 0.051201
0 0.396013 0.807048 0.037993 0.046394
0 0.804929 0.566677 0.037162 0.047625
0 0.134748 0.123060 0.041163 0.053547
0 0.692007 0.614024 0.038746 0.051201
0 0.944118 0.355287 0.040079 0.053175
0 0.848076 0.964749 0.040912 0.051944
0 0.447120 0.728352 0.026165 0.036270
0 0.545032 0.194328 0.047835 0.050379
0 0.529256 0.291398 0.045899 0.044560
0 0.549473 0.162338 0.045623 0.042798
0 0.517846 0.356957 0.043308 0.041094
0 0.539931 0.224488 0.049778 0.043162
0 0.497997 0.494585 0.040996 0.032871
0 0.433496 0.564124 0.038322 0.041959
0 0.445409 0.749756 0.027619 0.016257
0 0.830569 0.406641 0.036581 0.050458
0 0.420444 0.647439 0.039326 0.048368
0 0.671811 0.732032 0.032833 0.046139
0 0.841134 0.989602 0.037915 0.020797
0 0.408020 0.726750 0.037413 0.049228
0 0.748911 0.931555 0.039577 0.049971
0 0.860586 0.881247 0.037664 0.050829
0 0.728698 0.372518 0.038997 0.052803
0 0.553156 0.819621 0.037664 0.050829
0 0.320990 0.612458 0.037413 0.049228
0 0.350543 0.103426 0.038668 0.057238
0 0.512698 0.386172 0.045068 0.045791
0 0.282675 0.853407 0.036581 0.050458
0 0.129013 0.163302 0.039577 0.049971
0 0.866484 0.843595 0.039577 0.049971
0 0.873300 0.803725 0.038997 0.052803
0 0.931357 0.440391 0.040661 0.050343
0 0.628703 0.337351 0.037162 0.047625
0 0.854476 0.923892 0.043327 0.054290
0 0.139532 0.420168 0.038997 0.052803
0 0.346465 0.449832 0.039828 0.051572
0 0.584238 0.617555 0.038746 0.051201
0 0.604232 0.493568 0.039075 0.046766
0 0.335124 0.529514 0.040079 0.053175
0 0.917725 0.520131 0.036331 0.048856
0 0.734488 0.992783 0.043327 0.014433
0 0.571438 0.699268 0.039248 0.054406
0 0.522487 0.323686 0.046072 0.052200
0 0.201785 0.361338 0.037664 0.050829
0 0.133924 0.459608 0.039828 0.051572
0 0.502824 0.802345 0.038746 0.051201
0 0.329672 0.233021 0.039248 0.054406
0 0.340190 0.489888 0.037664 0.050829
0 0.823761 0.785033 0.038997 0.052803
0 0.314715 0.652514 0.040079 0.053175
0 0.302291 0.731824 0.039828 0.051572
0 0.571680 0.359143 0.034746 0.045280
0 0.327680 0.573389 0.041414 0.055149
0 0.159439 0.300373 0.038997 0.052803
0 0.633950 0.974892 0.041414 0.050217
0 0.483333 0.923126 0.044912 0.057866
0 0.452485 0.446547 0.038997 0.052803
0 0.539814 0.901148 0.039248 0.054406
0 0.439143 0.528074 0.039577 0.049971
0 0.103625 0.321737 0.038997 0.052803
0 0.097099 0.363394 0.041665 0.056752
0 0.799736 0.607104 0.040330 0.054777
0 0.760755 0.848669 0.037664 0.050829
0 0.399792 0.120331 0.037084 0.053663
0 0.597832 0.534424 0.040832 0.057981
0 0.509224 0.761488 0.038997 0.052803
0 0.300463 0.084549 0.037084 0.053663
0 0.773179 0.769359 0.037413 0.049228
0 0.534401 0.258551 0.047154 0.052572
0 0.532331 0.941634 0.040661 0.050343
0 0.296017 0.771879 0.039828 0.051572
0 0.428460 0.268618 0.038668 0.057238
0 0.804686 0.906802 0.038997 0.052803
0 0.879151 0.424160 0.037993 0.046394
0 0.192396 0.097262 0.041163 0.053547
0 0.445959 0.488204 0.038997 0.052803
0 0.583745 0.959281 0.040079 0.053175
0 0.266250 0.295671 0.038244 0.047997
0 0.887308 0.721582 0.038244 0.047997
0 0.401620 0.767607 0.039828 0.051572
0 0.179760 0.181564 0.039326 0.048368
0 0.810545 0.865759 0.039828 0.051572
0 0.289617 0.812736 0.039577 0.049971
0 0.646876 0.894843 0.038997 0.052803
0 0.697615 0.574584 0.037915 0.052432
0 0.249339 0.068688 0.039750 0.057610
0 0.936800 0.398362 0.041163 0.053547
0 0.598827 0.189494 0.038997 0.052803
0 0.546590 0.857888 0.041414 0.055149
0 0.115923 0.243227 0.038495 0.049599
0 0.741429 0.972040 0.040330 0.054777
0 0.196012 0.398190 0.037664 0.050829
0 0.489984 0.880668 0.039828 0.051572
0 0.414295 0.686694 0.035750 0.051689
0 0.166670 0.261490 0.036080 0.047254
0 0.496800 0.840798 0.038746 0.051201
