0 0.296667 0.887324 0.036000 0.021909
0 0.499333 0.262128 0.033333 0.029734
0 0.498667 0.363850 0.034667 0.035994
0 0.175333 0.884977 0.028000 0.029734
0 0.146000 0.884194 0.028000 0.034429
0 0.174000 0.849765 0.025333 0.028169
0 0.498667 0.293427 0.032000 0.029734
0 0.132667 0.847418 0.036000 0.035994
0 0.296000 0.528169 0.037333 0.035994
0 0.119333 0.883412 0.028000 0.032864
0 0.296000 0.633803 0.034667 0.034429
0 0.146000 0.742567 0.028000 0.032864
0 0.498667 0.223005 0.032000 0.026604
0 0.199333 0.848983 0.028000 0.032864
0 0.120000 0.741784 0.026667 0.034429
0 0.498667 0.400626 0.029333 0.031299
0 0.133333 0.778560 0.037333 0.032864
0 0.133333 0.703443 0.034667 0.035994
0 0.500667 0.436620 0.030667 0.034429
0 0.174000 0.706573 0.028000 0.029734
0 0.296000 0.344288 0.029333 0.031299
0 0.350000 0.526604 0.036000 0.029734
0 0.174000 0.489045 0.028000 0.029734
0 0.133333 0.812207 0.034667 0.034429
0 0.173333 0.634585 0.026667 0.029734
0 0.500000 0.194836 0.032000 0.029734
0 0.132000 0.307512 0.034667 0.035994
0 0.134000 0.633020 0.033333 0.032864
0 0.296000 0.743349 0.034667 0.034429
0 0.297333 0.708138 0.032000 0.035994
0 0.134000 0.667449 0.033333 0.035994
0 0.187333 0.380282 0.036000 0.034429
0 0.173333 0.417840 0.026667 0.031299
0 0.200000 0.455399 0.029333 0.034429
0 0.187333 0.344288 0.036000 0.034429
0 0.242000 0.743349 0.030667 0.034429
0 0.201333 0.417058 0.026667 0.032864
0 0.405333 0.490610 0.032000 0.032864
0 0.201333 0.670579 0.026667 0.032864
0 0.296000 0.813772 0.032000 0.034429
0 0.349333 0.706573 0.032000 0.032864
0 0.297333 0.853678 0.034667 0.039124
0 0.188000 0.560250 0.032000 0.034429
0 0.174000 0.453834 0.028000 0.034429
0 0.295333 0.453834 0.030667 0.031299
0 0.186667 0.743349 0.034667 0.037559
0 0.296000 0.489828 0.034667 0.037559
0 0.404667 0.528169 0.036000 0.042254
0 0.241333 0.597809 0.034667 0.037559
0 0.351333 0.307512 0.036000 0.039124
0 0.242000 0.489045 0.033333 0.035994
0 0.242667 0.380282 0.032000 0.037559
0 0.350000 0.597809 0.036000 0.040689
0 0.242000 0.417840 0.030667 0.037559
0 0.295333 0.307512 0.036000 0.039124
0 0.242000 0.525822 0.033333 0.037559
0 0.404667 0.381847 0.036000 0.037559
0 0.350000 0.560250 0.036000 0.034429
0 0.242000 0.670579 0.033333 0.035994
0 0.350000 0.346635 0.036000 0.035994
0 0.350667 0.491393 0.034667 0.040689
0 0.296667 0.670579 0.033333 0.035994
0 0.241333 0.635368 0.034667 0.034429
0 0.242667 0.708138 0.032000 0.035994
0 0.405333 0.306729 0.034667 0.037559
0 0.133333 0.597809 0.034667 0.037559
0 0.404000 0.418623 0.034667 0.035994
0 0.133333 0.381847 0.034667 0.034429
0 0.296000 0.779343 0.034667 0.034429
0 0.297333 0.380282 0.032000 0.037559
0 0.296000 0.596244 0.034667 0.034429
0 0.350000 0.382629 0.033333 0.035994
0 0.350667 0.453834 0.034667 0.034429
0 0.295333 0.561815 0.036000 0.031299
0 0.241333 0.452269 0.032000 0.031299
0 0.241333 0.813772 0.034667 0.034429
0 0.404667 0.345070 0.033333 0.035994
0 0.350667 0.779343 0.034667 0.040689
0 0.350000 0.635368 0.036000 0.034429
0 0.134000 0.417058 0.033333 0.032864
0 0.134000 0.523474 0.036000 0.035994
0 0.350000 0.670579 0.036000 0.035994
0 0.242000 0.561815 0.030667 0.031299
0 0.242000 0.308294 0.033333 0.037559
0 0.174000 0.670579 0.030667 0.035994
0 0.404667 0.454617 0.033333 0.035994
0 0.188000 0.524257 0.034667 0.037559
0 0.200667 0.633803 0.028000 0.034429
0 0.242000 0.777778 0.033333 0.034429
0 0.186667 0.306729 0.037333 0.037559
0 0.186667 0.778560 0.034667 0.032864
0 0.133333 0.451487 0.032000 0.032864
0 0.350000 0.816901 0.036000 0.034429
0 0.188000 0.597027 0.037333 0.035994
0 0.242000 0.849765 0.033333 0.034429
0 0.133333 0.560250 0.034667 0.034429
0 0.133333 0.486698 0.034667 0.034429
0 0.297333 0.417840 0.034667 0.034429
0 0.348667 0.852113 0.036000 0.035994
0 0.133333 0.345853 0.034667 0.037559
0 0.348667 0.888106 0.036000 0.035994
0 0.240667 0.885759 0.033333 0.037559
0 0.241333 0.343505 0.032000 0.032864
0 0.186667 0.815336 0.037333 0.034429
0 0.350000 0.741784 0.033333 0.034429
0 0.350667 0.418623 0.034667 0.035994
