0 0.252809 0.355541 0.036285 0.041118
0 0.506831 0.415597 0.029003 0.032583
0 0.509138 0.391770 0.025220 0.018735
0 0.520956 0.264553 0.034570 0.036302
0 0.217779 0.751866 0.037353 0.038160
0 0.311187 0.290004 0.037613 0.041270
0 0.103990 0.807137 0.038551 0.036757
0 0.871224 0.570734 0.038680 0.038312
0 0.240954 0.497834 0.030588 0.035846
0 0.234330 0.569293 0.034310 0.033191
0 0.854008 0.785415 0.037353 0.038160
0 0.570505 0.827548 0.040655 0.046240
0 0.431765 0.844642 0.038810 0.039867
0 0.518835 0.298064 0.030200 0.031181
0 0.230816 0.603429 0.036155 0.039563
0 0.119554 0.628377 0.031915 0.035998
0 0.106840 0.772925 0.038810 0.039867
0 0.572952 0.790150 0.038810 0.039867
0 0.156343 0.813912 0.037353 0.038160
0 0.113399 0.702244 0.034958 0.040967
0 0.163565 0.743308 0.037483 0.039715
0 0.152205 0.236490 0.037224 0.036606
0 0.824430 0.457054 0.039198 0.044532
0 0.436333 0.773732 0.035507 0.031788
0 0.140949 0.379636 0.035637 0.033342
0 0.101010 0.842905 0.038810 0.039867
0 0.166415 0.709095 0.037224 0.036606
0 0.122599 0.591832 0.037613 0.041270
0 0.450974 0.598006 0.038680 0.038312
0 0.154026 0.849756 0.041335 0.038616
0 0.220823 0.715321 0.040136 0.040018
0 0.159258 0.778923 0.040136 0.040018
0 0.373583 0.875663 0.039618 0.033798
0 0.540860 0.532149 0.035896 0.036454
0 0.847319 0.857651 0.038551 0.036757
0 0.735121 0.845598 0.037094 0.035050
0 0.645839 0.582624 0.037613 0.041270
0 0.237974 0.533601 0.036414 0.042673
0 0.249295 0.389678 0.034440 0.034746
0 0.243869 0.462844 0.036026 0.038008
0 0.386167 0.732669 0.038810 0.039867
0 0.109157 0.737082 0.037224 0.036606
0 0.440187 0.743560 0.038810 0.039867
0 0.447929 0.634551 0.036155 0.039563
0 0.407158 0.480742 0.035896 0.036454
0 0.442762 0.704606 0.040395 0.043129
0 0.861621 0.677961 0.040266 0.041574
0 0.150617 0.271632 0.037353 0.038160
0 0.380272 0.803427 0.038939 0.041422
0 0.403514 0.516434 0.037742 0.042825
0 0.427927 0.882665 0.037613 0.041270
0 0.791713 0.849719 0.038551 0.036757
0 0.526494 0.712617 0.037224 0.036606
0 0.566668 0.865572 0.038680 0.038312
0 0.212741 0.820366 0.038939 0.041422
0 0.223804 0.679553 0.040136 0.040018
0 0.176278 0.598758 0.038810 0.039867
0 0.712297 0.444224 0.037353 0.038160
0 0.156108 0.197688 0.039328 0.046088
0 0.523514 0.748384 0.037483 0.039715
0 0.798273 0.779038 0.037353 0.038160
0 0.445014 0.669541 0.038680 0.038312
0 0.377033 0.842305 0.038680 0.038312
0 0.692633 0.696304 0.037094 0.035050
0 0.680049 0.839297 0.038680 0.038312
0 0.807019 0.674068 0.034570 0.036302
0 0.768760 0.449900 0.036155 0.039563
0 0.173104 0.636859 0.038680 0.038312
0 0.584872 0.647080 0.038810 0.039867
0 0.750749 0.666060 0.038551 0.036757
0 0.195356 0.385861 0.038810 0.039867
0 0.226249 0.642154 0.039069 0.042977
0 0.590703 0.577100 0.038810 0.039867
0 0.182902 0.527299 0.034829 0.039411
0 0.593618 0.542110 0.038680 0.038312
0 0.631537 0.762315 0.039069 0.042977
0 0.873477 0.535669 0.037483 0.039715
0 0.410073 0.445752 0.033372 0.037705
0 0.665632 0.328990 0.034699 0.037856
0 0.840372 0.932999 0.040266 0.041574
0 0.885057 0.388636 0.036026 0.038008
0 0.756710 0.594525 0.035896 0.036454
0 0.748433 0.701903 0.037224 0.036606
0 0.826342 0.418026 0.036026 0.038008
0 0.524343 0.199788 0.030200 0.031181
0 0.538479 0.568770 0.037613 0.041270
0 0.765052 0.486369 0.040266 0.041574
0 0.850963 0.821960 0.040395 0.043129
0 0.717723 0.371059 0.038939 0.041422
0 0.258769 0.284007 0.036285 0.041118
0 0.795293 0.814805 0.040007 0.038464
0 0.707663 0.515912 0.037353 0.038160
0 0.746182 0.736968 0.038939 0.041422
0 0.128494 0.521074 0.037483 0.039715
0 0.595335 0.505413 0.036155 0.039563
0 0.777361 0.338634 0.034958 0.040967
0 0.147572 0.308177 0.037483 0.039715
0 0.544504 0.496457 0.037742 0.042825
0 0.696277 0.660612 0.038939 0.041422
0 0.812445 0.600902 0.038810 0.039867
0 0.809400 0.637447 0.038939 0.041422
0 0.817742 0.529292 0.037483 0.039715
0 0.458588 0.490551 0.036026 0.038008
0 0.429072 0.193598 0.037613 0.041270
0 0.137499 0.412995 0.037613 0.041270
0 0.660075 0.403710 0.036026 0.038008
0 0.610026 0.321058 0.034958 0.040967
0 0.456934 0.526471 0.036285 0.041118
0 0.698594 0.624768 0.037353 0.038160
0 0.464483 0.419795 0.033502 0.039259
0 0.602688 0.433253 0.038680 0.038312
0 0.657095 0.439478 0.036026 0.038008
0 0.421993 0.302683 0.036026 0.038008
0 0.831040 0.345562 0.036155 0.039563
0 0.715277 0.408457 0.037353 0.038160
0 0.700910 0.588925 0.038939 0.041422
0 0.773458 0.377436 0.036026 0.038008
0 0.828658 0.382183 0.037613 0.041270
0 0.143929 0.343868 0.038551 0.036757
0 0.654180 0.474468 0.035896 0.036454
0 0.710708 0.479367 0.037483 0.039715
0 0.865264 0.642269 0.038939 0.041422
0 0.468127 0.384103 0.034570 0.036302
0 0.424180 0.268395 0.037353 0.038160
0 0.882077 0.424403 0.038939 0.041422
0 0.763204 0.524621 0.034829 0.039411
0 0.723748 0.298747 0.038551 0.036757
0 0.198935 0.350947 0.040007 0.038464
0 0.598380 0.468869 0.036285 0.041118
0 0.461568 0.454784 0.036026 0.038008
0 0.771206 0.412502 0.037483 0.039715
0 0.650407 0.511715 0.037742 0.042825
0 0.512210 0.369523 0.034699 0.037856
0 0.215786 0.783821 0.035896 0.036454
0 0.845969 0.713063 0.024762 0.029018
0 0.472567 0.781019 0.023564 0.030421
0 0.546821 0.460614 0.037773 0.027427
0 0.644250 0.617765 0.037483 0.039715
0 0.878903 0.462503 0.039069 0.042977
0 0.433482 0.807945 0.038939 0.041422
0 0.686074 0.766985 0.038810 0.039867
0 0.815489 0.564357 0.038680 0.038312
0 0.676471 0.874211 0.040136 0.040018
0 0.787941 0.886966 0.037742 0.042825
0 0.398023 0.590377 0.038939 0.041422
0 0.563218 0.898931 0.040136 0.040018
0 0.741939 0.771807 0.038551 0.036757
0 0.389018 0.698457 0.041205 0.037061
0 0.732869 0.880665 0.038810 0.039867
0 0.532390 0.641860 0.037613 0.041270
0 0.581892 0.682847 0.038810 0.039867
0 0.372024 0.227104 0.036155 0.039563
0 0.169266 0.674883 0.040136 0.040018
0 0.132138 0.485383 0.038810 0.039867
0 0.382718 0.766028 0.037353 0.038160
0 0.125514 0.556842 0.037224 0.036606
0 0.647363 0.548260 0.034440 0.034746
0 0.517619 0.819142 0.037613 0.041270
0 0.513247 0.855535 0.037483 0.039715
0 0.683029 0.803530 0.038680 0.038312
0 0.784103 0.924990 0.036026 0.038008
0 0.135053 0.450393 0.038680 0.038312
0 0.726987 0.259869 0.039069 0.042977
0 0.888896 0.350611 0.035088 0.042521
0 0.855855 0.747163 0.040655 0.046240
0 0.575802 0.755938 0.038551 0.036757
0 0.401796 0.553131 0.037353 0.038160
0 0.453226 0.562940 0.037224 0.036606
0 0.729355 0.914801 0.039877 0.036909
0 0.255125 0.319699 0.034440 0.034746
0 0.801188 0.744048 0.037483 0.039715
0 0.674219 0.909277 0.041335 0.038616
0 0.116509 0.664921 0.037613 0.041270
0 0.738231 0.808276 0.037872 0.044381
0 0.579380 0.721024 0.040266 0.041574
0 0.179858 0.563845 0.037353 0.038160
0 0.519935 0.783298 0.036026 0.038008
0 0.395577 0.627775 0.040266 0.041574
0 0.641140 0.655088 0.040136 0.040018
0 0.587059 0.612792 0.037224 0.036606
0 0.634582 0.725770 0.038680 0.038312
0 0.510332 0.890525 0.037353 0.038160
0 0.375199 0.189003 0.038939 0.041422
0 0.868374 0.604947 0.036026 0.038008
0 0.637562 0.690003 0.038680 0.038312
0 0.245717 0.424592 0.039069 0.042977
0 0.412923 0.411540 0.036026 0.038008
0 0.188798 0.456543 0.037353 0.038160
0 0.876392 0.500679 0.037353 0.038160
0 0.391933 0.663467 0.043988 0.038919
0 0.804168 0.708280 0.037224 0.036606
0 0.704019 0.551603 0.038680 0.038312
0 0.209033 0.856835 0.037224 0.036606
0 0.191778 0.420775 0.037353 0.038160
0 0.843546 0.894898 0.040395 0.043129
0 0.759625 0.559535 0.036026 0.038008
0 0.821255 0.495155 0.035896 0.036454
0 0.529410 0.677628 0.037353 0.038160
0 0.185154 0.492234 0.036026 0.038008
0 0.204426 0.277004 0.036414 0.042673
0 0.523338 0.227932 0.030200 0.031181
0 0.689054 0.731218 0.038810 0.039867
0 0.534771 0.605239 0.038810 0.039867
0 0.549671 0.426402 0.035896 0.036454
0 0.720768 0.334514 0.038810 0.039867
0 0.753730 0.630292 0.038810 0.039867
0 0.471107 0.348336 0.034829 0.039411
0 0.559194 0.312102 0.036026 0.038008
0 0.555228 0.351681 0.037742 0.042825
0 0.201187 0.315881 0.038810 0.039867
0 0.552586 0.391412 0.036285 0.041118
0 0.415110 0.377252 0.037353 0.038160
0 0.662522 0.366313 0.037613 0.041270
0 0.608114 0.360088 0.037353 0.038160
0 0.426497 0.232552 0.038939 0.041422
0 0.605798 0.395931 0.038680 0.038312
0 0.474217 0.311013 0.037742 0.042825
0 0.418948 0.339228 0.039069 0.042977
