0 0.912751 0.554299 0.026388 0.035093
0 0.488375 0.375586 0.051496 0.050009
0 0.476168 0.280156 0.048797 0.045066
0 0.484179 0.344309 0.046797 0.036993
0 0.468185 0.211397 0.050478 0.041242
0 0.608017 0.847722 0.027860 0.038620
0 0.541679 0.737606 0.024575 0.037781
0 0.321156 0.751263 0.039034 0.052500
0 0.903174 0.685463 0.027142 0.041588
0 0.133071 0.845239 0.026047 0.041308
0 0.137689 0.885016 0.028425 0.043490
0 0.130044 0.459854 0.039941 0.051157
0 0.613371 0.888984 0.026199 0.033470
0 0.353976 0.912561 0.028237 0.041867
0 0.470955 0.244960 0.049608 0.052048
0 0.917104 0.596652 0.028237 0.041867
0 0.459909 0.144971 0.052327 0.048016
0 0.943932 0.589805 0.026765 0.038340
0 0.463321 0.179205 0.049420 0.050425
0 0.480230 0.310295 0.048324 0.050145
0 0.628830 0.589987 0.028237 0.041867
0 0.923100 0.638584 0.025670 0.038061
0 0.939219 0.549215 0.026765 0.038340
0 0.908322 0.516145 0.026953 0.039964
0 0.858385 0.319095 0.024575 0.037781
0 0.933318 0.508094 0.024386 0.036157
0 0.597309 0.765200 0.026047 0.041308
0 0.948738 0.631206 0.026953 0.039964
0 0.953450 0.671795 0.029521 0.043770
0 0.567865 0.730087 0.024763 0.039405
0 0.898745 0.647309 0.026576 0.036716
0 0.587450 0.893928 0.025858 0.039684
0 0.872464 0.654016 0.024763 0.039405
0 0.883929 0.310903 0.023480 0.037502
0 0.928700 0.468316 0.026765 0.038340
0 0.871974 0.441002 0.028237 0.041867
0 0.908756 0.306239 0.026765 0.038340
0 0.923158 0.425431 0.027671 0.036996
0 0.903968 0.473793 0.025858 0.039684
0 0.504582 0.529757 0.034807 0.043544
0 0.582926 0.854962 0.025481 0.036437
0 0.593238 0.725283 0.024763 0.039405
0 0.572124 0.771628 0.027860 0.038620
0 0.166089 0.323607 0.038810 0.041415
0 0.862909 0.358060 0.027142 0.041588
0 0.552690 0.395445 0.026765 0.038340
0 0.889190 0.351353 0.024952 0.041029
0 0.567562 0.518697 0.028614 0.045114
0 0.655903 0.371610 0.024386 0.036157
0 0.438437 0.295051 0.025140 0.042652
0 0.912731 0.345344 0.025670 0.038061
0 0.919086 0.385514 0.027142 0.041588
0 0.893808 0.391130 0.024386 0.036157
0 0.413893 0.302152 0.026047 0.041308
0 0.604344 0.383934 0.024575 0.037781
0 0.573743 0.688466 0.041943 0.050091
0 0.342985 0.827603 0.025858 0.039684
0 0.379562 0.356049 0.039187 0.044662
0 0.318082 0.836467 0.028237 0.041867
0 0.348715 0.872112 0.027142 0.041588
0 0.899067 0.431580 0.025858 0.039684
0 0.659880 0.410715 0.025858 0.039684
0 0.124049 0.417920 0.039564 0.047909
0 0.322889 0.877868 0.025858 0.039684
0 0.367550 0.699301 0.039376 0.046285
0 0.603493 0.808757 0.028237 0.041867
0 0.577855 0.816136 0.026953 0.039964
0 0.598744 0.554203 0.025670 0.038061
0 0.584324 0.429999 0.025481 0.036437
0 0.868074 0.397698 0.028048 0.040243
0 0.843437 0.403987 0.024763 0.039405
0 0.834200 0.324432 0.026953 0.039964
0 0.635883 0.417676 0.025670 0.038061
0 0.878873 0.607244 0.040130 0.052780
0 0.171161 0.362432 0.040659 0.048189
0 0.579518 0.388598 0.026047 0.041308
0 0.313370 0.795878 0.025670 0.038061
0 0.716318 0.561806 0.039034 0.052500
0 0.338744 0.791073 0.025670 0.038061
0 0.111224 0.763887 0.041754 0.048468
0 0.869071 0.522819 0.037939 0.052221
0 0.891356 0.268052 0.041943 0.050091
0 0.120620 0.378675 0.037751 0.050597
0 0.838271 0.364348 0.026047 0.041308
0 0.630530 0.376414 0.027330 0.043211
0 0.885455 0.226931 0.039941 0.051157
0 0.067966 0.391279 0.040507 0.056027
0 0.595863 0.514817 0.026765 0.038340
0 0.115389 0.804617 0.043603 0.055242
0 0.160264 0.278286 0.040353 0.063865
0 0.072866 0.433491 0.039753 0.049532
0 0.106135 0.720050 0.042885 0.058209
0 0.672415 0.620654 0.038469 0.047630
0 0.738962 0.305275 0.039753 0.049532
0 0.384275 0.396638 0.040318 0.054404
0 0.773912 0.169308 0.037562 0.048973
0 0.873520 0.565984 0.038846 0.050877
0 0.316632 0.712297 0.038280 0.046005
0 0.726591 0.650291 0.039223 0.054124
0 0.558780 0.438190 0.027330 0.043211
0 0.613410 0.466875 0.025670 0.038061
0 0.624571 0.548446 0.027330 0.043211
0 0.412831 0.642609 0.037939 0.052221
0 0.421726 0.728938 0.037939 0.052221
0 0.769181 0.123709 0.039788 0.058994
0 0.371526 0.738407 0.041225 0.053059
0 0.468196 0.672777 0.035184 0.046791
0 0.632962 0.290538 0.036467 0.048694
0 0.589679 0.471261 0.027142 0.041588
0 0.310259 0.667117 0.039788 0.058994
0 0.676580 0.661384 0.040318 0.054404
0 0.779360 0.211381 0.036467 0.048694
0 0.494969 0.446955 0.046511 0.052833
0 0.721955 0.605503 0.037939 0.052221
0 0.880913 0.182954 0.041413 0.054683
0 0.417732 0.684822 0.037939 0.052221
0 0.734062 0.263063 0.040130 0.052780
0 0.281986 0.423582 0.038657 0.049253
0 0.666325 0.577910 0.039411 0.055747
0 0.273090 0.337253 0.039034 0.052500
0 0.269879 0.766021 0.041225 0.053059
0 0.565490 0.602809 0.039223 0.054124
0 0.077673 0.474892 0.042508 0.054963
0 0.839532 0.282951 0.038657 0.049253
0 0.221077 0.350528 0.037939 0.052221
0 0.609604 0.424383 0.025670 0.038061
0 0.687497 0.318411 0.040884 0.059274
0 0.175608 0.405597 0.042320 0.053339
0 0.785167 0.251691 0.041225 0.053059
0 0.570768 0.648270 0.038846 0.050877
0 0.677525 0.237373 0.039411 0.055747
0 0.830638 0.196622 0.039034 0.052500
0 0.473833 0.716475 0.041413 0.054683
0 0.264979 0.723809 0.038657 0.049253
0 0.334281 0.412741 0.039941 0.051157
0 0.361819 0.654792 0.039599 0.057370
0 0.500058 0.490791 0.042131 0.051715
0 0.627872 0.246702 0.039411 0.055747
0 0.463560 0.627990 0.039411 0.055747
0 0.729538 0.224097 0.035372 0.048414
0 0.114982 0.334979 0.039223 0.054124
0 0.587398 0.344795 0.038846 0.050877
0 0.532410 0.317874 0.038280 0.046005
0 0.323461 0.324397 0.039034 0.052500
0 0.637768 0.331939 0.039223 0.054124
0 0.259795 0.679161 0.041790 0.057929
0 0.577596 0.260370 0.038846 0.050877
0 0.328550 0.368233 0.039034 0.052500
0 0.835085 0.239786 0.039941 0.051157
0 0.276990 0.380556 0.038846 0.050877
0 0.537669 0.358324 0.040130 0.052780
0 0.527321 0.274038 0.039411 0.055747
0 0.226072 0.393552 0.037751 0.050597
0 0.583138 0.303254 0.039753 0.049532
0 0.374473 0.312213 0.040695 0.057650
0 0.230426 0.435905 0.041413 0.054683
0 0.723900 0.180401 0.039411 0.055747
