0 0.654427 0.373355 0.032222 0.039474
0 0.073316 0.326480 0.021111 0.037829
0 0.073872 0.244243 0.022222 0.034539
0 0.002491 0.616776 0.004983 0.036184
0 0.097205 0.245066 0.024444 0.032895
0 0.601094 0.412829 0.032222 0.036184
0 0.001936 0.286184 0.003872 0.029605
0 0.097205 0.494243 0.020000 0.031250
0 0.655538 0.537007 0.034444 0.037829
0 0.002491 0.328125 0.004983 0.037829
0 0.021649 0.411184 0.024444 0.032895
0 0.073316 0.152138 0.021111 0.041118
0 0.073316 0.410362 0.021111 0.034539
0 0.654983 0.497533 0.033333 0.037829
0 0.498316 0.703947 0.035556 0.042763
0 0.003047 0.826480 0.006094 0.034539
0 0.201649 0.368421 0.022222 0.032895
0 0.044983 0.278783 0.022222 0.027961
0 0.498872 0.621711 0.032222 0.039474
0 0.019983 0.285362 0.018889 0.031250
0 0.096649 0.369243 0.021111 0.027961
0 0.355538 0.290296 0.021111 0.037829
0 0.655538 0.744243 0.030000 0.037829
0 0.020538 0.574836 0.024444 0.034539
0 0.073872 0.699836 0.024444 0.031250
0 0.002492 0.534539 0.004983 0.036184
0 0.002491 0.493421 0.004983 0.036184
0 0.021094 0.368421 0.023333 0.036184
0 0.201649 0.245888 0.022222 0.034539
0 0.021649 0.453125 0.024444 0.037829
0 0.003047 0.912007 0.006094 0.034539
0 0.003047 0.575658 0.006094 0.036184
0 0.148872 0.534539 0.023333 0.032895
0 0.001936 0.409539 0.003872 0.036184
0 0.601094 0.329770 0.034444 0.037829
0 0.020538 0.151316 0.022222 0.036184
0 0.149983 0.908717 0.025556 0.037829
0 0.073872 0.658717 0.022222 0.041118
0 0.241094 0.278783 0.043333 0.031250
0 0.001936 0.367599 0.003872 0.027961
0 0.073872 0.532895 0.022222 0.029605
0 0.241094 0.210526 0.045556 0.029605
0 0.497205 0.535362 0.033333 0.044408
0 0.655538 0.700658 0.030000 0.046053
0 0.656649 0.660362 0.034444 0.031250
0 0.600538 0.498355 0.035556 0.046053
0 0.019983 0.615954 0.023333 0.034539
0 0.019983 0.532072 0.023333 0.031250
0 0.241649 0.376562 0.042222 0.033059
0 0.252205 0.749178 0.021111 0.021382
0 0.252205 0.728618 0.021111 0.023026
0 0.498316 0.330592 0.031111 0.039474
0 0.498872 0.868421 0.034444 0.042763
0 0.148872 0.409539 0.023333 0.026316
0 0.020538 0.198191 0.022222 0.037829
0 0.241094 0.346217 0.043333 0.031250
0 0.239427 0.492599 0.040000 0.031250
0 0.498872 0.372533 0.036667 0.044408
0 0.394983 0.373355 0.033333 0.042763
0 0.444983 0.373355 0.033333 0.042763
0 0.549427 0.374178 0.035556 0.044408
0 0.549427 0.157072 0.035556 0.047697
0 0.444983 0.199836 0.035556 0.047697
0 0.498316 0.157072 0.035556 0.047697
0 0.445538 0.453125 0.032222 0.041118
0 0.394983 0.290296 0.033333 0.041118
0 0.394983 0.246711 0.033333 0.046053
0 0.498316 0.203947 0.035556 0.046053
0 0.343316 0.245888 0.032222 0.044408
0 0.498316 0.248355 0.035556 0.042763
0 0.447205 0.744243 0.035556 0.044408
0 0.292205 0.413651 0.034444 0.044408
0 0.444427 0.332237 0.034444 0.042763
0 0.148872 0.867599 0.027778 0.041118
0 0.549427 0.291118 0.033333 0.042763
0 0.149983 0.453947 0.025556 0.036184
0 0.498316 0.291118 0.031111 0.039474
0 0.447205 0.662007 0.033333 0.044408
0 0.654983 0.203947 0.035556 0.055921
0 0.599427 0.373355 0.033333 0.042763
0 0.548872 0.333059 0.032222 0.041118
0 0.148872 0.615954 0.023333 0.037829
0 0.497761 0.494243 0.030000 0.034539
0 0.599983 0.156250 0.034444 0.046053
0 0.498872 0.828125 0.034444 0.037829
0 0.655538 0.577303 0.034444 0.042763
0 0.097205 0.328125 0.022222 0.041118
0 0.097205 0.536184 0.022222 0.036184
0 0.653316 0.251645 0.034444 0.039474
0 0.176649 0.246711 0.021111 0.036184
0 0.148872 0.575658 0.023333 0.036184
0 0.097761 0.410362 0.021111 0.034539
0 0.176094 0.200658 0.022222 0.042763
0 0.498872 0.786184 0.034444 0.042763
0 0.446094 0.533717 0.028889 0.041118
0 0.002492 0.451480 0.004983 0.037829
0 0.151094 0.743421 0.023333 0.032895
0 0.073872 0.493421 0.022222 0.036184
0 0.074983 0.782895 0.024444 0.039474
0 0.395538 0.330592 0.032222 0.039474
0 0.656649 0.787829 0.034444 0.049342
0 0.201094 0.154605 0.023333 0.036184
0 0.074427 0.825658 0.025556 0.036184
0 0.123872 0.327303 0.022222 0.036184
0 0.150538 0.782072 0.022222 0.034539
0 0.175538 0.367599 0.021111 0.034539
0 0.002491 0.243421 0.004983 0.032895
0 0.343872 0.154605 0.033333 0.049342
0 0.241649 0.143914 0.044444 0.034539
0 0.097761 0.200658 0.023333 0.036184
0 0.072761 0.367599 0.022222 0.037829
0 0.072761 0.286184 0.020000 0.032895
0 0.003047 0.662007 0.006094 0.037829
0 0.097761 0.152961 0.023333 0.039474
0 0.240538 0.177632 0.042222 0.039474
0 0.303872 0.152138 0.024444 0.037829
0 0.200538 0.453125 0.022222 0.031250
0 0.002491 0.152961 0.004983 0.039474
0 0.021094 0.494243 0.023333 0.034539
0 0.176649 0.153783 0.021111 0.041118
0 0.003603 0.867599 0.007205 0.034539
0 0.073316 0.576480 0.023333 0.034539
0 0.149983 0.199836 0.023333 0.041118
0 0.003047 0.741776 0.006094 0.036184
0 0.498316 0.578947 0.035556 0.046053
0 0.303316 0.328125 0.021111 0.037829
0 0.021094 0.324836 0.023333 0.037829
0 0.003047 0.782895 0.006094 0.039474
0 0.303872 0.285362 0.022222 0.041118
0 0.303872 0.245066 0.024444 0.032895
0 0.074427 0.742599 0.023333 0.034539
0 0.097205 0.452303 0.022222 0.032895
0 0.003047 0.701480 0.006094 0.034539
0 0.201649 0.411184 0.022222 0.039474
0 0.123872 0.285362 0.017778 0.037829
0 0.073316 0.199013 0.021111 0.036184
0 0.074427 0.912829 0.027778 0.042763
0 0.021094 0.243421 0.023333 0.039474
0 0.600538 0.291941 0.033333 0.037829
0 0.499427 0.912007 0.035556 0.044408
0 0.177205 0.493421 0.022222 0.036184
0 0.655538 0.621711 0.034444 0.046053
0 0.149983 0.824836 0.025556 0.037829
0 0.601094 0.453125 0.034444 0.044408
0 0.600538 0.203947 0.033333 0.046053
0 0.149427 0.659539 0.022222 0.036184
0 0.074427 0.866776 0.027778 0.039474
0 0.653872 0.333059 0.033333 0.041118
0 0.303872 0.202303 0.024444 0.036184
0 0.447761 0.703125 0.032222 0.037829
0 0.241649 0.312500 0.042222 0.039474
0 0.177205 0.327303 0.020000 0.032895
0 0.239983 0.244243 0.043333 0.041118
0 0.177205 0.410362 0.022222 0.041118
0 0.201649 0.287007 0.020000 0.037829
0 0.073872 0.615954 0.024444 0.037829
0 0.072205 0.453125 0.023333 0.037829
0 0.201094 0.200658 0.023333 0.032895
0 0.446649 0.911184 0.034444 0.042763
0 0.149427 0.152961 0.024444 0.039474
0 0.098316 0.285362 0.022222 0.037829
0 0.654427 0.415296 0.034444 0.041118
0 0.149427 0.703125 0.024444 0.037829
0 0.201094 0.328125 0.023333 0.037829
0 0.394427 0.199836 0.032222 0.047697
0 0.498872 0.414474 0.034444 0.039474
0 0.447205 0.787007 0.033333 0.041118
0 0.149427 0.493421 0.024444 0.036184
0 0.150538 0.328947 0.022222 0.036184
0 0.446649 0.575658 0.032222 0.042763
0 0.003047 0.199836 0.006094 0.037829
0 0.446649 0.870888 0.032222 0.041118
0 0.446649 0.617599 0.034444 0.041118
0 0.149427 0.287829 0.022222 0.036184
0 0.292205 0.458882 0.036667 0.046053
0 0.149983 0.245066 0.023333 0.039474
0 0.654427 0.291941 0.034444 0.041118
0 0.599983 0.250000 0.034444 0.046053
0 0.201649 0.494243 0.024444 0.041118
0 0.549427 0.205592 0.033333 0.046053
0 0.291649 0.367599 0.033333 0.047697
0 0.176649 0.453947 0.023333 0.036184
0 0.549983 0.247533 0.034444 0.041118
0 0.444983 0.413651 0.033333 0.037829
0 0.654983 0.457237 0.035556 0.042763
0 0.444427 0.290296 0.030000 0.041118
0 0.239983 0.448191 0.041111 0.047697
0 0.499427 0.745066 0.035556 0.039474
0 0.445538 0.494243 0.034444 0.041118
0 0.393872 0.416118 0.037778 0.046053
0 0.447205 0.828947 0.033333 0.042763
0 0.343872 0.201480 0.031111 0.037829
0 0.177205 0.287007 0.022222 0.037829
0 0.498872 0.454770 0.032222 0.041118
0 0.498872 0.662007 0.034444 0.041118
0 0.444427 0.247533 0.032222 0.044408
0 0.149427 0.370888 0.022222 0.037829
