0 0.645902 0.589399 0.022500 0.036392
0 0.646527 0.625791 0.023750 0.030063
0 0.246527 0.752373 0.033750 0.036392
0 0.245902 0.728639 0.032500 0.030063
0 0.634027 0.388449 0.036250 0.036392
0 0.648402 0.667722 0.020000 0.018987
0 0.246527 0.784810 0.036250 0.041139
0 0.468402 0.443038 0.032500 0.031646
0 0.799027 0.659810 0.033750 0.028481
0 0.909652 0.595728 0.032500 0.033228
0 0.302152 0.628956 0.035000 0.033228
0 0.301527 0.565665 0.033750 0.033228
0 0.469027 0.598101 0.033750 0.028481
0 0.245277 0.626582 0.033750 0.031646
0 0.964652 0.662184 0.030000 0.030063
0 0.302777 0.884494 0.031250 0.031646
0 0.413402 0.726266 0.030000 0.031646
0 0.964652 0.630538 0.032500 0.033228
0 0.798402 0.851266 0.035000 0.031646
0 0.357777 0.788766 0.033750 0.033228
0 0.412777 0.693829 0.033750 0.033228
0 0.797777 0.472310 0.033750 0.030063
0 0.523402 0.629747 0.032500 0.031646
0 0.468402 0.411392 0.032500 0.031646
0 0.744027 0.819620 0.033750 0.034810
0 0.964652 0.723892 0.032500 0.030063
0 0.634027 0.459652 0.033750 0.036392
0 0.743402 0.851266 0.032500 0.031646
0 0.524027 0.660601 0.033750 0.033228
0 0.965902 0.440665 0.030000 0.030063
0 0.468402 0.507911 0.032500 0.031646
0 0.468402 0.344937 0.032500 0.031646
0 0.245902 0.565665 0.035000 0.033228
0 0.358402 0.662975 0.032500 0.034810
0 0.854027 0.629747 0.031250 0.031646
0 0.688402 0.441456 0.032500 0.031646
0 0.743402 0.883703 0.035000 0.030063
0 0.964027 0.566456 0.031250 0.028481
0 0.468402 0.695411 0.032500 0.036392
0 0.524027 0.884494 0.031250 0.028481
0 0.357777 0.377373 0.033750 0.036392
0 0.246527 0.375791 0.033750 0.033228
0 0.524027 0.724684 0.031250 0.031646
0 0.301527 0.473101 0.031250 0.031646
0 0.579652 0.346519 0.032500 0.034810
0 0.687152 0.598101 0.032500 0.031646
0 0.580902 0.443038 0.032500 0.028481
0 0.523402 0.757120 0.032500 0.033228
0 0.524027 0.692247 0.031250 0.033228
0 0.302777 0.694620 0.033750 0.034810
0 0.468402 0.568038 0.035000 0.031646
0 0.302152 0.596519 0.035000 0.031646
0 0.854027 0.692247 0.031250 0.030063
0 0.744027 0.693829 0.031250 0.033228
0 0.357777 0.724684 0.033750 0.031646
0 0.909652 0.442247 0.030000 0.030063
0 0.964652 0.598101 0.032500 0.031646
0 0.964652 0.756329 0.032500 0.031646
0 0.743402 0.661392 0.032500 0.031646
0 0.245902 0.503956 0.032500 0.033228
0 0.468402 0.661392 0.032500 0.031646
0 0.413402 0.536392 0.032500 0.034810
0 0.412152 0.505538 0.032500 0.030063
0 0.797777 0.821203 0.033750 0.031646
0 0.687777 0.660601 0.033750 0.030063
0 0.302152 0.409810 0.035000 0.034810
0 0.580277 0.473101 0.031250 0.031646
0 0.412152 0.821203 0.032500 0.031646
0 0.687777 0.693038 0.033750 0.034810
0 0.798402 0.443038 0.032500 0.031646
0 0.853402 0.855222 0.032500 0.033228
0 0.910277 0.787184 0.033750 0.033228
0 0.246527 0.693038 0.033750 0.031646
0 0.909027 0.628165 0.031250 0.031646
0 0.524652 0.443038 0.032500 0.031646
0 0.797777 0.788766 0.033750 0.033228
0 0.523402 0.535601 0.030000 0.033228
0 0.580277 0.505538 0.031250 0.033228
0 0.411527 0.473101 0.031250 0.031646
0 0.245277 0.410601 0.033750 0.033228
0 0.965277 0.473101 0.031250 0.034810
0 0.687777 0.535601 0.033750 0.030063
0 0.302152 0.505538 0.030000 0.030063
0 0.744027 0.568038 0.031250 0.031646
0 0.633402 0.348892 0.035000 0.039557
0 0.744027 0.441456 0.031250 0.031646
0 0.909652 0.820411 0.032500 0.033228
0 0.245902 0.441456 0.035000 0.031646
0 0.357777 0.536392 0.033750 0.034810
0 0.412777 0.852848 0.033750 0.031646
0 0.964652 0.693038 0.032500 0.031646
0 0.357152 0.822785 0.032500 0.034810
0 0.799027 0.598892 0.031250 0.030063
0 0.798402 0.882120 0.035000 0.030063
0 0.523402 0.819620 0.032500 0.031646
0 0.303402 0.375000 0.035000 0.037975
0 0.524027 0.504747 0.033750 0.028481
0 0.854027 0.473101 0.031250 0.028481
0 0.688402 0.474684 0.030000 0.034810
0 0.854652 0.598892 0.032500 0.030063
0 0.799027 0.723892 0.033750 0.033228
0 0.964027 0.536392 0.033750 0.031646
0 0.580277 0.536392 0.031250 0.031646
0 0.246527 0.659810 0.033750 0.034810
0 0.854027 0.821203 0.033750 0.037975
0 0.467777 0.475475 0.033750 0.033228
0 0.412152 0.411392 0.032500 0.031646
0 0.468402 0.378165 0.035000 0.034810
0 0.854027 0.756329 0.033750 0.034810
0 0.799027 0.691456 0.031250 0.031646
0 0.523402 0.378165 0.035000 0.034810
0 0.909027 0.472310 0.031250 0.033228
0 0.910277 0.755538 0.033750 0.033228
0 0.797777 0.756329 0.033750 0.031646
0 0.524652 0.473892 0.032500 0.033228
0 0.689027 0.408228 0.031250 0.034810
0 0.523402 0.598892 0.032500 0.030063
0 0.357777 0.474684 0.031250 0.031646
0 0.909652 0.724684 0.032500 0.031646
0 0.687777 0.567247 0.033750 0.033228
0 0.357777 0.441456 0.033750 0.034810
0 0.797777 0.409810 0.033750 0.034810
0 0.909652 0.692247 0.032500 0.033228
0 0.743402 0.473892 0.030000 0.033228
0 0.744652 0.536392 0.030000 0.031646
0 0.412777 0.378165 0.033750 0.034810
0 0.578402 0.567247 0.035000 0.033228
0 0.854027 0.409019 0.031250 0.033228
0 0.744652 0.409019 0.032500 0.033228
0 0.854027 0.661392 0.031250 0.031646
0 0.523402 0.411392 0.035000 0.031646
0 0.744027 0.503956 0.031250 0.030063
0 0.854027 0.442247 0.033750 0.033228
0 0.413402 0.566456 0.030000 0.028481
0 0.357777 0.629747 0.033750 0.031646
0 0.648402 0.647943 0.020000 0.017405
0 0.645902 0.859177 0.022500 0.022152
0 0.647777 0.689082 0.021250 0.023734
0 0.963402 0.821203 0.035000 0.031646
0 0.744027 0.598892 0.031250 0.030063
0 0.522777 0.344937 0.031250 0.031646
0 0.523402 0.787184 0.030000 0.030063
0 0.744027 0.756329 0.031250 0.034810
0 0.302152 0.661392 0.035000 0.031646
0 0.965277 0.506329 0.031250 0.031646
0 0.854652 0.568829 0.032500 0.033228
0 0.909652 0.660601 0.032500 0.033228
0 0.579027 0.411392 0.033750 0.034810
0 0.522777 0.568038 0.033750 0.031646
0 0.852777 0.723101 0.033750 0.031646
0 0.854027 0.536392 0.031250 0.031646
0 0.798402 0.503165 0.032500 0.031646
0 0.798402 0.534810 0.032500 0.031646
0 0.910277 0.409019 0.031250 0.036392
0 0.854027 0.503165 0.033750 0.031646
0 0.798402 0.568038 0.032500 0.031646
0 0.909652 0.534810 0.035000 0.034810
0 0.635496 0.532927 0.033588 0.025506
0 0.634027 0.508703 0.036250 0.023734
0 0.633402 0.422231 0.035000 0.033703
0 0.634652 0.555142 0.035000 0.016297
0 0.412777 0.884494 0.033750 0.031646
0 0.909652 0.567247 0.032500 0.033228
0 0.302152 0.727057 0.035000 0.030063
0 0.412152 0.788766 0.032500 0.033228
0 0.412152 0.442247 0.032500 0.030063
0 0.909652 0.852057 0.032500 0.030063
0 0.687777 0.507120 0.031250 0.030063
0 0.579652 0.378956 0.032500 0.030063
0 0.467777 0.537184 0.033750 0.030063
0 0.910277 0.502373 0.028750 0.030063
0 0.302152 0.821203 0.032500 0.034810
0 0.744652 0.723892 0.032500 0.030063
0 0.301527 0.441456 0.033750 0.031646
0 0.357777 0.755538 0.033750 0.030063
0 0.357152 0.853639 0.032500 0.030063
0 0.245902 0.471519 0.032500 0.028481
0 0.523402 0.852057 0.027500 0.030063
0 0.245902 0.596519 0.032500 0.028481
0 0.302152 0.756329 0.035000 0.031646
0 0.302152 0.787975 0.035000 0.031646
0 0.964027 0.884494 0.033750 0.031646
0 0.412777 0.757120 0.033750 0.033228
0 0.853402 0.885285 0.035000 0.023734
0 0.688402 0.629747 0.032500 0.031646
0 0.357777 0.694620 0.033750 0.028481
0 0.247152 0.821994 0.032500 0.033228
0 0.301527 0.853639 0.031250 0.030063
0 0.854027 0.787184 0.031250 0.030063
0 0.245277 0.534019 0.033750 0.030063
0 0.412152 0.596519 0.032500 0.034810
0 0.646527 0.882120 0.021250 0.023734
0 0.357152 0.568038 0.030000 0.028481
0 0.965277 0.405854 0.031250 0.033228
0 0.468402 0.628956 0.032500 0.033228
0 0.412777 0.662184 0.031250 0.033228
0 0.247777 0.885285 0.033750 0.033228
0 0.963402 0.851266 0.035000 0.034810
0 0.357152 0.409019 0.032500 0.030063
0 0.357152 0.885285 0.035000 0.030063
0 0.302152 0.535601 0.032500 0.030063
0 0.907777 0.882911 0.036250 0.031646
0 0.357152 0.503956 0.032500 0.026899
0 0.798402 0.629747 0.030000 0.031646
0 0.963402 0.788766 0.035000 0.033228
0 0.744027 0.786392 0.033750 0.028481
0 0.412152 0.630538 0.032500 0.033228
0 0.246527 0.852848 0.031250 0.031646
0 0.358402 0.598892 0.032500 0.033228
0 0.634652 0.797468 0.030000 0.031646
0 0.742777 0.629747 0.031250 0.031646
