0 0.110472 0.523994 0.034667 0.035604
0 0.482472 0.580495 0.026667 0.027864
0 0.164472 0.622291 0.036000 0.024768
0 0.482472 0.722136 0.026667 0.029412
0 0.467805 0.398607 0.037333 0.032508
0 0.111805 0.888545 0.040000 0.037152
0 0.162472 0.593653 0.037333 0.032508
0 0.579805 0.433437 0.040000 0.034056
0 0.579139 0.396285 0.038667 0.037152
0 0.112472 0.818111 0.038667 0.035604
0 0.357805 0.612229 0.038667 0.038700
0 0.163139 0.418731 0.036000 0.032508
0 0.162472 0.448916 0.037333 0.030960
0 0.055139 0.523994 0.030667 0.038700
0 0.302472 0.886223 0.040000 0.041796
0 0.303805 0.746904 0.040000 0.038700
0 0.111805 0.757740 0.037333 0.032508
0 0.412472 0.365325 0.038667 0.037152
0 0.055139 0.683437 0.036000 0.035604
0 0.163139 0.479102 0.036000 0.032508
0 0.357805 0.535604 0.038667 0.049536
0 0.055139 0.719040 0.038667 0.035604
0 0.053805 0.602941 0.036000 0.038700
0 0.205139 0.277090 0.034667 0.034056
0 0.111139 0.723684 0.038667 0.032508
0 0.110472 0.690402 0.034667 0.034056
0 0.163139 0.361455 0.036000 0.035604
0 0.052472 0.563467 0.036000 0.037152
0 0.303805 0.607585 0.037333 0.044892
0 0.109805 0.591331 0.036000 0.034056
0 0.109139 0.323529 0.037333 0.037152
0 0.054472 0.643963 0.037333 0.040248
0 0.109805 0.558050 0.036000 0.035604
0 0.007236 0.321207 0.014472 0.041796
0 0.579139 0.360681 0.038667 0.037152
0 0.109139 0.454334 0.037333 0.032508
0 0.109139 0.386223 0.037333 0.032508
0 0.109805 0.625387 0.036000 0.034056
0 0.247805 0.362229 0.037333 0.037152
0 0.523139 0.364551 0.041333 0.038700
0 0.412472 0.324303 0.038667 0.044892
0 0.053805 0.484520 0.038667 0.037152
0 0.356472 0.431889 0.036000 0.043344
0 0.110472 0.489164 0.037333 0.037152
0 0.467805 0.364551 0.037333 0.035604
0 0.303139 0.323529 0.038667 0.043344
0 0.053805 0.326625 0.036000 0.040248
0 0.302472 0.466718 0.040000 0.044892
0 0.053805 0.445820 0.036000 0.037152
0 0.358472 0.323529 0.040000 0.043344
0 0.165805 0.698297 0.038667 0.021981
0 0.165805 0.723375 0.036000 0.026935
0 0.163139 0.507740 0.036000 0.024768
0 0.162472 0.324149 0.034667 0.038390
0 0.065805 0.785604 0.025333 0.026316
0 0.482472 0.753870 0.026667 0.027864
0 0.455805 0.754644 0.024000 0.029412
0 0.211139 0.554180 0.022667 0.027864
0 0.357139 0.817337 0.034667 0.037152
0 0.455805 0.641641 0.024000 0.026316
0 0.479139 0.785604 0.030667 0.029412
0 0.371139 0.784830 0.025333 0.030960
0 0.484472 0.609133 0.028000 0.029412
0 0.483139 0.694272 0.025333 0.023220
0 0.481805 0.551858 0.025333 0.029412
0 0.456472 0.615325 0.025333 0.029412
0 0.482472 0.664861 0.026667 0.029412
0 0.125805 0.787152 0.022667 0.026316
0 0.482472 0.635449 0.026667 0.026316
0 0.455805 0.724458 0.026667 0.030960
0 0.163805 0.645511 0.037333 0.027864
0 0.455805 0.667183 0.024000 0.027864
0 0.455139 0.695046 0.025333 0.027864
0 0.178472 0.783282 0.021333 0.027864
0 0.482472 0.522446 0.024000 0.026316
0 0.166472 0.817337 0.034667 0.034056
0 0.468472 0.818885 0.036000 0.040248
0 0.457139 0.553406 0.026667 0.029412
0 0.467805 0.855263 0.042667 0.032508
0 0.317805 0.783282 0.025333 0.030960
0 0.482472 0.493034 0.024000 0.029412
0 0.205139 0.309598 0.034667 0.030960
0 0.357805 0.890093 0.038667 0.034056
0 0.457139 0.583591 0.026667 0.030960
0 0.481805 0.462848 0.025333 0.030960
0 0.466472 0.890867 0.037333 0.038700
0 0.456472 0.524768 0.028000 0.027864
0 0.357139 0.853715 0.037333 0.035604
0 0.056472 0.816563 0.036000 0.038700
0 0.213805 0.520124 0.025333 0.030960
0 0.578472 0.539474 0.037333 0.038700
0 0.055139 0.852941 0.036000 0.034056
0 0.055139 0.888545 0.038667 0.037152
0 0.579805 0.467492 0.037333 0.034056
0 0.163139 0.390867 0.038667 0.026316
0 0.111139 0.659443 0.033333 0.030960
0 0.355805 0.683437 0.037333 0.038700
0 0.304472 0.818111 0.038667 0.041796
0 0.165139 0.753870 0.034667 0.030960
0 0.164472 0.674149 0.038667 0.029412
0 0.455139 0.496130 0.025333 0.029412
0 0.162472 0.534056 0.034667 0.030960
0 0.579139 0.502322 0.038667 0.035604
0 0.206472 0.239938 0.032000 0.030960
0 0.109805 0.420279 0.036000 0.035604
0 0.109805 0.355263 0.036000 0.029412
0 0.206472 0.211300 0.029333 0.026316
0 0.359139 0.746904 0.038667 0.041796
0 0.468472 0.431115 0.036000 0.032508
0 0.165805 0.852167 0.036000 0.035604
0 0.112472 0.853715 0.038667 0.035604
0 0.456472 0.465170 0.028000 0.029412
0 0.162472 0.562693 0.034667 0.029412
0 0.164472 0.890867 0.041333 0.035604
0 0.056472 0.753870 0.038667 0.034056
0 0.579805 0.322755 0.040000 0.038700
0 0.248472 0.321981 0.036000 0.040248
0 0.468472 0.322755 0.038667 0.041796
0 0.053805 0.404799 0.041333 0.038700
0 0.523805 0.322755 0.040000 0.041796
0 0.055139 0.365325 0.038667 0.037152
0 0.007902 0.362229 0.015805 0.040248
