0 0.500855 0.607595 0.021250 0.025316
0 0.379605 0.407437 0.031250 0.033228
0 0.380230 0.391614 0.037500 0.064873
0 0.500230 0.579114 0.020000 0.018987
0 0.423355 0.337816 0.021250 0.026899
0 0.502730 0.684335 0.020000 0.020570
0 0.503355 0.703323 0.018750 0.020570
0 0.450855 0.337816 0.021250 0.026899
0 0.366480 0.339399 0.022500 0.026899
0 0.890855 0.157437 0.021250 0.026899
0 0.214605 0.406646 0.033750 0.034810
0 0.102730 0.431171 0.035000 0.039557
0 0.102105 0.408228 0.033750 0.034810
0 0.488980 0.436709 0.035000 0.034810
0 0.433980 0.658228 0.032500 0.031646
0 0.490230 0.371044 0.035000 0.026899
0 0.435230 0.372627 0.035000 0.026899
0 0.501480 0.631329 0.022500 0.022152
0 0.488980 0.339399 0.035000 0.036392
0 0.501480 0.878165 0.022500 0.022152
0 0.378980 0.755538 0.035000 0.033228
0 0.378355 0.785601 0.036250 0.033228
0 0.378980 0.658228 0.032500 0.031646
0 0.502105 0.856804 0.021250 0.020570
0 0.863355 0.158228 0.026250 0.028481
0 0.158355 0.437500 0.033750 0.020570
0 0.820855 0.405854 0.033750 0.026899
0 0.393980 0.339399 0.022500 0.030063
0 0.157730 0.567247 0.035000 0.023734
0 0.433980 0.628956 0.032500 0.030063
0 0.597730 0.849684 0.035000 0.031646
0 0.488980 0.795095 0.032500 0.026899
0 0.599605 0.786392 0.031250 0.031646
0 0.213980 0.377373 0.035000 0.036392
0 0.874605 0.753956 0.033750 0.033228
0 0.889605 0.228639 0.026250 0.030063
0 0.598355 0.756329 0.031250 0.031646
0 0.158355 0.849684 0.031250 0.031646
0 0.889605 0.295886 0.023750 0.028481
0 0.378355 0.628165 0.036250 0.031646
0 0.378980 0.819620 0.035000 0.028481
0 0.158355 0.693829 0.033750 0.030063
0 0.875230 0.723892 0.035000 0.033228
0 0.654605 0.565665 0.033750 0.030063
0 0.597730 0.879747 0.035000 0.031646
0 0.764605 0.598101 0.033750 0.031646
0 0.378355 0.725475 0.036250 0.030063
0 0.432730 0.787184 0.035000 0.033228
0 0.875230 0.816456 0.035000 0.031646
0 0.420855 0.436709 0.018750 0.022152
0 0.764605 0.437500 0.031250 0.026899
0 0.653980 0.724684 0.035000 0.028481
0 0.158355 0.723101 0.033750 0.031646
0 0.598980 0.596519 0.035000 0.031646
0 0.158355 0.818829 0.031250 0.030063
0 0.364605 0.501582 0.021250 0.028481
0 0.819605 0.434335 0.036250 0.036392
0 0.448355 0.499209 0.021250 0.030063
0 0.873980 0.659810 0.035000 0.031646
0 0.323355 0.755538 0.033750 0.033228
0 0.875230 0.851266 0.037500 0.037975
0 0.158355 0.661392 0.031250 0.031646
0 0.873980 0.784810 0.035000 0.031646
0 0.875855 0.596519 0.038750 0.028481
0 0.433980 0.820411 0.035000 0.033228
0 0.874605 0.692247 0.036250 0.033228
0 0.157730 0.881329 0.032500 0.034810
0 0.889605 0.260285 0.023750 0.026899
0 0.653355 0.882120 0.033750 0.026899
0 0.653980 0.819620 0.037500 0.031646
0 0.158355 0.628165 0.031250 0.034810
0 0.488980 0.401899 0.035000 0.034810
0 0.861480 0.191456 0.025000 0.031646
0 0.875230 0.628165 0.037500 0.034810
0 0.214605 0.439082 0.033750 0.030063
0 0.599605 0.818829 0.036250 0.033228
0 0.888980 0.191456 0.025000 0.028481
0 0.158355 0.594937 0.033750 0.031646
0 0.875230 0.565665 0.037500 0.033228
0 0.433355 0.724684 0.033750 0.031646
0 0.599605 0.690665 0.033750 0.030063
0 0.102730 0.372627 0.032500 0.036392
0 0.433980 0.404272 0.035000 0.033228
0 0.875230 0.468354 0.035000 0.028481
0 0.433355 0.755538 0.033750 0.033228
0 0.653980 0.787975 0.035000 0.034810
0 0.861480 0.227057 0.025000 0.030063
0 0.653980 0.754747 0.035000 0.031646
0 0.765230 0.565665 0.032500 0.033228
0 0.363980 0.536392 0.022500 0.031646
0 0.268980 0.369462 0.035000 0.033228
0 0.158980 0.787975 0.032500 0.031646
0 0.873980 0.438291 0.037500 0.031646
0 0.765230 0.371835 0.035000 0.037975
0 0.323355 0.787184 0.033750 0.033228
0 0.653980 0.659019 0.035000 0.030063
0 0.392730 0.564082 0.022500 0.033228
0 0.598355 0.628165 0.036250 0.031646
0 0.598980 0.723892 0.032500 0.036392
0 0.600855 0.468354 0.031250 0.028481
0 0.710230 0.375791 0.035000 0.033228
0 0.653355 0.851266 0.036250 0.034810
0 0.764605 0.466772 0.033750 0.031646
0 0.599605 0.659810 0.036250 0.031646
0 0.600230 0.403481 0.032500 0.028481
0 0.708980 0.567247 0.032500 0.033228
0 0.875230 0.533228 0.035000 0.034810
0 0.433980 0.597310 0.030000 0.033228
0 0.600855 0.565665 0.033750 0.033228
0 0.653980 0.594937 0.032500 0.031646
0 0.157105 0.371044 0.036250 0.036392
0 0.874605 0.498418 0.036250 0.031646
0 0.709605 0.469146 0.033750 0.030063
0 0.709605 0.439082 0.033750 0.030063
0 0.818980 0.471519 0.035000 0.034810
0 0.212730 0.342563 0.037500 0.033228
0 0.378980 0.851266 0.035000 0.034810
0 0.323980 0.659810 0.035000 0.028481
0 0.764605 0.533228 0.031250 0.031646
0 0.323355 0.819620 0.033750 0.028481
0 0.653355 0.405063 0.033750 0.031646
0 0.765230 0.499209 0.035000 0.033228
0 0.598980 0.533228 0.035000 0.031646
0 0.598980 0.499209 0.035000 0.033228
0 0.268355 0.532437 0.033750 0.030063
0 0.268980 0.469146 0.035000 0.033228
0 0.653980 0.468354 0.035000 0.031646
0 0.323355 0.500000 0.036250 0.034810
0 0.267105 0.598101 0.036250 0.034810
0 0.269605 0.403481 0.036250 0.034810
0 0.708980 0.534810 0.035000 0.034810
0 0.653980 0.500000 0.035000 0.031646
0 0.502255 0.668006 0.021000 0.011487
0 0.501680 0.564074 0.019000 0.014763
0 0.491524 0.548758 0.027213 0.008212
0 0.820855 0.375791 0.033750 0.033228
0 0.433980 0.691456 0.035000 0.034810
0 0.873355 0.407437 0.036250 0.033228
0 0.449605 0.437500 0.023750 0.033228
0 0.600230 0.371835 0.035000 0.034810
0 0.489905 0.461313 0.031250 0.015665
0 0.490855 0.533307 0.036250 0.022310
0 0.501480 0.651899 0.022500 0.018987
0 0.157730 0.536392 0.035000 0.037975
0 0.268980 0.436709 0.035000 0.031646
0 0.323355 0.692247 0.036250 0.033228
0 0.268355 0.501582 0.033750 0.031646
0 0.653980 0.534019 0.035000 0.033228
0 0.489605 0.507753 0.033750 0.028165
0 0.101480 0.503165 0.035000 0.034810
0 0.323980 0.533228 0.035000 0.031646
0 0.268355 0.564082 0.033750 0.033228
0 0.323980 0.595728 0.035000 0.033228
0 0.764605 0.406646 0.033750 0.034810
0 0.323980 0.438291 0.035000 0.034810
0 0.102105 0.469146 0.036250 0.033228
0 0.324605 0.403481 0.031250 0.031646
0 0.448355 0.468354 0.021250 0.025316
0 0.393355 0.500791 0.023750 0.033228
0 0.379605 0.467563 0.033750 0.033228
0 0.544605 0.371044 0.033750 0.039557
0 0.434605 0.565665 0.033750 0.030063
0 0.323355 0.628956 0.033750 0.033228
0 0.379605 0.594146 0.038750 0.036392
0 0.653980 0.371044 0.032500 0.036392
0 0.874605 0.372627 0.036250 0.036392
0 0.420230 0.465981 0.022500 0.030063
0 0.157730 0.500791 0.035000 0.033228
0 0.654605 0.627373 0.033750 0.033228
0 0.323355 0.849684 0.033750 0.031646
0 0.323980 0.564082 0.035000 0.030063
0 0.709605 0.500791 0.033750 0.033228
0 0.433355 0.532437 0.031250 0.036392
0 0.393355 0.532437 0.021250 0.026899
0 0.820855 0.340981 0.036250 0.036392
0 0.709605 0.340190 0.036250 0.034810
0 0.323980 0.469937 0.035000 0.028481
0 0.325230 0.370253 0.035000 0.034810
0 0.213980 0.469937 0.035000 0.031646
0 0.600855 0.435127 0.033750 0.034810
0 0.378355 0.693038 0.036250 0.034810
0 0.158980 0.407437 0.035000 0.036392
0 0.653980 0.436709 0.032500 0.031646
0 0.322730 0.882120 0.032500 0.033228
0 0.158355 0.468354 0.031250 0.031646
0 0.323980 0.725475 0.035000 0.033228
0 0.710230 0.409019 0.035000 0.033228
0 0.379605 0.438291 0.033750 0.028481
0 0.654605 0.692247 0.036250 0.036392
0 0.158355 0.756329 0.036250 0.034810
