0 0.575992 0.378125 0.036000 0.037500
0 0.463992 0.524219 0.036000 0.032813
0 0.781325 0.255469 0.033333 0.035937
0 0.929325 0.524219 0.036000 0.035937
0 0.823325 0.379688 0.034667 0.034375
0 0.823325 0.559375 0.034667 0.031250
0 0.982329 0.740625 0.032675 0.034375
0 0.464658 0.778125 0.037333 0.040625
0 0.929992 0.705469 0.034667 0.035937
0 0.465325 0.452344 0.038667 0.039062
0 0.875992 0.631250 0.036000 0.034375
0 0.407992 0.300000 0.038667 0.037500
0 0.520658 0.850781 0.040000 0.039062
0 0.576658 0.341406 0.037333 0.035937
0 0.738658 0.303125 0.033333 0.040625
0 0.576658 0.451562 0.037333 0.034375
0 0.823992 0.343750 0.036000 0.037500
0 0.982996 0.344531 0.031342 0.039062
0 0.632658 0.196094 0.040000 0.042188
0 0.520658 0.886719 0.037333 0.032813
0 0.577325 0.267969 0.036000 0.035937
0 0.875325 0.707031 0.037333 0.035937
0 0.519992 0.743750 0.036000 0.037500
0 0.821325 0.776563 0.036000 0.037500
0 0.738658 0.449219 0.036000 0.039062
0 0.407992 0.888281 0.036000 0.039062
0 0.821325 0.631250 0.036000 0.037500
0 0.576658 0.415625 0.037333 0.037500
0 0.464658 0.853125 0.040000 0.037500
0 0.982995 0.632812 0.031342 0.031250
0 0.738658 0.413281 0.033333 0.029687
0 0.631325 0.453906 0.034667 0.039062
0 0.928658 0.888281 0.037333 0.035937
0 0.577325 0.226562 0.038667 0.040625
0 0.928658 0.850000 0.037333 0.037500
0 0.739992 0.559375 0.030667 0.031250
0 0.464658 0.815625 0.040000 0.037500
0 0.519992 0.375781 0.033333 0.032813
0 0.631325 0.489844 0.032000 0.032813
0 0.781992 0.289844 0.032000 0.032813
0 0.875325 0.847656 0.037333 0.035937
0 0.520658 0.339062 0.037333 0.037500
0 0.783325 0.412500 0.026667 0.025000
0 0.587325 0.485156 0.026667 0.029687
0 0.739325 0.739062 0.034667 0.031250
0 0.630658 0.230469 0.041333 0.023438
0 0.782658 0.368750 0.030667 0.021875
0 0.783325 0.389844 0.024000 0.020313
0 0.783325 0.349219 0.029333 0.023438
0 0.821325 0.668750 0.036000 0.034375
0 0.519992 0.815625 0.038667 0.034375
0 0.931992 0.379688 0.036000 0.034375
0 0.408658 0.666406 0.037333 0.035937
0 0.739325 0.704688 0.034667 0.037500
0 0.875992 0.452344 0.036000 0.039062
0 0.519325 0.521875 0.034667 0.034375
0 0.463325 0.670312 0.037333 0.034375
0 0.930658 0.415625 0.036000 0.037500
0 0.823325 0.522656 0.037333 0.039062
0 0.520658 0.412500 0.037333 0.037500
0 0.821992 0.595313 0.037333 0.037500
0 0.929992 0.560156 0.034667 0.035937
0 0.520658 0.559375 0.037333 0.037500
0 0.876658 0.415625 0.034667 0.034375
0 0.982329 0.560937 0.032675 0.034375
0 0.876658 0.303906 0.037333 0.039062
0 0.930658 0.488281 0.036000 0.035937
0 0.982996 0.417187 0.031342 0.034375
0 0.687325 0.302344 0.040000 0.042188
0 0.575992 0.560156 0.041333 0.035937
0 0.982996 0.489844 0.031342 0.035937
0 0.631992 0.267188 0.038667 0.040625
0 0.823992 0.303906 0.036000 0.039062
0 0.982995 0.597656 0.031342 0.035937
0 0.521325 0.267969 0.038667 0.035937
0 0.629992 0.524219 0.034667 0.032813
0 0.521992 0.192188 0.040000 0.037500
0 0.739325 0.525781 0.034667 0.035937
0 0.465325 0.342187 0.038667 0.037500
0 0.874658 0.812500 0.038667 0.037500
0 0.781992 0.218750 0.029333 0.028125
0 0.574658 0.742969 0.036000 0.032813
0 0.929325 0.741406 0.036000 0.035937
0 0.462658 0.739062 0.033333 0.034375
0 0.407992 0.850000 0.036000 0.034375
0 0.820658 0.883594 0.037333 0.035937
0 0.875325 0.885156 0.037333 0.032813
0 0.874658 0.778125 0.036000 0.031250
0 0.982995 0.846875 0.031342 0.034375
0 0.574658 0.707812 0.038667 0.040625
0 0.781992 0.190625 0.026667 0.028125
0 0.407992 0.812500 0.036000 0.037500
0 0.407992 0.778125 0.036000 0.031250
0 0.463992 0.632812 0.036000 0.037500
0 0.931325 0.342969 0.037333 0.039062
0 0.575325 0.847656 0.040000 0.032813
0 0.929992 0.632031 0.034667 0.035937
0 0.820658 0.848437 0.037333 0.034375
0 0.575325 0.668750 0.040000 0.037500
0 0.575325 0.813281 0.037333 0.035937
0 0.821992 0.813281 0.037333 0.032813
0 0.983662 0.775000 0.030008 0.031250
0 0.406658 0.449219 0.038667 0.035937
0 0.521325 0.230469 0.036000 0.035937
0 0.929325 0.777344 0.036000 0.035937
0 0.407992 0.375000 0.038667 0.037500
0 0.575325 0.632812 0.037333 0.037500
0 0.407992 0.412500 0.038667 0.034375
0 0.739992 0.886719 0.036000 0.039062
0 0.465325 0.892188 0.036000 0.037500
0 0.737992 0.774219 0.034667 0.035937
0 0.575325 0.885156 0.040000 0.039062
0 0.407992 0.631250 0.036000 0.034375
0 0.519992 0.632031 0.033333 0.032813
0 0.739325 0.850000 0.037333 0.034375
0 0.875325 0.743750 0.034667 0.037500
0 0.407325 0.742969 0.037333 0.039062
0 0.981662 0.882812 0.034008 0.034375
0 0.739325 0.632031 0.037333 0.035937
0 0.407992 0.337500 0.038667 0.037500
0 0.406658 0.557031 0.036000 0.032813
0 0.739992 0.342187 0.033333 0.034375
0 0.573992 0.776563 0.040000 0.034375
0 0.982329 0.810937 0.032675 0.037500
0 0.930658 0.812500 0.036000 0.034375
0 0.821325 0.739844 0.036000 0.035937
0 0.521992 0.303125 0.037333 0.034375
0 0.630658 0.559375 0.036000 0.034375
0 0.407325 0.485156 0.040000 0.035937
0 0.738658 0.489063 0.036000 0.037500
0 0.929992 0.596094 0.034667 0.035937
0 0.737992 0.812500 0.034667 0.037500
0 0.983662 0.382031 0.030008 0.035937
0 0.463325 0.705469 0.034667 0.032813
0 0.575992 0.303906 0.038667 0.035937
0 0.574658 0.596875 0.038667 0.037500
0 0.576658 0.520312 0.037333 0.040625
0 0.465325 0.378125 0.036000 0.034375
0 0.931325 0.452344 0.034667 0.035937
0 0.875992 0.522656 0.033333 0.032813
0 0.875992 0.489063 0.033333 0.031250
0 0.465325 0.414844 0.036000 0.035937
0 0.823992 0.452344 0.036000 0.035937
0 0.519325 0.450781 0.034667 0.035937
0 0.821992 0.704688 0.037333 0.037500
0 0.984329 0.305469 0.028675 0.039062
0 0.407325 0.522656 0.040000 0.035937
0 0.519325 0.704688 0.037333 0.037500
0 0.875992 0.557813 0.036000 0.037500
0 0.406658 0.593750 0.036000 0.034375
0 0.519325 0.486719 0.034667 0.035937
0 0.738658 0.594531 0.036000 0.035937
0 0.738658 0.667969 0.036000 0.035937
0 0.407992 0.704688 0.038667 0.037500
0 0.931992 0.301563 0.036000 0.040625
0 0.630658 0.339062 0.036000 0.037500
0 0.519992 0.779687 0.036000 0.037500
0 0.630658 0.632812 0.036000 0.037500
0 0.873992 0.596094 0.034667 0.035937
0 0.875325 0.668750 0.037333 0.040625
0 0.465992 0.301563 0.037333 0.040625
0 0.632658 0.376563 0.037333 0.037500
0 0.982995 0.525000 0.031342 0.034375
0 0.877325 0.342969 0.036000 0.035937
0 0.463992 0.489063 0.036000 0.034375
0 0.518658 0.667188 0.036000 0.034375
0 0.823325 0.486719 0.037333 0.032813
0 0.631992 0.304688 0.033333 0.031250
0 0.630658 0.415625 0.038667 0.037500
0 0.519325 0.596875 0.034667 0.034375
0 0.739325 0.378125 0.034667 0.037500
0 0.464658 0.559375 0.037333 0.034375
0 0.876658 0.379688 0.034667 0.034375
0 0.823325 0.416406 0.037333 0.035937
0 0.630658 0.595313 0.038667 0.037500
0 0.983662 0.453125 0.030008 0.034375
0 0.982996 0.703906 0.031341 0.035937
0 0.929992 0.667969 0.037333 0.035937
0 0.982996 0.667188 0.031342 0.034375
0 0.463992 0.595313 0.036000 0.037500
