0 0.658458 0.706414 0.036667 0.047697
0 0.130680 0.541118 0.023333 0.036184
0 0.156236 0.541941 0.023333 0.037829
0 0.130680 0.667763 0.021111 0.036184
0 0.091791 0.667763 0.034444 0.042763
0 0.156791 0.626645 0.022222 0.039474
0 0.142347 0.371711 0.035556 0.046053
0 0.131791 0.623355 0.023333 0.036184
0 0.039569 0.291941 0.036667 0.047697
0 0.350680 0.710526 0.036667 0.042763
0 0.761791 0.706414 0.034444 0.044408
0 0.875680 0.375822 0.024444 0.037829
0 0.156791 0.711349 0.024444 0.037829
0 0.360680 0.419408 0.023333 0.036184
0 0.515680 0.375000 0.024444 0.039474
0 0.245125 0.250822 0.034444 0.037829
0 0.039014 0.377467 0.037778 0.047697
0 0.813458 0.708882 0.037778 0.046053
0 0.130125 0.580592 0.024444 0.036184
0 0.812902 0.666118 0.036667 0.042763
0 0.194014 0.292763 0.034444 0.042763
0 0.515680 0.417763 0.024444 0.036184
0 0.403458 0.708882 0.033333 0.042763
0 0.864569 0.294408 0.033333 0.042763
0 0.812347 0.379934 0.035556 0.046053
0 0.710125 0.665296 0.035556 0.041118
0 0.555125 0.250000 0.034444 0.039474
0 0.362902 0.458059 0.023333 0.034539
0 0.554569 0.203947 0.033333 0.049342
0 0.710680 0.707237 0.036667 0.046053
0 0.142902 0.289474 0.036667 0.052632
0 0.760680 0.337171 0.034444 0.042763
0 0.193458 0.247533 0.035556 0.047697
0 0.089014 0.375822 0.033333 0.044408
0 0.761236 0.620066 0.033333 0.049342
0 0.811791 0.337171 0.034444 0.042763
0 0.656791 0.337171 0.033333 0.039474
0 0.606236 0.332237 0.034444 0.039474
0 0.091791 0.622533 0.034444 0.047697
0 0.245680 0.292763 0.035556 0.046053
0 0.658458 0.620066 0.034444 0.049342
0 0.350125 0.333882 0.035556 0.042763
0 0.864569 0.249178 0.037778 0.047697
0 0.297902 0.333882 0.035556 0.039474
0 0.555680 0.291941 0.035556 0.044408
0 0.452347 0.450658 0.040000 0.046053
0 0.091791 0.710526 0.036667 0.046053
0 0.245680 0.203125 0.035556 0.054276
0 0.709014 0.334704 0.035556 0.041118
0 0.452902 0.494243 0.041111 0.041118
0 0.503458 0.291941 0.033333 0.044408
0 0.812902 0.620066 0.036667 0.049342
0 0.349569 0.624178 0.034444 0.047697
0 0.605125 0.375822 0.036667 0.047697
0 0.760680 0.378289 0.034444 0.039474
0 0.710125 0.620066 0.035556 0.049342
0 0.402347 0.667763 0.035556 0.039474
0 0.760680 0.289474 0.034444 0.049342
0 0.454014 0.346217 0.043333 0.034539
0 0.827347 0.870888 0.025556 0.034539
0 0.453458 0.310855 0.044444 0.039474
0 0.452902 0.280428 0.043333 0.031250
0 0.452902 0.212993 0.045556 0.027961
0 0.454014 0.376645 0.043333 0.036184
0 0.865125 0.333059 0.036667 0.027961
0 0.452347 0.536184 0.035556 0.039474
0 0.724569 0.871711 0.024444 0.032895
0 0.454014 0.148026 0.045556 0.032895
0 0.350680 0.667763 0.034444 0.039474
0 0.155680 0.417763 0.020000 0.036184
0 0.824014 0.750822 0.027778 0.034539
0 0.722347 0.749178 0.024444 0.031250
0 0.454014 0.181743 0.043333 0.034539
0 0.772902 0.749178 0.023333 0.037829
0 0.452902 0.245888 0.043333 0.041118
0 0.090125 0.333882 0.033333 0.039474
0 0.774014 0.788651 0.023333 0.034539
0 0.723458 0.789474 0.026667 0.036184
0 0.465125 0.740132 0.021111 0.026316
0 0.104569 0.832237 0.024444 0.032895
0 0.876791 0.417763 0.024444 0.036184
0 0.039014 0.333882 0.035556 0.039474
0 0.156236 0.502467 0.023333 0.034539
0 0.104569 0.791118 0.024444 0.032895
0 0.130125 0.418586 0.024444 0.037829
0 0.657902 0.663651 0.033333 0.041118
0 0.155680 0.670230 0.022222 0.034539
0 0.194014 0.335526 0.036667 0.039474
0 0.761236 0.664474 0.035556 0.042763
0 0.104014 0.754934 0.025556 0.032895
0 0.502902 0.333882 0.036667 0.036184
0 0.129569 0.500822 0.023333 0.037829
0 0.129569 0.458882 0.023333 0.036184
0 0.825125 0.789474 0.025556 0.036184
0 0.156236 0.458882 0.023333 0.039474
0 0.090680 0.292763 0.034444 0.046053
0 0.350125 0.289474 0.035556 0.046053
0 0.401791 0.333882 0.034444 0.042763
0 0.401791 0.621711 0.036667 0.049342
0 0.402347 0.288651 0.035556 0.044408
0 0.297347 0.290296 0.034444 0.047697
0 0.709014 0.290296 0.035556 0.047697
0 0.401791 0.375000 0.032222 0.042763
0 0.656791 0.291941 0.035556 0.047697
0 0.657347 0.376645 0.034444 0.042763
0 0.709569 0.375000 0.034444 0.039474
0 0.503458 0.245888 0.035556 0.047697
0 0.812347 0.291941 0.035556 0.047697
0 0.605125 0.287829 0.036667 0.049342
0 0.350125 0.375822 0.035556 0.044408
0 0.297902 0.375822 0.037778 0.044408
