0 0.825333 0.448105 0.032222 0.042834
0 0.256444 0.156507 0.032222 0.046129
0 0.671444 0.485997 0.042222 0.032949
0 0.685333 0.738880 0.023333 0.031301
0 0.672000 0.275947 0.047778 0.031301
0 0.671444 0.207578 0.048889 0.029654
0 0.673111 0.341845 0.045556 0.031301
0 0.310333 0.616145 0.033333 0.039539
0 0.670888 0.177100 0.047778 0.034596
0 0.362000 0.789127 0.036667 0.046129
0 0.309222 0.332784 0.035556 0.039539
0 0.257000 0.500824 0.033333 0.042834
0 0.517555 0.829489 0.034444 0.037891
0 0.257555 0.786656 0.030000 0.034596
0 0.309222 0.579901 0.033333 0.039539
0 0.670888 0.241351 0.045556 0.041186
0 0.309222 0.453871 0.031111 0.041186
0 0.515888 0.453048 0.033333 0.029654
0 0.309777 0.703460 0.034444 0.042834
0 0.672555 0.373147 0.046667 0.037891
0 0.257000 0.579901 0.035556 0.039539
0 0.362000 0.828666 0.034444 0.039539
0 0.360333 0.454695 0.035556 0.036244
0 0.257000 0.540362 0.035556 0.039539
0 0.257555 0.457166 0.034444 0.044481
0 0.259222 0.869852 0.035556 0.042834
0 0.519777 0.575783 0.027778 0.037891
0 0.362000 0.746293 0.034444 0.046129
0 0.308666 0.413509 0.032222 0.039539
0 0.257555 0.620264 0.034444 0.044481
0 0.670888 0.444811 0.041111 0.042834
0 0.514222 0.197694 0.034444 0.042834
0 0.617555 0.286656 0.034444 0.042834
0 0.672000 0.306425 0.045556 0.039539
0 0.258666 0.826194 0.034444 0.044481
0 0.979222 0.366557 0.033333 0.037891
0 0.465333 0.704283 0.036667 0.044481
0 0.258111 0.663921 0.035556 0.042834
0 0.875333 0.198517 0.034444 0.044481
0 0.362555 0.869852 0.035556 0.042834
0 0.879222 0.738880 0.035556 0.044481
0 0.309222 0.372323 0.033333 0.036244
0 0.879222 0.821252 0.033333 0.037891
0 0.875888 0.367381 0.033333 0.042834
0 0.827000 0.910214 0.035556 0.047776
0 0.309777 0.537068 0.034444 0.046129
0 0.258111 0.705107 0.035556 0.039539
0 0.879222 0.697694 0.035556 0.037891
0 0.309222 0.493410 0.033333 0.041186
0 0.515888 0.412685 0.035556 0.044481
0 0.463666 0.329489 0.035556 0.039539
0 0.309222 0.660626 0.035556 0.046129
0 0.879222 0.780890 0.035556 0.042834
0 0.517000 0.867381 0.035556 0.044481
0 0.980333 0.906919 0.035556 0.041186
0 0.827000 0.782537 0.033333 0.036244
0 0.358666 0.413509 0.036667 0.042834
0 0.362555 0.915157 0.035556 0.047776
0 0.361444 0.704283 0.033333 0.041186
0 0.827555 0.867381 0.034444 0.041186
0 0.259777 0.913509 0.034444 0.041186
0 0.361444 0.616969 0.035556 0.041186
0 0.878111 0.910214 0.035556 0.044481
0 0.671444 0.140033 0.048889 0.042834
0 0.517555 0.742998 0.034444 0.039539
0 0.517555 0.785832 0.034444 0.046129
0 0.361444 0.578254 0.033333 0.039539
0 0.309222 0.290774 0.033333 0.041186
0 0.309222 0.201812 0.033333 0.044481
0 0.980333 0.532125 0.035556 0.039539
0 0.621444 0.910214 0.033333 0.044481
0 0.827555 0.822900 0.034444 0.044481
0 0.258111 0.746293 0.033333 0.042834
0 0.877555 0.615321 0.034444 0.041186
0 0.309222 0.789127 0.035556 0.046129
0 0.878111 0.864086 0.035556 0.044481
0 0.514777 0.289127 0.033333 0.041186
0 0.309777 0.744646 0.034444 0.042834
0 0.360888 0.541186 0.034444 0.037891
0 0.256444 0.202636 0.034444 0.042834
0 0.309222 0.246293 0.033333 0.044481
0 0.411444 0.327842 0.033333 0.039539
0 0.515888 0.370675 0.033333 0.042834
0 0.827555 0.741351 0.034444 0.042834
0 0.620333 0.781713 0.033333 0.037891
0 0.256444 0.328666 0.034444 0.041186
0 0.827000 0.614498 0.033333 0.036244
0 0.465888 0.747117 0.035556 0.041186
0 0.410333 0.289127 0.031111 0.037891
0 0.514222 0.243822 0.034444 0.046129
0 0.463111 0.286656 0.034444 0.046129
0 0.515333 0.329489 0.034444 0.039539
0 0.517555 0.537068 0.032222 0.042834
0 0.257000 0.287479 0.033333 0.041186
0 0.981444 0.827018 0.033333 0.039539
0 0.518111 0.614498 0.035556 0.039539
0 0.257000 0.371499 0.035556 0.041186
0 0.980333 0.655684 0.033333 0.039539
0 0.257000 0.413509 0.035556 0.042834
0 0.517555 0.913509 0.036667 0.047776
0 0.877000 0.532125 0.033333 0.042834
0 0.620333 0.866557 0.033333 0.042834
0 0.464222 0.577430 0.032222 0.037891
0 0.619222 0.153213 0.033333 0.046129
0 0.618111 0.326194 0.033333 0.039539
0 0.359777 0.329489 0.034444 0.039539
0 0.412000 0.411862 0.034444 0.039539
0 0.410888 0.200988 0.034444 0.046129
0 0.360333 0.369852 0.035556 0.044481
0 0.410333 0.246293 0.033333 0.044481
0 0.411444 0.496705 0.033333 0.044481
0 0.517000 0.703460 0.033333 0.039539
0 0.722000 0.286656 0.036667 0.039539
0 0.619777 0.741351 0.034444 0.036244
0 0.980888 0.742175 0.034444 0.041186
0 0.827555 0.654860 0.034444 0.044481
0 0.359777 0.496705 0.036667 0.047776
0 0.879222 0.658155 0.035556 0.041186
0 0.826444 0.698517 0.034444 0.042834
0 0.410888 0.152389 0.034444 0.047776
0 0.412000 0.451400 0.034444 0.042834
0 0.618111 0.242175 0.033333 0.046129
0 0.980333 0.616969 0.033333 0.041186
0 0.980888 0.867381 0.034444 0.041186
0 0.257555 0.244646 0.034444 0.041186
0 0.827000 0.574135 0.033333 0.041186
0 0.566444 0.285008 0.034444 0.052718
0 0.980333 0.784185 0.035556 0.046129
0 0.464777 0.660626 0.035556 0.046129
0 0.361444 0.660626 0.035556 0.046129
0 0.619222 0.493410 0.033333 0.041186
0 0.979222 0.406919 0.033333 0.042834
0 0.722000 0.242998 0.034444 0.041186
0 0.359777 0.246293 0.036667 0.041186
0 0.980888 0.697694 0.034444 0.044481
0 0.722555 0.198517 0.035556 0.041186
0 0.773666 0.327842 0.035556 0.042834
0 0.618111 0.199341 0.033333 0.042834
0 0.875333 0.242175 0.034444 0.042834
0 0.359222 0.287479 0.035556 0.041186
0 0.464777 0.369028 0.037778 0.042834
0 0.929222 0.448929 0.033333 0.037891
0 0.875333 0.324547 0.032222 0.042834
0 0.878111 0.574135 0.033333 0.041186
0 0.875888 0.409390 0.033333 0.041186
0 0.464222 0.411862 0.036667 0.042834
0 0.514222 0.151565 0.034444 0.049423
0 0.464222 0.454695 0.034444 0.042834
0 0.825888 0.408567 0.031111 0.039539
0 0.465333 0.616969 0.034444 0.041186
0 0.875333 0.151565 0.034444 0.046129
0 0.875333 0.283361 0.034444 0.039539
0 0.412000 0.369852 0.034444 0.044481
0 0.464222 0.496705 0.034444 0.041186
0 0.358666 0.200988 0.036667 0.046129
0 0.516444 0.492586 0.034444 0.046129
0 0.980333 0.494234 0.033333 0.039539
0 0.876444 0.450577 0.034444 0.041186
0 0.620333 0.824547 0.033333 0.044481
0 0.619777 0.577430 0.032222 0.037891
0 0.825888 0.532125 0.033333 0.042834
0 0.825888 0.491763 0.031111 0.041186
0 0.980333 0.450577 0.033333 0.044481
0 0.359222 0.154036 0.035556 0.047776
0 0.877555 0.490939 0.032222 0.039539
0 0.619777 0.536244 0.032222 0.044481
0 0.980333 0.574135 0.033333 0.044481
0 0.825333 0.368204 0.032222 0.041186
0 0.619777 0.452224 0.032222 0.041186
0 0.722000 0.152389 0.034444 0.047776
0 0.978666 0.327018 0.032222 0.041186
0 0.516444 0.659802 0.034444 0.047776
0 0.978666 0.281713 0.034444 0.046129
0 0.619777 0.658155 0.032222 0.041186
0 0.929222 0.577430 0.033333 0.044481
0 0.463666 0.537891 0.035556 0.041186
0 0.618666 0.368204 0.032222 0.044481
0 0.824777 0.281713 0.031111 0.046129
0 0.929222 0.491763 0.033333 0.041186
0 0.619222 0.616969 0.033333 0.041186
0 0.773111 0.282537 0.034444 0.047776
0 0.824777 0.327018 0.033333 0.041186
0 0.928666 0.533773 0.032222 0.042834
0 0.928111 0.367381 0.035556 0.039539
0 0.927555 0.282537 0.034444 0.044481
0 0.929222 0.409390 0.033333 0.044481
0 0.620333 0.699341 0.033333 0.044481
0 0.619222 0.411862 0.033333 0.042834
0 0.928111 0.326194 0.035556 0.042834
