0 0.143222 0.870279 0.034444 0.042693
0 0.504334 0.493432 0.038889 0.037767
0 0.556556 0.286535 0.034444 0.041051
0 0.556556 0.245484 0.036667 0.041051
0 0.193778 0.662562 0.033333 0.044335
0 0.245445 0.536946 0.036667 0.042693
0 0.557111 0.154351 0.035556 0.045977
0 0.244889 0.704433 0.035556 0.042693
0 0.556556 0.202791 0.036667 0.044335
0 0.244889 0.411330 0.035556 0.044335
0 0.863222 0.455665 0.034444 0.041051
0 0.244889 0.745484 0.035556 0.042693
0 0.246000 0.285714 0.035556 0.045977
0 0.194889 0.495895 0.035556 0.042693
0 0.452111 0.412151 0.036667 0.045977
0 0.556000 0.329228 0.035556 0.044335
0 0.348222 0.578818 0.035556 0.041051
0 0.657111 0.412972 0.035556 0.041051
0 0.607667 0.201970 0.034444 0.049261
0 0.142111 0.661741 0.032222 0.042693
0 0.142111 0.578818 0.034444 0.044335
0 0.143222 0.829228 0.034444 0.042693
0 0.657111 0.371921 0.035556 0.041051
0 0.811556 0.372742 0.035556 0.042693
0 0.658222 0.705255 0.035556 0.044335
0 0.658222 0.660920 0.035556 0.044335
0 0.657667 0.200328 0.036667 0.045977
0 0.348778 0.328407 0.034444 0.042693
0 0.142667 0.745484 0.035556 0.042693
0 0.555445 0.451560 0.036667 0.045977
0 0.193778 0.329228 0.035556 0.041051
0 0.348222 0.413793 0.035556 0.045977
0 0.556556 0.371100 0.032222 0.039409
0 0.193222 0.371921 0.034444 0.044335
0 0.194334 0.746305 0.034444 0.044335
0 0.297667 0.825944 0.034444 0.042693
0 0.245445 0.578818 0.032222 0.041051
0 0.862111 0.413793 0.034444 0.042693
0 0.246000 0.827586 0.035556 0.042693
0 0.142111 0.287356 0.034444 0.049261
0 0.762111 0.156814 0.036667 0.047619
0 0.297667 0.784072 0.034444 0.041051
0 0.193222 0.414614 0.032222 0.041051
0 0.556000 0.495895 0.035556 0.042693
0 0.244889 0.660920 0.033333 0.044335
0 0.657667 0.245484 0.036667 0.047619
0 0.657111 0.330870 0.037778 0.041051
0 0.348222 0.660099 0.035556 0.042693
0 0.452667 0.199507 0.035556 0.044335
0 0.193778 0.788177 0.035556 0.039409
0 0.349334 0.536946 0.035556 0.042693
0 0.244334 0.329228 0.032222 0.041051
0 0.194334 0.454844 0.034444 0.039409
0 0.607111 0.288177 0.033333 0.041051
0 0.812667 0.457307 0.035556 0.044335
0 0.709889 0.577997 0.036667 0.042693
0 0.812667 0.291461 0.035556 0.041051
0 0.813222 0.414614 0.036667 0.041051
0 0.194334 0.536125 0.034444 0.037767
0 0.400445 0.577176 0.033333 0.041051
0 0.760445 0.376026 0.035556 0.045977
0 0.709334 0.371921 0.035556 0.044335
0 0.915445 0.156814 0.034444 0.044335
0 0.452111 0.247126 0.034444 0.047619
0 0.193778 0.576355 0.033333 0.042693
0 0.504334 0.375123 0.045556 0.034647
0 0.504889 0.343514 0.044444 0.026929
0 0.348778 0.495074 0.034444 0.041051
0 0.297667 0.663383 0.032222 0.042693
0 0.760445 0.202791 0.033333 0.044335
0 0.863222 0.203612 0.034444 0.042693
0 0.401556 0.288998 0.035556 0.042693
0 0.607111 0.413793 0.033333 0.042693
0 0.709334 0.494253 0.035556 0.042693
0 0.246000 0.786535 0.033333 0.039409
0 0.193778 0.284893 0.035556 0.047619
0 0.400445 0.455665 0.033333 0.041051
0 0.916000 0.497537 0.035556 0.042693
0 0.862111 0.330049 0.034444 0.042693
0 0.863778 0.619048 0.037778 0.045977
0 0.811556 0.248768 0.035556 0.044335
0 0.657111 0.829228 0.035556 0.045977
0 0.863222 0.156814 0.036667 0.047619
0 0.708778 0.415435 0.036667 0.042693
0 0.142667 0.787356 0.035556 0.041051
0 0.193778 0.618227 0.033333 0.041051
0 0.297667 0.370279 0.036667 0.044335
0 0.708222 0.744663 0.035556 0.044335
0 0.193778 0.703612 0.033333 0.037767
0 0.708778 0.247947 0.034444 0.042693
0 0.400445 0.372742 0.035556 0.042693
0 0.451000 0.368637 0.034444 0.041051
0 0.297667 0.495895 0.034444 0.039409
0 0.142111 0.496716 0.034444 0.041051
0 0.246000 0.454844 0.033333 0.042693
0 0.349889 0.744663 0.034444 0.041051
0 0.761000 0.329228 0.038889 0.044335
0 0.914334 0.290640 0.034444 0.042693
0 0.708778 0.201149 0.038889 0.047619
0 0.090445 0.285714 0.035556 0.042693
0 0.657667 0.536125 0.034444 0.044335
0 0.914334 0.455665 0.034444 0.041051
0 0.708778 0.288998 0.032222 0.039409
0 0.349334 0.786535 0.035556 0.042693
0 0.555445 0.784893 0.034444 0.042693
0 0.657667 0.455665 0.034444 0.044335
0 0.914334 0.244663 0.034444 0.045977
0 0.657667 0.578818 0.034444 0.041051
0 0.401000 0.414614 0.034444 0.041051
0 0.298222 0.619869 0.035556 0.044335
0 0.347667 0.284072 0.034444 0.045977
0 0.709889 0.659278 0.034444 0.044335
0 0.451556 0.328407 0.028889 0.039409
0 0.348222 0.455665 0.033333 0.037767
0 0.401556 0.909688 0.037778 0.045977
0 0.348778 0.701970 0.034444 0.041051
0 0.298222 0.704433 0.033333 0.039409
0 0.556556 0.409688 0.032222 0.037767
0 0.090445 0.539409 0.035556 0.041051
0 0.503778 0.446634 0.042222 0.045977
0 0.142111 0.536946 0.034444 0.039409
0 0.400445 0.660099 0.031111 0.042693
0 0.761000 0.285714 0.036667 0.042693
0 0.863778 0.577176 0.037778 0.041051
0 0.247111 0.911330 0.035556 0.042693
0 0.812111 0.201149 0.034444 0.050903
0 0.401556 0.244663 0.035556 0.042693
0 0.298222 0.743021 0.031111 0.037767
0 0.657111 0.915435 0.035556 0.047619
0 0.401000 0.155172 0.034444 0.047619
0 0.709334 0.155172 0.037778 0.044335
0 0.142111 0.619869 0.032222 0.041051
0 0.554889 0.537767 0.035556 0.044335
0 0.244889 0.370279 0.031111 0.037767
0 0.141556 0.455665 0.033333 0.041051
0 0.863222 0.247947 0.034444 0.045977
0 0.400445 0.536946 0.031111 0.042693
0 0.863222 0.495074 0.034444 0.041051
0 0.349889 0.912151 0.036667 0.044335
0 0.658222 0.289819 0.035556 0.041051
0 0.196000 0.911330 0.037778 0.045977
0 0.554889 0.577997 0.035556 0.039409
0 0.607111 0.247126 0.033333 0.041051
0 0.193778 0.829228 0.033333 0.039409
0 0.142111 0.412972 0.034444 0.044335
0 0.862111 0.372742 0.034444 0.042693
0 0.299334 0.325944 0.037778 0.041051
0 0.709889 0.827586 0.034444 0.042693
0 0.914334 0.412972 0.034444 0.041051
0 0.657667 0.784072 0.034444 0.041051
0 0.400445 0.618227 0.033333 0.041051
0 0.451556 0.289819 0.031111 0.037767
0 0.349334 0.868637 0.035556 0.042693
0 0.554889 0.619869 0.035556 0.044335
0 0.298222 0.912151 0.035556 0.044335
0 0.863778 0.663383 0.035556 0.042693
0 0.298222 0.577176 0.035556 0.041051
0 0.658222 0.617406 0.035556 0.039409
0 0.399889 0.742200 0.034444 0.039409
0 0.709334 0.786535 0.033333 0.039409
0 0.246556 0.870279 0.034444 0.039409
0 0.606556 0.372742 0.032222 0.036125
0 0.297667 0.455665 0.034444 0.041051
0 0.297667 0.412151 0.034444 0.042693
0 0.091556 0.412972 0.035556 0.041051
0 0.348222 0.371100 0.035556 0.042693
0 0.709334 0.536946 0.035556 0.042693
0 0.142111 0.330870 0.034444 0.041051
0 0.554334 0.660099 0.034444 0.039409
0 0.863222 0.536125 0.036667 0.041051
0 0.142111 0.371921 0.032222 0.041051
0 0.862667 0.288998 0.033333 0.039409
0 0.657667 0.496716 0.034444 0.037767
0 0.554889 0.701149 0.035556 0.042693
0 0.914889 0.371100 0.035556 0.042693
0 0.400445 0.494253 0.031111 0.039409
0 0.812111 0.331691 0.036667 0.042693
0 0.244889 0.619048 0.031111 0.039409
0 0.298222 0.536125 0.033333 0.041051
0 0.091000 0.454844 0.034444 0.042693
0 0.554889 0.828407 0.033333 0.041051
0 0.761556 0.245484 0.033333 0.037767
0 0.142111 0.703612 0.034444 0.041051
0 0.246556 0.497537 0.034444 0.036125
0 0.708222 0.330049 0.033333 0.042693
0 0.400445 0.201149 0.035556 0.044335
0 0.863778 0.828407 0.035556 0.044335
0 0.400445 0.866995 0.035556 0.042693
0 0.091556 0.579639 0.035556 0.042693
0 0.914889 0.331691 0.035556 0.039409
0 0.506000 0.311166 0.046667 0.041051
0 0.091000 0.371921 0.036667 0.044335
0 0.657667 0.745484 0.032222 0.036125
0 0.348778 0.619048 0.032222 0.039409
0 0.708222 0.454844 0.033333 0.036125
0 0.657667 0.872742 0.034444 0.037767
0 0.863222 0.704433 0.036667 0.042693
0 0.349334 0.828407 0.033333 0.041051
0 0.709889 0.618227 0.034444 0.037767
0 0.399889 0.783251 0.034444 0.042693
0 0.298222 0.284893 0.033333 0.041051
0 0.399889 0.825123 0.032222 0.041051
0 0.091000 0.497537 0.036667 0.042693
0 0.863222 0.912151 0.036667 0.044335
0 0.555445 0.743842 0.034444 0.039409
0 0.090445 0.328407 0.035556 0.042693
0 0.914334 0.201149 0.034444 0.044335
0 0.863222 0.747126 0.034444 0.039409
0 0.607111 0.333333 0.035556 0.045977
0 0.554889 0.870279 0.033333 0.042693
0 0.504334 0.242200 0.045556 0.041051
0 0.143778 0.912151 0.033333 0.041051
0 0.297667 0.868637 0.034444 0.042693
0 0.863778 0.871100 0.035556 0.041051
0 0.709889 0.912151 0.032222 0.044335
0 0.103778 0.662562 0.022222 0.037767
0 0.863222 0.786535 0.034444 0.039409
0 0.399889 0.703612 0.034444 0.041051
0 0.504889 0.142857 0.046667 0.032841
0 0.078222 0.743842 0.022222 0.036125
0 0.078222 0.701970 0.024444 0.034483
0 0.194334 0.867816 0.032222 0.037767
0 0.104334 0.829228 0.023333 0.032841
0 0.555445 0.912151 0.032222 0.041051
0 0.103778 0.623153 0.022222 0.034483
0 0.504889 0.178161 0.044444 0.037767
0 0.103778 0.787356 0.022222 0.037767
0 0.077667 0.787356 0.023333 0.034483
0 0.077667 0.866995 0.021111 0.036125
0 0.709889 0.868637 0.036667 0.042693
0 0.077111 0.621511 0.022222 0.034483
0 0.103778 0.744663 0.022222 0.031199
0 0.078778 0.913793 0.023333 0.037767
0 0.077667 0.827586 0.021111 0.032841
0 0.105445 0.913793 0.023333 0.037767
0 0.401000 0.330870 0.034444 0.041051
0 0.104334 0.866995 0.023333 0.032841
0 0.103778 0.700328 0.022222 0.031199
0 0.077667 0.660099 0.021111 0.032841
0 0.516000 0.743021 0.022222 0.031199
0 0.505445 0.277504 0.045556 0.032841
0 0.708778 0.703612 0.034444 0.041051
0 0.505445 0.209360 0.047778 0.027915
