0 0.147759 0.204770 0.036667 0.044408
0 0.510537 0.344655 0.042222 0.031414
0 0.511093 0.374095 0.043333 0.034704
0 0.509982 0.276316 0.043333 0.029605
0 0.869426 0.245888 0.035556 0.024671
0 0.511093 0.145559 0.043333 0.031250
0 0.509982 0.529605 0.032222 0.032895
0 0.509982 0.178454 0.045556 0.034539
0 0.509982 0.211349 0.045556 0.027961
0 0.921648 0.536184 0.028889 0.039474
0 0.509982 0.244243 0.043333 0.041118
0 0.611648 0.329770 0.033333 0.041118
0 0.919982 0.331414 0.034444 0.037829
0 0.510537 0.309211 0.042222 0.042763
0 0.561093 0.245888 0.032222 0.034539
0 0.251648 0.247533 0.033333 0.041118
0 0.095537 0.247533 0.034444 0.037829
0 0.303871 0.247533 0.033333 0.037829
0 0.765537 0.333059 0.034444 0.041118
0 0.662204 0.372533 0.034444 0.041118
0 0.662204 0.330592 0.034444 0.042763
0 0.816648 0.245066 0.034444 0.046053
0 0.303315 0.202303 0.034444 0.052632
0 0.355537 0.158717 0.034444 0.044408
0 0.251648 0.290296 0.035556 0.044408
0 0.611648 0.371711 0.033333 0.042763
0 0.611648 0.414474 0.033333 0.042763
0 0.611093 0.245888 0.034444 0.047697
0 0.919982 0.496711 0.036667 0.039474
0 0.509426 0.448191 0.040000 0.041118
0 0.459982 0.291118 0.034444 0.042763
0 0.355537 0.291118 0.032222 0.042763
0 0.407204 0.291118 0.035556 0.042763
0 0.095537 0.290296 0.036667 0.047697
0 0.459426 0.244243 0.033333 0.047697
0 0.407204 0.158717 0.037778 0.047697
0 0.663315 0.157895 0.034444 0.042763
0 0.920537 0.414474 0.035556 0.039474
0 0.406093 0.203125 0.035556 0.041118
0 0.919982 0.247533 0.034444 0.041118
0 0.713315 0.371711 0.036667 0.042763
0 0.148871 0.157895 0.036667 0.046053
0 0.198871 0.246711 0.034444 0.039474
0 0.661648 0.415296 0.035556 0.041118
0 0.919982 0.455592 0.036667 0.042763
0 0.355537 0.203947 0.034444 0.042763
0 0.303871 0.289474 0.035556 0.046053
0 0.714426 0.285362 0.034444 0.044408
0 0.713871 0.328125 0.035556 0.044408
0 0.764426 0.245888 0.036667 0.044408
0 0.199982 0.159539 0.036667 0.046053
0 0.868315 0.287829 0.035556 0.049342
0 0.096093 0.202303 0.035556 0.052632
0 0.147759 0.293586 0.034444 0.044408
0 0.662759 0.290296 0.035556 0.041118
0 0.509426 0.491776 0.037778 0.042763
0 0.662759 0.246711 0.035556 0.042763
0 0.662204 0.203947 0.034444 0.042763
0 0.199426 0.291118 0.035556 0.046053
0 0.920537 0.203947 0.035556 0.046053
0 0.611648 0.290296 0.035556 0.041118
0 0.560537 0.289474 0.035556 0.046053
0 0.816648 0.290296 0.034444 0.044408
0 0.765537 0.290296 0.034444 0.044408
0 0.559982 0.202303 0.034444 0.052632
0 0.764982 0.375000 0.035556 0.042763
0 0.919982 0.371711 0.036667 0.042763
0 0.764982 0.203947 0.035556 0.042763
0 0.868315 0.202303 0.035556 0.052632
0 0.920537 0.157895 0.037778 0.046053
0 0.765537 0.157895 0.036667 0.046053
0 0.199426 0.205592 0.035556 0.042763
0 0.919982 0.290296 0.036667 0.044408
0 0.148315 0.249178 0.037778 0.044408
0 0.356093 0.247533 0.035556 0.044408
0 0.407204 0.247533 0.037778 0.044408
