0 0.747060 0.502373 0.032500 0.030063
0 0.361435 0.882120 0.038750 0.030063
0 0.472622 0.453481 0.033875 0.032911
0 0.360810 0.692089 0.035000 0.032911
0 0.360810 0.850475 0.035000 0.033228
0 0.484560 0.623259 0.027500 0.018671
0 0.482685 0.857199 0.021250 0.021361
0 0.471435 0.507516 0.033750 0.024525
0 0.802685 0.439082 0.033750 0.030063
0 0.857685 0.565665 0.033750 0.033228
0 0.690810 0.566456 0.035000 0.028481
0 0.690810 0.660601 0.032500 0.030063
0 0.746435 0.470728 0.033750 0.030063
0 0.580185 0.818038 0.033750 0.028481
0 0.306435 0.530854 0.036250 0.033228
0 0.362060 0.530854 0.032500 0.033228
0 0.197060 0.626582 0.032500 0.028481
0 0.195810 0.657437 0.035000 0.033228
0 0.635185 0.756329 0.033750 0.031646
0 0.581435 0.405854 0.033750 0.030063
0 0.306435 0.785601 0.033750 0.030063
0 0.307685 0.817247 0.033750 0.033228
0 0.801435 0.502373 0.031250 0.030063
0 0.692685 0.374209 0.033750 0.033228
0 0.690185 0.629747 0.036250 0.034810
0 0.855810 0.757120 0.035000 0.033228
0 0.801435 0.568038 0.033750 0.028481
0 0.140810 0.848892 0.035000 0.033228
0 0.635185 0.787184 0.033750 0.033228
0 0.801435 0.595728 0.033750 0.033228
0 0.855185 0.821994 0.033750 0.033228
0 0.692685 0.341772 0.036250 0.031646
0 0.252060 0.465190 0.035000 0.031646
0 0.197060 0.433544 0.035000 0.031646
0 0.746435 0.373418 0.033750 0.034810
0 0.855810 0.788766 0.035000 0.033228
0 0.691435 0.467563 0.036250 0.036392
0 0.195185 0.785601 0.033750 0.033228
0 0.634560 0.819620 0.032500 0.028481
0 0.307060 0.883703 0.032500 0.026899
0 0.747060 0.407437 0.030000 0.033228
0 0.195810 0.817247 0.037500 0.033228
0 0.636435 0.660601 0.031250 0.026899
0 0.141435 0.880538 0.033750 0.030063
0 0.140810 0.786392 0.035000 0.031646
0 0.085185 0.400316 0.031250 0.034810
0 0.857060 0.469937 0.035000 0.028481
0 0.857685 0.409019 0.033750 0.036392
0 0.472060 0.340190 0.037500 0.037975
0 0.307060 0.692247 0.032500 0.033228
0 0.141435 0.434335 0.033750 0.033228
0 0.692060 0.418513 0.035000 0.052215
0 0.361435 0.499209 0.031250 0.030063
0 0.361435 0.628165 0.033750 0.028481
0 0.856435 0.725475 0.033750 0.033228
0 0.363310 0.369462 0.032500 0.036392
0 0.802685 0.407437 0.033750 0.033228
0 0.745185 0.789557 0.036250 0.031646
0 0.307060 0.625000 0.032500 0.028481
0 0.140185 0.754984 0.036250 0.031171
0 0.580810 0.597152 0.032500 0.030380
0 0.196435 0.723339 0.033750 0.032120
0 0.196435 0.754035 0.033750 0.029905
0 0.580810 0.565237 0.032500 0.032753
0 0.140185 0.723315 0.036250 0.031535
0 0.636435 0.438291 0.033750 0.031646
0 0.857060 0.500791 0.035000 0.030063
0 0.196435 0.880538 0.033750 0.033228
0 0.195810 0.849684 0.035000 0.031646
0 0.484829 0.679201 0.022838 0.017579
0 0.485173 0.641487 0.021150 0.017722
0 0.484610 0.601574 0.020150 0.022674
0 0.474041 0.407579 0.033212 0.017943
0 0.473666 0.389620 0.034713 0.020791
0 0.361435 0.722864 0.033750 0.029905
0 0.473935 0.368354 0.038750 0.021519
0 0.483935 0.881725 0.023750 0.024525
0 0.483935 0.580142 0.023750 0.021044
0 0.485185 0.660047 0.023750 0.019462
0 0.857060 0.441377 0.035000 0.028639
0 0.474247 0.426345 0.035625 0.023892
0 0.472060 0.530142 0.035000 0.021361
0 0.472685 0.550791 0.033750 0.018671
0 0.306435 0.595728 0.033750 0.033228
0 0.580810 0.788766 0.035000 0.030063
0 0.483310 0.701741 0.025000 0.030063
0 0.525810 0.818829 0.032500 0.033228
0 0.472060 0.795095 0.032500 0.030063
0 0.418310 0.503956 0.032500 0.030063
0 0.085185 0.434335 0.033750 0.033228
0 0.417685 0.530854 0.028750 0.030063
0 0.634560 0.880538 0.030000 0.033228
0 0.141435 0.405063 0.033750 0.034810
0 0.855810 0.886076 0.035000 0.031646
0 0.746435 0.341772 0.036250 0.031646
0 0.857060 0.696203 0.035000 0.031646
0 0.306435 0.721519 0.033750 0.028481
0 0.634560 0.852057 0.030000 0.026899
0 0.361435 0.404272 0.031250 0.026899
0 0.251435 0.436709 0.036250 0.028481
0 0.855185 0.855222 0.036250 0.033228
0 0.361435 0.658228 0.033750 0.034810
0 0.525185 0.788766 0.033750 0.033228
0 0.140810 0.815665 0.032500 0.033228
0 0.362060 0.467563 0.030000 0.033228
0 0.085185 0.465981 0.033750 0.030063
0 0.141435 0.531646 0.033750 0.028481
0 0.857060 0.629747 0.035000 0.031646
0 0.746435 0.440665 0.033750 0.030063
0 0.690185 0.756329 0.033750 0.031646
0 0.744560 0.885285 0.032500 0.030063
0 0.581435 0.371835 0.033750 0.041139
0 0.417685 0.437500 0.033750 0.033228
0 0.580185 0.757120 0.033750 0.033228
0 0.307060 0.498418 0.035000 0.031646
0 0.857685 0.597310 0.036250 0.033228
0 0.527060 0.468354 0.032500 0.028481
0 0.307060 0.658228 0.032500 0.034810
0 0.417685 0.471519 0.033750 0.031646
0 0.197060 0.690665 0.035000 0.033228
0 0.857685 0.375000 0.033750 0.034810
0 0.414560 0.689873 0.030000 0.031646
0 0.802060 0.470728 0.032500 0.033228
0 0.637060 0.371835 0.035000 0.034810
0 0.085810 0.597310 0.032500 0.033228
0 0.525185 0.850475 0.036250 0.033228
0 0.140185 0.657437 0.036250 0.033228
0 0.141435 0.690665 0.036250 0.033228
0 0.744560 0.820411 0.037500 0.033228
0 0.744560 0.853639 0.035000 0.033228
0 0.360185 0.817247 0.036250 0.033228
0 0.636435 0.628956 0.036250 0.036392
0 0.141435 0.465190 0.033750 0.031646
0 0.800810 0.757911 0.035000 0.034810
0 0.306435 0.754747 0.033750 0.034810
0 0.307060 0.851266 0.032500 0.034810
0 0.416435 0.627373 0.033750 0.033228
0 0.141435 0.625791 0.033750 0.033228
0 0.857060 0.662975 0.035000 0.034810
0 0.361435 0.752373 0.033750 0.033228
0 0.415810 0.659019 0.032500 0.033228
0 0.802060 0.373418 0.035000 0.037975
0 0.362060 0.434335 0.032500 0.033228
0 0.691435 0.595728 0.036250 0.033228
0 0.307685 0.564082 0.033750 0.033228
0 0.251435 0.497627 0.036250 0.033228
0 0.691435 0.502373 0.036250 0.033228
0 0.801435 0.659810 0.033750 0.031646
0 0.635810 0.724684 0.032500 0.034810
0 0.690185 0.725475 0.033750 0.033228
0 0.085185 0.496835 0.033750 0.031646
0 0.581435 0.628956 0.036250 0.036392
0 0.635810 0.564873 0.032500 0.031646
0 0.417060 0.596519 0.032500 0.031646
0 0.140810 0.594146 0.035000 0.030063
0 0.250810 0.369462 0.035000 0.036392
0 0.635810 0.690665 0.032500 0.036392
0 0.856435 0.533228 0.036250 0.031646
0 0.525185 0.628165 0.033750 0.031646
0 0.636435 0.595728 0.033750 0.030063
0 0.307685 0.403481 0.033750 0.028481
0 0.418310 0.404272 0.032500 0.033228
0 0.415810 0.882120 0.032500 0.030063
0 0.637060 0.468354 0.035000 0.031646
0 0.801435 0.535601 0.033750 0.036392
0 0.251435 0.405854 0.036250 0.036392
0 0.582060 0.469937 0.032500 0.031646
0 0.360810 0.785601 0.035000 0.033228
0 0.526435 0.564873 0.033750 0.031646
0 0.527060 0.368671 0.032500 0.034810
0 0.580185 0.884494 0.033750 0.031646
0 0.581435 0.439082 0.033750 0.033228
0 0.307060 0.466772 0.035000 0.031646
0 0.745810 0.628956 0.035000 0.033228
0 0.524560 0.882120 0.035000 0.033228
0 0.526435 0.691456 0.036250 0.031646
0 0.198310 0.398734 0.037500 0.041139
0 0.416435 0.753165 0.033750 0.031646
0 0.801435 0.692247 0.033750 0.033228
0 0.745810 0.725475 0.032500 0.033228
0 0.195810 0.530063 0.035000 0.031646
0 0.747060 0.533228 0.032500 0.031646
0 0.417685 0.368671 0.036250 0.037975
0 0.800810 0.628165 0.035000 0.034810
0 0.085810 0.529272 0.035000 0.030063
0 0.581435 0.661392 0.033750 0.028481
0 0.196435 0.499209 0.036250 0.033228
0 0.800185 0.725475 0.036250 0.033228
0 0.141435 0.500000 0.036250 0.037975
0 0.580185 0.724684 0.033750 0.031646
0 0.580185 0.851266 0.033750 0.034810
0 0.416435 0.722310 0.031250 0.033228
0 0.580810 0.692247 0.032500 0.033228
0 0.745185 0.757911 0.033750 0.034810
0 0.525810 0.659019 0.035000 0.033228
0 0.416435 0.784810 0.033750 0.031646
0 0.745810 0.693829 0.032500 0.033228
0 0.196435 0.562500 0.033750 0.033228
0 0.582060 0.500000 0.032500 0.031646
0 0.085810 0.563291 0.032500 0.034810
0 0.307685 0.368671 0.033750 0.037975
0 0.307685 0.434335 0.036250 0.033228
0 0.196435 0.466772 0.036250 0.034810
0 0.745810 0.661392 0.032500 0.031646
0 0.637060 0.407437 0.035000 0.036392
0 0.361435 0.563291 0.033750 0.031646
0 0.525810 0.755538 0.035000 0.033228
0 0.637060 0.500791 0.032500 0.033228
0 0.637060 0.534019 0.032500 0.033228
0 0.195810 0.594146 0.035000 0.033228
0 0.525185 0.723101 0.036250 0.031646
0 0.526435 0.499209 0.033750 0.033228
0 0.416435 0.850475 0.031250 0.033228
0 0.527060 0.438291 0.035000 0.031646
0 0.415810 0.817247 0.032500 0.033228
0 0.747060 0.597310 0.035000 0.033228
0 0.746435 0.565665 0.033750 0.033228
0 0.140810 0.561709 0.035000 0.034810
0 0.526435 0.534019 0.033750 0.033228
0 0.690810 0.693038 0.035000 0.034810
0 0.691435 0.535601 0.036250 0.033228
0 0.360810 0.596519 0.035000 0.034810
0 0.581435 0.534019 0.033750 0.033228
0 0.417685 0.564082 0.033750 0.033228
0 0.527060 0.405063 0.035000 0.034810
0 0.525810 0.595728 0.035000 0.033228
