0 0.903923 0.491776 0.035556 0.039474
0 0.954479 0.445724 0.034444 0.042763
0 0.852257 0.240132 0.032222 0.039474
0 0.750590 0.236020 0.044444 0.041118
0 0.339479 0.148849 0.037778 0.047697
0 0.904479 0.573191 0.032222 0.037829
0 0.440590 0.618421 0.035556 0.042763
0 0.440035 0.450658 0.034444 0.039474
0 0.491146 0.409539 0.034444 0.036184
0 0.699479 0.492599 0.033333 0.037829
0 0.802257 0.491776 0.034444 0.042763
0 0.994740 0.282072 0.008298 0.037829
0 0.801701 0.324013 0.035556 0.039474
0 0.801701 0.365132 0.035556 0.039474
0 0.802812 0.741776 0.035556 0.046053
0 0.953923 0.144737 0.033333 0.049342
0 0.953368 0.238487 0.032222 0.042763
0 0.543923 0.660362 0.037778 0.047697
0 0.903923 0.449836 0.035556 0.041118
0 0.699479 0.574013 0.033333 0.039474
0 0.802812 0.406250 0.033333 0.042763
0 0.801701 0.449013 0.033333 0.039474
0 0.492257 0.828947 0.032222 0.046053
0 0.544479 0.321546 0.032222 0.041118
0 0.542812 0.363487 0.033333 0.042763
0 0.902257 0.323191 0.034444 0.041118
0 0.903923 0.532072 0.035556 0.041118
0 0.545590 0.148026 0.036667 0.046053
0 0.440590 0.576480 0.035556 0.041118
0 0.953923 0.281250 0.033333 0.042763
0 0.544479 0.236020 0.034444 0.044408
0 0.901701 0.148026 0.037778 0.046053
0 0.543923 0.574836 0.033333 0.041118
0 0.902812 0.280428 0.033333 0.041118
0 0.440590 0.361842 0.035556 0.042763
0 0.543923 0.615954 0.033333 0.037829
0 0.390035 0.192434 0.034444 0.049342
0 0.390590 0.240132 0.035556 0.042763
0 0.993629 0.240954 0.010521 0.044408
0 0.491701 0.533717 0.033333 0.041118
0 0.595590 0.146382 0.034444 0.049342
0 0.851701 0.281250 0.033333 0.042763
0 0.994184 0.405428 0.009410 0.041118
0 0.491146 0.449013 0.032222 0.042763
0 0.954479 0.193257 0.032222 0.044408
0 0.699479 0.533717 0.035556 0.044408
0 0.491701 0.618421 0.033333 0.042763
0 0.492257 0.745888 0.032222 0.041118
0 0.491701 0.491776 0.033333 0.039474
0 0.802257 0.148026 0.032222 0.049342
0 0.802812 0.701480 0.035556 0.037829
0 0.543923 0.491776 0.035556 0.039474
0 0.543923 0.279605 0.035556 0.042763
0 0.596146 0.237664 0.035556 0.044408
0 0.440035 0.323191 0.034444 0.037829
0 0.491701 0.280428 0.033333 0.041118
0 0.991962 0.146382 0.013854 0.049342
0 0.492257 0.367599 0.036667 0.044408
0 0.440590 0.236842 0.033333 0.046053
0 0.903923 0.408717 0.035556 0.041118
0 0.902257 0.238487 0.034444 0.046053
0 0.993628 0.448191 0.010521 0.044408
0 0.440590 0.408717 0.035556 0.044408
0 0.492257 0.323191 0.034444 0.044408
0 0.699479 0.450658 0.035556 0.042763
0 0.904479 0.613487 0.036667 0.042763
0 0.596146 0.324836 0.035556 0.041118
0 0.491146 0.662007 0.034444 0.041118
0 0.851701 0.324836 0.035556 0.044408
0 0.648923 0.237664 0.036667 0.044408
0 0.801701 0.658717 0.033333 0.044408
0 0.852257 0.146382 0.036667 0.049342
0 0.699479 0.325658 0.035556 0.042763
0 0.596701 0.192434 0.034444 0.042763
0 0.763368 0.747533 0.021111 0.024671
0 0.763368 0.723931 0.021111 0.023520
0 0.596701 0.282072 0.036667 0.044408
0 0.699479 0.278783 0.035556 0.047697
0 0.993629 0.364309 0.010521 0.041118
0 0.751146 0.444079 0.041111 0.046053
0 0.902812 0.365954 0.035556 0.044408
0 0.802257 0.240132 0.036667 0.042763
0 0.992518 0.194901 0.012743 0.047697
0 0.491701 0.191612 0.035556 0.050987
0 0.492257 0.703125 0.034444 0.041118
0 0.801701 0.196546 0.033333 0.044408
0 0.491701 0.575658 0.035556 0.042763
0 0.698923 0.406250 0.036667 0.046053
0 0.441146 0.281250 0.034444 0.042763
0 0.648368 0.282072 0.035556 0.044408
0 0.647812 0.193257 0.036667 0.044408
0 0.648368 0.144737 0.037778 0.049342
0 0.492257 0.238487 0.034444 0.042763
0 0.698923 0.618421 0.036667 0.046053
0 0.902257 0.194079 0.036667 0.042763
0 0.542812 0.449013 0.035556 0.042763
0 0.994184 0.323191 0.009410 0.041118
0 0.543923 0.407072 0.035556 0.041118
0 0.596701 0.368421 0.036667 0.046053
0 0.955035 0.404605 0.033333 0.036184
0 0.338923 0.238487 0.036667 0.046053
0 0.802257 0.614309 0.032222 0.037829
0 0.491701 0.786184 0.033333 0.039474
0 0.542257 0.532072 0.034444 0.041118
0 0.752257 0.340461 0.043333 0.032895
0 0.752257 0.368421 0.043333 0.032895
0 0.751701 0.485197 0.040000 0.029605
0 0.751146 0.203125 0.045556 0.027961
0 0.954479 0.364309 0.034444 0.044408
0 0.542812 0.703947 0.033333 0.039474
0 0.440590 0.659539 0.033333 0.039474
0 0.440590 0.870888 0.033333 0.037829
0 0.751146 0.171053 0.043333 0.036184
0 0.542812 0.871711 0.035556 0.046053
0 0.955035 0.534539 0.035556 0.046053
0 0.802812 0.787007 0.035556 0.041118
0 0.751146 0.136513 0.043333 0.036184
0 0.337257 0.363487 0.033333 0.039474
0 0.802812 0.828125 0.035556 0.044408
0 0.441146 0.743421 0.036667 0.039474
0 0.801701 0.529605 0.035556 0.032895
0 0.751146 0.270559 0.043333 0.031250
0 0.955035 0.491776 0.033333 0.042763
0 0.440590 0.786184 0.035556 0.046053
0 0.337257 0.495888 0.037778 0.041118
0 0.337257 0.406250 0.035556 0.046053
0 0.802257 0.571546 0.036667 0.044408
0 0.543923 0.741776 0.033333 0.039474
0 0.440590 0.702303 0.035556 0.042763
0 0.801701 0.868421 0.035556 0.039474
0 0.852257 0.194901 0.034444 0.047697
0 0.802257 0.912829 0.036667 0.049342
0 0.440590 0.534539 0.035556 0.042763
0 0.440590 0.912829 0.035556 0.046053
0 0.700035 0.364309 0.034444 0.031250
0 0.545035 0.915296 0.035556 0.041118
0 0.337257 0.538651 0.037778 0.044408
0 0.544479 0.783717 0.034444 0.041118
0 0.337812 0.279605 0.034444 0.036184
0 0.802257 0.282895 0.034444 0.039474
0 0.337257 0.452303 0.037778 0.042763
0 0.338368 0.321546 0.035556 0.044408
0 0.440035 0.830592 0.036667 0.042763
0 0.544479 0.192434 0.032222 0.039474
0 0.442257 0.146382 0.034444 0.042763
0 0.545590 0.827303 0.034444 0.042763
0 0.440035 0.492599 0.034444 0.041118
0 0.441701 0.190789 0.033333 0.042763
0 0.752257 0.304276 0.043333 0.039474
0 0.338368 0.193257 0.035556 0.041118
0 0.955035 0.322368 0.033333 0.039474
