0 0.753223 0.374465 0.047778 0.038550
0 0.752112 0.277348 0.045556 0.034102
0 0.752667 0.342586 0.044444 0.026194
0 0.752112 0.207578 0.047778 0.029654
0 0.817112 0.869852 0.024444 0.032949
0 0.764334 0.744646 0.021111 0.032949
0 0.545445 0.702636 0.034444 0.044481
0 0.349334 0.747941 0.022222 0.036244
0 0.349334 0.788303 0.024444 0.037891
0 0.390445 0.367381 0.035556 0.042834
0 0.817667 0.911862 0.023333 0.028007
0 0.559334 0.869852 0.024444 0.036244
0 0.751001 0.241351 0.045556 0.041186
0 0.751556 0.140033 0.048889 0.036244
0 0.751001 0.174629 0.045556 0.039539
0 0.752667 0.308072 0.044444 0.039539
0 0.867112 0.621087 0.024444 0.036244
0 0.816001 0.785832 0.022222 0.036244
0 0.791001 0.743822 0.021111 0.034596
0 0.791556 0.910214 0.022222 0.034596
0 0.751556 0.530478 0.031111 0.036244
0 0.791556 0.870675 0.022222 0.031301
0 0.816556 0.745470 0.021111 0.034596
0 0.790445 0.785832 0.024444 0.032949
0 0.441556 0.242175 0.035556 0.032949
0 0.814334 0.410214 0.023333 0.032949
0 0.814889 0.535420 0.024444 0.039539
0 0.918778 0.412685 0.021111 0.031301
0 0.713223 0.282537 0.021111 0.037891
0 0.688223 0.283361 0.022222 0.036244
0 0.866556 0.411862 0.021111 0.032949
0 0.801556 0.704283 0.037778 0.041186
0 0.558223 0.783361 0.022222 0.034596
0 0.648223 0.327842 0.035556 0.036244
0 0.532667 0.785832 0.024444 0.036244
0 0.558778 0.828666 0.023333 0.036244
0 0.918223 0.452224 0.022222 0.034596
0 0.389334 0.324547 0.035556 0.039539
0 0.532667 0.827842 0.022222 0.034596
0 0.597112 0.663097 0.035556 0.037891
0 0.817112 0.830313 0.024444 0.036244
0 0.791001 0.831137 0.023333 0.034596
0 0.841556 0.578254 0.022222 0.032949
0 0.841556 0.452224 0.022222 0.031301
0 0.893778 0.453048 0.022222 0.032949
0 0.442112 0.281713 0.036667 0.039539
0 0.841556 0.410214 0.022222 0.036244
0 0.532667 0.744646 0.022222 0.032949
0 0.956556 0.615321 0.034444 0.044481
0 0.558223 0.746293 0.022222 0.032949
0 0.337112 0.662273 0.037778 0.039539
0 0.390445 0.285008 0.033333 0.042834
0 0.893223 0.411038 0.023333 0.037891
0 0.337112 0.284185 0.035556 0.047776
0 0.843223 0.538715 0.023333 0.032949
0 0.336556 0.703460 0.038889 0.046129
0 0.441001 0.196046 0.034444 0.056013
0 0.337112 0.327018 0.035556 0.041186
0 0.337112 0.617792 0.037778 0.049423
0 0.906556 0.662273 0.034444 0.039539
0 0.994667 0.368204 0.008443 0.041186
0 0.648223 0.369028 0.035556 0.046129
0 0.545445 0.663097 0.034444 0.037891
0 0.956556 0.705107 0.034444 0.046129
0 0.815445 0.453871 0.023333 0.037891
0 0.866001 0.495881 0.022222 0.032949
0 0.867667 0.579077 0.023333 0.037891
0 0.648223 0.618616 0.033333 0.044481
0 0.647112 0.705931 0.033333 0.044481
0 0.596556 0.702636 0.036667 0.044481
0 0.699334 0.662273 0.031111 0.039539
0 0.905445 0.327018 0.032222 0.041186
0 0.842112 0.494234 0.023333 0.036244
0 0.544334 0.616969 0.034444 0.051071
0 0.906001 0.703460 0.035556 0.046129
0 0.751556 0.446458 0.042222 0.042834
0 0.957112 0.659802 0.033333 0.044481
0 0.648223 0.661450 0.033333 0.044481
0 0.994667 0.325371 0.008443 0.044481
0 0.544334 0.369852 0.034444 0.041186
0 0.905445 0.618616 0.034444 0.047776
0 0.545445 0.282537 0.034444 0.044481
0 0.493223 0.704283 0.036667 0.044481
0 0.803223 0.617792 0.034444 0.046129
0 0.337112 0.369028 0.037778 0.046129
0 0.492667 0.282537 0.033333 0.044481
0 0.867112 0.453048 0.022222 0.032949
0 0.956001 0.368204 0.035556 0.051071
0 0.441556 0.325371 0.037778 0.044481
0 0.803223 0.663921 0.034444 0.042834
0 0.955445 0.285832 0.034444 0.047776
0 0.699889 0.706755 0.036667 0.046129
0 0.493223 0.661450 0.034444 0.041186
0 0.597112 0.372323 0.035556 0.042834
0 0.596556 0.617792 0.034444 0.049423
0 0.751556 0.490939 0.037778 0.042834
0 0.905445 0.282537 0.034444 0.047776
0 0.699889 0.616969 0.034444 0.047776
0 0.995778 0.285832 0.006221 0.041186
0 0.389889 0.240527 0.034444 0.046129
0 0.854334 0.369028 0.034444 0.042834
0 0.803223 0.328666 0.034444 0.037891
0 0.596556 0.282537 0.034444 0.044481
0 0.905445 0.369028 0.034444 0.046129
0 0.493223 0.616145 0.036667 0.049423
0 0.854334 0.283361 0.034444 0.042834
0 0.596556 0.327018 0.034444 0.044481
0 0.544334 0.326194 0.034444 0.042834
0 0.803778 0.369852 0.035556 0.044481
0 0.803223 0.284185 0.034444 0.047776
0 0.492667 0.326194 0.033333 0.042834
0 0.854889 0.327018 0.035556 0.041186
0 0.648223 0.283361 0.035556 0.049423
0 0.492112 0.369028 0.036667 0.046129
0 0.994667 0.241351 0.008443 0.047776
