0 0.514624 0.789474 0.033333 0.039474
0 0.774191 0.347574 0.047378 0.032418
0 0.774068 0.311513 0.043333 0.038158
0 0.774068 0.379441 0.043333 0.032237
0 0.772957 0.493421 0.043333 0.029605
0 0.774068 0.146382 0.041111 0.032895
0 0.772957 0.278783 0.041111 0.027961
0 0.512957 0.500822 0.032222 0.037829
0 0.785735 0.746711 0.024444 0.029605
0 0.513513 0.374178 0.035556 0.024671
0 0.774068 0.178454 0.041111 0.037829
0 0.773513 0.212171 0.044444 0.029605
0 0.514068 0.750822 0.034444 0.041118
0 0.515735 0.917763 0.035556 0.046053
0 0.515180 0.877467 0.034444 0.037829
0 0.979624 0.872533 0.032222 0.041118
0 0.669068 0.460526 0.035556 0.049342
0 0.875180 0.332237 0.036667 0.046053
0 0.356291 0.586349 0.032222 0.044408
0 0.875180 0.417763 0.032222 0.036184
0 0.927957 0.871711 0.033333 0.036184
0 0.772402 0.245066 0.042222 0.039474
0 0.410735 0.583882 0.034444 0.042763
0 0.514624 0.666118 0.033333 0.039474
0 0.515735 0.833882 0.035556 0.049342
0 0.927402 0.747533 0.034444 0.037829
0 0.357402 0.293586 0.034444 0.037829
0 0.514068 0.583059 0.034444 0.041118
0 0.356291 0.208059 0.036667 0.047697
0 0.512402 0.162007 0.033333 0.050987
0 0.409624 0.159539 0.034444 0.042763
0 0.824068 0.746711 0.030000 0.039474
0 0.978513 0.665296 0.032222 0.041118
0 0.977402 0.499178 0.032222 0.044408
0 0.356291 0.254934 0.038889 0.042763
0 0.514068 0.625000 0.034444 0.042763
0 0.670180 0.332237 0.031111 0.039474
0 0.409624 0.502467 0.034444 0.041118
0 0.515180 0.708882 0.034444 0.046053
0 0.824068 0.917763 0.036667 0.042763
0 0.927957 0.541118 0.031111 0.032895
0 0.410735 0.543586 0.032222 0.041118
0 0.357957 0.417763 0.035556 0.042763
0 0.979624 0.914474 0.034444 0.042763
0 0.979624 0.579770 0.030000 0.041118
0 0.979068 0.832237 0.035556 0.039474
0 0.979624 0.749178 0.034444 0.041118
0 0.824624 0.331414 0.033333 0.037829
0 0.459624 0.291941 0.030000 0.044408
0 0.356846 0.161184 0.037778 0.046053
0 0.926846 0.457237 0.033333 0.032895
0 0.977402 0.333059 0.034444 0.041118
0 0.357957 0.546053 0.033333 0.039474
0 0.927957 0.706414 0.033333 0.047697
0 0.512402 0.205592 0.031111 0.036184
0 0.669068 0.416941 0.031111 0.041118
0 0.408513 0.203947 0.036667 0.046053
0 0.927957 0.833059 0.035556 0.041118
0 0.409624 0.419408 0.034444 0.042763
0 0.825180 0.157072 0.034444 0.047697
0 0.824068 0.248355 0.032222 0.046053
0 0.822957 0.706414 0.032222 0.041118
0 0.823513 0.831414 0.035556 0.037829
0 0.822957 0.872533 0.034444 0.044408
0 0.619068 0.157895 0.033333 0.046053
0 0.409624 0.377467 0.032222 0.041118
0 0.669624 0.373355 0.030000 0.042763
0 0.512402 0.333882 0.033333 0.042763
0 0.927402 0.664474 0.034444 0.039474
0 0.926291 0.374178 0.034444 0.041118
0 0.513513 0.541118 0.033333 0.042763
0 0.513513 0.414474 0.035556 0.046053
0 0.978513 0.708059 0.034444 0.041118
0 0.875180 0.455592 0.030000 0.039474
0 0.357402 0.461349 0.034444 0.044408
0 0.566846 0.159539 0.035556 0.046053
0 0.670180 0.159539 0.035556 0.046053
0 0.357957 0.504934 0.035556 0.042763
0 0.410180 0.461349 0.035556 0.041118
0 0.824624 0.293586 0.033333 0.041118
0 0.618513 0.289474 0.032222 0.039474
0 0.772957 0.451480 0.038889 0.047697
0 0.979068 0.539474 0.033333 0.036184
0 0.409068 0.250822 0.035556 0.044408
0 0.927402 0.789474 0.036667 0.046053
0 0.978513 0.623355 0.032222 0.042763
0 0.409624 0.334704 0.034444 0.041118
0 0.617957 0.249178 0.033333 0.041118
0 0.356846 0.334704 0.035556 0.044408
0 0.925735 0.288651 0.033333 0.047697
0 0.825180 0.624178 0.034444 0.041118
0 0.979624 0.791118 0.034444 0.042763
0 0.927957 0.914474 0.037778 0.049342
0 0.977402 0.458059 0.032222 0.037829
0 0.824624 0.664474 0.033333 0.042763
0 0.720735 0.334704 0.032222 0.044408
0 0.512402 0.247533 0.033333 0.044408
0 0.357402 0.378289 0.034444 0.042763
0 0.409624 0.293586 0.034444 0.041118
0 0.875735 0.287829 0.033333 0.046053
0 0.824624 0.459704 0.033333 0.041118
0 0.824068 0.790296 0.036667 0.044408
0 0.565180 0.375822 0.034444 0.044408
0 0.617957 0.331414 0.033333 0.044408
0 0.824624 0.540296 0.033333 0.041118
0 0.927402 0.624178 0.034444 0.044408
0 0.670180 0.205592 0.035556 0.042763
0 0.825180 0.203125 0.034444 0.044408
0 0.977402 0.373355 0.032222 0.039474
0 0.824068 0.500000 0.034444 0.039474
0 0.512957 0.459704 0.034444 0.044408
0 0.926291 0.332237 0.034444 0.042763
0 0.824068 0.582237 0.034444 0.042763
0 0.566846 0.206414 0.035556 0.044408
0 0.669068 0.248355 0.035556 0.042763
0 0.976846 0.415296 0.033333 0.044408
0 0.926846 0.580592 0.035556 0.042763
0 0.721291 0.289474 0.033333 0.046053
0 0.617957 0.375822 0.033333 0.041118
0 0.876291 0.376645 0.036667 0.046053
0 0.977402 0.288651 0.032222 0.047697
0 0.824624 0.373355 0.031111 0.042763
0 0.566846 0.249178 0.035556 0.041118
0 0.565735 0.333882 0.035556 0.042763
0 0.512402 0.291118 0.033333 0.042763
0 0.617957 0.205592 0.035556 0.046053
0 0.926846 0.499178 0.035556 0.047697
0 0.618513 0.417763 0.034444 0.046053
0 0.566846 0.291941 0.037778 0.044408
0 0.670735 0.291118 0.034444 0.042763
0 0.926291 0.416941 0.034444 0.044408
0 0.824068 0.417763 0.032222 0.042763
