0 0.634536 0.633748 0.026667 0.032659
0 0.771202 0.704510 0.025333 0.031104
0 0.865869 0.596423 0.036000 0.035770
0 0.660536 0.779938 0.028000 0.029549
0 0.633869 0.594868 0.025333 0.035770
0 0.402536 0.414463 0.034667 0.032659
0 0.809869 0.888025 0.038667 0.034215
0 0.346536 0.596423 0.034667 0.032659
0 0.770536 0.743390 0.026667 0.034215
0 0.509869 0.706065 0.036000 0.037325
0 0.743869 0.559098 0.026667 0.032659
0 0.509202 0.594090 0.034667 0.034215
0 0.235869 0.707621 0.037333 0.037325
0 0.179869 0.339036 0.037333 0.034215
0 0.919869 0.450233 0.037333 0.035770
0 0.633869 0.814152 0.028000 0.032659
0 0.594536 0.702955 0.032000 0.034215
0 0.347202 0.485226 0.036000 0.031104
0 0.402536 0.742613 0.034667 0.032659
0 0.291202 0.743390 0.033333 0.031104
0 0.919202 0.377916 0.036000 0.034215
0 0.403202 0.450233 0.036000 0.038880
0 0.771202 0.779938 0.028000 0.032659
0 0.660536 0.671073 0.028000 0.032659
0 0.595202 0.300156 0.033333 0.034215
0 0.715869 0.342146 0.029333 0.034215
0 0.689869 0.304821 0.025333 0.031104
0 0.810536 0.853033 0.034667 0.035770
0 0.865869 0.376361 0.036000 0.034215
0 0.402536 0.671073 0.034667 0.032659
0 0.291869 0.486781 0.037333 0.031104
0 0.809202 0.816485 0.034667 0.034215
0 0.703202 0.377138 0.036000 0.032659
0 0.403869 0.303266 0.037333 0.034215
0 0.633869 0.705288 0.025333 0.032659
0 0.717202 0.305599 0.026667 0.032659
0 0.648536 0.413686 0.033333 0.031104
0 0.509869 0.778383 0.036000 0.035770
0 0.236536 0.486781 0.036000 0.031104
0 0.919202 0.706843 0.036000 0.035770
0 0.509202 0.742613 0.037333 0.035770
0 0.457869 0.745723 0.033333 0.032659
0 0.660536 0.523328 0.028000 0.029549
0 0.177869 0.374028 0.036000 0.035770
0 0.595202 0.339036 0.030667 0.031104
0 0.291202 0.595645 0.036000 0.031104
0 0.919869 0.559098 0.037333 0.035770
0 0.235202 0.814152 0.036000 0.038880
0 0.919869 0.523328 0.037333 0.038880
0 0.700536 0.849922 0.033333 0.029549
0 0.179869 0.634526 0.037333 0.037325
0 0.400536 0.853033 0.036000 0.035770
0 0.235202 0.850700 0.036000 0.034215
0 0.811202 0.304821 0.036000 0.034215
0 0.179202 0.744168 0.036000 0.038880
0 0.236536 0.339813 0.036000 0.035770
0 0.701202 0.817263 0.034667 0.032659
0 0.919869 0.632193 0.034667 0.032659
0 0.633869 0.778383 0.028000 0.035770
0 0.179869 0.671851 0.037333 0.037325
0 0.551869 0.254277 0.032000 0.032659
0 0.919869 0.342146 0.037333 0.037325
0 0.236536 0.375583 0.033333 0.032659
0 0.291202 0.890358 0.036000 0.035770
0 0.403869 0.339036 0.032000 0.034215
0 0.556536 0.775272 0.022667 0.026439
0 0.347202 0.818040 0.038667 0.037325
0 0.290536 0.631415 0.037333 0.040435
0 0.918536 0.885692 0.034667 0.035770
0 0.404536 0.266719 0.036000 0.023328
0 0.591869 0.885692 0.037333 0.023328
0 0.550536 0.431571 0.026667 0.032659
0 0.596536 0.265941 0.033333 0.021773
0 0.551869 0.286159 0.032000 0.031104
0 0.757202 0.415241 0.037333 0.037325
0 0.701869 0.597201 0.036000 0.037325
0 0.457202 0.414463 0.037333 0.038880
0 0.510536 0.343701 0.034667 0.037325
0 0.646536 0.377916 0.037333 0.037325
0 0.552562 0.235715 0.031147 0.005459
0 0.402669 0.891135 0.037600 0.040435
0 0.595202 0.375583 0.036000 0.038880
0 0.347202 0.893002 0.033333 0.041058
0 0.553202 0.361820 0.032000 0.042457
0 0.551869 0.396734 0.029333 0.031415
0 0.811869 0.559876 0.037333 0.034215
0 0.457869 0.709176 0.036000 0.037325
0 0.661202 0.634526 0.029333 0.037325
0 0.458536 0.560653 0.037333 0.035770
0 0.702536 0.523328 0.037333 0.038880
0 0.236536 0.414463 0.038667 0.041991
0 0.703202 0.486003 0.036000 0.032659
0 0.701869 0.668740 0.033333 0.037325
0 0.595202 0.414463 0.036000 0.035770
0 0.401869 0.634526 0.036000 0.037325
0 0.811202 0.414463 0.036000 0.035770
0 0.235869 0.597201 0.037333 0.037325
0 0.810536 0.523328 0.034667 0.035770
0 0.347202 0.412131 0.036000 0.037325
0 0.769869 0.597201 0.028000 0.034215
0 0.648536 0.303266 0.036000 0.037325
0 0.770536 0.558320 0.026667 0.034215
0 0.701869 0.450233 0.036000 0.032659
0 0.810536 0.486003 0.034667 0.035770
0 0.593202 0.779938 0.034667 0.035770
0 0.756536 0.377916 0.036000 0.034215
0 0.866536 0.521773 0.034667 0.035770
0 0.701202 0.779938 0.032000 0.035770
0 0.291202 0.706843 0.036000 0.038880
0 0.509202 0.413686 0.034667 0.037325
0 0.593869 0.666407 0.033333 0.035770
0 0.346536 0.560653 0.037333 0.035770
0 0.701202 0.884914 0.034667 0.037325
0 0.595202 0.559876 0.036000 0.034215
0 0.811202 0.667963 0.036000 0.035770
0 0.661869 0.597201 0.028000 0.034215
0 0.457202 0.486781 0.037333 0.037325
0 0.701869 0.743390 0.033333 0.034215
0 0.457869 0.303266 0.036000 0.037325
0 0.647869 0.340591 0.037333 0.034215
0 0.701869 0.413686 0.038667 0.034215
0 0.402536 0.559876 0.037333 0.034215
0 0.757202 0.302488 0.034667 0.035770
0 0.661202 0.707621 0.029333 0.034215
0 0.594536 0.741835 0.037333 0.037325
0 0.456536 0.597201 0.036000 0.034215
0 0.509202 0.451788 0.034667 0.035770
0 0.701202 0.561431 0.034667 0.034215
0 0.510536 0.632970 0.037333 0.037325
0 0.456536 0.633748 0.036000 0.035770
0 0.661869 0.814930 0.028000 0.034215
0 0.511202 0.304821 0.033333 0.034215
0 0.291202 0.374806 0.036000 0.037325
0 0.811202 0.744168 0.036000 0.035770
0 0.865869 0.669518 0.036000 0.035770
0 0.811869 0.377916 0.037333 0.034215
0 0.660536 0.487558 0.028000 0.035770
0 0.345869 0.744168 0.036000 0.032659
0 0.289869 0.779160 0.036000 0.034215
0 0.811869 0.706065 0.034667 0.034215
0 0.919869 0.413686 0.037333 0.034215
0 0.593869 0.630638 0.036000 0.023328
0 0.346536 0.633748 0.037333 0.035770
0 0.919869 0.850700 0.037333 0.037325
0 0.757202 0.341369 0.034667 0.038880
0 0.509869 0.849922 0.036000 0.035770
0 0.553202 0.219285 0.032000 0.027994
0 0.770536 0.524106 0.026667 0.027994
0 0.743869 0.631415 0.026667 0.034215
0 0.177869 0.451011 0.038667 0.034215
0 0.179202 0.815708 0.036000 0.029549
0 0.347202 0.855365 0.036000 0.031104
0 0.179869 0.557543 0.037333 0.032659
0 0.553202 0.189736 0.032000 0.027994
0 0.745202 0.524883 0.024000 0.029549
0 0.179202 0.889580 0.038667 0.031104
0 0.347869 0.339813 0.034667 0.035770
0 0.289869 0.854588 0.036000 0.035770
0 0.179869 0.485226 0.037333 0.031104
0 0.865202 0.886470 0.037333 0.034215
0 0.919869 0.812597 0.037333 0.035770
0 0.291869 0.339813 0.034667 0.032659
0 0.633869 0.486781 0.025333 0.034215
0 0.179202 0.521773 0.038667 0.035770
0 0.742536 0.778383 0.026667 0.032659
0 0.660536 0.450233 0.028000 0.029549
0 0.179869 0.707621 0.037333 0.034215
0 0.865202 0.850700 0.037333 0.034215
0 0.179869 0.852255 0.037333 0.040435
0 0.400536 0.816485 0.033333 0.037325
0 0.592536 0.853033 0.033333 0.032659
0 0.235869 0.300156 0.034667 0.034215
0 0.690536 0.339813 0.024000 0.032659
0 0.178536 0.780715 0.037333 0.034215
0 0.510536 0.886470 0.034667 0.037325
0 0.770536 0.814152 0.026667 0.032659
0 0.235202 0.632970 0.033333 0.034215
0 0.742536 0.887247 0.029333 0.032659
0 0.769869 0.885692 0.028000 0.032659
0 0.235202 0.777605 0.036000 0.031104
0 0.236536 0.451011 0.033333 0.031104
0 0.865869 0.340591 0.036000 0.034215
0 0.811202 0.340591 0.036000 0.037325
0 0.919869 0.777605 0.037333 0.034215
0 0.347202 0.449456 0.036000 0.034215
0 0.662536 0.559876 0.026667 0.031104
0 0.769869 0.850700 0.028000 0.031104
0 0.810536 0.631415 0.034667 0.031104
0 0.743202 0.595645 0.025333 0.034215
0 0.742536 0.852255 0.026667 0.034215
0 0.919869 0.741835 0.037333 0.037325
0 0.509869 0.559876 0.033333 0.031104
0 0.743202 0.814930 0.030667 0.034215
0 0.178536 0.412908 0.037333 0.038880
0 0.771202 0.632970 0.028000 0.031104
0 0.865869 0.778383 0.036000 0.032659
0 0.289202 0.815708 0.037333 0.038880
0 0.866536 0.304044 0.034667 0.038880
0 0.635202 0.450233 0.022667 0.029549
0 0.510536 0.816485 0.034667 0.034215
0 0.633869 0.524106 0.025333 0.031104
0 0.509869 0.524106 0.033333 0.034215
0 0.235869 0.521773 0.032000 0.032659
0 0.919869 0.304821 0.037333 0.037325
0 0.743869 0.705288 0.029333 0.032659
0 0.757202 0.484448 0.034667 0.032659
0 0.403202 0.377916 0.033333 0.034215
0 0.866536 0.559098 0.034667 0.035770
0 0.179869 0.594090 0.037333 0.037325
0 0.633202 0.670295 0.026667 0.034215
0 0.701869 0.632970 0.033333 0.034215
0 0.865869 0.706065 0.036000 0.037325
0 0.864536 0.813375 0.038667 0.037325
0 0.291202 0.522551 0.036000 0.034215
0 0.458536 0.342146 0.037333 0.034215
0 0.809869 0.779938 0.036000 0.035770
0 0.770536 0.669518 0.026667 0.032659
0 0.235202 0.888802 0.038667 0.038880
0 0.634536 0.558320 0.026667 0.034215
0 0.743202 0.669518 0.028000 0.035770
0 0.291869 0.450233 0.037333 0.035770
0 0.593202 0.816485 0.037333 0.037325
0 0.661869 0.743390 0.028000 0.034215
0 0.401869 0.778383 0.036000 0.035770
0 0.401869 0.523328 0.036000 0.035770
0 0.920536 0.486781 0.036000 0.034215
0 0.510536 0.379471 0.032000 0.031104
0 0.291869 0.300933 0.034667 0.041991
0 0.457202 0.671073 0.034667 0.035770
0 0.179869 0.300933 0.037333 0.041991
0 0.291202 0.559876 0.036000 0.040435
0 0.236536 0.559876 0.033333 0.034215
0 0.235202 0.668740 0.036000 0.037325
0 0.458536 0.783826 0.037333 0.040435
0 0.509869 0.670295 0.036000 0.034215
0 0.593202 0.595645 0.034667 0.034215
0 0.235202 0.744946 0.038667 0.037325
0 0.594536 0.486781 0.034667 0.031104
0 0.919202 0.667963 0.036000 0.038880
0 0.509202 0.487558 0.034667 0.032659
0 0.809869 0.597201 0.033333 0.037325
0 0.290536 0.671073 0.034667 0.032659
0 0.402536 0.706065 0.034667 0.034215
0 0.346536 0.779938 0.037333 0.035770
0 0.865869 0.632193 0.036000 0.035770
0 0.865202 0.412908 0.034667 0.035770
0 0.864536 0.450233 0.033333 0.035770
0 0.743869 0.742613 0.029333 0.035770
0 0.346536 0.521773 0.037333 0.038880
0 0.700536 0.706065 0.033333 0.037325
0 0.756536 0.450233 0.036000 0.032659
0 0.291202 0.412908 0.036000 0.035770
0 0.347869 0.374806 0.034667 0.034215
0 0.595202 0.523328 0.036000 0.035770
0 0.633869 0.741835 0.028000 0.034215
0 0.594536 0.452566 0.034667 0.037325
0 0.456536 0.451788 0.036000 0.032659
0 0.403202 0.487558 0.036000 0.035770
0 0.401869 0.595645 0.036000 0.034215
0 0.866536 0.486781 0.037333 0.034215
0 0.457202 0.524106 0.037333 0.034215
0 0.811202 0.449456 0.036000 0.034215
0 0.919869 0.595645 0.037333 0.037325
0 0.865869 0.743390 0.038667 0.037325
0 0.346536 0.671073 0.037333 0.035770
0 0.347869 0.301711 0.034667 0.037325
0 0.457202 0.376361 0.034667 0.034215
0 0.346536 0.708398 0.037333 0.035770
