0 0.619639 0.705931 0.036667 0.044481
0 0.295195 0.416804 0.023333 0.032949
0 0.463528 0.452224 0.042222 0.044481
0 0.822973 0.333608 0.036667 0.041186
0 0.720750 0.336079 0.036667 0.042834
0 0.617973 0.336079 0.033333 0.042834
0 0.516861 0.619440 0.033333 0.049423
0 0.254639 0.333608 0.037778 0.047776
0 0.619084 0.619440 0.035556 0.046129
0 0.566861 0.336079 0.033333 0.039539
0 0.296861 0.457166 0.022222 0.034596
0 0.463528 0.214909 0.046667 0.027842
0 0.154084 0.621911 0.034444 0.047776
0 0.361306 0.617792 0.035556 0.049423
0 0.874084 0.292422 0.034444 0.047776
0 0.412973 0.619440 0.034444 0.046129
0 0.310195 0.706755 0.033333 0.046129
0 0.309639 0.664745 0.032222 0.041186
0 0.308528 0.333608 0.032222 0.041186
0 0.822417 0.373970 0.035556 0.039539
0 0.617417 0.374794 0.034444 0.041186
0 0.876861 0.619440 0.035556 0.046129
0 0.100750 0.334432 0.034444 0.039539
0 0.824639 0.618616 0.033333 0.044481
0 0.412417 0.665568 0.033333 0.039539
0 0.566861 0.620264 0.033333 0.047776
0 0.411306 0.333608 0.033333 0.037891
0 0.154084 0.708402 0.036667 0.042834
0 0.874084 0.375618 0.036667 0.042834
0 0.824639 0.663097 0.033333 0.041186
0 0.771861 0.334432 0.034444 0.042834
0 0.875750 0.702636 0.035556 0.044481
0 0.047417 0.205107 0.036667 0.051071
0 0.255195 0.289127 0.034444 0.041186
0 0.202973 0.295717 0.034444 0.041186
0 0.153528 0.666392 0.033333 0.041186
0 0.255195 0.249588 0.034444 0.037891
0 0.568528 0.704283 0.034444 0.047776
0 0.361306 0.664745 0.033333 0.041186
0 0.772973 0.662273 0.034444 0.039539
0 0.874084 0.336079 0.034444 0.039539
0 0.721306 0.376442 0.035556 0.041186
0 0.666306 0.249588 0.034444 0.044481
0 0.047973 0.294069 0.037778 0.044481
0 0.885195 0.457166 0.025556 0.037891
0 0.321861 0.416804 0.021111 0.029654
0 0.875750 0.662273 0.033333 0.039539
0 0.811861 0.453048 0.021111 0.032949
0 0.810750 0.414333 0.023333 0.031301
0 0.322417 0.457990 0.020000 0.032949
0 0.771306 0.375618 0.033333 0.042834
0 0.360195 0.336903 0.033333 0.037891
0 0.824084 0.705107 0.032222 0.042834
0 0.411861 0.705931 0.032222 0.044481
0 0.465195 0.315486 0.043333 0.037891
0 0.773528 0.706755 0.035556 0.046129
0 0.360750 0.705107 0.034444 0.042834
0 0.836306 0.455519 0.023333 0.031301
0 0.667973 0.294893 0.035556 0.046129
0 0.047417 0.250412 0.034444 0.036244
0 0.359084 0.377265 0.035556 0.046129
0 0.463528 0.149094 0.046667 0.034596
0 0.885750 0.497529 0.024444 0.029654
0 0.464084 0.182867 0.045556 0.036244
0 0.464639 0.282537 0.044444 0.031301
0 0.462973 0.541186 0.030000 0.044481
0 0.885195 0.415980 0.025556 0.034596
0 0.465195 0.378089 0.043333 0.034596
0 0.477973 0.752059 0.022222 0.024712
0 0.047973 0.330313 0.037778 0.024712
0 0.837417 0.415980 0.023333 0.031301
0 0.477417 0.725700 0.021111 0.028007
0 0.465750 0.349259 0.042222 0.029654
0 0.463528 0.246211 0.044444 0.038056
0 0.463528 0.496705 0.040000 0.044481
0 0.359639 0.292422 0.036667 0.051071
0 0.516306 0.292422 0.034444 0.044481
0 0.565750 0.290774 0.035556 0.051071
0 0.514084 0.376442 0.034444 0.044481
0 0.307973 0.291598 0.033333 0.046129
0 0.151861 0.291598 0.034444 0.046129
0 0.410750 0.375618 0.034444 0.046129
0 0.100750 0.291598 0.034444 0.046129
0 0.618528 0.292422 0.034444 0.044481
0 0.307973 0.374794 0.033333 0.044481
0 0.721861 0.291598 0.036667 0.046129
0 0.411861 0.292422 0.034444 0.044481
0 0.254639 0.205107 0.035556 0.051071
0 0.566306 0.378089 0.036667 0.044481
0 0.515750 0.335255 0.033333 0.041186
0 0.310195 0.618616 0.035556 0.051071
0 0.151861 0.377265 0.034444 0.046129
0 0.822973 0.291598 0.034444 0.046129
0 0.516861 0.664745 0.033333 0.041186
0 0.100195 0.378089 0.037778 0.051071
0 0.152417 0.334432 0.035556 0.042834
0 0.047417 0.375618 0.038889 0.049423
0 0.771861 0.291598 0.034444 0.046129
0 0.203528 0.248764 0.035556 0.052718
0 0.619084 0.664745 0.033333 0.041186
0 0.516306 0.706755 0.036667 0.046129
0 0.772973 0.618616 0.034444 0.047776
