0 0.337923 0.415842 0.033333 0.042904
0 0.853478 0.579208 0.037778 0.033003
0 0.286812 0.663366 0.035556 0.023102
0 0.235145 0.332508 0.032222 0.041254
0 0.444034 0.345710 0.041111 0.031353
0 0.442367 0.181518 0.042222 0.033003
0 0.852923 0.540429 0.036667 0.044554
0 0.441812 0.212046 0.047778 0.028053
0 0.390701 0.830033 0.034444 0.036304
0 0.442923 0.500000 0.038889 0.036304
0 0.442367 0.147690 0.044444 0.034653
0 0.442923 0.279703 0.041111 0.031353
0 0.851812 0.498350 0.034444 0.039604
0 0.390145 0.868812 0.035556 0.044554
0 0.131256 0.500000 0.035556 0.042904
0 0.645701 0.333333 0.033333 0.046205
0 0.080145 0.287954 0.033333 0.037954
0 0.444034 0.312706 0.041111 0.034653
0 0.029589 0.200495 0.034444 0.044554
0 0.337923 0.455446 0.033333 0.029703
0 0.506256 0.415017 0.025556 0.037954
0 0.544589 0.788779 0.033333 0.039604
0 0.131812 0.328383 0.034444 0.039604
0 0.131812 0.288779 0.034444 0.042904
0 0.852367 0.419142 0.033333 0.036304
0 0.481812 0.154290 0.023333 0.037954
0 0.390145 0.914191 0.035556 0.046205
0 0.337923 0.332508 0.033333 0.037954
0 0.543478 0.748350 0.031111 0.041254
0 0.182923 0.705446 0.034444 0.041254
0 0.132367 0.245050 0.033333 0.044554
0 0.389589 0.788779 0.034444 0.042904
0 0.443478 0.377888 0.044444 0.036304
0 0.646256 0.160066 0.034444 0.046205
0 0.130701 0.538779 0.036667 0.041254
0 0.851256 0.334983 0.033333 0.039604
0 0.080701 0.245875 0.034444 0.046205
0 0.595701 0.376238 0.033333 0.042904
0 0.545145 0.830858 0.034444 0.044554
0 0.645701 0.374587 0.033333 0.039604
0 0.545145 0.873762 0.034444 0.041254
0 0.481256 0.372112 0.020000 0.037954
0 0.131812 0.579208 0.036667 0.039604
0 0.442923 0.245875 0.043333 0.039604
0 0.544034 0.707096 0.034444 0.044554
0 0.482367 0.202970 0.024444 0.036304
0 0.081812 0.202145 0.032222 0.041254
0 0.851256 0.249175 0.033333 0.039604
0 0.183478 0.663366 0.033333 0.042904
0 0.543478 0.581683 0.033333 0.037954
0 0.389034 0.746700 0.033333 0.041254
0 0.287923 0.869637 0.035556 0.039604
0 0.852367 0.458746 0.033333 0.042904
0 0.184034 0.456271 0.032222 0.037954
0 0.131256 0.620462 0.035556 0.042904
0 0.029589 0.289604 0.036667 0.044554
0 0.286812 0.292079 0.033333 0.042904
0 0.506256 0.332508 0.023333 0.034653
0 0.544589 0.664191 0.035556 0.041254
0 0.288478 0.829208 0.034444 0.041254
0 0.183478 0.495050 0.035556 0.039604
0 0.030145 0.244224 0.035556 0.042904
0 0.183478 0.620462 0.035556 0.042904
0 0.234589 0.288779 0.031111 0.042904
0 0.544589 0.622937 0.035556 0.044554
0 0.799034 0.334158 0.033333 0.041254
0 0.595145 0.333333 0.034444 0.046205
0 0.481812 0.246700 0.023333 0.034653
0 0.748478 0.338284 0.032222 0.042904
0 0.183478 0.535479 0.035556 0.044554
0 0.287923 0.789604 0.033333 0.037954
0 0.799034 0.248350 0.033333 0.047855
0 0.851812 0.292904 0.034444 0.044554
0 0.697923 0.333333 0.035556 0.042904
0 0.389589 0.704620 0.032222 0.042904
0 0.132923 0.156766 0.036667 0.046205
0 0.851812 0.206271 0.034444 0.046205
0 0.645701 0.292079 0.035556 0.042904
0 0.081812 0.155941 0.034444 0.047855
0 0.748478 0.380363 0.032222 0.041254
0 0.749034 0.160891 0.035556 0.051155
0 0.080701 0.372937 0.032222 0.039604
0 0.130701 0.667492 0.034444 0.047855
0 0.183478 0.746700 0.037778 0.044554
0 0.287367 0.246700 0.034444 0.044554
0 0.131812 0.202970 0.034444 0.042904
0 0.645145 0.248350 0.034444 0.041254
0 0.079589 0.413366 0.034444 0.044554
0 0.286812 0.372112 0.033333 0.037954
0 0.645701 0.206271 0.035556 0.042904
0 0.506256 0.288779 0.023333 0.039604
0 0.545145 0.915842 0.036667 0.042904
0 0.389589 0.665017 0.032222 0.039604
0 0.595145 0.419142 0.032222 0.042904
0 0.131812 0.413366 0.034444 0.041254
0 0.799034 0.292904 0.033333 0.041254
0 0.646812 0.415842 0.033333 0.042904
0 0.544589 0.499175 0.035556 0.041254
0 0.235145 0.373762 0.032222 0.037954
0 0.851812 0.159241 0.036667 0.047855
0 0.748478 0.249175 0.034444 0.042904
0 0.080701 0.329208 0.036667 0.044554
0 0.183478 0.579208 0.035556 0.042904
0 0.338478 0.495050 0.034444 0.046205
0 0.481256 0.289604 0.022222 0.034653
0 0.697923 0.375413 0.035556 0.044554
0 0.506256 0.374587 0.023333 0.033003
0 0.390145 0.159241 0.033333 0.047855
0 0.287367 0.915017 0.036667 0.047855
0 0.544589 0.335809 0.033333 0.041254
0 0.493478 0.538779 0.033333 0.041254
0 0.184034 0.157591 0.034444 0.047855
0 0.481256 0.330033 0.022222 0.036304
0 0.748478 0.207096 0.034444 0.041254
0 0.696812 0.288779 0.035556 0.046205
0 0.030145 0.154290 0.035556 0.047855
0 0.182367 0.289604 0.033333 0.041254
0 0.544589 0.160066 0.035556 0.049505
0 0.234589 0.415842 0.033333 0.046205
0 0.337923 0.542904 0.033333 0.046205
0 0.851812 0.377063 0.034444 0.044554
0 0.286812 0.538779 0.035556 0.037954
0 0.389589 0.497525 0.034444 0.037954
0 0.544589 0.541254 0.037778 0.042904
0 0.183478 0.371287 0.035556 0.042904
0 0.594589 0.292079 0.033333 0.039604
0 0.389589 0.538779 0.034444 0.044554
0 0.184034 0.203795 0.034444 0.044554
0 0.494034 0.623762 0.034444 0.042904
0 0.182367 0.330033 0.035556 0.042904
0 0.287367 0.203795 0.034444 0.041254
0 0.287367 0.702970 0.032222 0.046205
0 0.183478 0.414191 0.035556 0.046205
0 0.289034 0.156766 0.033333 0.046205
0 0.544589 0.376238 0.033333 0.039604
0 0.182923 0.246700 0.034444 0.044554
0 0.389034 0.580033 0.033333 0.041254
0 0.131812 0.371287 0.034444 0.046205
0 0.338478 0.372937 0.034444 0.039604
0 0.800145 0.377888 0.035556 0.046205
0 0.390701 0.331683 0.032222 0.036304
0 0.748478 0.294554 0.034444 0.044554
0 0.286812 0.332508 0.033333 0.041254
0 0.442367 0.451320 0.042222 0.044554
0 0.494034 0.580858 0.034444 0.042904
0 0.130701 0.456271 0.034444 0.041254
0 0.391256 0.249175 0.031111 0.039604
0 0.389589 0.622112 0.034444 0.042904
0 0.391256 0.206271 0.033333 0.042904
0 0.544589 0.457921 0.033333 0.041254
0 0.287367 0.578383 0.034444 0.041254
0 0.544589 0.205446 0.035556 0.041254
0 0.390145 0.415842 0.031111 0.039604
0 0.287923 0.748350 0.035556 0.044554
0 0.545145 0.415842 0.034444 0.039604
0 0.339034 0.290429 0.033333 0.046205
0 0.286812 0.624587 0.037778 0.047855
0 0.594589 0.249175 0.035556 0.046205
0 0.286256 0.413366 0.034444 0.044554
0 0.286812 0.456271 0.033333 0.041254
0 0.493478 0.497525 0.033333 0.041254
0 0.494034 0.455446 0.034444 0.042904
0 0.544589 0.249175 0.035556 0.046205
0 0.286812 0.498350 0.035556 0.042904
0 0.389034 0.457921 0.033333 0.041254
0 0.391256 0.373762 0.033333 0.044554
0 0.390701 0.291254 0.034444 0.044554
0 0.545145 0.294554 0.032222 0.041254
