0 0.818036 0.384375 0.033333 0.037500
0 0.560236 0.415219 0.026667 0.029687
0 0.559916 0.391242 0.024000 0.016078
0 0.558703 0.263281 0.032000 0.032813
0 0.820036 0.782813 0.034667 0.034375
0 0.765369 0.312500 0.034667 0.037500
0 0.928703 0.850781 0.036000 0.032813
0 0.184703 0.528125 0.036000 0.034375
0 0.818036 0.527344 0.028000 0.032813
0 0.818703 0.599219 0.032000 0.029687
0 0.184036 0.743750 0.034667 0.034375
0 0.462703 0.817969 0.037333 0.042188
0 0.599369 0.850781 0.036000 0.035937
0 0.558036 0.296875 0.028000 0.028125
0 0.819369 0.633594 0.033333 0.035937
0 0.928036 0.671094 0.029333 0.032813
0 0.928703 0.816406 0.036000 0.035937
0 0.463369 0.780469 0.036000 0.035937
0 0.876036 0.851562 0.034667 0.034375
0 0.928036 0.745313 0.032000 0.037500
0 0.874703 0.780469 0.034667 0.035937
0 0.928036 0.277344 0.034667 0.032813
0 0.240703 0.420312 0.036000 0.040625
0 0.600703 0.779687 0.033333 0.028125
0 0.927369 0.421094 0.033333 0.029687
0 0.928703 0.886719 0.036000 0.035937
0 0.874703 0.746094 0.034667 0.032813
0 0.928036 0.634375 0.034667 0.037500
0 0.600703 0.603125 0.036000 0.034375
0 0.875369 0.887500 0.038667 0.034375
0 0.820036 0.746094 0.037333 0.035937
0 0.876036 0.816406 0.037333 0.035937
0 0.654703 0.888281 0.037333 0.029687
0 0.516703 0.527344 0.033333 0.032813
0 0.184703 0.816406 0.036000 0.032813
0 0.297369 0.817187 0.034667 0.031250
0 0.408036 0.565625 0.034667 0.037500
0 0.818036 0.563281 0.033333 0.039062
0 0.818703 0.418750 0.032000 0.031250
0 0.818036 0.492188 0.033333 0.034375
0 0.654036 0.744531 0.036000 0.035937
0 0.929369 0.780469 0.034667 0.032813
0 0.599369 0.749219 0.036000 0.035937
0 0.600703 0.639844 0.033333 0.035937
0 0.654036 0.491406 0.033333 0.032813
0 0.600036 0.710156 0.037333 0.039062
0 0.185369 0.635938 0.037333 0.037500
0 0.926703 0.312500 0.034667 0.034375
0 0.654036 0.815625 0.036000 0.037500
0 0.654703 0.527344 0.034667 0.039062
0 0.600036 0.889062 0.034667 0.037500
0 0.240703 0.814844 0.036000 0.032813
0 0.516036 0.708594 0.034667 0.032813
0 0.463369 0.856250 0.036000 0.034375
0 0.819369 0.851562 0.036000 0.037500
0 0.820036 0.710156 0.037333 0.035937
0 0.874036 0.635156 0.036000 0.035937
0 0.353369 0.420312 0.034667 0.034375
0 0.927369 0.238281 0.036000 0.042188
0 0.516036 0.744531 0.034667 0.035937
0 0.240036 0.743750 0.034667 0.034375
0 0.600703 0.675000 0.036000 0.034375
0 0.654036 0.854688 0.036000 0.034375
0 0.352036 0.673438 0.034667 0.031250
0 0.352703 0.817187 0.036000 0.034375
0 0.240036 0.638281 0.032000 0.032813
0 0.296703 0.419531 0.033333 0.035937
0 0.874036 0.673438 0.036000 0.034375
0 0.463369 0.636719 0.036000 0.035937
0 0.296703 0.636719 0.036000 0.032813
0 0.872703 0.421094 0.036000 0.035937
0 0.820703 0.672656 0.036000 0.039062
0 0.463369 0.566406 0.036000 0.035937
0 0.873369 0.563281 0.032000 0.035937
0 0.463369 0.531250 0.036000 0.034375
0 0.407369 0.746094 0.036000 0.039062
0 0.185369 0.492969 0.034667 0.035937
0 0.654036 0.456250 0.030667 0.034375
0 0.409369 0.310937 0.032000 0.034375
0 0.185369 0.892188 0.037333 0.037500
0 0.186036 0.345313 0.033333 0.034375
0 0.296703 0.564844 0.033333 0.032813
0 0.296036 0.672656 0.034667 0.032813
0 0.242036 0.381250 0.033333 0.034375
0 0.560703 0.198437 0.028000 0.028125
0 0.516036 0.564063 0.034667 0.037500
0 0.297369 0.456250 0.037333 0.037500
0 0.184036 0.780469 0.037333 0.039062
0 0.354036 0.346875 0.036000 0.037500
0 0.818036 0.312500 0.033333 0.037500
0 0.240036 0.779687 0.037333 0.034375
0 0.352036 0.492188 0.034667 0.034375
0 0.295369 0.707812 0.036000 0.037500
0 0.928036 0.563281 0.034667 0.035937
0 0.464703 0.494531 0.033333 0.035937
0 0.297369 0.307812 0.032000 0.037500
0 0.926703 0.349219 0.034667 0.035937
0 0.516036 0.491406 0.034667 0.039062
0 0.351369 0.637500 0.036000 0.037500
0 0.240703 0.564844 0.036000 0.035937
0 0.240703 0.601562 0.036000 0.037500
0 0.241369 0.492969 0.034667 0.035937
0 0.602036 0.495312 0.033333 0.034375
0 0.656036 0.203125 0.034667 0.037500
0 0.928036 0.454688 0.034667 0.037500
0 0.408703 0.385937 0.033333 0.034375
0 0.465369 0.309375 0.032000 0.037500
0 0.600703 0.531250 0.033333 0.037500
0 0.352036 0.601562 0.034667 0.034375
0 0.602036 0.424219 0.030667 0.035937
0 0.463369 0.421875 0.036000 0.034375
0 0.408703 0.421875 0.033333 0.034375
0 0.654036 0.312500 0.033333 0.034375
0 0.243369 0.308594 0.033333 0.035937
0 0.353369 0.384375 0.034667 0.034375
0 0.352703 0.565625 0.036000 0.037500
0 0.298036 0.346875 0.033333 0.034375
0 0.242703 0.345313 0.034667 0.037500
0 0.927369 0.385156 0.036000 0.032813
0 0.408703 0.457031 0.033333 0.032813
0 0.352036 0.455469 0.034667 0.035937
0 0.184703 0.600000 0.036000 0.037500
0 0.601369 0.388281 0.032000 0.032813
0 0.654703 0.278125 0.034667 0.034375
0 0.186036 0.381250 0.036000 0.037500
0 0.296036 0.494531 0.032000 0.035937
0 0.354036 0.274219 0.036000 0.032813
0 0.872036 0.385937 0.037333 0.034375
0 0.464703 0.457813 0.033333 0.037500
0 0.602036 0.459375 0.033333 0.034375
0 0.297369 0.382031 0.034667 0.035937
0 0.409369 0.494531 0.034667 0.039062
0 0.558703 0.368750 0.032000 0.034375
0 0.819369 0.814844 0.033333 0.032813
0 0.198036 0.672656 0.022667 0.026562
0 0.564036 0.782813 0.021333 0.028125
0 0.516703 0.455469 0.036000 0.023438
0 0.406703 0.600781 0.034667 0.035937
0 0.186036 0.419531 0.036000 0.039062
0 0.600703 0.814063 0.036000 0.037500
0 0.352703 0.744531 0.036000 0.035937
0 0.240703 0.528125 0.036000 0.034375
0 0.353369 0.852344 0.037333 0.035937
0 0.241369 0.852344 0.034667 0.039062
0 0.654036 0.601562 0.036000 0.037500
0 0.464036 0.889844 0.037333 0.035937
0 0.296703 0.742969 0.036000 0.032813
0 0.654036 0.710156 0.038667 0.032813
0 0.296703 0.852344 0.036000 0.035937
0 0.516036 0.637500 0.034667 0.037500
0 0.463369 0.672656 0.036000 0.035937
0 0.710036 0.242969 0.033333 0.035937
0 0.874703 0.711719 0.037333 0.035937
0 0.927369 0.527344 0.036000 0.035937
0 0.654703 0.778125 0.034667 0.034375
0 0.928036 0.599219 0.034667 0.032813
0 0.409369 0.531250 0.032000 0.031250
0 0.516036 0.815625 0.034667 0.037500
0 0.517369 0.852344 0.034667 0.035937
0 0.352703 0.781250 0.036000 0.034375
0 0.242036 0.890625 0.033333 0.034375
0 0.927369 0.492188 0.036000 0.034375
0 0.354036 0.235156 0.036000 0.039062
0 0.185369 0.307031 0.032000 0.039062
0 0.185369 0.705469 0.037333 0.042188
0 0.463369 0.746094 0.036000 0.032813
0 0.653369 0.564063 0.034667 0.034375
0 0.601369 0.567969 0.034667 0.032813
0 0.297369 0.886719 0.037333 0.032813
0 0.818703 0.348438 0.032000 0.031250
0 0.240036 0.708594 0.034667 0.035937
0 0.352703 0.887500 0.038667 0.034375
0 0.928036 0.707812 0.034667 0.037500
0 0.297369 0.779687 0.034667 0.040625
0 0.462703 0.710938 0.037333 0.037500
0 0.873369 0.600000 0.034667 0.034375
0 0.516703 0.779687 0.033333 0.034375
0 0.653369 0.639062 0.037333 0.037500
0 0.406703 0.638281 0.037333 0.035937
0 0.464036 0.602344 0.034667 0.032813
0 0.407369 0.709375 0.036000 0.034375
0 0.517369 0.887500 0.034667 0.034375
0 0.710036 0.204687 0.036000 0.037500
0 0.184703 0.562500 0.033333 0.034375
0 0.407369 0.673438 0.036000 0.034375
0 0.819369 0.453906 0.036000 0.039062
0 0.654036 0.421875 0.033333 0.034375
0 0.873369 0.492188 0.034667 0.034375
0 0.185369 0.457813 0.034667 0.034375
0 0.654036 0.675000 0.041333 0.034375
0 0.240036 0.672656 0.034667 0.032813
0 0.352703 0.528125 0.036000 0.034375
0 0.820036 0.888281 0.034667 0.032813
0 0.873369 0.456250 0.034667 0.034375
0 0.185369 0.853906 0.037333 0.039062
0 0.296703 0.529687 0.033333 0.034375
0 0.240703 0.458594 0.033333 0.032813
0 0.516036 0.673438 0.034667 0.034375
0 0.874036 0.528125 0.033333 0.034375
0 0.872703 0.311719 0.033333 0.039062
0 0.559369 0.226562 0.028000 0.028125
0 0.352703 0.708594 0.036000 0.035937
0 0.516703 0.600781 0.036000 0.035937
0 0.516703 0.421094 0.033333 0.032813
0 0.354036 0.310156 0.036000 0.035937
0 0.296703 0.600781 0.036000 0.035937
0 0.601369 0.352344 0.032000 0.035937
0 0.516703 0.306250 0.033333 0.034375
0 0.517369 0.346094 0.034667 0.039062
0 0.872703 0.350781 0.036000 0.035937
0 0.516703 0.385937 0.033333 0.037500
0 0.654703 0.387500 0.034667 0.034375
0 0.409369 0.348438 0.034667 0.037500
0 0.464036 0.348438 0.034667 0.034375
0 0.655369 0.242188 0.036000 0.037500
0 0.463369 0.384375 0.036000 0.034375
0 0.601369 0.314844 0.034667 0.039062
0 0.654036 0.349219 0.036000 0.039062
