0 0.898190 0.887324 0.036000 0.021909
0 0.695524 0.262128 0.033333 0.029734
0 0.696190 0.363850 0.034667 0.035994
0 0.696190 0.293427 0.032000 0.029734
0 0.898857 0.528169 0.037333 0.035994
0 0.898857 0.633803 0.034667 0.034429
0 0.696190 0.223005 0.032000 0.026604
0 0.990095 0.848983 0.017143 0.032864
0 0.696190 0.400626 0.029333 0.031299
0 0.694190 0.436620 0.030667 0.034429
0 0.898857 0.344288 0.029333 0.031299
0 0.844857 0.526604 0.036000 0.029734
0 0.694857 0.194836 0.032000 0.029734
0 0.898857 0.743349 0.034667 0.034429
0 0.897524 0.708138 0.032000 0.035994
0 0.994095 0.380282 0.009143 0.034429
0 0.989428 0.455399 0.018477 0.034429
0 0.994095 0.344288 0.009143 0.034429
0 0.952857 0.743349 0.030667 0.034429
0 0.989428 0.417058 0.018477 0.032864
0 0.789524 0.490610 0.032000 0.032864
0 0.989428 0.670579 0.018477 0.032864
0 0.898857 0.813772 0.032000 0.034429
0 0.845524 0.706573 0.032000 0.032864
0 0.897524 0.853678 0.034667 0.039124
0 0.994762 0.560250 0.007810 0.034429
0 0.899524 0.453834 0.030667 0.031299
0 0.994761 0.743349 0.007811 0.037559
0 0.898857 0.489828 0.034667 0.037559
0 0.790190 0.528169 0.036000 0.042254
0 0.953524 0.597809 0.034667 0.037559
0 0.843524 0.307512 0.036000 0.039124
0 0.952857 0.489045 0.033333 0.035994
0 0.952190 0.380282 0.032000 0.037559
0 0.844857 0.597809 0.036000 0.040689
0 0.952857 0.417840 0.030667 0.037559
0 0.899524 0.307512 0.036000 0.039124
0 0.952857 0.525822 0.033333 0.037559
0 0.790190 0.381847 0.036000 0.037559
0 0.844857 0.560250 0.036000 0.034429
0 0.952857 0.670579 0.033333 0.035994
0 0.844857 0.346635 0.036000 0.035994
0 0.844190 0.491393 0.034667 0.040689
0 0.898190 0.670579 0.033333 0.035994
0 0.953524 0.635368 0.034667 0.034429
0 0.952190 0.708138 0.032000 0.035994
0 0.789524 0.306729 0.034667 0.037559
0 0.790857 0.418623 0.034667 0.035994
0 0.898857 0.779343 0.034667 0.034429
0 0.897524 0.380282 0.032000 0.037559
0 0.898857 0.596244 0.034667 0.034429
0 0.844857 0.382629 0.033333 0.035994
0 0.844190 0.453834 0.034667 0.034429
0 0.899524 0.561815 0.036000 0.031299
0 0.953524 0.452269 0.032000 0.031299
0 0.953524 0.813772 0.034667 0.034429
0 0.790190 0.345070 0.033333 0.035994
0 0.844190 0.779343 0.034667 0.040689
0 0.844857 0.635368 0.036000 0.034429
0 0.844857 0.670579 0.036000 0.035994
0 0.952857 0.561815 0.030667 0.031299
0 0.952857 0.308294 0.033333 0.037559
0 0.790190 0.454617 0.033333 0.035994
0 0.994095 0.524257 0.009144 0.037559
0 0.989428 0.633803 0.018477 0.034429
0 0.952857 0.777778 0.033333 0.034429
0 0.994095 0.306729 0.009144 0.037559
0 0.994761 0.778560 0.007811 0.032864
0 0.844857 0.816901 0.036000 0.034429
0 0.993428 0.597027 0.010477 0.035994
0 0.952857 0.849765 0.033333 0.034429
0 0.897524 0.417840 0.034667 0.034429
0 0.846190 0.852113 0.036000 0.035994
0 0.846190 0.888106 0.036000 0.035994
0 0.954190 0.885759 0.033333 0.037559
0 0.953524 0.343505 0.032000 0.032864
0 0.994095 0.815336 0.009144 0.034429
0 0.844857 0.741784 0.033333 0.034429
0 0.844190 0.418623 0.034667 0.035994
