0 0.417198 0.292969 0.029333 0.029687
0 0.418532 0.378125 0.026667 0.021875
0 0.416532 0.363281 0.028000 0.029687
0 0.422532 0.784375 0.024000 0.025000
0 0.416532 0.260937 0.030667 0.031250
0 0.417865 0.401562 0.025333 0.018750
0 0.111198 0.741406 0.033333 0.035937
0 0.417865 0.421094 0.028000 0.023438
0 0.165865 0.740625 0.028000 0.034375
0 0.057198 0.744531 0.026667 0.032813
0 0.210532 0.637500 0.032000 0.031250
0 0.209865 0.491406 0.038667 0.029687
0 0.209198 0.457813 0.037333 0.034375
0 0.677198 0.238281 0.034667 0.042188
0 0.155865 0.857812 0.034667 0.043750
0 0.209198 0.529687 0.037333 0.043750
0 0.209198 0.385937 0.037333 0.031250
0 0.785865 0.421875 0.038667 0.034375
0 0.785865 0.387500 0.038667 0.034375
0 0.100532 0.853906 0.041333 0.035937
0 0.417198 0.222656 0.029333 0.029687
0 0.209198 0.417187 0.037333 0.031250
0 0.101198 0.778125 0.037333 0.040625
0 0.100532 0.816406 0.041333 0.035937
0 0.208532 0.567969 0.038667 0.032813
0 0.731865 0.389062 0.034667 0.034375
0 0.417198 0.194531 0.029333 0.026562
0 0.156532 0.779687 0.033333 0.040625
0 0.209865 0.603125 0.038667 0.034375
0 0.155865 0.816406 0.037333 0.035937
0 0.045198 0.852344 0.042667 0.045312
0 0.786532 0.313281 0.037333 0.039062
0 0.785865 0.459375 0.036000 0.034375
0 0.098532 0.421875 0.037333 0.034375
0 0.045198 0.781250 0.040000 0.040625
0 0.787198 0.353125 0.036000 0.034375
0 0.733198 0.314844 0.037333 0.035937
0 0.209865 0.673438 0.041333 0.037500
0 0.731865 0.352344 0.034667 0.035937
0 0.097865 0.274219 0.038667 0.032813
0 0.098532 0.385156 0.037333 0.035937
0 0.731865 0.275781 0.037333 0.039062
0 0.153865 0.314063 0.038667 0.043750
0 0.097865 0.311719 0.038667 0.035937
0 0.098532 0.235937 0.040000 0.040625
0 0.099198 0.348438 0.038667 0.037500
0 0.208532 0.349219 0.041333 0.039062
0 0.209198 0.308594 0.040000 0.039062
0 0.418132 0.242188 0.026640 0.007094
