0 0.392383 0.421824 0.032222 0.045603
0 0.599605 0.747557 0.031111 0.039088
0 0.392938 0.333876 0.031111 0.039088
0 0.756827 0.831433 0.034444 0.040717
0 0.443494 0.915309 0.038889 0.045603
0 0.497383 0.868078 0.033333 0.039088
0 0.911827 0.586319 0.033333 0.042345
0 0.549049 0.914495 0.034444 0.040717
0 0.705161 0.250000 0.044444 0.037459
0 0.444605 0.791531 0.034444 0.042345
0 0.341827 0.460098 0.031111 0.037459
0 0.756827 0.500814 0.030000 0.037459
0 0.652938 0.418567 0.026667 0.039088
0 0.807938 0.542345 0.030000 0.039088
0 0.289605 0.661238 0.033333 0.039088
0 0.600716 0.867264 0.035556 0.043974
0 0.600716 0.912052 0.035556 0.045603
0 0.288494 0.542345 0.033333 0.042345
0 0.289605 0.372964 0.031111 0.042345
0 0.706272 0.185668 0.044444 0.039088
0 0.496827 0.912866 0.038889 0.047231
0 0.706827 0.315961 0.043333 0.039088
0 0.444605 0.459283 0.034444 0.035831
0 0.998691 0.584691 0.000395 0.042345
0 0.340716 0.329805 0.035556 0.037459
0 0.859605 0.666938 0.033333 0.043974
0 0.757383 0.584691 0.033333 0.042345
0 0.859605 0.790717 0.033333 0.040717
0 0.496827 0.789902 0.034444 0.042345
0 0.342938 0.162052 0.031111 0.043974
0 0.341272 0.252443 0.032222 0.039088
0 0.391827 0.292345 0.031111 0.043974
0 0.998691 0.709283 0.000396 0.043974
0 0.341272 0.422638 0.032222 0.037459
0 0.288494 0.460098 0.035556 0.040717
0 0.289049 0.499186 0.034444 0.040717
0 0.807938 0.624593 0.034444 0.043974
0 0.860161 0.873779 0.036667 0.043974
0 0.962938 0.380293 0.035556 0.047231
0 0.807938 0.749186 0.034444 0.042345
0 0.757383 0.254072 0.033333 0.039088
0 0.496827 0.747557 0.034444 0.042345
0 0.998136 0.666938 0.001507 0.040717
0 0.910716 0.500000 0.031111 0.039088
0 0.859605 0.830619 0.035556 0.042345
0 0.599605 0.707655 0.031111 0.040717
0 0.549049 0.708469 0.034444 0.042345
0 0.756272 0.790717 0.033333 0.040717
0 0.341272 0.291531 0.032222 0.039088
0 0.807383 0.665309 0.033333 0.037459
0 0.706272 0.497557 0.040000 0.030945
0 0.287938 0.580619 0.034444 0.024430
0 0.719049 0.727199 0.021111 0.024430
0 0.600161 0.460098 0.034444 0.040717
0 0.807938 0.377036 0.032222 0.043974
0 0.549049 0.461726 0.034444 0.040717
0 0.600161 0.543160 0.032222 0.040717
0 0.600716 0.501629 0.033333 0.042345
0 0.757383 0.296417 0.035556 0.042345
0 0.998692 0.199593 0.000395 0.027850
0 0.859605 0.152850 0.035556 0.028827
0 0.718883 0.744788 0.021444 0.018241
0 0.757383 0.542345 0.033333 0.042345
0 0.549049 0.625407 0.034444 0.042345
0 0.600716 0.376221 0.033333 0.042345
0 0.806827 0.501629 0.034444 0.042345
0 0.860161 0.176661 0.027222 0.019218
0 0.717977 0.759951 0.019544 0.012736
0 0.861827 0.914495 0.037778 0.027687
0 0.998136 0.379479 0.001506 0.042345
0 0.756827 0.337948 0.034444 0.040717
0 0.444605 0.584691 0.036667 0.042345
0 0.497383 0.293160 0.033333 0.045603
0 0.756827 0.380293 0.034444 0.043974
0 0.998691 0.460912 0.000395 0.042345
0 0.756827 0.460912 0.032222 0.042345
0 0.859049 0.542345 0.034444 0.045603
0 0.909605 0.255700 0.035556 0.042345
0 0.547938 0.377850 0.034444 0.039088
0 0.808494 0.294788 0.033333 0.048860
0 0.997580 0.254886 0.002618 0.043974
0 0.549049 0.419381 0.034444 0.043974
0 0.859605 0.378664 0.035556 0.040717
0 0.809049 0.706840 0.034444 0.045603
0 0.704605 0.453583 0.041111 0.047231
0 0.549605 0.540717 0.033333 0.042345
0 0.962938 0.339577 0.035556 0.043974
0 0.651827 0.460912 0.033333 0.045603
0 0.911272 0.417752 0.034444 0.040717
0 0.860161 0.420195 0.034444 0.042345
0 0.496272 0.460098 0.035556 0.040717
0 0.444049 0.627036 0.033333 0.042345
0 0.496827 0.541531 0.034444 0.040717
0 0.860161 0.337134 0.034444 0.042345
0 0.911272 0.460098 0.034444 0.040717
0 0.600716 0.418567 0.033333 0.042345
0 0.599605 0.622964 0.033333 0.043974
0 0.757383 0.626221 0.033333 0.040717
0 0.808494 0.208469 0.033333 0.045603
0 0.495716 0.500000 0.034444 0.042345
0 0.998692 0.337948 0.000395 0.040717
0 0.445161 0.376221 0.035556 0.042345
0 0.445161 0.418567 0.033333 0.042345
0 0.997580 0.297231 0.002617 0.040717
0 0.340716 0.373779 0.035556 0.050489
0 0.547938 0.337134 0.032222 0.039088
0 0.910161 0.297231 0.034444 0.040717
0 0.909605 0.212541 0.035556 0.043974
0 0.549049 0.500814 0.034444 0.037459
0 0.287383 0.708469 0.037778 0.045603
0 0.548494 0.666938 0.033333 0.040717
0 0.859049 0.624593 0.032222 0.040717
0 0.496827 0.376221 0.034444 0.042345
0 0.392383 0.377036 0.032222 0.043974
0 0.998691 0.543160 0.000395 0.040717
0 0.859605 0.293974 0.033333 0.043974
0 0.496827 0.666124 0.034444 0.042345
0 0.496827 0.623779 0.034444 0.045603
0 0.859049 0.209283 0.034444 0.043974
0 0.998691 0.421010 0.000395 0.040717
0 0.653494 0.376221 0.032222 0.042345
0 0.910716 0.542345 0.033333 0.045603
0 0.807938 0.581433 0.032222 0.042345
0 0.962383 0.255700 0.034444 0.045603
0 0.998136 0.627036 0.001507 0.042345
0 0.911272 0.340391 0.034444 0.042345
0 0.808494 0.337134 0.033333 0.035831
0 0.998691 0.502443 0.000395 0.040717
0 0.599605 0.583062 0.033333 0.039088
0 0.910161 0.163681 0.036667 0.050489
0 0.756827 0.209283 0.032222 0.050489
0 0.807938 0.251629 0.032222 0.037459
0 0.807383 0.872964 0.035556 0.042345
0 0.548494 0.582248 0.033333 0.040717
0 0.444605 0.668567 0.034444 0.043974
0 0.445161 0.747557 0.033333 0.042345
0 0.599605 0.334691 0.033333 0.040717
0 0.547938 0.293160 0.034444 0.048860
0 0.756827 0.421010 0.032222 0.037459
0 0.961272 0.298046 0.032222 0.039088
0 0.807938 0.458469 0.034444 0.043974
0 0.807383 0.791531 0.033333 0.039088
0 0.911827 0.379479 0.033333 0.039088
0 0.444605 0.543160 0.034444 0.043974
0 0.807383 0.417752 0.033333 0.037459
0 0.859605 0.499186 0.033333 0.037459
0 0.998691 0.789902 0.000395 0.042345
0 0.654605 0.332248 0.032222 0.042345
0 0.444605 0.500814 0.034444 0.043974
0 0.496827 0.707655 0.032222 0.037459
0 0.600716 0.297231 0.031111 0.037459
0 0.496827 0.335505 0.032222 0.039088
0 0.962383 0.211726 0.034444 0.045603
0 0.445161 0.333876 0.035556 0.039088
0 0.599049 0.666124 0.036667 0.042345
0 0.807383 0.831433 0.033333 0.040717
0 0.496827 0.419381 0.034444 0.043974
0 0.859605 0.460912 0.033333 0.039088
0 0.549605 0.872150 0.035556 0.043974
0 0.496827 0.582248 0.032222 0.040717
0 0.806272 0.916124 0.035556 0.043974
0 0.860161 0.710912 0.034444 0.043974
0 0.601827 0.256515 0.033333 0.043974
0 0.445161 0.290717 0.033333 0.040717
0 0.342938 0.208469 0.033333 0.045603
0 0.706827 0.150651 0.043333 0.034202
0 0.601272 0.162866 0.034444 0.045603
0 0.287938 0.416938 0.032222 0.042345
0 0.445161 0.833876 0.035556 0.039088
0 0.497383 0.829805 0.033333 0.037459
0 0.444605 0.707655 0.034444 0.034202
0 0.548494 0.749186 0.033333 0.039088
0 0.756272 0.706840 0.031111 0.042345
0 0.549049 0.830619 0.034444 0.039088
0 0.859049 0.251629 0.032222 0.040717
0 0.860161 0.751629 0.034444 0.037459
0 0.599605 0.789088 0.035556 0.043974
0 0.756827 0.665309 0.034444 0.037459
0 0.654605 0.293160 0.032222 0.032573
0 0.757383 0.910423 0.033333 0.048860
0 0.444605 0.872150 0.034444 0.040717
0 0.857938 0.583062 0.034444 0.039088
0 0.998692 0.915309 0.000395 0.039088
0 0.600716 0.828990 0.035556 0.035831
0 0.549049 0.790717 0.034444 0.043974
0 0.706827 0.380293 0.043333 0.034202
0 0.600716 0.211726 0.035556 0.045603
0 0.287938 0.618078 0.027778 0.040717
0 0.757383 0.747557 0.033333 0.042345
0 0.707383 0.351792 0.042222 0.032573
0 0.998691 0.750000 0.000395 0.037459
0 0.302938 0.289902 0.022222 0.035831
0 0.302938 0.205212 0.024444 0.032573
0 0.302938 0.161238 0.024444 0.039088
0 0.705161 0.285016 0.044444 0.029316
0 0.705161 0.218241 0.044444 0.029316
0 0.352383 0.498371 0.023333 0.035831
0 0.300716 0.328990 0.022222 0.032573
0 0.302938 0.246743 0.022222 0.037459
0 0.757383 0.869707 0.035556 0.026059
