0 0.535110 0.337993 0.034444 0.041118
0 0.793999 0.718750 0.034444 0.042763
0 0.858443 0.425987 0.018889 0.032895
0 0.703999 0.715461 0.025556 0.036184
0 0.703443 0.928454 0.022222 0.034539
0 0.340110 0.879112 0.022222 0.034539
0 0.678443 0.840461 0.023333 0.036184
0 0.338999 0.923520 0.024444 0.034539
0 0.315666 0.924342 0.024444 0.036184
0 0.677888 0.881579 0.024444 0.036184
0 0.702332 0.840461 0.024444 0.039474
0 0.744554 0.157895 0.044444 0.032895
0 0.704554 0.798520 0.024444 0.034539
0 0.536221 0.296875 0.032222 0.041118
0 0.743999 0.220395 0.045556 0.026316
0 0.703443 0.754934 0.022222 0.036184
0 0.703443 0.883224 0.022222 0.036184
0 0.443999 0.464638 0.023333 0.041118
0 0.752332 0.759868 0.024444 0.029605
0 0.858443 0.551809 0.025556 0.034539
0 0.793999 0.339638 0.034444 0.041118
0 0.743443 0.504112 0.037778 0.044408
0 0.431221 0.629934 0.035556 0.049342
0 0.792888 0.295230 0.034444 0.047697
0 0.692332 0.294408 0.035556 0.046053
0 0.481221 0.714638 0.035556 0.047697
0 0.897332 0.254934 0.034444 0.046053
0 0.947888 0.211349 0.035556 0.054276
0 0.793999 0.382401 0.034444 0.047697
0 0.378999 0.628289 0.033333 0.046053
0 0.742888 0.459704 0.038889 0.044408
0 0.483443 0.297697 0.035556 0.046053
0 0.691777 0.339638 0.034444 0.044408
0 0.536221 0.253289 0.034444 0.049342
0 0.691777 0.382401 0.034444 0.041118
0 0.430110 0.716283 0.035556 0.044408
0 0.743999 0.252467 0.043333 0.037829
0 0.845666 0.296875 0.033333 0.047697
0 0.380110 0.383224 0.033333 0.042763
0 0.431777 0.341283 0.034444 0.037829
0 0.639554 0.628289 0.034444 0.049342
0 0.430666 0.673520 0.034444 0.037829
0 0.990055 0.382401 0.017667 0.041118
0 0.482888 0.340461 0.036667 0.042763
0 0.946777 0.258224 0.033333 0.036184
0 0.327332 0.384868 0.036667 0.049342
0 0.638443 0.674342 0.032222 0.039474
0 0.327888 0.629112 0.035556 0.044408
0 0.947332 0.298520 0.034444 0.047697
0 0.377888 0.673520 0.035556 0.044408
0 0.846221 0.383224 0.034444 0.042763
0 0.430666 0.381579 0.036667 0.042763
0 0.833999 0.425164 0.021111 0.034539
0 0.990610 0.342105 0.016557 0.039474
0 0.588443 0.208882 0.034444 0.052632
0 0.378443 0.716283 0.034444 0.044408
0 0.482888 0.630757 0.034444 0.047697
0 0.587332 0.299342 0.034444 0.046053
0 0.327332 0.674342 0.036667 0.046053
0 0.380110 0.297697 0.033333 0.046053
0 0.326777 0.716283 0.037778 0.041118
0 0.845666 0.672697 0.035556 0.046053
0 0.991166 0.297697 0.015446 0.049342
0 0.745666 0.320724 0.040000 0.039474
0 0.431777 0.296875 0.034444 0.050987
0 0.846777 0.629934 0.033333 0.042763
0 0.638999 0.717105 0.033333 0.046053
0 0.328443 0.340461 0.034444 0.042763
0 0.653443 0.295230 0.022222 0.041118
0 0.680110 0.464638 0.022222 0.037829
0 0.587888 0.257401 0.031111 0.041118
0 0.793999 0.629112 0.034444 0.044408
0 0.743443 0.546875 0.028889 0.041118
0 0.833999 0.462993 0.021111 0.034539
0 0.482332 0.383224 0.035556 0.042763
0 0.703443 0.425987 0.020000 0.036184
0 0.845666 0.341283 0.033333 0.041118
0 0.378999 0.340461 0.033333 0.042763
0 0.897332 0.341283 0.032222 0.041118
0 0.858443 0.466283 0.021111 0.037829
0 0.679554 0.425164 0.021111 0.034539
0 0.704554 0.507401 0.022222 0.037829
0 0.793443 0.675987 0.035556 0.046053
0 0.703999 0.588816 0.023333 0.039474
0 0.315110 0.837993 0.025556 0.037829
0 0.845666 0.717928 0.035556 0.044408
0 0.744554 0.388158 0.042222 0.032895
0 0.897332 0.300164 0.032222 0.041118
0 0.339554 0.756579 0.021111 0.036184
0 0.420110 0.508224 0.024444 0.036184
0 0.677888 0.671053 0.024444 0.036184
0 0.678999 0.586349 0.022222 0.037829
0 0.680666 0.506579 0.021111 0.032895
0 0.340110 0.799342 0.024444 0.036184
0 0.420110 0.425164 0.024444 0.037829
0 0.703443 0.465461 0.022222 0.036184
0 0.678443 0.712993 0.023333 0.037829
0 0.743999 0.288651 0.041111 0.031250
0 0.390666 0.800164 0.025556 0.037829
0 0.444554 0.424342 0.022222 0.032895
0 0.678999 0.629934 0.024444 0.036184
0 0.703443 0.629112 0.022222 0.037829
0 0.677888 0.797697 0.024444 0.036184
0 0.328443 0.297697 0.032222 0.042763
0 0.418999 0.465461 0.024444 0.039474
0 0.313443 0.798520 0.022222 0.037829
0 0.314554 0.879112 0.024444 0.037829
0 0.679554 0.754934 0.023333 0.039474
0 0.743443 0.188322 0.042222 0.037829
0 0.314554 0.755757 0.022222 0.034539
0 0.678999 0.545230 0.022222 0.041118
0 0.419554 0.549342 0.023333 0.036184
0 0.743999 0.355263 0.041111 0.032895
0 0.628443 0.295230 0.023333 0.037829
0 0.703443 0.671875 0.024444 0.037829
0 0.704554 0.549342 0.022222 0.036184
0 0.391221 0.758224 0.022222 0.032895
0 0.678443 0.925987 0.023333 0.036184
