0 0.761553 0.630063 0.020000 0.019620
0 0.748428 0.560206 0.033750 0.015665
0 0.748428 0.378956 0.036250 0.023734
0 0.760553 0.668513 0.019500 0.020570
0 0.759678 0.650316 0.021250 0.018987
0 0.360928 0.856092 0.031250 0.038133
0 0.748428 0.517247 0.031250 0.025000
0 0.749053 0.345016 0.035000 0.022310
0 0.527803 0.571994 0.030000 0.026899
0 0.760303 0.708861 0.022500 0.022152
0 0.911553 0.514241 0.032500 0.028481
0 0.416553 0.882120 0.032500 0.030063
0 0.417178 0.723892 0.033750 0.036392
0 0.360303 0.662975 0.032500 0.034810
0 0.527803 0.549051 0.032500 0.047468
0 0.360928 0.505538 0.028750 0.033228
0 0.360928 0.632911 0.031250 0.034810
0 0.967178 0.481013 0.033750 0.025316
0 0.692178 0.757911 0.033750 0.031646
0 0.912803 0.534810 0.035000 0.044304
0 0.360928 0.477848 0.031250 0.031646
0 0.760928 0.609968 0.018750 0.020570
0 0.757803 0.855222 0.020000 0.020570
0 0.360928 0.603639 0.033750 0.026899
0 0.745928 0.799051 0.028750 0.028481
0 0.692178 0.727057 0.031250 0.030063
0 0.748428 0.465190 0.033750 0.034810
0 0.692178 0.790348 0.033750 0.036392
0 0.967803 0.417722 0.032500 0.031646
0 0.760303 0.589399 0.020000 0.023734
0 0.637803 0.787184 0.032500 0.033228
0 0.417178 0.757120 0.033750 0.033228
0 0.472178 0.852057 0.031250 0.033228
0 0.415928 0.697785 0.031250 0.031646
0 0.359678 0.573576 0.033750 0.033228
0 0.692803 0.698576 0.030000 0.030063
0 0.760303 0.879747 0.020000 0.025316
0 0.692178 0.820411 0.031250 0.030063
0 0.693428 0.415348 0.031250 0.030063
0 0.638428 0.446203 0.033750 0.031646
0 0.638428 0.541139 0.031250 0.028481
0 0.966553 0.852057 0.032500 0.033228
0 0.801553 0.882911 0.032500 0.031646
0 0.856553 0.695411 0.032500 0.030063
0 0.417803 0.477848 0.032500 0.031646
0 0.471553 0.787975 0.035000 0.031646
0 0.802178 0.634494 0.031250 0.028481
0 0.472178 0.632911 0.031250 0.028481
0 0.417178 0.412975 0.033750 0.037975
0 0.966553 0.727057 0.032500 0.030063
0 0.800928 0.789557 0.033750 0.031646
0 0.857178 0.851266 0.033750 0.031646
0 0.857178 0.788766 0.033750 0.030063
0 0.912803 0.414557 0.032500 0.031646
0 0.692803 0.542722 0.032500 0.031646
0 0.967178 0.696994 0.031250 0.033228
0 0.802803 0.513449 0.032500 0.030063
0 0.692803 0.382911 0.032500 0.034810
0 0.526553 0.757120 0.035000 0.033228
0 0.471553 0.540348 0.032500 0.030063
0 0.528428 0.444620 0.031250 0.031646
0 0.910303 0.883703 0.032500 0.030063
0 0.528428 0.477057 0.031250 0.036392
0 0.526553 0.664557 0.032500 0.031646
0 0.416553 0.604430 0.032500 0.031646
0 0.802178 0.851266 0.031250 0.031646
0 0.416553 0.541139 0.032500 0.031646
0 0.527178 0.601266 0.031250 0.031646
0 0.527178 0.695411 0.033750 0.033228
0 0.637803 0.479430 0.032500 0.031646
0 0.967178 0.604430 0.033750 0.028481
0 0.472803 0.663766 0.032500 0.033228
0 0.966553 0.820411 0.032500 0.030063
0 0.471553 0.571203 0.032500 0.031646
0 0.911553 0.666139 0.032500 0.031646
0 0.637178 0.511076 0.031250 0.031646
0 0.472178 0.695411 0.033750 0.033228
0 0.472178 0.602848 0.033750 0.031646
0 0.692803 0.666930 0.030000 0.033228
0 0.856553 0.882911 0.032500 0.031646
0 0.472803 0.445411 0.032500 0.030063
0 0.638428 0.603639 0.033750 0.030063
0 0.582803 0.511867 0.032500 0.030063
0 0.967803 0.542722 0.032500 0.031646
0 0.912803 0.573576 0.032500 0.030063
0 0.912803 0.757120 0.032500 0.030063
0 0.802803 0.481013 0.032500 0.034810
0 0.637178 0.696994 0.033750 0.033228
0 0.637803 0.413766 0.035000 0.033228
0 0.857178 0.382911 0.031250 0.034810
0 0.802178 0.382120 0.033750 0.033228
0 0.857178 0.758703 0.031250 0.030063
0 0.582178 0.542722 0.033750 0.031646
0 0.749097 0.438750 0.031713 0.016329
0 0.747484 0.421400 0.032788 0.018370
0 0.749634 0.401669 0.034937 0.021092
0 0.748022 0.365949 0.032788 0.017690
0 0.748153 0.540918 0.027900 0.020316
0 0.760853 0.689264 0.020525 0.018054
0 0.637803 0.663766 0.032500 0.030063
0 0.359678 0.787975 0.033750 0.031646
0 0.637803 0.757120 0.035000 0.033228
0 0.359678 0.821203 0.033750 0.034810
0 0.472803 0.883703 0.032500 0.030063
0 0.415928 0.788766 0.036250 0.033228
0 0.967803 0.508703 0.035000 0.036392
0 0.359678 0.726266 0.031250 0.028481
0 0.416553 0.663766 0.030000 0.030063
0 0.692178 0.852057 0.033750 0.030063
0 0.527178 0.725475 0.033750 0.030063
0 0.472803 0.724684 0.032500 0.028481
0 0.637803 0.819620 0.035000 0.031646
0 0.638428 0.882911 0.036250 0.031646
0 0.472178 0.822785 0.033750 0.034810
0 0.359678 0.756329 0.033750 0.031646
0 0.692803 0.882911 0.032500 0.031646
0 0.359678 0.695411 0.031250 0.033228
0 0.528428 0.882120 0.038750 0.030063
0 0.416553 0.852848 0.035000 0.034810
0 0.801553 0.820411 0.030000 0.030063
0 0.417803 0.446994 0.032500 0.030063
0 0.910928 0.694620 0.031250 0.028481
0 0.527803 0.852848 0.035000 0.031646
0 0.415928 0.635285 0.031250 0.033228
0 0.360928 0.445411 0.033750 0.033228
0 0.966553 0.884494 0.032500 0.031646
0 0.802803 0.414557 0.032500 0.031646
0 0.527178 0.510285 0.031250 0.030063
0 0.416553 0.573576 0.032500 0.033228
0 0.638428 0.635285 0.033750 0.033228
0 0.967803 0.665348 0.032500 0.030063
0 0.637803 0.852057 0.035000 0.033228
0 0.527178 0.787975 0.033750 0.031646
0 0.528428 0.407437 0.033750 0.036392
0 0.802803 0.542722 0.032500 0.028481
0 0.967178 0.789557 0.033750 0.031646
0 0.527803 0.820411 0.032500 0.033228
0 0.968428 0.386076 0.036250 0.041139
0 0.415928 0.819620 0.036250 0.031646
0 0.637178 0.727057 0.033750 0.030063
0 0.582803 0.574367 0.035000 0.034810
0 0.638428 0.380538 0.033750 0.033228
0 0.692178 0.574367 0.031250 0.031646
0 0.911553 0.820411 0.032500 0.030063
0 0.967178 0.758703 0.033750 0.033228
0 0.967178 0.575158 0.033750 0.030063
0 0.912178 0.636076 0.033750 0.028481
0 0.638428 0.571994 0.033750 0.033228
0 0.857178 0.820411 0.033750 0.033228
0 0.855928 0.634494 0.031250 0.028481
0 0.471553 0.509494 0.032500 0.031646
0 0.472178 0.411392 0.033750 0.034810
0 0.692803 0.635285 0.032500 0.030063
0 0.359678 0.539557 0.033750 0.034810
0 0.692803 0.605222 0.030000 0.030063
0 0.857803 0.571994 0.032500 0.030063
0 0.527178 0.632911 0.031250 0.031646
0 0.911553 0.788766 0.032500 0.033228
0 0.912178 0.725475 0.031250 0.033228
0 0.910928 0.852057 0.031250 0.033228
0 0.582803 0.480222 0.032500 0.033228
0 0.417803 0.507911 0.032500 0.031646
0 0.801553 0.606804 0.032500 0.030063
0 0.857178 0.510285 0.033750 0.030063
0 0.472803 0.756329 0.035000 0.034810
0 0.967178 0.634494 0.033750 0.031646
0 0.582803 0.415348 0.035000 0.033228
0 0.912803 0.382120 0.032500 0.033228
0 0.801553 0.727057 0.032500 0.030063
0 0.912178 0.447785 0.033750 0.034810
0 0.693428 0.478639 0.031250 0.030063
0 0.360303 0.411392 0.035000 0.034810
0 0.800928 0.758703 0.033750 0.033228
0 0.857178 0.727057 0.033750 0.033228
0 0.857803 0.479430 0.032500 0.031646
0 0.857178 0.665348 0.031250 0.033228
0 0.858428 0.416930 0.031250 0.033228
0 0.857803 0.447785 0.030000 0.031646
0 0.583428 0.447785 0.033750 0.031646
0 0.967803 0.452532 0.035000 0.034810
0 0.802178 0.666139 0.031250 0.031646
0 0.855303 0.541930 0.037500 0.033228
0 0.802178 0.573576 0.033750 0.033228
0 0.912803 0.605222 0.032500 0.033228
0 0.800928 0.696994 0.031250 0.030063
0 0.582178 0.380538 0.036250 0.036392
0 0.802803 0.448576 0.032500 0.033228
0 0.472178 0.477057 0.031250 0.033228
0 0.912178 0.480222 0.033750 0.033228
0 0.693428 0.447785 0.031250 0.031646
0 0.857803 0.603639 0.032500 0.030063
0 0.692803 0.511076 0.032500 0.031646
