0 0.971208 0.244646 0.034444 0.047776
0 0.920097 0.915157 0.036667 0.047776
0 0.196208 0.453871 0.033333 0.041186
0 0.507319 0.745470 0.031111 0.041186
0 0.610652 0.746293 0.033333 0.039539
0 0.763986 0.412685 0.035556 0.041186
0 0.298986 0.413509 0.032222 0.039539
0 0.455652 0.196870 0.034444 0.051071
0 0.351763 0.369028 0.033333 0.039539
0 0.351763 0.241351 0.033333 0.044481
0 0.765097 0.830313 0.033333 0.039539
0 0.918986 0.203460 0.032222 0.044481
0 0.817874 0.829489 0.036667 0.041186
0 0.765652 0.705931 0.036667 0.041186
0 0.558986 0.447282 0.043333 0.041186
0 0.300652 0.746293 0.035556 0.042834
0 0.815652 0.495058 0.032222 0.041186
0 0.247874 0.410214 0.034444 0.042834
0 0.918986 0.371499 0.034444 0.044481
0 0.816763 0.621087 0.032222 0.039539
0 0.299541 0.370675 0.033333 0.042834
0 0.248986 0.578254 0.034444 0.042834
0 0.196763 0.411862 0.034444 0.042834
0 0.196763 0.369028 0.034444 0.042834
0 0.456208 0.706755 0.033333 0.046129
0 0.764541 0.289127 0.036667 0.044481
0 0.766208 0.915157 0.037778 0.044481
0 0.196763 0.327018 0.034444 0.041186
0 0.300652 0.537891 0.035556 0.041186
0 0.248430 0.153213 0.035556 0.049423
0 0.247319 0.496705 0.035556 0.041186
0 0.918430 0.497529 0.033333 0.042834
0 0.610097 0.786656 0.034444 0.041186
0 0.507319 0.828666 0.035556 0.042834
0 0.248986 0.662273 0.034444 0.042834
0 0.611208 0.619440 0.034444 0.039539
0 0.352319 0.535420 0.036667 0.046129
0 0.248430 0.621087 0.035556 0.042834
0 0.610097 0.829489 0.034444 0.041186
0 0.352874 0.662273 0.035556 0.046129
0 0.970097 0.153213 0.034444 0.049423
0 0.454541 0.242998 0.034444 0.037891
0 0.867874 0.287479 0.032222 0.041186
0 0.817319 0.452224 0.033333 0.041186
0 0.817319 0.663097 0.035556 0.044481
0 0.868430 0.329489 0.033333 0.046129
0 0.507874 0.703460 0.034444 0.042834
0 0.971208 0.412685 0.034444 0.044481
0 0.299541 0.580725 0.035556 0.044481
0 0.456208 0.827018 0.031111 0.042834
0 0.247319 0.243822 0.035556 0.042834
0 0.403430 0.196870 0.034444 0.051071
0 0.246763 0.327018 0.036667 0.041186
0 0.456208 0.495058 0.033333 0.041186
0 0.662319 0.329489 0.032222 0.039539
0 0.247874 0.369028 0.036667 0.042834
0 0.661763 0.202636 0.033333 0.042834
0 0.816763 0.289127 0.034444 0.041186
0 0.919541 0.706755 0.033333 0.042834
0 0.918430 0.454695 0.033333 0.042834
0 0.610652 0.705107 0.031111 0.042834
0 0.455097 0.413509 0.033333 0.042834
0 0.247874 0.285832 0.034444 0.041186
0 0.765097 0.495058 0.033333 0.044481
0 0.920097 0.622735 0.034444 0.042834
0 0.765652 0.871499 0.034444 0.042834
0 0.559541 0.490939 0.042222 0.036244
0 0.572319 0.751236 0.021111 0.023064
0 0.571763 0.728995 0.022222 0.028007
0 0.352319 0.494234 0.036667 0.026359
0 0.455652 0.869028 0.032222 0.041186
0 0.560652 0.343493 0.044444 0.031301
0 0.352319 0.703460 0.034444 0.036244
0 0.560652 0.275124 0.044444 0.029654
0 0.560652 0.208402 0.046667 0.031301
0 0.196208 0.199341 0.035556 0.039539
0 0.249541 0.915980 0.035556 0.042834
0 0.196763 0.790774 0.034444 0.046129
0 0.196763 0.832784 0.034444 0.041186
0 0.352874 0.912685 0.035556 0.046129
0 0.197874 0.873147 0.036667 0.042834
0 0.560097 0.176277 0.043333 0.032949
0 0.764541 0.329489 0.034444 0.039539
0 0.144541 0.412685 0.034444 0.037891
0 0.248986 0.873147 0.036667 0.046129
0 0.351763 0.868204 0.033333 0.039539
0 0.144541 0.331137 0.034444 0.039539
0 0.971208 0.829489 0.032222 0.037891
0 0.559541 0.142504 0.046667 0.034596
0 0.558986 0.241351 0.043333 0.037891
0 0.197319 0.705931 0.035556 0.041186
0 0.352874 0.785008 0.031111 0.037891
0 0.919541 0.870675 0.033333 0.041186
0 0.248986 0.830313 0.034444 0.039539
0 0.817319 0.870675 0.035556 0.041186
0 0.196763 0.747941 0.036667 0.042834
0 0.351763 0.577430 0.031111 0.037891
0 0.971208 0.705931 0.032222 0.041186
0 0.971763 0.787479 0.033333 0.042834
0 0.561208 0.373970 0.043333 0.036244
0 0.144541 0.199341 0.034444 0.042834
0 0.765097 0.661450 0.035556 0.047776
0 0.970097 0.746293 0.032222 0.039539
0 0.508430 0.870675 0.033333 0.037891
0 0.248430 0.705107 0.033333 0.042834
0 0.456208 0.745470 0.033333 0.034596
0 0.970652 0.537891 0.035556 0.041186
0 0.919541 0.789127 0.033333 0.039539
0 0.301208 0.789951 0.036667 0.047776
0 0.144541 0.242175 0.036667 0.042834
0 0.817319 0.746293 0.031111 0.042834
0 0.610097 0.870675 0.034444 0.041186
0 0.196208 0.286656 0.033333 0.039539
0 0.919541 0.244646 0.033333 0.037891
0 0.971208 0.373970 0.034444 0.036244
0 0.300097 0.705107 0.032222 0.039539
0 0.970652 0.495881 0.035556 0.042834
0 0.196763 0.663921 0.036667 0.042834
0 0.144541 0.287479 0.036667 0.047776
0 0.971208 0.662273 0.032222 0.039539
0 0.970652 0.456343 0.035556 0.039539
0 0.248986 0.747117 0.036667 0.044481
0 0.763986 0.370675 0.035556 0.042834
0 0.971208 0.199341 0.034444 0.042834
0 0.764541 0.536244 0.034444 0.041186
0 0.353430 0.827842 0.034444 0.041186
0 0.918986 0.330313 0.034444 0.037891
0 0.610652 0.581549 0.035556 0.039539
0 0.145652 0.152389 0.034444 0.047776
0 0.456208 0.785008 0.033333 0.041186
0 0.766208 0.786656 0.035556 0.041186
0 0.918986 0.578254 0.032222 0.042834
0 0.818430 0.915157 0.035556 0.047776
0 0.197319 0.621911 0.035556 0.044481
0 0.765097 0.621087 0.035556 0.042834
0 0.971208 0.869852 0.034444 0.042834
0 0.247874 0.789951 0.036667 0.041186
0 0.507874 0.914333 0.034444 0.046129
0 0.456208 0.915157 0.035556 0.047776
0 0.918986 0.536244 0.034444 0.037891
0 0.970097 0.579077 0.032222 0.041186
0 0.300097 0.621911 0.036667 0.041186
0 0.197319 0.538715 0.035556 0.039539
0 0.972319 0.915980 0.034444 0.046129
0 0.817319 0.246293 0.035556 0.044481
0 0.145097 0.372323 0.035556 0.042834
0 0.351763 0.618616 0.033333 0.041186
0 0.455652 0.620264 0.032222 0.041186
0 0.920097 0.829489 0.034444 0.041186
0 0.817874 0.789127 0.036667 0.042834
0 0.197319 0.579077 0.037778 0.044481
0 0.300097 0.664745 0.036667 0.044481
0 0.506763 0.786656 0.034444 0.041186
0 0.970652 0.331137 0.033333 0.046129
0 0.196208 0.242998 0.035556 0.047776
0 0.351763 0.198517 0.033333 0.044481
0 0.352319 0.743822 0.034444 0.044481
0 0.970652 0.288303 0.033333 0.039539
0 0.918986 0.414333 0.034444 0.037891
0 0.610652 0.914333 0.035556 0.046129
0 0.970652 0.621911 0.033333 0.044481
0 0.196763 0.495881 0.034444 0.046129
0 0.816208 0.536244 0.033333 0.041186
0 0.560652 0.308896 0.042222 0.041186
0 0.765097 0.453048 0.033333 0.039539
0 0.299541 0.196046 0.033333 0.046129
0 0.765097 0.197694 0.035556 0.046129
0 0.455652 0.536244 0.034444 0.037891
0 0.248430 0.536244 0.033333 0.041186
0 0.920097 0.664745 0.034444 0.041186
0 0.507319 0.620264 0.033333 0.041186
0 0.918986 0.288303 0.034444 0.042834
0 0.816763 0.705931 0.032222 0.041186
0 0.919541 0.749588 0.035556 0.042834
0 0.817319 0.201812 0.035556 0.044481
0 0.765097 0.747117 0.035556 0.041186
0 0.763986 0.578254 0.035556 0.042834
0 0.817874 0.156507 0.036667 0.046129
0 0.247319 0.200165 0.035556 0.044481
0 0.764541 0.242998 0.036667 0.044481
0 0.816763 0.370675 0.034444 0.039539
0 0.247874 0.453048 0.034444 0.046129
0 0.816763 0.579077 0.034444 0.044481
0 0.351763 0.151565 0.035556 0.046129
0 0.298986 0.242175 0.036667 0.046129
0 0.712319 0.200165 0.034444 0.047776
0 0.351763 0.328666 0.035556 0.041186
0 0.300097 0.453048 0.034444 0.042834
0 0.299541 0.286656 0.033333 0.039539
0 0.712874 0.413509 0.035556 0.039539
0 0.661763 0.539539 0.035556 0.044481
0 0.662319 0.155684 0.036667 0.047776
0 0.455097 0.284185 0.035556 0.044481
0 0.610652 0.660626 0.033333 0.042834
0 0.661763 0.495881 0.033333 0.042834
0 0.868430 0.200165 0.033333 0.044481
0 0.506763 0.659802 0.034444 0.041186
0 0.712319 0.371499 0.034444 0.041186
0 0.610652 0.496705 0.035556 0.041186
0 0.867874 0.415157 0.034444 0.042834
0 0.712874 0.329489 0.033333 0.042834
0 0.300097 0.327842 0.034444 0.042834
0 0.816763 0.328666 0.036667 0.041186
0 0.867874 0.373147 0.034444 0.041186
0 0.507319 0.495058 0.033333 0.041186
0 0.506208 0.368204 0.031111 0.041186
0 0.352319 0.286656 0.034444 0.042834
0 0.507319 0.535420 0.035556 0.042834
0 0.351208 0.410214 0.034444 0.042834
0 0.610652 0.537891 0.035556 0.044481
0 0.455097 0.327842 0.035556 0.039539
0 0.455652 0.578254 0.032222 0.042834
0 0.455097 0.453048 0.033333 0.039539
0 0.455652 0.663097 0.034444 0.041186
0 0.662319 0.287479 0.034444 0.044481
0 0.507874 0.198517 0.034444 0.044481
0 0.611208 0.244646 0.034444 0.041186
0 0.352319 0.453871 0.036667 0.044481
0 0.662319 0.243822 0.034444 0.042834
0 0.300097 0.495058 0.034444 0.044481
0 0.867874 0.244646 0.034444 0.044481
0 0.817319 0.411038 0.035556 0.041186
0 0.455097 0.369852 0.035556 0.044481
0 0.506763 0.285008 0.032222 0.042834
0 0.610652 0.153213 0.035556 0.052718
0 0.661763 0.371499 0.033333 0.041186
0 0.506208 0.327018 0.031111 0.041186
0 0.712874 0.245470 0.033333 0.042834
0 0.661763 0.413509 0.035556 0.042834
0 0.610097 0.370675 0.034444 0.042834
0 0.610652 0.454695 0.033333 0.042834
0 0.507319 0.242175 0.033333 0.042834
0 0.662319 0.455519 0.034444 0.041186
0 0.713430 0.288303 0.034444 0.039539
0 0.507319 0.410214 0.033333 0.046129
0 0.611208 0.202636 0.034444 0.042834
0 0.506763 0.453048 0.034444 0.042834
0 0.507874 0.578254 0.034444 0.042834
0 0.610652 0.412685 0.033333 0.041186
0 0.611208 0.328666 0.032222 0.041186
0 0.611763 0.286656 0.033333 0.042834
0 0.712319 0.454695 0.036667 0.046129
