0 0.690998 0.271829 0.042222 0.029654
0 0.843776 0.281713 0.034444 0.026359
0 0.690998 0.341845 0.044444 0.034596
0 0.691554 0.369852 0.045556 0.034596
0 0.700443 0.738880 0.021111 0.031301
0 0.690443 0.202636 0.045556 0.029654
0 0.326554 0.321252 0.033333 0.039539
0 0.998832 0.744646 0.000113 0.032949
0 0.481554 0.699341 0.034444 0.041186
0 0.946554 0.702636 0.033333 0.044481
0 0.689887 0.239703 0.044444 0.044481
0 0.998277 0.785008 0.001224 0.037891
0 0.585998 0.280066 0.034444 0.036244
0 0.337110 0.741351 0.023333 0.036244
0 0.483221 0.365733 0.035556 0.049423
0 0.275443 0.362438 0.035556 0.046129
0 0.338776 0.782537 0.024444 0.036244
0 0.690998 0.171334 0.044444 0.039539
0 0.691554 0.303954 0.043333 0.041186
0 0.689332 0.528007 0.032222 0.037891
0 0.275443 0.318781 0.033333 0.037891
0 0.690998 0.135914 0.046667 0.037891
0 0.792665 0.327018 0.032222 0.037891
0 0.742110 0.367381 0.033333 0.042834
0 0.327665 0.364086 0.033333 0.042834
0 0.587110 0.240527 0.034444 0.042834
0 0.844332 0.240527 0.033333 0.042834
0 0.740443 0.701812 0.034444 0.042834
0 0.274332 0.610379 0.035556 0.044481
0 0.534332 0.322900 0.031111 0.042834
0 0.844332 0.194399 0.033333 0.049423
0 0.946554 0.662273 0.033333 0.039539
0 0.989944 0.702636 0.017890 0.041186
0 0.742110 0.326194 0.033333 0.039539
0 0.742110 0.282537 0.031111 0.047776
0 0.946554 0.616145 0.033333 0.049423
0 0.276554 0.275947 0.035556 0.044481
0 0.480998 0.657331 0.033333 0.042834
0 0.947665 0.370675 0.033333 0.046129
0 0.483221 0.322076 0.033333 0.037891
0 0.325443 0.655684 0.033333 0.042834
0 0.741554 0.659802 0.034444 0.044481
0 0.429887 0.657331 0.035556 0.042834
0 0.377110 0.699341 0.034444 0.041186
0 0.985443 0.493410 0.022222 0.034596
0 0.986554 0.452224 0.022222 0.034596
0 0.989944 0.659802 0.017890 0.044481
0 0.534887 0.280066 0.032222 0.042834
0 0.793221 0.284185 0.033333 0.044481
0 0.429887 0.700988 0.035556 0.044481
0 0.740998 0.612850 0.033333 0.046129
0 0.483221 0.611203 0.033333 0.049423
0 0.274332 0.654860 0.035556 0.044481
0 0.947110 0.327018 0.034444 0.041186
0 0.325998 0.611203 0.034444 0.046129
0 0.274332 0.699341 0.037778 0.044481
0 0.431554 0.322076 0.032222 0.041186
0 0.325443 0.700165 0.035556 0.046129
0 0.378776 0.364909 0.033333 0.044481
0 0.638221 0.322900 0.034444 0.039539
0 0.893776 0.281713 0.032222 0.046129
0 0.638776 0.280066 0.033333 0.049423
0 0.638221 0.365733 0.034444 0.049423
0 0.893221 0.371499 0.033333 0.047776
0 0.989944 0.284185 0.017890 0.044481
0 0.430998 0.364086 0.033333 0.042834
0 0.535998 0.237232 0.032222 0.046129
0 0.990499 0.615321 0.016779 0.044481
0 0.893776 0.326194 0.032222 0.042834
0 0.379332 0.277595 0.034444 0.044481
0 0.482665 0.276771 0.034444 0.049423
0 0.844887 0.323723 0.034444 0.047776
0 0.991055 0.372323 0.015668 0.042834
0 0.377110 0.612026 0.034444 0.044481
0 0.587110 0.192751 0.034444 0.052718
0 0.947110 0.283361 0.034444 0.046129
0 0.377110 0.656507 0.034444 0.044481
0 0.585998 0.322076 0.036667 0.047776
0 0.429887 0.612026 0.035556 0.044481
0 0.689887 0.488468 0.040000 0.041186
0 0.378776 0.321252 0.033333 0.042834
0 0.689332 0.444811 0.041111 0.046129
0 0.327665 0.276771 0.035556 0.046129
0 0.431554 0.278418 0.034444 0.046129
0 0.793776 0.238056 0.034444 0.047776
0 0.989944 0.327842 0.017890 0.042834
