0 0.027239 0.789951 0.035556 0.044481
0 0.539461 0.195222 0.035556 0.044481
0 0.543906 0.785832 0.035556 0.039539
0 0.647239 0.869852 0.035556 0.039539
0 0.337795 0.205107 0.045556 0.028007
0 0.747239 0.327842 0.035556 0.039539
0 0.695572 0.492586 0.036667 0.042834
0 0.696128 0.453048 0.035556 0.042834
0 0.544461 0.871499 0.036667 0.042834
0 0.647795 0.911862 0.034444 0.037891
0 0.544461 0.914333 0.036667 0.042834
0 0.129461 0.285008 0.035556 0.042834
0 0.696684 0.577430 0.036667 0.041186
0 0.287239 0.872323 0.033333 0.041186
0 0.337795 0.139209 0.041111 0.034596
0 0.028350 0.918451 0.035556 0.037891
0 0.543350 0.700988 0.034444 0.041186
0 0.747239 0.198517 0.035556 0.044481
0 0.027239 0.875618 0.035556 0.044481
0 0.287239 0.915157 0.035556 0.044481
0 0.696684 0.534596 0.036667 0.044481
0 0.697239 0.704283 0.035556 0.041186
0 0.286684 0.704283 0.034444 0.041186
0 0.694461 0.326194 0.036667 0.036244
0 0.698350 0.785832 0.035556 0.039539
0 0.286684 0.787479 0.032222 0.039539
0 0.340017 0.371499 0.041111 0.034596
0 0.286684 0.829489 0.034444 0.044481
0 0.543350 0.744646 0.034444 0.046129
0 0.026684 0.704283 0.034444 0.044481
0 0.646128 0.618616 0.033333 0.037891
0 0.542239 0.369028 0.034444 0.039539
0 0.287239 0.745470 0.033333 0.041186
0 0.593906 0.322900 0.031111 0.042834
0 0.338906 0.305601 0.041111 0.041186
0 0.234461 0.196046 0.034444 0.046129
0 0.389461 0.660626 0.035556 0.042834
0 0.647795 0.786656 0.034444 0.041186
0 0.696684 0.616969 0.034444 0.037891
0 0.544461 0.829489 0.036667 0.044481
0 0.129461 0.497529 0.035556 0.046129
0 0.390017 0.619440 0.034444 0.039539
0 0.026128 0.328666 0.028889 0.037891
0 0.747239 0.286656 0.035556 0.042834
0 0.543350 0.616145 0.034444 0.039539
0 0.644461 0.449753 0.034444 0.039539
0 0.078906 0.620264 0.030000 0.037891
0 0.695017 0.365733 0.035556 0.046129
0 0.286684 0.663921 0.034444 0.039539
0 0.644461 0.199341 0.034444 0.046129
0 0.337795 0.173806 0.041111 0.037891
0 0.647239 0.828666 0.035556 0.042834
0 0.698350 0.745470 0.037778 0.041186
0 0.387795 0.288303 0.036667 0.046129
0 0.077795 0.708402 0.036667 0.046129
0 0.129461 0.243822 0.037778 0.039539
0 0.026684 0.664745 0.032222 0.037891
0 0.643906 0.242998 0.031111 0.041186
0 0.542239 0.577430 0.034444 0.041186
0 0.698350 0.830313 0.037778 0.046129
0 0.389461 0.452224 0.033333 0.037891
0 0.026684 0.151565 0.034444 0.049423
0 0.541128 0.239703 0.034444 0.044481
0 0.746128 0.241351 0.035556 0.044481
0 0.543350 0.658155 0.036667 0.044481
0 0.028350 0.832784 0.037778 0.041186
0 0.338906 0.341021 0.043333 0.032949
0 0.337795 0.275124 0.041111 0.029654
0 0.593906 0.280066 0.035556 0.029654
0 0.351128 0.752883 0.021111 0.023064
0 0.337795 0.486820 0.038889 0.031301
0 0.350572 0.727348 0.020000 0.028007
0 0.078906 0.287479 0.032222 0.041186
0 0.388906 0.579077 0.034444 0.041186
0 0.542795 0.453048 0.035556 0.042834
0 0.337239 0.445634 0.040000 0.044481
0 0.542239 0.495058 0.036667 0.041186
0 0.234461 0.327842 0.034444 0.046129
0 0.183350 0.150741 0.034444 0.047776
0 0.027239 0.495881 0.033333 0.039539
0 0.645572 0.409390 0.034444 0.041186
0 0.233906 0.243822 0.035556 0.042834
0 0.026128 0.197694 0.035556 0.042834
0 0.286128 0.537068 0.033333 0.039539
0 0.645572 0.368204 0.034444 0.041186
0 0.078350 0.663097 0.033333 0.044481
0 0.130017 0.411038 0.036667 0.044481
0 0.337239 0.238880 0.042222 0.039539
0 0.026128 0.624382 0.033333 0.039539
0 0.130017 0.201812 0.036667 0.044481
0 0.285572 0.196870 0.032222 0.037891
0 0.593350 0.452224 0.034444 0.041186
0 0.131684 0.152389 0.037778 0.051071
0 0.541684 0.409390 0.035556 0.044481
0 0.593906 0.367381 0.035556 0.046129
0 0.128906 0.327018 0.038889 0.041186
0 0.439461 0.200165 0.033333 0.044481
0 0.647795 0.747117 0.032222 0.041186
0 0.027239 0.747117 0.035556 0.041186
0 0.182239 0.198517 0.032222 0.044481
0 0.388906 0.536244 0.034444 0.044481
0 0.129461 0.369028 0.033333 0.039539
0 0.644461 0.150741 0.034444 0.051071
0 0.388350 0.705107 0.035556 0.046129
0 0.078906 0.327018 0.034444 0.037891
0 0.387795 0.330313 0.032222 0.037891
0 0.488906 0.331960 0.034444 0.041186
0 0.286128 0.408567 0.033333 0.039539
0 0.645572 0.579077 0.034444 0.044481
0 0.077795 0.152389 0.036667 0.051071
0 0.077795 0.242998 0.034444 0.044481
0 0.078350 0.368204 0.035556 0.044481
0 0.025572 0.536244 0.034444 0.044481
0 0.693350 0.151565 0.036667 0.046129
0 0.078350 0.411038 0.035556 0.041186
0 0.078906 0.454695 0.036667 0.042834
0 0.747239 0.151565 0.037778 0.049423
0 0.387795 0.199341 0.034444 0.046129
0 0.694461 0.200165 0.036667 0.044481
0 0.286684 0.621911 0.036667 0.044481
0 0.078906 0.199341 0.036667 0.042834
0 0.182795 0.243822 0.033333 0.042834
0 0.694461 0.244646 0.034444 0.044481
0 0.540572 0.150741 0.035556 0.047776
0 0.078906 0.496705 0.036667 0.041186
0 0.390017 0.493410 0.032222 0.041186
0 0.440017 0.285832 0.034444 0.041186
0 0.284461 0.496705 0.034444 0.041186
0 0.439461 0.150741 0.035556 0.051071
0 0.593906 0.495058 0.035556 0.044481
0 0.078906 0.578254 0.034444 0.042834
0 0.285572 0.284185 0.034444 0.041186
0 0.286128 0.326194 0.035556 0.042834
0 0.387795 0.152389 0.032222 0.047776
0 0.439461 0.243822 0.033333 0.042834
0 0.647239 0.661450 0.035556 0.047776
0 0.026684 0.580725 0.036667 0.044481
0 0.181684 0.288303 0.035556 0.046129
0 0.285017 0.151565 0.035556 0.046129
0 0.286128 0.367381 0.035556 0.042834
0 0.286128 0.578254 0.035556 0.042834
0 0.025572 0.369852 0.034444 0.044481
0 0.026684 0.287479 0.036667 0.044481
0 0.541684 0.326194 0.035556 0.046129
0 0.026128 0.455519 0.033333 0.041186
0 0.490017 0.285832 0.034444 0.047776
0 0.026684 0.242175 0.036667 0.046129
0 0.388906 0.412685 0.034444 0.041186
0 0.387795 0.242998 0.034444 0.041186
0 0.285017 0.239703 0.035556 0.044481
0 0.026128 0.413509 0.033333 0.042834
0 0.388906 0.370675 0.032222 0.042834
0 0.441128 0.328666 0.036667 0.044481
0 0.540572 0.285008 0.031111 0.039539
0 0.285572 0.451400 0.036667 0.046129
0 0.645017 0.492586 0.035556 0.042834
0 0.644461 0.325371 0.034444 0.044481
0 0.233906 0.285008 0.033333 0.039539
0 0.695017 0.289127 0.033333 0.041186
0 0.645572 0.536244 0.034444 0.044481
0 0.078350 0.537068 0.033333 0.039539
0 0.645017 0.284185 0.033333 0.041186
0 0.593906 0.411038 0.037778 0.041186
0 0.542795 0.536244 0.035556 0.044481
0 0.695017 0.410214 0.035556 0.042834
0 0.130572 0.454695 0.035556 0.039539
0 0.647239 0.705107 0.033333 0.042834
0 0.697795 0.658979 0.036667 0.049423
