0 0.388521 0.741351 0.023333 0.036244
0 0.040743 0.359967 0.038889 0.028007
0 0.311298 0.739703 0.020000 0.026359
0 0.301298 0.369028 0.042222 0.032949
0 0.301298 0.339374 0.040000 0.036244
0 0.389632 0.782537 0.023333 0.032949
0 0.300743 0.201812 0.043333 0.028007
0 0.157409 0.822900 0.021111 0.034596
0 0.300743 0.268534 0.041111 0.029654
0 0.132965 0.822900 0.023333 0.034596
0 0.362965 0.408567 0.021111 0.032949
0 0.093521 0.234761 0.033333 0.041186
0 0.400743 0.700165 0.032222 0.042834
0 0.414076 0.783361 0.023333 0.034596
0 0.156298 0.779242 0.021111 0.036244
0 0.155187 0.739703 0.021111 0.032949
0 0.131298 0.739703 0.022222 0.032949
0 0.300187 0.168040 0.042222 0.036244
0 0.131854 0.779242 0.023333 0.036244
0 0.414076 0.743822 0.021111 0.037891
0 0.711298 0.280066 0.035556 0.039539
0 0.235743 0.783361 0.022222 0.034596
0 0.300743 0.133443 0.043333 0.036244
0 0.711298 0.241351 0.035556 0.041186
0 0.259632 0.741351 0.021111 0.032949
0 0.092965 0.275947 0.032222 0.037891
0 0.260187 0.783361 0.022222 0.034596
0 0.235187 0.742175 0.023333 0.034596
0 0.504632 0.702636 0.035556 0.044481
0 0.002871 0.698517 0.005742 0.046129
0 0.362409 0.448929 0.024444 0.037891
0 0.300187 0.521417 0.028889 0.034596
0 0.504076 0.366557 0.036667 0.041186
0 0.659076 0.280890 0.033333 0.041186
0 0.300187 0.234761 0.042222 0.041186
0 0.144076 0.699341 0.036667 0.044481
0 0.002315 0.656507 0.004631 0.041186
0 0.556298 0.701812 0.034444 0.042834
0 0.003982 0.275947 0.007965 0.044481
0 0.658521 0.324547 0.034444 0.042834
0 0.607965 0.615321 0.035556 0.047776
0 0.607965 0.700988 0.033333 0.041186
0 0.607965 0.659802 0.033333 0.041186
0 0.301298 0.301483 0.040000 0.039539
0 0.144076 0.654860 0.036667 0.044481
0 0.556298 0.279242 0.034444 0.047776
0 0.556854 0.614498 0.035556 0.046129
0 0.195187 0.698517 0.034444 0.039539
0 0.041298 0.317957 0.035556 0.042834
0 0.144632 0.611203 0.033333 0.042834
0 0.556298 0.660626 0.034444 0.042834
0 0.504076 0.661450 0.034444 0.041186
0 0.092409 0.318781 0.035556 0.044481
0 0.093521 0.187809 0.033333 0.049423
0 0.401854 0.658155 0.032222 0.041186
0 0.041854 0.276771 0.032222 0.039539
0 0.452965 0.322900 0.032222 0.036244
0 0.710743 0.324547 0.036667 0.046129
0 0.196298 0.362438 0.034444 0.042834
0 0.452965 0.659802 0.034444 0.041186
0 0.503521 0.615321 0.035556 0.047776
0 0.145187 0.320428 0.034444 0.041186
0 0.248521 0.361614 0.034444 0.044481
0 0.453521 0.614498 0.035556 0.046129
0 0.556854 0.322900 0.033333 0.039539
0 0.710743 0.194399 0.036667 0.052718
0 0.502965 0.322900 0.034444 0.042834
0 0.504076 0.280066 0.034444 0.046129
0 0.400743 0.280066 0.032222 0.046129
0 0.402409 0.613674 0.035556 0.047776
0 0.350187 0.700165 0.035556 0.042834
0 0.300187 0.441516 0.040000 0.046129
0 0.350187 0.658155 0.035556 0.041186
0 0.659076 0.236409 0.035556 0.047776
0 0.195743 0.658155 0.033333 0.041186
0 0.144632 0.361614 0.033333 0.044481
0 0.452965 0.702636 0.036667 0.044481
0 0.041854 0.231466 0.034444 0.047776
0 0.606854 0.279242 0.035556 0.047776
0 0.249076 0.319605 0.035556 0.039539
0 0.247409 0.699341 0.034444 0.041186
0 0.452965 0.365733 0.034444 0.046129
0 0.247965 0.657331 0.033333 0.042834
0 0.196298 0.321252 0.034444 0.039539
0 0.197965 0.277595 0.035556 0.047776
0 0.195743 0.612026 0.035556 0.047776
0 0.401298 0.323723 0.033333 0.041186
0 0.250743 0.277595 0.034444 0.044481
0 0.555743 0.366557 0.035556 0.047776
0 0.452965 0.278418 0.034444 0.049423
0 0.350187 0.367381 0.037778 0.046129
0 0.350743 0.324547 0.034444 0.039539
0 0.145187 0.274300 0.034444 0.047776
0 0.401854 0.367381 0.034444 0.046129
0 0.248521 0.612850 0.036667 0.046129
0 0.607965 0.365733 0.035556 0.046129
0 0.607409 0.324547 0.034444 0.042834
0 0.351298 0.279242 0.035556 0.047776
0 0.003427 0.610379 0.006854 0.051071
0 0.349632 0.612850 0.036667 0.049423
0 0.003427 0.356672 0.006854 0.051071
0 0.301298 0.485173 0.037778 0.041186
