0 0.637224 0.855222 0.030000 0.023734
0 0.694099 0.756329 0.033750 0.031646
0 0.804724 0.501582 0.035000 0.037975
0 0.583474 0.409810 0.035000 0.018987
0 0.747849 0.788766 0.033750 0.026899
0 0.307224 0.657437 0.032500 0.030063
0 0.252224 0.404272 0.032500 0.033228
0 0.251599 0.787975 0.033750 0.034810
0 0.085349 0.877373 0.033750 0.033228
0 0.568474 0.789557 0.022500 0.028481
0 0.430974 0.731013 0.022500 0.018987
0 0.429724 0.856013 0.022500 0.025316
0 0.429724 0.633703 0.020000 0.020570
0 0.804099 0.472310 0.033750 0.030063
0 0.570349 0.628956 0.021250 0.026899
0 0.431099 0.881835 0.024500 0.027753
0 0.570612 0.472579 0.019600 0.021646
0 0.571093 0.504866 0.020487 0.025585
0 0.570299 0.534193 0.017725 0.026772
0 0.569986 0.564715 0.018350 0.024019
0 0.571699 0.597191 0.019275 0.025206
0 0.596893 0.473172 0.018038 0.022041
0 0.597049 0.504082 0.015250 0.024019
0 0.418287 0.357025 0.030000 0.018354
0 0.417224 0.394446 0.031125 0.020728
0 0.419130 0.510277 0.034563 0.024604
0 0.418468 0.533592 0.031312 0.022563
0 0.418018 0.548513 0.032587 0.008196
0 0.429524 0.562191 0.021775 0.013782
0 0.431237 0.576756 0.024575 0.016930
0 0.430699 0.765269 0.021875 0.017247
0 0.431599 0.713608 0.018750 0.022152
0 0.431599 0.675633 0.021250 0.022152
0 0.430349 0.650316 0.018750 0.015823
0 0.637849 0.786392 0.033750 0.034810
0 0.196599 0.723101 0.031250 0.031646
0 0.306599 0.852057 0.033750 0.033228
0 0.252224 0.564082 0.030000 0.030063
0 0.141599 0.374209 0.036250 0.036392
0 0.637849 0.662184 0.036250 0.033228
0 0.473474 0.378165 0.035000 0.034810
0 0.361599 0.756329 0.031250 0.031646
0 0.529099 0.375791 0.033750 0.033228
0 0.364099 0.408228 0.033750 0.034810
0 0.197224 0.786392 0.035000 0.031646
0 0.527849 0.596519 0.033750 0.028481
0 0.474724 0.470728 0.032500 0.033228
0 0.308474 0.373418 0.032500 0.037975
0 0.141599 0.659019 0.031250 0.033228
0 0.638474 0.693038 0.035000 0.031646
0 0.197224 0.819620 0.032500 0.034810
0 0.527849 0.693829 0.036250 0.030063
0 0.527849 0.662975 0.033750 0.031646
0 0.528474 0.566456 0.035000 0.031646
0 0.141599 0.786392 0.033750 0.034810
0 0.362224 0.724684 0.032500 0.031646
0 0.637849 0.724684 0.033750 0.031646
0 0.140974 0.723892 0.032500 0.033228
0 0.141599 0.593354 0.031250 0.031646
0 0.251599 0.691456 0.033750 0.031646
0 0.527224 0.820411 0.035000 0.033228
0 0.140974 0.468354 0.032500 0.034810
0 0.195974 0.628956 0.032500 0.033228
0 0.362849 0.594937 0.033750 0.028481
0 0.362849 0.692247 0.033750 0.033228
0 0.141599 0.691456 0.033750 0.031646
0 0.141599 0.819620 0.033750 0.031646
0 0.527849 0.852848 0.033750 0.031646
0 0.569099 0.725475 0.026250 0.033228
0 0.694099 0.537184 0.031250 0.033228
0 0.086599 0.723892 0.036250 0.036392
0 0.528474 0.407437 0.032500 0.026899
0 0.595349 0.851266 0.021250 0.028481
0 0.473474 0.502373 0.032500 0.030063
0 0.307224 0.439082 0.035000 0.030063
0 0.748474 0.409810 0.032500 0.031646
0 0.306599 0.595728 0.031250 0.026899
0 0.595974 0.883703 0.025000 0.033228
0 0.473474 0.344937 0.032500 0.034810
0 0.364724 0.374209 0.035000 0.036392
0 0.307224 0.501582 0.035000 0.031646
0 0.307224 0.469937 0.035000 0.031646
0 0.030974 0.373418 0.032500 0.037975
0 0.749099 0.568829 0.031250 0.030063
0 0.693474 0.408228 0.035000 0.037975
0 0.748474 0.537184 0.030000 0.033228
0 0.140974 0.564082 0.032500 0.030063
0 0.251599 0.596519 0.028750 0.034810
0 0.804724 0.568038 0.037500 0.031646
0 0.430974 0.696203 0.020000 0.018987
0 0.251599 0.880538 0.031250 0.030063
0 0.803474 0.884494 0.035000 0.031646
0 0.252224 0.500791 0.030000 0.030063
0 0.197224 0.469937 0.035000 0.031646
0 0.415349 0.790269 0.033750 0.020411
0 0.416599 0.454351 0.033750 0.035285
0 0.418474 0.337579 0.035000 0.023259
0 0.415693 0.807919 0.032937 0.013782
0 0.197849 0.371835 0.033750 0.037975
0 0.362849 0.533228 0.031250 0.031646
0 0.527224 0.788766 0.035000 0.033228
0 0.361599 0.853639 0.031250 0.026899
0 0.306599 0.788766 0.033750 0.033228
0 0.803474 0.792959 0.035000 0.028956
0 0.420224 0.374288 0.033500 0.019146
0 0.802849 0.821756 0.036250 0.027373
0 0.085974 0.597389 0.032500 0.026741
0 0.692224 0.884494 0.037500 0.028481
0 0.429099 0.748576 0.023750 0.016139
0 0.361599 0.883070 0.033750 0.031329
0 0.417849 0.420886 0.033750 0.034810
0 0.526599 0.756329 0.036250 0.031646
0 0.527849 0.471519 0.033750 0.034810
0 0.251599 0.469146 0.033750 0.033228
0 0.692224 0.854272 0.035000 0.031329
0 0.802849 0.726820 0.033750 0.030538
0 0.749099 0.885364 0.036250 0.029905
0 0.802849 0.757911 0.033750 0.034810
0 0.802849 0.696313 0.033750 0.031487
0 0.305974 0.819620 0.035000 0.028481
0 0.252224 0.818196 0.035000 0.028165
0 0.307224 0.566456 0.032500 0.031646
0 0.529099 0.503165 0.031250 0.028481
0 0.307224 0.722310 0.035000 0.033228
0 0.195974 0.564873 0.032500 0.034810
0 0.251599 0.757911 0.033750 0.031646
0 0.141599 0.420886 0.033750 0.053797
0 0.595349 0.691456 0.021250 0.022152
0 0.030974 0.405063 0.032500 0.028481
0 0.748474 0.757911 0.035000 0.031646
0 0.692849 0.600475 0.033750 0.033228
0 0.693474 0.504747 0.030000 0.028481
0 0.085974 0.852848 0.035000 0.034810
0 0.802224 0.852057 0.035000 0.033228
0 0.805349 0.599684 0.033750 0.031646
0 0.749099 0.630538 0.033750 0.036392
0 0.749099 0.726266 0.033750 0.031646
0 0.030974 0.720728 0.032500 0.033228
0 0.637849 0.882911 0.033750 0.034810
0 0.638474 0.503956 0.027500 0.023734
0 0.692849 0.786392 0.036250 0.034810
0 0.747849 0.854430 0.036250 0.031646
0 0.251599 0.432753 0.031250 0.036392
0 0.085974 0.689082 0.035000 0.033228
0 0.749099 0.443038 0.031250 0.031646
0 0.252224 0.630538 0.032500 0.033228
0 0.086599 0.405063 0.031250 0.031646
0 0.692849 0.726266 0.033750 0.031646
0 0.362224 0.660601 0.032500 0.030063
0 0.085974 0.564873 0.032500 0.037975
0 0.251599 0.660601 0.033750 0.030063
0 0.085974 0.755538 0.035000 0.030063
0 0.568474 0.819620 0.022500 0.028481
0 0.749099 0.662975 0.036250 0.031646
0 0.595349 0.754747 0.021250 0.025316
0 0.569724 0.661392 0.022500 0.025316
0 0.541599 0.344937 0.023750 0.028481
0 0.595974 0.344937 0.022500 0.028481
0 0.029724 0.881329 0.035000 0.031646
0 0.638474 0.596519 0.032500 0.031646
0 0.804099 0.630538 0.036250 0.033228
0 0.474099 0.534019 0.031250 0.033228
0 0.748474 0.598892 0.030000 0.030063
0 0.196599 0.501582 0.036250 0.034810
0 0.595974 0.787184 0.020000 0.026899
0 0.030349 0.688291 0.033750 0.034810
0 0.692849 0.695411 0.033750 0.033228
0 0.639099 0.629747 0.033750 0.031646
0 0.029099 0.785601 0.031250 0.030063
0 0.804724 0.664557 0.035000 0.034810
0 0.570974 0.345728 0.025000 0.026899
0 0.693474 0.662975 0.032500 0.034810
0 0.196599 0.533228 0.033750 0.028481
0 0.749099 0.473892 0.033750 0.033228
0 0.747849 0.819620 0.036250 0.037975
0 0.473474 0.568038 0.030000 0.031646
0 0.030349 0.434335 0.033750 0.033228
0 0.251599 0.530063 0.031250 0.034810
0 0.567224 0.885285 0.022500 0.026899
0 0.030974 0.561709 0.032500 0.028481
0 0.029724 0.656646 0.035000 0.031646
0 0.086599 0.785601 0.036250 0.033228
0 0.694099 0.473892 0.031250 0.033228
0 0.692849 0.631329 0.036250 0.031646
0 0.595974 0.659810 0.022500 0.028481
0 0.087224 0.499209 0.032500 0.033228
0 0.568474 0.753956 0.022500 0.023734
0 0.363474 0.469146 0.032500 0.030063
0 0.749099 0.693829 0.036250 0.033228
0 0.596599 0.566456 0.021250 0.025316
0 0.086599 0.374209 0.031250 0.033228
0 0.196599 0.851266 0.031250 0.028481
0 0.567849 0.849684 0.021250 0.025316
0 0.085349 0.658228 0.033750 0.031646
0 0.473474 0.439873 0.032500 0.031646
0 0.596599 0.628956 0.021250 0.030063
0 0.196599 0.690665 0.031250 0.030063
0 0.584099 0.378956 0.033750 0.033228
0 0.748474 0.504747 0.032500 0.034810
0 0.804099 0.443829 0.036250 0.033228
0 0.597224 0.595728 0.020000 0.026899
0 0.030349 0.816456 0.033750 0.031646
0 0.030349 0.753956 0.033750 0.033228
0 0.692849 0.821203 0.033750 0.034810
0 0.595349 0.534019 0.021250 0.026899
0 0.639099 0.754747 0.033750 0.028481
0 0.362224 0.629747 0.032500 0.037975
0 0.638474 0.566456 0.032500 0.031646
0 0.197224 0.405063 0.032500 0.031646
0 0.567849 0.693829 0.023750 0.026899
0 0.086599 0.818038 0.036250 0.031646
0 0.693474 0.441456 0.032500 0.031646
0 0.029724 0.467563 0.032500 0.030063
0 0.251599 0.851266 0.033750 0.034810
0 0.307849 0.627373 0.033750 0.033228
0 0.029099 0.498418 0.031250 0.031646
0 0.639099 0.442247 0.031250 0.033228
0 0.197224 0.438291 0.032500 0.034810
0 0.140974 0.883703 0.035000 0.030063
0 0.804099 0.536392 0.036250 0.034810
0 0.583474 0.439082 0.035000 0.036392
0 0.595974 0.723892 0.022500 0.030063
0 0.306599 0.756329 0.031250 0.031646
0 0.306599 0.689873 0.036250 0.034810
0 0.029724 0.848892 0.035000 0.033228
0 0.307849 0.406646 0.033750 0.031646
0 0.694724 0.568829 0.032500 0.030063
0 0.087224 0.530063 0.035000 0.031646
0 0.361599 0.787975 0.031250 0.031646
0 0.639099 0.473101 0.031250 0.031646
0 0.364099 0.439873 0.033750 0.031646
0 0.595974 0.820411 0.022500 0.026899
0 0.252849 0.373418 0.033750 0.031646
0 0.029724 0.625791 0.032500 0.030063
0 0.473474 0.409810 0.032500 0.031646
0 0.528474 0.438291 0.030000 0.031646
0 0.306599 0.883703 0.033750 0.030063
0 0.140974 0.755538 0.032500 0.030063
0 0.084724 0.625791 0.035000 0.033228
0 0.085974 0.468354 0.032500 0.031646
0 0.030974 0.592563 0.035000 0.036392
0 0.362849 0.501582 0.028750 0.034810
0 0.195974 0.660601 0.032500 0.033228
0 0.805349 0.409810 0.033750 0.037975
0 0.140974 0.852057 0.032500 0.033228
0 0.086599 0.436709 0.033750 0.031646
0 0.639099 0.406646 0.036250 0.034810
0 0.141599 0.500000 0.033750 0.031646
0 0.030349 0.530063 0.031250 0.031646
0 0.196599 0.881329 0.033750 0.034810
0 0.527849 0.885285 0.036250 0.033228
0 0.527849 0.723892 0.036250 0.033228
0 0.252224 0.723892 0.035000 0.033228
0 0.307224 0.533228 0.035000 0.031646
0 0.528474 0.535601 0.035000 0.033228
0 0.141599 0.625791 0.031250 0.033228
0 0.195974 0.596519 0.032500 0.031646
0 0.527849 0.630538 0.033750 0.036392
0 0.361599 0.821994 0.033750 0.036392
0 0.637849 0.822785 0.033750 0.034810
0 0.639099 0.534810 0.033750 0.034810
0 0.141599 0.532437 0.033750 0.033228
0 0.363474 0.565665 0.032500 0.033228
0 0.196599 0.754747 0.033750 0.034810
