0 0.568978 0.437984 0.029333 0.035659
0 0.568978 0.402326 0.029333 0.032558
0 0.420311 0.272093 0.036000 0.026357
0 0.194311 0.267442 0.037333 0.023256
0 0.773644 0.743411 0.036000 0.023256
0 0.570311 0.293023 0.026667 0.024806
0 0.570978 0.365116 0.028000 0.029457
0 0.774978 0.272093 0.036000 0.023256
0 0.612311 0.272093 0.036000 0.020155
0 0.418978 0.420155 0.036000 0.037209
0 0.417644 0.711628 0.036000 0.034109
0 0.883644 0.815504 0.037333 0.034109
0 0.362311 0.710853 0.037333 0.035659
0 0.882978 0.744186 0.036000 0.037209
0 0.609644 0.706977 0.038667 0.037209
0 0.938978 0.888372 0.041333 0.034109
0 0.882978 0.780620 0.036000 0.035659
0 0.306978 0.527132 0.036000 0.027907
0 0.611644 0.419380 0.037333 0.035659
0 0.609644 0.817054 0.036000 0.037209
0 0.192978 0.889922 0.040000 0.040310
0 0.416978 0.817829 0.037333 0.035659
0 0.718978 0.817829 0.036000 0.029457
0 0.938311 0.456589 0.034667 0.032558
0 0.306978 0.817829 0.038667 0.038760
0 0.362311 0.818605 0.040000 0.037209
0 0.610311 0.670543 0.037333 0.032558
0 0.194311 0.815504 0.037333 0.037209
0 0.306978 0.711628 0.038667 0.037209
0 0.937644 0.854264 0.038667 0.034109
0 0.938311 0.382946 0.034667 0.037209
0 0.362311 0.382946 0.037333 0.034109
0 0.306978 0.783721 0.036000 0.032558
0 0.718978 0.782171 0.038667 0.038760
0 0.718978 0.886822 0.038667 0.034109
0 0.417644 0.600000 0.036000 0.034109
0 0.718978 0.674419 0.038667 0.034109
0 0.418311 0.528682 0.034667 0.037209
0 0.883644 0.706977 0.040000 0.034109
0 0.718311 0.638760 0.037333 0.037209
0 0.361644 0.745736 0.036000 0.037209
0 0.882978 0.564341 0.036000 0.034109
0 0.938978 0.709302 0.038667 0.035659
0 0.718311 0.565116 0.037333 0.032558
0 0.194311 0.456589 0.037333 0.035659
0 0.938978 0.566667 0.036000 0.038760
0 0.526311 0.528682 0.034667 0.034109
0 0.362978 0.782171 0.036000 0.032558
0 0.610311 0.782171 0.037333 0.032558
0 0.883644 0.457364 0.037333 0.034109
0 0.774311 0.777519 0.037333 0.038760
0 0.828978 0.453488 0.034667 0.032558
0 0.419644 0.345736 0.037333 0.037209
0 0.306311 0.748062 0.037333 0.035659
0 0.611644 0.600000 0.034667 0.034109
0 0.936978 0.637209 0.037333 0.037209
0 0.474311 0.602326 0.037333 0.038760
0 0.194978 0.745736 0.038667 0.037209
0 0.612311 0.306977 0.033333 0.037209
0 0.718311 0.600000 0.034667 0.037209
0 0.883644 0.348837 0.037333 0.034109
0 0.192978 0.562791 0.037333 0.037209
0 0.828311 0.417054 0.038667 0.037209
0 0.883644 0.637209 0.037333 0.034109
0 0.828311 0.383721 0.036000 0.032558
0 0.363644 0.309302 0.037333 0.035659
0 0.307644 0.342636 0.037333 0.037209
0 0.194978 0.342636 0.038667 0.034109
0 0.773644 0.635659 0.038667 0.034109
0 0.828978 0.637984 0.037333 0.038760
0 0.526978 0.564341 0.036000 0.037209
0 0.250978 0.382171 0.038667 0.035659
0 0.527644 0.637209 0.037333 0.037209
0 0.718978 0.455039 0.036000 0.032558
0 0.773644 0.347287 0.036000 0.037209
0 0.361644 0.639535 0.038667 0.038760
0 0.250978 0.306977 0.038667 0.037209
0 0.194311 0.417829 0.040000 0.038760
0 0.360978 0.675194 0.037333 0.035659
0 0.362311 0.600775 0.037333 0.038760
0 0.664311 0.420155 0.036000 0.037209
0 0.772978 0.671318 0.037333 0.037209
0 0.306978 0.493798 0.036000 0.035659
0 0.774978 0.491473 0.036000 0.034109
0 0.193644 0.600775 0.038667 0.035659
0 0.774311 0.562016 0.034667 0.035659
0 0.192978 0.673643 0.037333 0.035659
0 0.882978 0.600000 0.038667 0.037209
0 0.306978 0.418605 0.038667 0.034109
0 0.306978 0.673643 0.038667 0.038760
0 0.939644 0.492248 0.037333 0.038760
0 0.417644 0.637984 0.036000 0.035659
0 0.473644 0.456589 0.033333 0.035659
0 0.720311 0.309302 0.036000 0.035659
0 0.773644 0.708527 0.038667 0.037209
0 0.417644 0.565116 0.033333 0.032558
0 0.193644 0.637984 0.036000 0.035659
0 0.419644 0.308527 0.034667 0.037209
0 0.719644 0.382946 0.037333 0.034109
0 0.610978 0.456589 0.033333 0.032558
0 0.718978 0.489922 0.036000 0.034109
0 0.417644 0.455814 0.036000 0.034109
0 0.306978 0.600775 0.038667 0.038760
0 0.829644 0.600775 0.036000 0.035659
0 0.773644 0.382171 0.038667 0.035659
0 0.362978 0.455814 0.038667 0.037209
0 0.194311 0.379070 0.040000 0.038760
0 0.416978 0.675194 0.040000 0.038760
0 0.251644 0.529457 0.040000 0.038760
0 0.308311 0.381395 0.036000 0.040310
0 0.418978 0.383721 0.036000 0.038760
0 0.774311 0.455039 0.037333 0.035659
0 0.610311 0.492248 0.034667 0.038760
0 0.719644 0.419380 0.037333 0.035659
0 0.664311 0.566667 0.038667 0.038760
0 0.250311 0.489922 0.040000 0.040310
0 0.883644 0.309302 0.037333 0.041860
0 0.418311 0.492248 0.034667 0.035659
0 0.363644 0.346512 0.037333 0.035659
0 0.474978 0.563566 0.036000 0.038760
0 0.250978 0.343411 0.038667 0.038760
0 0.609644 0.563566 0.036000 0.035659
0 0.773644 0.418605 0.038667 0.037209
0 0.665644 0.347287 0.036000 0.034109
0 0.663644 0.528682 0.040000 0.037209
0 0.474311 0.383721 0.037333 0.035659
0 0.829644 0.310853 0.036000 0.038760
0 0.194978 0.304651 0.038667 0.038760
0 0.719644 0.527132 0.040000 0.040310
0 0.718978 0.346512 0.038667 0.038760
0 0.883644 0.385271 0.040000 0.035659
0 0.663644 0.382171 0.037333 0.035659
0 0.664311 0.492248 0.038667 0.035659
0 0.362978 0.493023 0.038667 0.034109
0 0.526311 0.418605 0.037333 0.037209
0 0.527644 0.346512 0.037333 0.035659
0 0.611644 0.382946 0.034667 0.037209
0 0.475644 0.308527 0.037333 0.040310
0 0.665644 0.308527 0.036000 0.040310
0 0.828978 0.349612 0.037333 0.035659
0 0.475644 0.348062 0.040000 0.038760
0 0.526978 0.382171 0.036000 0.035659
0 0.306978 0.455814 0.038667 0.040310
0 0.362978 0.530233 0.038667 0.040310
0 0.526978 0.456589 0.036000 0.035659
0 0.526978 0.493798 0.036000 0.035659
0 0.774311 0.306977 0.037333 0.040310
0 0.306978 0.562016 0.038667 0.038760
0 0.528311 0.310078 0.036000 0.037209
0 0.570844 0.249767 0.026667 0.019845
0 0.570978 0.268837 0.028000 0.020465
0 0.526978 0.890078 0.036000 0.037519
0 0.474311 0.527132 0.034667 0.034109
0 0.249644 0.417054 0.036000 0.034109
0 0.527644 0.781395 0.034667 0.037209
0 0.192978 0.851163 0.040000 0.037209
0 0.937644 0.819380 0.038667 0.035659
0 0.194311 0.780620 0.037333 0.032558
0 0.610311 0.744961 0.037333 0.038760
0 0.306311 0.891473 0.037333 0.037209
0 0.610311 0.851938 0.034667 0.032558
0 0.305644 0.855039 0.036000 0.035659
0 0.193644 0.526357 0.038667 0.035659
0 0.570978 0.196899 0.028000 0.027907
0 0.526978 0.819380 0.036000 0.035659
0 0.883644 0.850388 0.040000 0.035659
0 0.610311 0.635659 0.037333 0.037209
0 0.829644 0.527132 0.036000 0.040310
0 0.774311 0.600000 0.037333 0.037209
0 0.526978 0.855039 0.033333 0.032558
0 0.527644 0.674419 0.034667 0.034109
0 0.882978 0.527907 0.038667 0.038760
0 0.570311 0.224031 0.029333 0.029457
0 0.939644 0.602326 0.034667 0.032558
0 0.417644 0.855039 0.033333 0.035659
0 0.882978 0.421705 0.038667 0.034109
0 0.528311 0.600775 0.036000 0.032558
0 0.882978 0.671318 0.036000 0.034109
0 0.527644 0.710853 0.037333 0.035659
0 0.418311 0.746512 0.037333 0.035659
0 0.937644 0.673643 0.036000 0.032558
0 0.362311 0.855039 0.037333 0.032558
0 0.306978 0.637209 0.033333 0.031008
0 0.609644 0.887597 0.036000 0.035659
0 0.611644 0.345736 0.034667 0.037209
0 0.939644 0.527907 0.037333 0.035659
0 0.884311 0.887597 0.038667 0.035659
0 0.718978 0.744961 0.038667 0.038760
0 0.828978 0.565116 0.034667 0.035659
0 0.362978 0.890698 0.038667 0.038760
0 0.718311 0.708527 0.037333 0.034109
0 0.772311 0.887597 0.036000 0.035659
0 0.610311 0.527907 0.034667 0.032558
0 0.418311 0.782171 0.037333 0.035659
0 0.773644 0.851163 0.036000 0.037209
0 0.526978 0.745736 0.036000 0.034109
0 0.473644 0.420155 0.038667 0.037209
0 0.938311 0.341085 0.037333 0.037209
0 0.938311 0.420930 0.040000 0.038760
0 0.417644 0.891473 0.038667 0.037209
0 0.773644 0.814729 0.038667 0.035659
0 0.306978 0.306202 0.033333 0.035659
0 0.193644 0.491473 0.036000 0.034109
0 0.362978 0.565891 0.036000 0.031008
0 0.362311 0.417829 0.037333 0.035659
0 0.938311 0.304651 0.037333 0.035659
0 0.718978 0.850388 0.038667 0.038760
0 0.473644 0.493023 0.033333 0.034109
0 0.774311 0.525581 0.034667 0.034109
0 0.882978 0.493023 0.033333 0.034109
0 0.938311 0.746512 0.037333 0.035659
0 0.193644 0.709302 0.038667 0.035659
0 0.664311 0.455814 0.033333 0.034109
0 0.250978 0.452713 0.036000 0.034109
0 0.937644 0.781395 0.038667 0.037209
0 0.828978 0.488372 0.037333 0.037209
