0 0.333136 0.271875 0.038667 0.025000
0 0.221803 0.272656 0.037333 0.023438
0 0.593136 0.299219 0.028000 0.020313
0 0.905136 0.270313 0.036000 0.025000
0 0.635803 0.272656 0.036000 0.023438
0 0.499136 0.272656 0.037333 0.023438
0 0.599136 0.782813 0.021333 0.028125
0 0.332469 0.819531 0.037333 0.035937
0 0.279136 0.819531 0.037333 0.032813
0 0.810469 0.528125 0.025333 0.031250
0 0.276469 0.420312 0.037333 0.037500
0 0.811803 0.670312 0.025333 0.028125
0 0.221803 0.818750 0.034667 0.037500
0 0.810469 0.421094 0.028000 0.035937
0 0.277803 0.710156 0.037333 0.035937
0 0.743803 0.817187 0.036000 0.034375
0 0.810469 0.310156 0.025333 0.029687
0 0.444469 0.819531 0.034667 0.029687
0 0.333136 0.892188 0.036000 0.034375
0 0.742469 0.421094 0.036000 0.032813
0 0.866469 0.816406 0.025333 0.029687
0 0.840469 0.814844 0.024000 0.032813
0 0.219803 0.565625 0.036000 0.031250
0 0.220469 0.710156 0.034667 0.032813
0 0.961136 0.525781 0.038667 0.039062
0 0.866469 0.883594 0.028000 0.032813
0 0.275803 0.528125 0.036000 0.034375
0 0.277136 0.746875 0.036000 0.034375
0 0.689803 0.848437 0.037333 0.034375
0 0.499136 0.854688 0.034667 0.034375
0 0.743803 0.851562 0.036000 0.034375
0 0.636469 0.889062 0.034667 0.031250
0 0.443803 0.889844 0.036000 0.035937
0 0.332469 0.747656 0.037333 0.035937
0 0.593136 0.225781 0.028000 0.029687
0 0.221136 0.890625 0.033333 0.034375
0 0.784469 0.491406 0.026667 0.029687
0 0.332469 0.855469 0.037333 0.035937
0 0.331136 0.347656 0.032000 0.035937
0 0.690469 0.885156 0.036000 0.035937
0 0.331803 0.710156 0.038667 0.035937
0 0.635803 0.852344 0.038667 0.039062
0 0.865136 0.850000 0.025333 0.031250
0 0.852469 0.635156 0.034667 0.035937
0 0.809803 0.707031 0.032000 0.035937
0 0.497803 0.817969 0.034667 0.035937
0 0.783803 0.346094 0.025333 0.029687
0 0.635803 0.778125 0.033333 0.031250
0 0.220469 0.853906 0.034667 0.035937
0 0.593803 0.197656 0.026667 0.026562
0 0.689136 0.780469 0.033333 0.032813
0 0.839803 0.851562 0.025333 0.031250
0 0.811803 0.634375 0.028000 0.034375
0 0.960469 0.563281 0.037333 0.035937
0 0.689136 0.746875 0.033333 0.034375
0 0.220469 0.529687 0.040000 0.040625
0 0.387803 0.564063 0.033333 0.031250
0 0.635136 0.420312 0.034667 0.034375
0 0.220469 0.746094 0.037333 0.035937
0 0.743803 0.885938 0.036000 0.031250
0 0.332469 0.783594 0.037333 0.032813
0 0.743136 0.529687 0.034667 0.034375
0 0.635803 0.490625 0.033333 0.031250
0 0.636469 0.814844 0.037333 0.035937
0 0.276469 0.456250 0.037333 0.034375
0 0.387803 0.528906 0.036000 0.035937
0 0.840469 0.885156 0.026667 0.035937
0 0.635803 0.672656 0.036000 0.035937
0 0.908469 0.884375 0.037333 0.034375
0 0.688469 0.600000 0.034667 0.034375
0 0.276469 0.601562 0.034667 0.034375
0 0.689803 0.709375 0.034667 0.040625
0 0.905803 0.709375 0.037333 0.037500
0 0.498469 0.600781 0.033333 0.032813
0 0.689136 0.673438 0.036000 0.034375
0 0.785136 0.601562 0.028000 0.037500
0 0.783803 0.527344 0.028000 0.032813
0 0.387803 0.493750 0.036000 0.034375
0 0.277136 0.492188 0.036000 0.034375
0 0.743136 0.637500 0.034667 0.034375
0 0.905136 0.346094 0.033333 0.032813
0 0.443136 0.567969 0.034667 0.035937
0 0.907136 0.817187 0.037333 0.034375
0 0.331136 0.382812 0.037333 0.034375
0 0.333136 0.492969 0.036000 0.032813
0 0.688469 0.307812 0.034667 0.037500
0 0.499136 0.566406 0.034667 0.032813
0 0.635803 0.635938 0.036000 0.037500
0 0.635136 0.564063 0.034667 0.034375
0 0.549803 0.346875 0.034667 0.034375
0 0.219803 0.309375 0.038667 0.037500
0 0.743136 0.562500 0.034667 0.034375
0 0.219803 0.380469 0.038667 0.032813
0 0.905136 0.418750 0.036000 0.034375
0 0.743136 0.782031 0.037333 0.035937
0 0.551803 0.457031 0.033333 0.032813
0 0.905136 0.490625 0.036000 0.034375
0 0.499136 0.747656 0.037333 0.035937
0 0.959136 0.382031 0.037333 0.035937
0 0.498469 0.711719 0.036000 0.035937
0 0.905136 0.598437 0.033333 0.037500
0 0.784469 0.382812 0.026667 0.034375
0 0.635136 0.347656 0.034667 0.035937
0 0.686469 0.346875 0.036000 0.037500
0 0.742469 0.672656 0.036000 0.035937
0 0.444469 0.309375 0.034667 0.037500
0 0.905803 0.453906 0.037333 0.035937
0 0.551136 0.492188 0.034667 0.037500
0 0.497803 0.385156 0.034667 0.032813
0 0.331803 0.601562 0.036000 0.034375
0 0.852469 0.705469 0.034667 0.035937
0 0.331803 0.457031 0.038667 0.035937
0 0.387136 0.349219 0.037333 0.035937
0 0.332469 0.565625 0.037333 0.034375
0 0.275803 0.564844 0.036000 0.035937
0 0.635803 0.455469 0.036000 0.032813
0 0.851136 0.420312 0.037333 0.034375
0 0.741803 0.456250 0.034667 0.034375
0 0.275803 0.382031 0.036000 0.035937
0 0.387136 0.420312 0.037333 0.037500
0 0.551136 0.422656 0.034667 0.035937
0 0.387136 0.384375 0.034667 0.034375
0 0.688469 0.492969 0.037333 0.035937
0 0.688469 0.562500 0.034667 0.037500
0 0.688469 0.456250 0.034667 0.034375
0 0.850469 0.309375 0.038667 0.037500
0 0.849803 0.346875 0.034667 0.034375
0 0.906469 0.635156 0.036000 0.032813
0 0.593136 0.262656 0.028000 0.032500
0 0.593003 0.405469 0.030400 0.029687
0 0.592936 0.441641 0.030267 0.036406
0 0.593136 0.367969 0.030667 0.039062
0 0.593136 0.284375 0.028000 0.015625
0 0.741136 0.272656 0.036000 0.023438
0 0.552469 0.566406 0.034667 0.032813
0 0.498469 0.634375 0.033333 0.034375
0 0.331803 0.310156 0.033333 0.032813
0 0.959803 0.346875 0.036000 0.034375
0 0.499803 0.889844 0.038667 0.035937
0 0.811136 0.598437 0.026667 0.031250
0 0.219803 0.491406 0.036000 0.035937
0 0.905803 0.671094 0.034667 0.035937
0 0.551136 0.530469 0.034667 0.035937
0 0.811136 0.456250 0.024000 0.031250
0 0.498469 0.783594 0.036000 0.032813
0 0.444469 0.853906 0.037333 0.035937
0 0.688469 0.527344 0.034667 0.032813
0 0.635803 0.743750 0.036000 0.037500
0 0.689803 0.814063 0.034667 0.034375
0 0.277803 0.783594 0.037333 0.035937
0 0.784469 0.637500 0.026667 0.031250
0 0.907136 0.745313 0.034667 0.034375
0 0.783803 0.562500 0.025333 0.034375
0 0.852469 0.671094 0.034667 0.032813
0 0.809803 0.383594 0.026667 0.032813
0 0.331803 0.419531 0.038667 0.039062
0 0.221136 0.639062 0.036000 0.037500
0 0.443803 0.748437 0.036000 0.037500
0 0.277136 0.639062 0.036000 0.037500
0 0.851136 0.779687 0.037333 0.034375
0 0.221136 0.782813 0.036000 0.034375
0 0.785136 0.672656 0.028000 0.035937
0 0.959136 0.453906 0.037333 0.035937
0 0.784469 0.309375 0.026667 0.034375
0 0.636469 0.707812 0.034667 0.031250
0 0.276469 0.673438 0.037333 0.034375
0 0.742469 0.744531 0.038667 0.039062
0 0.221136 0.601562 0.036000 0.037500
0 0.852469 0.598437 0.034667 0.034375
0 0.549803 0.309375 0.034667 0.037500
0 0.783136 0.417969 0.026667 0.032813
0 0.221136 0.675000 0.036000 0.034375
0 0.219803 0.455469 0.036000 0.035937
0 0.960469 0.489844 0.040000 0.032813
0 0.810469 0.491406 0.028000 0.032813
0 0.852469 0.742969 0.037333 0.035937
0 0.906469 0.781250 0.036000 0.034375
0 0.220469 0.417187 0.037333 0.037500
0 0.742469 0.707812 0.036000 0.034375
0 0.907803 0.850781 0.036000 0.032813
0 0.332469 0.528906 0.037333 0.039062
0 0.810469 0.346875 0.028000 0.034375
0 0.444469 0.785937 0.037333 0.037500
0 0.276469 0.307812 0.037333 0.034375
0 0.277136 0.345313 0.036000 0.037500
0 0.784469 0.455469 0.029333 0.035937
0 0.498469 0.532813 0.036000 0.034375
0 0.960469 0.417187 0.037333 0.034375
0 0.443136 0.639062 0.034667 0.034375
0 0.851136 0.528125 0.034667 0.034375
0 0.906469 0.563281 0.036000 0.032813
0 0.810469 0.562500 0.030667 0.034375
0 0.331803 0.674219 0.038667 0.035937
0 0.219803 0.346875 0.038667 0.034375
0 0.959803 0.307812 0.036000 0.040625
0 0.332469 0.638281 0.037333 0.035937
0 0.442469 0.710938 0.036000 0.037500
0 0.742469 0.599219 0.036000 0.039062
0 0.689136 0.421094 0.036000 0.035937
0 0.741803 0.310156 0.040000 0.035937
0 0.497803 0.458594 0.037333 0.035937
0 0.743136 0.492969 0.037333 0.035937
0 0.443136 0.674219 0.037333 0.035937
0 0.550469 0.385156 0.033333 0.039062
0 0.851136 0.454688 0.037333 0.034375
0 0.498469 0.309375 0.036000 0.034375
0 0.742469 0.385156 0.033333 0.035937
0 0.635803 0.599219 0.036000 0.035937
0 0.498469 0.496094 0.038667 0.039062
0 0.849803 0.383594 0.034667 0.035937
0 0.907136 0.527344 0.037333 0.039062
0 0.851136 0.563281 0.037333 0.035937
0 0.443136 0.532031 0.037333 0.035937
0 0.635803 0.384375 0.036000 0.037500
0 0.387803 0.457031 0.036000 0.035937
0 0.688469 0.636719 0.037333 0.035937
0 0.444469 0.384375 0.037333 0.037500
0 0.905136 0.382812 0.038667 0.037500
0 0.741136 0.346875 0.033333 0.037500
0 0.443136 0.494531 0.037333 0.035937
0 0.497803 0.673438 0.037333 0.040625
0 0.388469 0.310156 0.040000 0.042188
0 0.904469 0.307031 0.037333 0.039062
0 0.498469 0.347656 0.036000 0.039062
0 0.687803 0.384375 0.036000 0.037500
0 0.443803 0.346875 0.036000 0.034375
0 0.851136 0.490625 0.037333 0.034375
0 0.443136 0.603906 0.037333 0.035937
0 0.635136 0.308594 0.037333 0.039062
0 0.635803 0.527344 0.036000 0.039062
0 0.497803 0.421094 0.040000 0.039062
