0 0.948185 0.333607 0.036667 0.044262
0 0.329296 0.540984 0.034444 0.039344
0 0.792629 0.290984 0.032222 0.037705
0 0.845962 0.496721 0.034444 0.039344
0 0.329851 0.458197 0.035556 0.037705
0 0.329851 0.415574 0.035556 0.040984
0 0.640407 0.498361 0.036667 0.042623
0 0.328740 0.499180 0.031111 0.044262
0 0.639851 0.581967 0.035556 0.042623
0 0.843185 0.161475 0.033333 0.047541
0 0.895407 0.248361 0.035556 0.044262
0 0.277629 0.204918 0.031111 0.049180
0 0.740962 0.335246 0.033333 0.040984
0 0.538185 0.454098 0.041111 0.049180
0 0.329851 0.623770 0.028889 0.040984
0 0.844851 0.331148 0.036667 0.039344
0 0.896518 0.203279 0.031111 0.045902
0 0.693185 0.869672 0.031111 0.037705
0 0.793185 0.206557 0.035556 0.032787
0 0.538185 0.313115 0.041111 0.039344
0 0.538740 0.377869 0.044444 0.034426
0 0.537074 0.245902 0.041111 0.042623
0 0.755962 0.866393 0.021111 0.031148
0 0.538740 0.145902 0.042222 0.036066
0 0.538185 0.347541 0.043333 0.032787
0 0.537629 0.281148 0.042222 0.031148
0 0.549296 0.740984 0.023333 0.032787
0 0.537074 0.212459 0.043333 0.027541
0 0.538185 0.180836 0.041111 0.040820
0 0.795407 0.745082 0.035556 0.044262
0 0.895407 0.332787 0.037778 0.042623
0 0.690407 0.334426 0.036667 0.039344
0 0.690962 0.417213 0.033333 0.040984
0 0.895962 0.374590 0.034444 0.040984
0 0.844296 0.413115 0.031111 0.042623
0 0.742074 0.417213 0.033333 0.040984
0 0.277074 0.335246 0.036667 0.040984
0 0.329851 0.377049 0.035556 0.039344
0 0.844851 0.372131 0.032222 0.039344
0 0.277074 0.251639 0.036667 0.044262
0 0.639296 0.377869 0.034444 0.037705
0 0.693185 0.913115 0.035556 0.045902
0 0.690962 0.664754 0.035556 0.040984
0 0.639851 0.540984 0.033333 0.039344
0 0.743740 0.827049 0.036667 0.044262
0 0.692629 0.787705 0.036667 0.044262
0 0.639851 0.335246 0.035556 0.047541
0 0.278185 0.377049 0.038889 0.042623
0 0.329296 0.580328 0.034444 0.039344
0 0.895962 0.414754 0.034444 0.039344
0 0.746518 0.909836 0.035556 0.052459
0 0.948185 0.290164 0.036667 0.042623
0 0.792629 0.159016 0.036667 0.052459
0 0.692074 0.458197 0.031111 0.037705
0 0.844296 0.250000 0.033333 0.040984
0 0.795407 0.788525 0.035556 0.042623
0 0.793185 0.375410 0.033333 0.039344
0 0.897629 0.580328 0.035556 0.045902
0 0.843740 0.291803 0.034444 0.039344
0 0.948185 0.245082 0.034444 0.044262
0 0.741518 0.374590 0.034444 0.040984
0 0.742629 0.497541 0.034444 0.040984
0 0.742074 0.248361 0.033333 0.044262
0 0.638740 0.290164 0.028889 0.042623
0 0.692074 0.745902 0.033333 0.039344
0 0.896518 0.497541 0.035556 0.044262
0 0.896518 0.454918 0.033333 0.040984
0 0.640407 0.417213 0.034444 0.040984
0 0.897074 0.538525 0.034444 0.040984
0 0.894851 0.290984 0.034444 0.040984
0 0.743185 0.622131 0.035556 0.044262
0 0.743740 0.664754 0.036667 0.040984
0 0.691518 0.498361 0.034444 0.042623
0 0.486518 0.293443 0.035556 0.042623
0 0.487074 0.250820 0.034444 0.042623
0 0.329851 0.289344 0.035556 0.047541
0 0.588185 0.293443 0.036667 0.042623
0 0.743740 0.745902 0.034444 0.042623
0 0.689851 0.374590 0.033333 0.040984
0 0.743185 0.580328 0.035556 0.042623
0 0.689296 0.293443 0.034444 0.045902
0 0.277074 0.294262 0.036667 0.044262
0 0.793185 0.416393 0.035556 0.042623
0 0.588185 0.336885 0.036667 0.044262
0 0.486518 0.204918 0.035556 0.049180
0 0.794296 0.622951 0.037778 0.042623
0 0.845407 0.455738 0.033333 0.042623
0 0.486518 0.334426 0.035556 0.039344
0 0.792629 0.250000 0.036667 0.044262
0 0.692074 0.622131 0.035556 0.044262
0 0.434296 0.248361 0.037778 0.054098
0 0.690962 0.579508 0.033333 0.040984
0 0.740962 0.293443 0.033333 0.042623
0 0.329851 0.334426 0.037778 0.042623
0 0.741518 0.456557 0.032222 0.040984
0 0.587629 0.247541 0.035556 0.049180
0 0.744296 0.785246 0.035556 0.039344
0 0.792629 0.333607 0.036667 0.044262
0 0.793740 0.497541 0.034444 0.040984
0 0.487074 0.375410 0.034444 0.042623
0 0.640407 0.458197 0.034444 0.040984
0 0.794851 0.578689 0.034444 0.042623
0 0.690407 0.540984 0.032222 0.039344
0 0.793740 0.457377 0.034444 0.039344
0 0.693185 0.831967 0.035556 0.040984
0 0.743740 0.704918 0.034444 0.039344
0 0.328740 0.666393 0.035556 0.044262
0 0.843740 0.208197 0.034444 0.042623
0 0.741518 0.538525 0.034444 0.040984
0 0.795407 0.539344 0.033333 0.039344
0 0.692074 0.704918 0.035556 0.042623
0 0.795407 0.663934 0.037778 0.042623
0 0.794851 0.704098 0.034444 0.040984
