0 0.424183 0.893077 0.037333 0.035385
0 0.842183 0.671538 0.036000 0.038462
0 0.649516 0.856154 0.037333 0.035385
0 0.994091 0.887692 0.009150 0.033846
0 0.536850 0.856154 0.038667 0.038462
0 0.952850 0.886154 0.036000 0.033846
0 0.787516 0.889231 0.036000 0.030769
0 0.648850 0.747692 0.036000 0.033846
0 0.536183 0.710769 0.037333 0.033846
0 0.591516 0.308462 0.033333 0.038462
0 0.994092 0.670000 0.009150 0.032308
0 0.364183 0.495385 0.032000 0.030769
0 0.786183 0.780769 0.036000 0.038462
0 0.993425 0.814615 0.010483 0.032308
0 0.702850 0.710000 0.034667 0.029231
0 0.591516 0.639231 0.033333 0.032308
0 0.951516 0.816154 0.036000 0.029231
0 0.537516 0.784615 0.037333 0.033846
0 0.952183 0.706154 0.037333 0.030769
0 0.422850 0.639231 0.037333 0.035385
0 0.537516 0.818462 0.037333 0.033846
0 0.743516 0.222308 0.028000 0.029231
0 0.786183 0.383077 0.038667 0.040000
0 0.787516 0.817692 0.033333 0.032308
0 0.786850 0.673846 0.034667 0.033846
0 0.364183 0.458462 0.037333 0.040000
0 0.841516 0.888462 0.040000 0.038462
0 0.422850 0.605385 0.037333 0.032308
0 0.952850 0.850000 0.036000 0.035385
0 0.703516 0.783077 0.036000 0.033846
0 0.703516 0.744615 0.036000 0.036923
0 0.535516 0.383846 0.036000 0.032308
0 0.992758 0.270000 0.011817 0.041538
0 0.786850 0.566154 0.037333 0.043077
0 0.536183 0.676154 0.037333 0.035385
0 0.952183 0.781538 0.037333 0.036923
0 0.535516 0.458462 0.036000 0.033846
0 0.788183 0.603077 0.034667 0.030769
0 0.536183 0.567692 0.037333 0.040000
0 0.364850 0.568462 0.038667 0.035385
0 0.896850 0.781538 0.036000 0.036923
0 0.842183 0.782308 0.038667 0.035385
0 0.648850 0.567692 0.036000 0.033846
0 0.786183 0.744615 0.036000 0.033846
0 0.593516 0.820769 0.037333 0.038462
0 0.649516 0.781538 0.034667 0.033846
0 0.993425 0.850769 0.010483 0.036923
0 0.841516 0.819231 0.037333 0.035385
0 0.592850 0.713077 0.036000 0.032308
0 0.993425 0.707692 0.010483 0.040000
0 0.649516 0.893846 0.037333 0.036923
0 0.535516 0.496154 0.033333 0.032308
0 0.592850 0.384615 0.036000 0.033846
0 0.364183 0.347692 0.037333 0.033846
0 0.700850 0.347692 0.033333 0.030769
0 0.786850 0.638462 0.034667 0.036923
0 0.951516 0.638462 0.033333 0.033846
0 0.647516 0.385385 0.036000 0.035385
0 0.952183 0.743077 0.037333 0.036923
0 0.422183 0.496154 0.036000 0.032308
0 0.535516 0.530769 0.036000 0.033846
0 0.896850 0.818462 0.036000 0.036923
0 0.536183 0.639231 0.037333 0.038462
0 0.422183 0.310769 0.036000 0.036923
0 0.951516 0.343846 0.033333 0.035385
0 0.993425 0.382308 0.010483 0.035385
0 0.592183 0.676154 0.034667 0.038462
0 0.702183 0.637692 0.036000 0.035385
0 0.841516 0.744615 0.037333 0.040000
0 0.421516 0.570000 0.040000 0.041538
0 0.592850 0.783846 0.038667 0.035385
0 0.786850 0.494615 0.032000 0.032308
0 0.422850 0.347692 0.037333 0.033846
0 0.992758 0.348462 0.011817 0.032308
0 0.648850 0.675385 0.036000 0.036923
0 0.701516 0.563846 0.034667 0.032308
0 0.841516 0.636923 0.034667 0.030769
0 0.536183 0.603846 0.037333 0.032308
0 0.366183 0.606154 0.038667 0.040000
0 0.992758 0.311538 0.011817 0.038462
0 0.702183 0.674615 0.036000 0.038462
0 0.951516 0.383077 0.036000 0.040000
0 0.591516 0.460000 0.036000 0.033846
0 0.841516 0.707692 0.037333 0.033846
0 0.422183 0.531538 0.038667 0.035385
0 0.700850 0.420769 0.036000 0.035385
0 0.703516 0.820000 0.036000 0.036923
0 0.364850 0.417692 0.038667 0.038462
0 0.786850 0.528462 0.034667 0.032308
0 0.993425 0.636923 0.010483 0.033846
0 0.993425 0.776923 0.010483 0.040000
0 0.364183 0.530000 0.040000 0.035385
0 0.592850 0.347692 0.033333 0.036923
0 0.897516 0.745385 0.037333 0.035385
0 0.994091 0.454615 0.009150 0.032308
0 0.479516 0.272308 0.038667 0.040000
0 0.650850 0.820000 0.037333 0.036923
0 0.896850 0.710000 0.036000 0.032308
0 0.702183 0.494615 0.036000 0.032308
0 0.648183 0.458462 0.037333 0.033846
0 0.700850 0.310000 0.033333 0.038462
0 0.648850 0.601538 0.036000 0.033846
0 0.592183 0.603846 0.034667 0.038462
0 0.951516 0.456923 0.036000 0.033846
0 0.648183 0.348462 0.034667 0.038462
0 0.647516 0.494615 0.033333 0.035385
0 0.787516 0.710000 0.036000 0.035385
0 0.896183 0.456154 0.037333 0.035385
0 0.649516 0.712308 0.037333 0.036923
0 0.896850 0.673077 0.038667 0.038462
0 0.701516 0.527692 0.037333 0.033846
0 0.994091 0.601538 0.009150 0.036923
0 0.478850 0.461538 0.037333 0.036923
0 0.744183 0.302231 0.026667 0.017077
0 0.743316 0.261923 0.032933 0.032769
0 0.745816 0.286231 0.026067 0.017877
0 0.840850 0.456154 0.038667 0.038462
0 0.648183 0.309231 0.037333 0.040000
0 0.648183 0.531538 0.034667 0.035385
0 0.535516 0.420769 0.036000 0.038462
0 0.896183 0.528462 0.037333 0.035385
0 0.993425 0.528462 0.010483 0.038462
0 0.840183 0.530000 0.037333 0.035385
0 0.993425 0.419231 0.010483 0.035385
0 0.477516 0.312308 0.037333 0.036923
0 0.786850 0.309231 0.037333 0.040000
0 0.896183 0.383846 0.037333 0.035385
0 0.951516 0.492308 0.036000 0.036923
0 0.896183 0.346154 0.037333 0.036923
0 0.534183 0.307692 0.038667 0.043077
0 0.701516 0.458462 0.040000 0.036923
0 0.895516 0.419231 0.038667 0.035385
0 0.952183 0.565385 0.037333 0.035385
0 0.840850 0.346923 0.033333 0.032308
0 0.786850 0.421538 0.034667 0.033846
0 0.700850 0.383846 0.036000 0.038462
0 0.648183 0.639231 0.037333 0.035385
0 0.840183 0.420769 0.034667 0.035385
0 0.840850 0.493846 0.036000 0.036923
0 0.592183 0.422308 0.034667 0.038462
0 0.478850 0.386923 0.040000 0.038462
0 0.896183 0.491538 0.037333 0.035385
0 0.951516 0.530000 0.036000 0.035385
0 0.896850 0.600769 0.036000 0.035385
0 0.896183 0.565385 0.034667 0.035385
0 0.743516 0.413154 0.028000 0.044462
0 0.742850 0.369154 0.032000 0.043231
0 0.896850 0.637692 0.036000 0.035385
0 0.993425 0.566154 0.010483 0.033846
0 0.993425 0.489231 0.010483 0.036923
0 0.841516 0.309231 0.037333 0.036923
0 0.702183 0.599231 0.036000 0.038462
0 0.362850 0.310000 0.040000 0.038462
0 0.648183 0.423077 0.037333 0.036923
0 0.422850 0.420769 0.037333 0.041538
0 0.534850 0.348462 0.037333 0.035385
0 0.839516 0.382308 0.036000 0.035385
0 0.896183 0.307692 0.034667 0.040000
0 0.952183 0.600769 0.037333 0.035385
0 0.422850 0.273077 0.037333 0.041538
0 0.591516 0.530000 0.036000 0.035385
0 0.841516 0.603077 0.037333 0.033846
0 0.591516 0.495385 0.036000 0.033846
0 0.478183 0.348462 0.036000 0.035385
0 0.478850 0.424615 0.037333 0.036923
0 0.952850 0.422308 0.036000 0.035385
0 0.840850 0.565385 0.038667 0.038462
0 0.786183 0.456923 0.036000 0.040000
0 0.896183 0.854615 0.037333 0.035385
0 0.592850 0.892308 0.038667 0.036923
0 0.951516 0.672308 0.036000 0.033846
0 0.702850 0.854615 0.032000 0.029231
0 0.366850 0.820769 0.037333 0.038462
0 0.423516 0.711538 0.036000 0.038462
0 0.592183 0.566154 0.034667 0.033846
0 0.366850 0.859231 0.040000 0.038462
0 0.366183 0.677692 0.036000 0.035385
0 0.366183 0.713077 0.038667 0.035385
0 0.840850 0.853077 0.036000 0.032308
0 0.744850 0.193846 0.028000 0.024615
0 0.896850 0.889231 0.036000 0.030769
0 0.592850 0.747692 0.036000 0.033846
0 0.366183 0.896154 0.038667 0.035385
0 0.366850 0.782308 0.040000 0.035385
0 0.593516 0.857692 0.037333 0.035385
0 0.422850 0.785385 0.037333 0.038462
0 0.366850 0.643077 0.037333 0.033846
0 0.364850 0.382308 0.036000 0.032308
0 0.536850 0.747692 0.038667 0.036923
0 0.424850 0.853077 0.038667 0.038462
0 0.422850 0.673846 0.037333 0.033846
0 0.786850 0.345385 0.037333 0.020000
0 0.423516 0.461538 0.036000 0.036923
0 0.787516 0.853846 0.036000 0.040000
0 0.703516 0.888462 0.033333 0.038462
0 0.423516 0.746923 0.036000 0.032308
0 0.993425 0.743077 0.010483 0.021538
0 0.367516 0.747692 0.036000 0.030769
0 0.422183 0.382308 0.033333 0.032308
0 0.950850 0.309231 0.037333 0.024615
0 0.423516 0.820000 0.038667 0.021538
