0 0.166479 0.784375 0.033333 0.034375
0 0.113146 0.420312 0.036000 0.037500
0 0.685813 0.672656 0.034667 0.032813
0 0.685146 0.707812 0.036000 0.037500
0 0.055813 0.817187 0.036000 0.034375
0 0.685813 0.745313 0.037333 0.034375
0 0.467146 0.883594 0.034667 0.029687
0 0.375146 0.404687 0.029333 0.028125
0 0.739146 0.671875 0.034667 0.034375
0 0.111146 0.818750 0.034667 0.031250
0 0.467146 0.817969 0.034667 0.032813
0 0.375813 0.228906 0.033333 0.029687
0 0.683813 0.889844 0.038667 0.035937
0 0.469813 0.242969 0.037333 0.035937
0 0.375146 0.297656 0.032000 0.029687
0 0.685146 0.817187 0.036000 0.037500
0 0.468479 0.566406 0.034667 0.029687
0 0.405146 0.387500 0.022667 0.031250
0 0.470479 0.206250 0.036000 0.034375
0 0.575813 0.852344 0.036000 0.032813
0 0.010240 0.421094 0.020479 0.039062
0 0.575813 0.817187 0.036000 0.034375
0 0.331146 0.673438 0.034667 0.031250
0 0.467146 0.851562 0.034667 0.034375
0 0.008907 0.528906 0.017813 0.035937
0 0.418479 0.310937 0.036000 0.040625
0 0.375813 0.199219 0.033333 0.029687
0 0.009573 0.457031 0.019147 0.029687
0 0.008906 0.853125 0.017813 0.034375
0 0.413146 0.853906 0.033333 0.029687
0 0.576479 0.780469 0.037333 0.035937
0 0.055146 0.852344 0.034667 0.032813
0 0.429146 0.350781 0.028000 0.029687
0 0.741146 0.498437 0.033333 0.034375
0 0.009573 0.635938 0.019146 0.034375
0 0.221813 0.852344 0.034667 0.029687
0 0.055146 0.886719 0.034667 0.032813
0 0.331146 0.853125 0.034667 0.037500
0 0.329813 0.746875 0.037333 0.037500
0 0.685813 0.639062 0.034667 0.034375
0 0.165813 0.889844 0.037333 0.032813
0 0.167146 0.819531 0.034667 0.032813
0 0.469813 0.280469 0.032000 0.035937
0 0.056479 0.707812 0.034667 0.031250
0 0.632479 0.565625 0.034667 0.034375
0 0.109146 0.887500 0.036000 0.034375
0 0.331813 0.529687 0.033333 0.031250
0 0.221813 0.820312 0.037333 0.034375
0 0.430479 0.458594 0.028000 0.029687
0 0.743146 0.315625 0.034667 0.034375
0 0.329813 0.601562 0.032000 0.034375
0 0.739146 0.571875 0.034667 0.034375
0 0.223813 0.456250 0.033333 0.031250
0 0.575813 0.708594 0.036000 0.035937
0 0.330479 0.638281 0.036000 0.035937
0 0.008906 0.670312 0.017813 0.031250
0 0.575146 0.888281 0.037333 0.035937
0 0.331146 0.708594 0.037333 0.035937
0 0.427813 0.566406 0.030667 0.035937
0 0.404479 0.421094 0.024000 0.029687
0 0.413146 0.819531 0.036000 0.039062
0 0.401813 0.528125 0.026667 0.034375
0 0.577146 0.675781 0.036000 0.032813
0 0.058479 0.528906 0.036000 0.035937
0 0.466479 0.710938 0.033333 0.034375
0 0.405146 0.351562 0.025333 0.034375
0 0.413146 0.708594 0.033333 0.035937
0 0.167146 0.746875 0.037333 0.037500
0 0.741813 0.389062 0.037333 0.037500
0 0.466479 0.748437 0.036000 0.037500
0 0.687146 0.314063 0.034667 0.037500
0 0.055146 0.781250 0.037333 0.037500
0 0.223813 0.490625 0.036000 0.037500
0 0.111813 0.743750 0.036000 0.037500
0 0.165813 0.710938 0.037333 0.034375
0 0.008907 0.781250 0.017813 0.037500
0 0.111813 0.639062 0.036000 0.034375
0 0.577813 0.528906 0.034667 0.035937
0 0.430479 0.386719 0.028000 0.035937
0 0.413813 0.635156 0.034667 0.035937
0 0.055813 0.674219 0.036000 0.035937
0 0.523146 0.566406 0.037333 0.032813
0 0.110479 0.564063 0.036000 0.037500
0 0.167813 0.564844 0.038667 0.032813
0 0.686479 0.532031 0.036000 0.039062
0 0.169146 0.383594 0.036000 0.032813
0 0.058479 0.345313 0.038667 0.034375
0 0.633146 0.459375 0.033333 0.034375
0 0.468479 0.600000 0.034667 0.037500
0 0.331813 0.417969 0.033333 0.032813
0 0.009573 0.707812 0.019146 0.037500
0 0.111813 0.707812 0.036000 0.034375
0 0.057813 0.380469 0.037333 0.035937
0 0.429146 0.423438 0.028000 0.031250
0 0.469146 0.493750 0.030667 0.034375
0 0.523146 0.493750 0.034667 0.034375
0 0.523813 0.457031 0.036000 0.035937
0 0.687146 0.387500 0.034667 0.034375
0 0.413813 0.746094 0.034667 0.035937
0 0.167813 0.639062 0.036000 0.034375
0 0.167813 0.528906 0.038667 0.035937
0 0.523813 0.347656 0.036000 0.035937
0 0.167813 0.601562 0.036000 0.037500
0 0.167813 0.420312 0.036000 0.034375
0 0.167146 0.674219 0.040000 0.035937
0 0.059813 0.306250 0.036000 0.040625
0 0.331813 0.455469 0.033333 0.039062
0 0.111813 0.456250 0.036000 0.034375
0 0.111146 0.601562 0.034667 0.037500
0 0.059146 0.455469 0.037333 0.039062
0 0.112479 0.383594 0.034667 0.035937
0 0.329146 0.783594 0.036000 0.035937
0 0.010240 0.382031 0.020480 0.035937
0 0.332479 0.383594 0.032000 0.032813
0 0.577813 0.457813 0.034667 0.034375
0 0.468479 0.422656 0.037333 0.035937
0 0.429813 0.493750 0.029333 0.034375
0 0.112479 0.492188 0.034667 0.034375
0 0.466479 0.674219 0.036000 0.035937
0 0.414479 0.782031 0.036000 0.035937
0 0.469813 0.457813 0.034667 0.034375
0 0.010240 0.307031 0.020479 0.039062
0 0.167146 0.456250 0.037333 0.037500
0 0.056479 0.600000 0.037333 0.037500
0 0.333146 0.310156 0.036000 0.039062
0 0.577146 0.639844 0.036000 0.039062
0 0.224479 0.385156 0.037333 0.032813
0 0.226479 0.347656 0.036000 0.039062
0 0.111813 0.783594 0.036000 0.039062
0 0.469146 0.350000 0.033333 0.037500
0 0.579813 0.276562 0.033333 0.021875
0 0.229146 0.271875 0.036000 0.025000
0 0.743146 0.278906 0.037333 0.026562
0 0.738479 0.850000 0.036000 0.031250
0 0.378479 0.784375 0.022667 0.028125
0 0.375146 0.370312 0.032000 0.037500
0 0.057146 0.560937 0.036000 0.025000
0 0.010907 0.269531 0.021813 0.023438
0 0.740479 0.710156 0.037333 0.039062
0 0.739813 0.815625 0.038667 0.037500
0 0.738479 0.746094 0.033333 0.032813
0 0.740479 0.604688 0.034667 0.034375
0 0.739146 0.885156 0.037333 0.035937
0 0.374479 0.440625 0.030667 0.037500
0 0.739146 0.779687 0.037333 0.031250
0 0.685813 0.778125 0.037333 0.031250
0 0.330479 0.817969 0.033333 0.032813
0 0.684479 0.853906 0.034667 0.035937
0 0.739813 0.639062 0.033333 0.034375
0 0.008906 0.817187 0.017813 0.034375
0 0.008906 0.745313 0.017813 0.034375
0 0.523146 0.709375 0.037333 0.034375
0 0.578479 0.492969 0.030667 0.032813
0 0.403813 0.457031 0.025333 0.032813
0 0.525146 0.312500 0.036000 0.034375
0 0.578479 0.310937 0.036000 0.037500
0 0.741146 0.534375 0.036000 0.037500
0 0.521146 0.746875 0.036000 0.034375
0 0.221813 0.886719 0.037333 0.035937
0 0.223146 0.565625 0.034667 0.034375
0 0.111813 0.528125 0.033333 0.034375
0 0.008906 0.889062 0.017813 0.037500
0 0.465813 0.784375 0.034667 0.031250
0 0.577813 0.421875 0.029333 0.034375
0 0.055146 0.743750 0.037333 0.037500
0 0.223146 0.601562 0.034667 0.034375
0 0.009573 0.489844 0.019146 0.035937
0 0.009573 0.600781 0.019146 0.032813
0 0.685813 0.423438 0.034667 0.034375
0 0.685813 0.603906 0.034667 0.035937
0 0.470479 0.314063 0.033333 0.031250
0 0.221813 0.785156 0.037333 0.035937
0 0.111813 0.851562 0.036000 0.034375
0 0.741146 0.425000 0.036000 0.034375
0 0.403813 0.492188 0.028000 0.031250
0 0.280479 0.310937 0.037333 0.034375
0 0.575813 0.746094 0.036000 0.035937
0 0.523813 0.421875 0.036000 0.034375
0 0.521146 0.783594 0.038667 0.039062
0 0.522479 0.639062 0.033333 0.031250
0 0.415813 0.600000 0.033333 0.034375
0 0.577813 0.567187 0.034667 0.037500
0 0.631813 0.530469 0.036000 0.032813
0 0.467813 0.637500 0.033333 0.031250
0 0.577813 0.602344 0.034667 0.032813
0 0.221813 0.710156 0.037333 0.035937
0 0.057813 0.417969 0.037333 0.035937
0 0.227146 0.310156 0.034667 0.032813
0 0.056479 0.636719 0.037333 0.039062
0 0.522479 0.673438 0.033333 0.031250
0 0.375813 0.264844 0.036000 0.035937
0 0.010240 0.566406 0.020480 0.035937
0 0.221813 0.673438 0.037333 0.034375
0 0.281146 0.423438 0.033333 0.040625
0 0.686479 0.458594 0.033333 0.035937
0 0.111813 0.673438 0.033333 0.031250
0 0.741146 0.460938 0.036000 0.037500
0 0.633146 0.312500 0.036000 0.034375
0 0.330479 0.565625 0.036000 0.037500
0 0.009573 0.345313 0.019147 0.034375
0 0.686479 0.494531 0.036000 0.035937
0 0.577146 0.387500 0.030667 0.034375
0 0.741813 0.352344 0.037333 0.035937
0 0.331813 0.493750 0.036000 0.037500
0 0.223146 0.637500 0.037333 0.034375
0 0.057813 0.493750 0.034667 0.034375
0 0.521813 0.530469 0.037333 0.039062
0 0.413813 0.671094 0.034667 0.035937
0 0.413813 0.888281 0.034667 0.039062
0 0.166479 0.854688 0.036000 0.034375
0 0.167813 0.493750 0.033333 0.034375
0 0.221813 0.747656 0.037333 0.035937
0 0.329813 0.889844 0.034667 0.035937
0 0.685813 0.568750 0.037333 0.034375
0 0.222479 0.528906 0.038667 0.039062
0 0.521813 0.603125 0.037333 0.037500
0 0.468479 0.386719 0.034667 0.035937
0 0.332479 0.348438 0.032000 0.034375
0 0.467813 0.532031 0.036000 0.042188
0 0.523813 0.386719 0.036000 0.035937
0 0.632479 0.388281 0.034667 0.035937
0 0.428479 0.530469 0.029333 0.032813
0 0.632479 0.494531 0.034667 0.035937
0 0.223146 0.421094 0.037333 0.035937
0 0.631813 0.350781 0.036000 0.035937
0 0.113813 0.345313 0.037333 0.040625
0 0.632479 0.424219 0.034667 0.035937
0 0.687146 0.351562 0.037333 0.037500
0 0.114479 0.307031 0.036000 0.039062
0 0.280479 0.385937 0.034667 0.034375
0 0.169813 0.309375 0.037333 0.037500
0 0.280479 0.350000 0.037333 0.037500
0 0.577813 0.350781 0.034667 0.035937
0 0.169146 0.349219 0.038667 0.035937
