0 0.412885 0.753268 0.022222 0.022876
0 0.412885 0.732843 0.022222 0.027778
0 0.805663 0.701797 0.023333 0.031046
0 0.400663 0.495915 0.040000 0.031046
0 0.826218 0.332516 0.024444 0.034314
0 0.089551 0.748366 0.035556 0.039216
0 0.805663 0.618464 0.023333 0.037582
0 0.089551 0.832516 0.033333 0.037582
0 0.001442 0.878268 0.002884 0.040850
0 0.829551 0.743464 0.022222 0.032680
0 0.402329 0.379085 0.038889 0.029412
0 0.816774 0.783497 0.036667 0.037582
0 0.553440 0.331699 0.034444 0.039216
0 0.827329 0.412582 0.024444 0.034314
0 0.000887 0.837418 0.001773 0.044118
0 0.805107 0.535948 0.022222 0.029412
0 0.805107 0.660131 0.022222 0.032680
0 0.555107 0.499183 0.033333 0.040850
0 0.803440 0.743464 0.023333 0.035948
0 0.087885 0.335784 0.034444 0.040850
0 0.089551 0.669118 0.037778 0.047386
0 0.001442 0.921569 0.002884 0.045752
0 0.829551 0.660131 0.022222 0.029412
0 0.826218 0.294118 0.022222 0.035948
0 0.088996 0.791667 0.036667 0.050654
0 0.830107 0.618464 0.021111 0.034314
0 0.088440 0.711601 0.035556 0.037582
0 0.803440 0.576797 0.021111 0.032680
0 0.828440 0.455882 0.024444 0.035948
0 0.828996 0.535131 0.021111 0.031046
0 0.801218 0.292484 0.021111 0.035948
0 0.000331 0.713235 0.000663 0.040850
0 0.830107 0.700980 0.023333 0.035948
0 0.802885 0.453431 0.022222 0.034314
0 0.712329 0.870098 0.034444 0.044118
0 0.000331 0.752451 0.000662 0.040850
0 0.607885 0.785131 0.032222 0.037582
0 0.801774 0.412582 0.022222 0.034314
0 0.828996 0.577614 0.023333 0.037582
0 0.348440 0.665850 0.033333 0.040850
0 0.827329 0.372549 0.022222 0.035948
0 0.828996 0.495098 0.023333 0.032680
0 0.400107 0.214052 0.041111 0.032680
0 0.000887 0.794935 0.001773 0.044118
0 0.453440 0.500817 0.036667 0.044118
0 0.711774 0.785948 0.033333 0.039216
0 0.000331 0.587418 0.000662 0.040850
0 0.657885 0.290850 0.032222 0.039216
0 0.138996 0.459967 0.032222 0.040850
0 0.138440 0.251634 0.037778 0.039216
0 0.608440 0.749183 0.035556 0.040850
0 0.243440 0.250000 0.032222 0.042484
0 0.452329 0.622549 0.034444 0.039216
0 0.035107 0.207516 0.033333 0.045752
0 0.140107 0.501634 0.034444 0.042484
0 0.191774 0.206699 0.035556 0.044118
0 0.452329 0.665033 0.036667 0.045752
0 0.243996 0.205065 0.031111 0.044118
0 0.711218 0.661765 0.032222 0.039216
0 0.659551 0.455882 0.035556 0.035948
0 0.503996 0.831699 0.037778 0.042484
0 0.657885 0.372549 0.030000 0.039216
0 0.192885 0.461601 0.035556 0.040850
0 0.035107 0.254085 0.035556 0.044118
0 0.297885 0.746732 0.034444 0.042484
0 0.503996 0.788399 0.035556 0.044118
0 0.659551 0.622549 0.035556 0.042484
0 0.555107 0.748366 0.037778 0.042484
0 0.139551 0.207516 0.033333 0.049020
0 0.192329 0.375817 0.034444 0.042484
0 0.661774 0.701797 0.037778 0.044118
0 0.555663 0.663399 0.032222 0.039216
0 0.761774 0.416667 0.033333 0.042484
0 0.193440 0.583333 0.034444 0.042484
0 0.504551 0.622549 0.034444 0.042484
0 0.710107 0.291667 0.034444 0.044118
0 0.298440 0.789216 0.035556 0.042484
0 0.503996 0.455065 0.033333 0.037582
0 0.711218 0.539216 0.032222 0.042484
0 0.246218 0.501634 0.033333 0.042484
0 0.554551 0.374183 0.034444 0.042484
0 0.296774 0.582516 0.034444 0.040850
0 0.349551 0.250000 0.033333 0.045752
0 0.607329 0.620915 0.035556 0.042484
0 0.140663 0.625817 0.037778 0.042484
0 0.605663 0.291667 0.032222 0.040850
0 0.451774 0.375817 0.031111 0.039216
0 0.711218 0.415033 0.034444 0.042484
0 0.502885 0.249183 0.033333 0.047386
0 0.452329 0.248366 0.034444 0.042484
0 0.190663 0.419118 0.035556 0.044118
0 0.658996 0.540033 0.036667 0.040850
0 0.761774 0.374183 0.033333 0.042484
0 0.710107 0.497549 0.034444 0.040850
0 0.296218 0.540850 0.035556 0.042484
0 0.138996 0.292484 0.034444 0.042484
0 0.658996 0.580882 0.036667 0.044118
0 0.295663 0.374183 0.034444 0.039216
0 0.606218 0.250000 0.031111 0.042484
0 0.660663 0.745915 0.037778 0.044118
0 0.711774 0.622549 0.033333 0.039216
0 0.553440 0.249183 0.034444 0.044118
0 0.139551 0.334967 0.033333 0.042484
0 0.502885 0.294118 0.033333 0.039216
0 0.658996 0.496732 0.034444 0.045752
0 0.348996 0.457516 0.036667 0.042484
0 0.555107 0.456699 0.033333 0.040850
0 0.556774 0.826797 0.036667 0.045752
0 0.451774 0.203431 0.035556 0.047386
0 0.296218 0.250000 0.035556 0.045752
0 0.554551 0.540033 0.034444 0.040850
0 0.296218 0.293301 0.035556 0.040850
0 0.400107 0.282516 0.043333 0.033007
0 0.761696 0.496422 0.036667 0.048725
0 0.296774 0.204248 0.032222 0.045752
0 0.000331 0.464052 0.000662 0.042484
0 0.243996 0.332516 0.033333 0.037582
0 0.348440 0.205065 0.031111 0.044118
0 0.000331 0.421569 0.000663 0.042484
0 0.504551 0.705882 0.034444 0.042484
0 0.192885 0.540033 0.033333 0.040850
0 0.350107 0.790033 0.034444 0.040850
0 0.086774 0.205882 0.036667 0.045752
0 0.194551 0.708333 0.036667 0.040850
0 0.297885 0.624183 0.034444 0.042484
0 0.140107 0.543301 0.036667 0.040850
0 0.349551 0.707516 0.033333 0.042484
0 0.138996 0.376634 0.032222 0.040850
0 0.035663 0.376634 0.036667 0.040850
0 0.660107 0.663399 0.036667 0.039216
0 0.453440 0.746732 0.034444 0.042484
0 0.191774 0.249183 0.033333 0.040850
0 0.193440 0.625000 0.034444 0.040850
0 0.553440 0.202614 0.036667 0.049020
0 0.191774 0.291667 0.031111 0.040850
0 0.348996 0.624183 0.034444 0.045752
0 0.555107 0.581699 0.033333 0.039216
0 0.503440 0.495915 0.032222 0.044118
0 0.504551 0.745915 0.036667 0.040850
0 0.608996 0.828431 0.036667 0.045752
0 0.400663 0.453431 0.040000 0.047386
0 0.451774 0.543301 0.035556 0.040850
0 0.606774 0.706699 0.036667 0.044118
0 0.605107 0.415850 0.035556 0.040850
0 0.555663 0.705065 0.036667 0.044118
0 0.605107 0.201797 0.035556 0.050654
0 0.658996 0.413399 0.034444 0.045752
0 0.503996 0.579248 0.035556 0.040850
0 0.711774 0.580882 0.035556 0.044118
0 0.502329 0.201797 0.034444 0.050654
0 0.553996 0.291667 0.035556 0.040850
0 0.605663 0.331699 0.034444 0.042484
0 0.138996 0.419118 0.034444 0.044118
0 0.605663 0.374183 0.034444 0.042484
0 0.503440 0.375000 0.034444 0.040850
0 0.606774 0.455882 0.034444 0.039216
0 0.503996 0.415850 0.035556 0.040850
0 0.451774 0.458333 0.033333 0.040850
0 0.347885 0.293301 0.034444 0.040850
0 0.296774 0.334150 0.034444 0.040850
0 0.711218 0.372549 0.034444 0.042484
0 0.243996 0.459967 0.033333 0.040850
0 0.348440 0.376634 0.035556 0.040850
0 0.607885 0.580065 0.034444 0.042484
0 0.504551 0.538399 0.036667 0.040850
0 0.243996 0.372549 0.033333 0.042484
0 0.711218 0.456699 0.034444 0.040850
0 0.502885 0.334150 0.035556 0.040850
0 0.451218 0.291667 0.034444 0.044118
0 0.606774 0.663399 0.036667 0.042484
0 0.295663 0.415033 0.034444 0.042484
0 0.606774 0.497549 0.034444 0.044118
0 0.503996 0.665033 0.035556 0.042484
0 0.243996 0.417484 0.035556 0.044118
0 0.245107 0.292484 0.037778 0.042484
0 0.296774 0.458333 0.034444 0.044118
0 0.762329 0.333333 0.030000 0.039216
0 0.000331 0.504085 0.000663 0.037582
0 0.140663 0.832516 0.035556 0.040850
0 0.817329 0.870098 0.037778 0.044118
0 0.193996 0.871732 0.035556 0.037582
0 0.141774 0.917484 0.035556 0.040850
0 0.000331 0.627451 0.000662 0.042484
0 0.400107 0.149510 0.043333 0.034314
0 0.452885 0.871732 0.031111 0.044118
0 0.816774 0.825163 0.036667 0.042484
0 0.090107 0.875000 0.036667 0.047386
0 0.400107 0.181373 0.041111 0.035948
0 0.000887 0.670752 0.001773 0.044118
0 0.298440 0.915850 0.035556 0.047386
0 0.141218 0.874183 0.036667 0.045752
0 0.140107 0.792484 0.036667 0.042484
0 0.087329 0.460784 0.035556 0.042484
0 0.712329 0.914216 0.038889 0.044118
0 0.350107 0.872549 0.034444 0.045752
0 0.348440 0.333333 0.035556 0.039216
0 0.297329 0.872549 0.033333 0.042484
0 0.803440 0.493464 0.023333 0.039216
0 0.801774 0.331699 0.022222 0.035948
0 0.818996 0.911765 0.036667 0.042484
0 0.140107 0.750000 0.036667 0.042484
0 0.557329 0.915033 0.035556 0.045752
0 0.348996 0.915850 0.034444 0.040850
0 0.000331 0.338235 0.000662 0.039216
0 0.710107 0.155229 0.034444 0.052288
0 0.193440 0.833333 0.036667 0.039216
0 0.452329 0.830065 0.030000 0.039216
0 0.711774 0.747549 0.035556 0.040850
0 0.660663 0.786765 0.035556 0.037582
0 0.350107 0.830065 0.032222 0.039216
0 0.001442 0.544935 0.002885 0.044118
0 0.140663 0.707516 0.035556 0.042484
0 0.348996 0.747549 0.034444 0.040850
0 0.760663 0.290033 0.028889 0.047386
0 0.556218 0.871732 0.035556 0.044118
0 0.710107 0.332516 0.032222 0.037582
0 0.193996 0.749183 0.035556 0.040850
0 0.194551 0.916667 0.034444 0.049020
0 0.245663 0.581699 0.032222 0.039216
0 0.088996 0.584150 0.034444 0.040850
0 0.661218 0.915033 0.036667 0.042484
0 0.761218 0.455065 0.032222 0.034314
0 0.452329 0.334967 0.034444 0.045752
0 0.192329 0.333333 0.034444 0.042484
0 0.000887 0.251634 0.001774 0.039216
0 0.090107 0.920752 0.038889 0.044118
0 0.000331 0.209150 0.000662 0.045752
0 0.246218 0.541667 0.028889 0.037582
0 0.141218 0.667484 0.034444 0.040850
0 0.297329 0.705882 0.031111 0.039216
0 0.348996 0.580882 0.034444 0.037582
0 0.608440 0.872549 0.037778 0.045752
0 0.556218 0.786765 0.035556 0.037582
0 0.504551 0.915850 0.036667 0.040850
0 0.710663 0.205065 0.033333 0.044118
0 0.087885 0.417484 0.034444 0.044118
0 0.607885 0.915033 0.036667 0.039216
0 0.660107 0.870915 0.036667 0.042484
0 0.399551 0.248366 0.042222 0.039216
0 0.088440 0.625817 0.035556 0.042484
0 0.660663 0.828431 0.035556 0.042484
0 0.801218 0.370915 0.021111 0.035948
0 0.086774 0.504902 0.034444 0.042484
0 0.087885 0.544118 0.034444 0.039216
0 0.711218 0.826797 0.034444 0.042484
0 0.452885 0.790033 0.033333 0.040850
0 0.087329 0.250000 0.035556 0.042484
0 0.245663 0.623366 0.032222 0.044118
0 0.000331 0.161765 0.000662 0.045752
0 0.454551 0.915850 0.036667 0.040850
0 0.035663 0.335784 0.036667 0.040850
0 0.452329 0.416667 0.032222 0.039216
0 0.505107 0.872549 0.035556 0.042484
0 0.657885 0.331699 0.032222 0.042484
0 0.193440 0.666667 0.036667 0.042484
0 0.000331 0.377451 0.000662 0.042484
0 0.452885 0.705882 0.035556 0.039216
0 0.087885 0.375000 0.036667 0.040850
0 0.451774 0.583333 0.035556 0.039216
0 0.295663 0.500817 0.034444 0.040850
0 0.554551 0.622549 0.034444 0.039216
0 0.348996 0.543301 0.034444 0.037582
0 0.658440 0.201797 0.037778 0.050654
0 0.297885 0.831699 0.032222 0.039216
0 0.035107 0.295752 0.033333 0.039216
0 0.297329 0.665850 0.033333 0.040850
0 0.657885 0.249183 0.036667 0.044118
0 0.192329 0.160948 0.034444 0.047386
0 0.193440 0.791667 0.036667 0.044118
0 0.606774 0.538399 0.030000 0.040850
0 0.555663 0.415033 0.034444 0.039216
0 0.348996 0.503268 0.038889 0.045752
0 0.711218 0.704248 0.034444 0.045752
0 0.192885 0.500817 0.035556 0.040850
0 0.000887 0.295752 0.001774 0.045752
0 0.035663 0.421569 0.036667 0.049020
0 0.087885 0.294118 0.036667 0.045752
0 0.710107 0.248366 0.034444 0.042484
0 0.140663 0.584150 0.035556 0.040850
0 0.348440 0.415850 0.033333 0.037582
0 0.401774 0.347958 0.042222 0.032516
0 0.401774 0.315359 0.042222 0.035948
