0 0.993753 0.363711 0.010272 0.044335
0 0.993753 0.701970 0.010272 0.044335
0 0.374727 0.822660 0.021111 0.032841
0 0.399727 0.781609 0.022222 0.032841
0 0.375283 0.740558 0.022222 0.032841
0 0.400283 0.825944 0.023333 0.039409
0 0.990975 0.909688 0.015828 0.032841
0 0.750838 0.334975 0.044444 0.032841
0 0.904172 0.701970 0.037778 0.044335
0 0.374727 0.780788 0.023333 0.037767
0 0.750838 0.366174 0.046667 0.036125
0 0.942505 0.781609 0.021111 0.032841
0 0.424727 0.445813 0.023333 0.031199
0 0.991531 0.782430 0.014716 0.031199
0 0.990975 0.864532 0.015827 0.037767
0 0.749727 0.527915 0.028889 0.037767
0 0.452505 0.572250 0.021111 0.031199
0 0.698616 0.363711 0.035556 0.041051
0 0.334727 0.366174 0.034444 0.045977
0 0.966950 0.784072 0.023333 0.034483
0 0.542505 0.703612 0.034444 0.050903
0 0.990975 0.823481 0.015827 0.034483
0 0.992086 0.742200 0.013605 0.032841
0 0.426950 0.573071 0.021111 0.029557
0 0.750283 0.128900 0.045556 0.037767
0 0.915283 0.447455 0.022222 0.034483
0 0.967505 0.401478 0.022222 0.034483
0 0.425838 0.488506 0.021111 0.037767
0 0.750283 0.164204 0.045556 0.036125
0 0.452505 0.445813 0.021111 0.031199
0 0.943061 0.486043 0.020000 0.032841
0 0.439172 0.363711 0.036667 0.044335
0 0.891394 0.446634 0.021111 0.036125
0 0.438061 0.701970 0.032222 0.044335
0 0.335838 0.322660 0.036667 0.041051
0 0.968616 0.487685 0.022222 0.032841
0 0.453061 0.530378 0.022222 0.032841
0 0.451394 0.408046 0.021111 0.034483
0 0.388061 0.701970 0.038889 0.044335
0 0.453061 0.490148 0.024444 0.041051
0 0.751394 0.300493 0.045556 0.039409
0 0.942505 0.400657 0.021111 0.029557
0 0.941950 0.276683 0.020000 0.031199
0 0.966950 0.744663 0.023333 0.034483
0 0.593061 0.703612 0.035556 0.050903
0 0.336394 0.656814 0.037778 0.039409
0 0.801950 0.233990 0.035556 0.037767
0 0.439172 0.278325 0.034444 0.044335
0 0.387505 0.365353 0.033333 0.044335
0 0.543061 0.659278 0.033333 0.041051
0 0.942505 0.743021 0.021111 0.037767
0 0.386950 0.659278 0.034444 0.041051
0 0.645283 0.701970 0.035556 0.044335
0 0.336394 0.611658 0.037778 0.047619
0 0.966950 0.277504 0.021111 0.032841
0 0.968061 0.360427 0.021111 0.031199
0 0.542505 0.614943 0.034444 0.047619
0 0.490838 0.656814 0.033333 0.039409
0 0.890838 0.405583 0.020000 0.036125
0 0.425838 0.405583 0.023333 0.036125
0 0.968616 0.445813 0.022222 0.031199
0 0.942505 0.361248 0.018889 0.032841
0 0.994309 0.612479 0.009160 0.045977
0 0.386950 0.323481 0.034444 0.042693
0 0.914727 0.406404 0.023333 0.034483
0 0.490838 0.698686 0.033333 0.047619
0 0.437505 0.614122 0.035556 0.045977
0 0.941950 0.319376 0.022222 0.031199
0 0.943616 0.444992 0.021111 0.032841
0 0.800838 0.275862 0.033333 0.039409
0 0.645838 0.660099 0.034444 0.042693
0 0.967505 0.319376 0.022222 0.034483
0 0.994308 0.323481 0.009161 0.039409
0 0.593616 0.658456 0.034444 0.042693
0 0.491394 0.319376 0.034444 0.041051
0 0.439172 0.321018 0.034444 0.041051
0 0.387505 0.278325 0.035556 0.044335
0 0.387505 0.613300 0.035556 0.050903
0 0.954727 0.611658 0.034444 0.044335
0 0.490838 0.362890 0.035556 0.045977
0 0.490838 0.270936 0.035556 0.059113
0 0.543061 0.277504 0.033333 0.045977
0 0.698061 0.277504 0.032222 0.039409
0 0.903616 0.614122 0.036667 0.049261
0 0.697505 0.317734 0.035556 0.044335
0 0.594172 0.614122 0.035556 0.049261
0 0.334727 0.279146 0.038889 0.045977
0 0.993197 0.279146 0.011384 0.049261
0 0.699172 0.231527 0.034444 0.049261
0 0.542505 0.321839 0.034444 0.042693
0 0.955838 0.701149 0.036667 0.045977
0 0.903616 0.660920 0.034444 0.041051
0 0.438061 0.659278 0.034444 0.041051
0 0.749727 0.441708 0.042222 0.045977
0 0.490838 0.613300 0.033333 0.047619
0 0.593616 0.364532 0.036667 0.049261
0 0.994309 0.658456 0.009160 0.042693
0 0.953616 0.655993 0.032222 0.044335
0 0.800838 0.319376 0.035556 0.044335
0 0.645838 0.320197 0.034444 0.042693
0 0.904172 0.363711 0.035556 0.044335
0 0.594172 0.321018 0.035556 0.041051
0 0.852505 0.319376 0.034444 0.044335
0 0.749172 0.486864 0.038889 0.044335
0 0.851950 0.363711 0.033333 0.044335
0 0.903616 0.274220 0.032222 0.042693
0 0.646950 0.613300 0.036667 0.050903
0 0.801394 0.188834 0.034444 0.052545
0 0.852505 0.274220 0.034444 0.045977
0 0.595283 0.276683 0.033333 0.047619
0 0.903061 0.317734 0.033333 0.044335
0 0.646950 0.275041 0.034444 0.047619
0 0.645838 0.362890 0.036667 0.045977
0 0.748616 0.233990 0.044444 0.037767
0 0.749727 0.200328 0.046667 0.032841
0 0.399172 0.743021 0.021111 0.031199
0 0.399727 0.868637 0.024444 0.036125
0 0.749727 0.266831 0.044444 0.031199
0 0.541950 0.366995 0.035556 0.050903
0 0.761950 0.740558 0.024444 0.032841
0 0.427505 0.533662 0.024444 0.036125
0 0.336950 0.699507 0.036667 0.049261
