0 0.535787 0.380826 0.042222 0.035041
0 0.482454 0.292562 0.033333 0.042975
0 0.685787 0.376860 0.033333 0.042975
0 0.752454 0.701653 0.022222 0.028099
0 0.534120 0.501653 0.036667 0.031405
0 0.956898 0.333058 0.022222 0.031405
0 0.749676 0.414876 0.023333 0.039669
0 0.430232 0.204959 0.037778 0.029752
0 0.638009 0.872727 0.035556 0.042975
0 0.536343 0.351240 0.041111 0.031405
0 0.378565 0.206612 0.034444 0.052893
0 0.725232 0.495868 0.021111 0.026446
0 0.726898 0.704132 0.022222 0.029752
0 0.329120 0.836364 0.037778 0.039669
0 0.750787 0.494215 0.021111 0.026446
0 0.726898 0.784298 0.022222 0.034711
0 0.726898 0.742975 0.020000 0.034711
0 0.548009 0.747934 0.022222 0.031405
0 0.330232 0.873554 0.033333 0.038017
0 0.752454 0.784298 0.022222 0.031405
0 0.751343 0.537190 0.022222 0.033058
0 0.533009 0.216529 0.045556 0.026446
0 0.751343 0.743802 0.022222 0.033058
0 0.433009 0.874380 0.032222 0.039669
0 0.752454 0.619835 0.020000 0.033058
0 0.931343 0.292562 0.022222 0.033058
0 0.956898 0.292562 0.020000 0.033058
0 0.533009 0.283471 0.043333 0.031405
0 0.636898 0.707438 0.035556 0.046281
0 0.945232 0.497521 0.034444 0.036364
0 0.535232 0.315702 0.043333 0.039669
0 0.638009 0.788430 0.035556 0.042975
0 0.725787 0.619835 0.020000 0.036364
0 0.535232 0.148760 0.043333 0.033058
0 0.791898 0.870248 0.034444 0.038017
0 0.121898 0.837190 0.036667 0.041322
0 0.725787 0.538017 0.022222 0.038017
0 0.751898 0.659504 0.021111 0.036364
0 0.791343 0.829752 0.033333 0.039669
0 0.122454 0.709917 0.033333 0.038017
0 0.944676 0.538017 0.031111 0.041322
0 0.749120 0.291736 0.020000 0.034711
0 0.749120 0.333884 0.020000 0.036364
0 0.174120 0.878512 0.036667 0.044628
0 0.726898 0.660331 0.022222 0.038017
0 0.122454 0.748760 0.037778 0.046281
0 0.638009 0.831405 0.035556 0.042975
0 0.751898 0.580165 0.021111 0.033058
0 0.637454 0.748760 0.034444 0.039669
0 0.791343 0.913223 0.035556 0.044628
0 0.173009 0.709917 0.032222 0.041322
0 0.724120 0.291736 0.021111 0.038017
0 0.174120 0.922314 0.036667 0.046281
0 0.173565 0.836364 0.037778 0.042975
0 0.379676 0.500826 0.027778 0.036364
0 0.791343 0.705785 0.035556 0.042975
0 0.173565 0.670248 0.035556 0.041322
0 0.638565 0.915702 0.036667 0.046281
0 0.328565 0.501653 0.034444 0.041322
0 0.636898 0.665289 0.033333 0.038017
0 0.328565 0.667769 0.034444 0.039669
0 0.430787 0.668595 0.034444 0.041322
0 0.433565 0.914876 0.033333 0.041322
0 0.945787 0.371901 0.033333 0.039669
0 0.328009 0.338843 0.031111 0.042975
0 0.120787 0.501653 0.032222 0.038017
0 0.944676 0.580992 0.035556 0.041322
0 0.483565 0.872727 0.033333 0.042975
0 0.725787 0.415702 0.022222 0.038017
0 0.173565 0.794215 0.035556 0.044628
0 0.380787 0.751240 0.032222 0.038017
0 0.791343 0.747107 0.033333 0.042975
0 0.173565 0.158678 0.035556 0.049587
0 0.750787 0.456198 0.023333 0.033058
0 0.381343 0.875207 0.033333 0.041322
0 0.483565 0.917355 0.033333 0.046281
0 0.172454 0.547934 0.035556 0.038017
0 0.789676 0.416529 0.032222 0.039669
0 0.171898 0.628099 0.032222 0.042975
0 0.892454 0.330579 0.033333 0.039669
0 0.121898 0.794215 0.034444 0.044628
0 0.329676 0.914050 0.036667 0.046281
0 0.892454 0.290083 0.033333 0.041322
0 0.533565 0.247934 0.042222 0.039669
0 0.724676 0.579339 0.022222 0.034711
0 0.749676 0.372727 0.023333 0.034711
0 0.122454 0.670248 0.035556 0.041322
0 0.483009 0.832231 0.034444 0.041322
0 0.534120 0.183471 0.041111 0.039669
0 0.945232 0.413223 0.034444 0.039669
0 0.381343 0.790909 0.031111 0.038017
0 0.173565 0.751240 0.035556 0.041322
0 0.839676 0.251240 0.032222 0.039669
0 0.431898 0.791736 0.034444 0.042975
0 0.725787 0.455372 0.020000 0.031405
0 0.725232 0.372727 0.021111 0.034711
0 0.224676 0.377686 0.033333 0.038017
0 0.838565 0.204132 0.032222 0.051240
0 0.225232 0.419008 0.034444 0.044628
0 0.481898 0.543802 0.032222 0.039669
0 0.329676 0.795868 0.036667 0.044628
0 0.225787 0.161157 0.035556 0.047934
0 0.790232 0.538017 0.035556 0.041322
0 0.173009 0.420661 0.034444 0.041322
0 0.791898 0.789256 0.036667 0.041322
0 0.120787 0.420661 0.030000 0.041322
0 0.224120 0.291736 0.034444 0.041322
0 0.790787 0.663636 0.034444 0.041322
0 0.482454 0.665289 0.033333 0.038017
0 0.328565 0.418182 0.032222 0.036364
0 0.120232 0.209091 0.033333 0.044628
0 0.891343 0.202479 0.035556 0.047934
0 0.788009 0.157851 0.035556 0.044628
0 0.329120 0.749587 0.035556 0.044628
0 0.380787 0.916529 0.034444 0.044628
0 0.686343 0.290083 0.032222 0.041322
0 0.890232 0.375207 0.031111 0.046281
0 0.482454 0.160331 0.033333 0.042975
0 0.173009 0.585950 0.034444 0.041322
0 0.636898 0.582645 0.033333 0.041322
0 0.891343 0.247934 0.033333 0.042975
0 0.483565 0.333884 0.031111 0.039669
0 0.636343 0.157851 0.036667 0.047934
0 0.225232 0.461157 0.036667 0.042975
0 0.839676 0.290909 0.034444 0.042975
0 0.121898 0.628926 0.034444 0.041322
0 0.789120 0.457025 0.031111 0.041322
0 0.328009 0.378512 0.033333 0.039669
0 0.121898 0.542975 0.034444 0.041322
0 0.431898 0.833884 0.036667 0.041322
0 0.173565 0.252066 0.033333 0.041322
0 0.482454 0.704959 0.033333 0.044628
0 0.839676 0.376033 0.034444 0.041322
0 0.944676 0.457025 0.035556 0.044628
0 0.431343 0.708264 0.033333 0.038017
0 0.891343 0.155372 0.035556 0.046281
0 0.379676 0.710744 0.034444 0.046281
0 0.120232 0.295041 0.033333 0.041322
0 0.686898 0.667769 0.033333 0.046281
0 0.724676 0.334711 0.022222 0.038017
0 0.224120 0.208264 0.032222 0.042975
0 0.790232 0.498347 0.031111 0.041322
0 0.380787 0.584298 0.030000 0.041322
0 0.635787 0.204132 0.035556 0.044628
0 0.791343 0.623967 0.033333 0.041322
0 0.121343 0.462810 0.033333 0.039669
0 0.380787 0.833058 0.034444 0.046281
0 0.789120 0.375207 0.033333 0.042975
0 0.223565 0.251240 0.033333 0.042975
0 0.482454 0.626446 0.033333 0.042975
0 0.378565 0.461157 0.034444 0.042975
0 0.224120 0.505785 0.034444 0.046281
0 0.224120 0.334711 0.034444 0.044628
0 0.635232 0.250413 0.032222 0.044628
0 0.173565 0.206612 0.035556 0.046281
0 0.636343 0.542975 0.032222 0.038017
0 0.789676 0.580992 0.034444 0.044628
0 0.329120 0.585124 0.035556 0.039669
0 0.381343 0.625620 0.028889 0.041322
0 0.120787 0.377686 0.034444 0.041322
0 0.329120 0.708264 0.033333 0.041322
0 0.121898 0.585124 0.036667 0.042975
0 0.634676 0.376860 0.028889 0.036364
0 0.431343 0.334711 0.033333 0.041322
0 0.788565 0.205785 0.036667 0.044628
0 0.483565 0.790083 0.035556 0.042975
0 0.481898 0.504132 0.034444 0.042975
0 0.788565 0.333058 0.034444 0.044628
0 0.173009 0.378512 0.034444 0.042975
0 0.173009 0.461983 0.034444 0.044628
0 0.431898 0.543802 0.036667 0.039669
0 0.635787 0.502479 0.033333 0.042975
0 0.120787 0.252066 0.036667 0.041322
0 0.173009 0.294215 0.036667 0.042975
0 0.586343 0.623140 0.034444 0.042975
0 0.686898 0.623967 0.031111 0.044628
0 0.120232 0.335537 0.035556 0.042975
0 0.173565 0.506612 0.037778 0.044628
0 0.838565 0.334711 0.032222 0.044628
0 0.686898 0.417355 0.031111 0.038017
0 0.634676 0.293388 0.031111 0.041322
0 0.685787 0.458678 0.026667 0.041322
0 0.482454 0.583471 0.033333 0.039669
0 0.327454 0.294215 0.032222 0.042975
0 0.789120 0.291736 0.035556 0.041322
0 0.483565 0.747934 0.035556 0.041322
0 0.329676 0.543802 0.036667 0.042975
0 0.431898 0.748760 0.036667 0.042975
0 0.329120 0.458678 0.033333 0.044628
0 0.788565 0.249587 0.036667 0.042975
0 0.533565 0.455372 0.040000 0.047934
0 0.483009 0.205785 0.034444 0.044628
0 0.431343 0.584298 0.035556 0.041322
0 0.585232 0.501653 0.032222 0.041322
0 0.584676 0.581818 0.033333 0.039669
0 0.431343 0.628099 0.033333 0.039669
0 0.585232 0.542149 0.032222 0.039669
0 0.584120 0.292562 0.032222 0.042975
0 0.329120 0.625620 0.035556 0.041322
0 0.636898 0.624793 0.033333 0.039669
0 0.685787 0.582645 0.028889 0.041322
0 0.686343 0.540496 0.027778 0.039669
0 0.173565 0.335537 0.035556 0.042975
0 0.275787 0.205785 0.033333 0.047934
0 0.583565 0.251240 0.033333 0.042975
0 0.379120 0.335537 0.035556 0.036364
0 0.379676 0.667769 0.034444 0.042975
0 0.482454 0.461157 0.033333 0.042975
0 0.378565 0.418182 0.034444 0.042975
0 0.276898 0.338843 0.035556 0.046281
0 0.635232 0.337190 0.032222 0.042975
0 0.584676 0.419008 0.031111 0.041322
0 0.481898 0.419835 0.032222 0.042975
0 0.380232 0.542149 0.033333 0.042975
0 0.275787 0.251240 0.035556 0.042975
0 0.430787 0.418182 0.032222 0.042975
0 0.430787 0.293388 0.034444 0.041322
0 0.635232 0.417355 0.032222 0.044628
0 0.685232 0.333884 0.032222 0.042975
0 0.379676 0.376860 0.034444 0.042975
0 0.276343 0.294215 0.036667 0.042975
0 0.583565 0.205785 0.035556 0.047934
0 0.429676 0.250413 0.034444 0.044628
0 0.328009 0.207438 0.035556 0.047934
0 0.379676 0.252066 0.032222 0.038017
0 0.686898 0.499174 0.031111 0.042975
0 0.379120 0.293388 0.031111 0.044628
0 0.429676 0.461983 0.034444 0.041322
0 0.483009 0.250413 0.030000 0.041322
0 0.431343 0.503306 0.035556 0.041322
0 0.431343 0.376033 0.033333 0.041322
0 0.635787 0.460331 0.031111 0.041322
0 0.584676 0.460331 0.033333 0.041322
0 0.481898 0.376860 0.034444 0.042975
0 0.583565 0.336364 0.033333 0.047934
0 0.327454 0.252066 0.034444 0.041322
0 0.584676 0.379339 0.033333 0.041322
