0 0.563359 0.494234 0.030000 0.036244
0 0.562248 0.244646 0.034444 0.044481
0 0.562248 0.286656 0.034444 0.042834
0 0.356137 0.285832 0.033333 0.044481
0 0.613914 0.326194 0.033333 0.042834
0 0.355581 0.200165 0.034444 0.044481
0 0.715581 0.242998 0.034444 0.044481
0 0.355581 0.242998 0.032222 0.041186
0 0.356137 0.154860 0.035556 0.046129
0 0.458914 0.199341 0.034444 0.042834
0 0.562803 0.455519 0.033333 0.041186
0 0.408359 0.286656 0.033333 0.042834
0 0.563359 0.412685 0.034444 0.044481
0 0.357248 0.453048 0.033333 0.042834
0 0.767803 0.242175 0.034444 0.046129
0 0.458914 0.285008 0.034444 0.046129
0 0.459470 0.369852 0.035556 0.047776
0 0.613914 0.369852 0.035556 0.044481
0 0.767248 0.154036 0.035556 0.047776
0 0.525581 0.736409 0.023333 0.029654
0 0.512803 0.343493 0.044444 0.031301
0 0.511692 0.495058 0.042222 0.034596
0 0.872248 0.701812 0.034444 0.039539
0 0.305581 0.700988 0.034444 0.044481
0 0.872803 0.869028 0.035556 0.041186
0 0.097248 0.918451 0.037778 0.041186
0 0.511137 0.208402 0.045556 0.028007
0 0.407248 0.535420 0.035556 0.042834
0 0.097248 0.874794 0.037778 0.046129
0 0.511137 0.175453 0.043333 0.034596
0 0.513914 0.373147 0.046667 0.037891
0 0.098359 0.197694 0.033333 0.046129
0 0.872248 0.827842 0.032222 0.034596
0 0.512803 0.275124 0.040000 0.032949
0 0.871137 0.368204 0.032222 0.041186
0 0.872803 0.744646 0.028889 0.039539
0 0.096692 0.787479 0.034444 0.039539
0 0.870581 0.327842 0.035556 0.042834
0 0.666137 0.869028 0.033333 0.044481
0 0.097248 0.830313 0.035556 0.042834
0 0.872248 0.535420 0.034444 0.039539
0 0.666137 0.705107 0.033333 0.039539
0 0.665581 0.914333 0.032222 0.042834
0 0.253359 0.494234 0.032222 0.039539
0 0.921692 0.197694 0.033333 0.046129
0 0.923914 0.451400 0.033333 0.039539
0 0.357248 0.660626 0.028889 0.039539
0 0.148914 0.621087 0.034444 0.039539
0 0.922248 0.409390 0.036667 0.044481
0 0.511692 0.140033 0.046667 0.039539
0 0.715026 0.367381 0.031111 0.036244
0 0.921692 0.241351 0.035556 0.044481
0 0.666692 0.828666 0.032222 0.039539
0 0.666137 0.743822 0.033333 0.041186
0 0.667248 0.785832 0.033333 0.042834
0 0.304470 0.198517 0.034444 0.041186
0 0.098359 0.285008 0.033333 0.039539
0 0.665026 0.327842 0.033333 0.042834
0 0.873914 0.914333 0.035556 0.046129
0 0.921692 0.284185 0.035556 0.044481
0 0.922248 0.366557 0.036667 0.041186
0 0.098359 0.242998 0.033333 0.041186
0 0.305026 0.536244 0.035556 0.047776
0 0.097248 0.618616 0.033333 0.037891
0 0.148359 0.580725 0.035556 0.041186
0 0.148914 0.662273 0.036667 0.039539
0 0.665581 0.283361 0.030000 0.046129
0 0.871137 0.451400 0.034444 0.039539
0 0.921692 0.326194 0.035556 0.042834
0 0.305581 0.661450 0.032222 0.037891
0 0.870581 0.410214 0.035556 0.042834
0 0.357248 0.619440 0.031111 0.039539
0 0.097803 0.705107 0.036667 0.042834
0 0.097803 0.747117 0.034444 0.041186
0 0.820026 0.492586 0.030000 0.039539
0 0.149470 0.199341 0.035556 0.046129
0 0.820581 0.575783 0.031111 0.037891
0 0.201137 0.200165 0.034444 0.041186
0 0.715581 0.451400 0.032222 0.039539
0 0.200026 0.327018 0.032222 0.037891
0 0.870026 0.285832 0.034444 0.044481
0 0.666137 0.495058 0.028889 0.037891
0 0.871692 0.788303 0.033333 0.044481
0 0.097248 0.411038 0.033333 0.037891
0 0.097248 0.495881 0.031111 0.039539
0 0.869470 0.199341 0.033333 0.042834
0 0.304470 0.494234 0.034444 0.039539
0 0.665581 0.534596 0.032222 0.041186
0 0.923914 0.495058 0.035556 0.044481
0 0.201137 0.152389 0.034444 0.047776
0 0.921692 0.149918 0.033333 0.049423
0 0.149470 0.539539 0.035556 0.047776
0 0.665026 0.242175 0.028889 0.036244
0 0.871692 0.493410 0.033333 0.041186
0 0.098359 0.150741 0.035556 0.047776
0 0.613914 0.412685 0.031111 0.041186
0 0.098359 0.327842 0.035556 0.042834
0 0.407803 0.409390 0.034444 0.037891
0 0.097803 0.579077 0.034444 0.041186
0 0.304470 0.747117 0.034444 0.044481
0 0.251692 0.285832 0.033333 0.041186
0 0.097248 0.370675 0.033333 0.042834
0 0.151137 0.151565 0.036667 0.049423
0 0.200026 0.242175 0.030000 0.042834
0 0.818914 0.327842 0.032222 0.039539
0 0.869470 0.242175 0.035556 0.042834
0 0.820026 0.534596 0.032222 0.044481
0 0.820026 0.662273 0.032222 0.042834
0 0.563359 0.327842 0.030000 0.036244
0 0.869470 0.153213 0.035556 0.049423
0 0.818359 0.453048 0.031111 0.042834
0 0.664470 0.153213 0.032222 0.049423
0 0.513359 0.308896 0.041111 0.041186
0 0.305581 0.579901 0.032222 0.039539
0 0.715026 0.152389 0.035556 0.047776
0 0.148359 0.327842 0.033333 0.039539
0 0.097803 0.537891 0.036667 0.044481
0 0.820026 0.617792 0.032222 0.046129
0 0.097248 0.662273 0.035556 0.042834
0 0.512248 0.242175 0.045556 0.039539
0 0.148914 0.705107 0.036667 0.049423
0 0.149470 0.243822 0.035556 0.042834
0 0.148914 0.495058 0.034444 0.041186
0 0.304470 0.153213 0.034444 0.046129
0 0.666692 0.620264 0.034444 0.044481
0 0.149470 0.411862 0.035556 0.042834
0 0.149470 0.286656 0.033333 0.042834
0 0.871137 0.662273 0.034444 0.039539
0 0.097248 0.453871 0.033333 0.044481
0 0.767803 0.285008 0.030000 0.036244
0 0.871692 0.577430 0.033333 0.041186
0 0.356692 0.703460 0.034444 0.046129
0 0.512248 0.447282 0.043333 0.044481
0 0.665026 0.199341 0.033333 0.046129
0 0.253359 0.453048 0.036667 0.039539
0 0.305026 0.454695 0.033333 0.042834
0 0.768359 0.369028 0.031111 0.039539
0 0.407248 0.451400 0.035556 0.042834
0 0.305026 0.620264 0.033333 0.044481
0 0.871137 0.619440 0.034444 0.042834
0 0.666137 0.663921 0.035556 0.042834
0 0.304470 0.411862 0.032222 0.039539
0 0.458914 0.327018 0.034444 0.037891
0 0.148914 0.455519 0.034444 0.041186
0 0.818914 0.368204 0.032222 0.044481
0 0.563359 0.154036 0.034444 0.047776
0 0.407803 0.578254 0.036667 0.042834
0 0.252803 0.535420 0.035556 0.042834
0 0.459470 0.152389 0.035556 0.047776
0 0.716137 0.493410 0.035556 0.044481
0 0.408359 0.153213 0.033333 0.049423
0 0.666137 0.576606 0.033333 0.042834
0 0.356692 0.329489 0.032222 0.039539
0 0.562803 0.579077 0.035556 0.044481
0 0.357248 0.493410 0.033333 0.041186
0 0.563359 0.534596 0.032222 0.044481
0 0.614470 0.284185 0.032222 0.041186
0 0.768359 0.412685 0.035556 0.044481
0 0.251692 0.246293 0.031111 0.041186
0 0.716137 0.409390 0.033333 0.044481
0 0.354470 0.578254 0.034444 0.042834
0 0.715581 0.200165 0.034444 0.041186
0 0.614470 0.454695 0.032222 0.042834
0 0.818914 0.411038 0.032222 0.041186
0 0.767248 0.200165 0.033333 0.041186
0 0.664470 0.367381 0.032222 0.039539
0 0.407803 0.492586 0.034444 0.039539
0 0.252803 0.413509 0.035556 0.042834
0 0.356692 0.412685 0.032222 0.041186
0 0.356692 0.369852 0.034444 0.044481
0 0.715581 0.286656 0.034444 0.042834
0 0.407248 0.242998 0.033333 0.044481
0 0.252248 0.153213 0.034444 0.049423
0 0.819470 0.283361 0.033333 0.046129
0 0.252248 0.200988 0.034444 0.046129
0 0.563359 0.368204 0.034444 0.044481
0 0.716137 0.328666 0.033333 0.041186
0 0.149470 0.369028 0.035556 0.042834
0 0.303359 0.286656 0.034444 0.039539
0 0.768359 0.326194 0.033333 0.046129
0 0.252803 0.577430 0.035556 0.041186
0 0.458359 0.242175 0.033333 0.039539
0 0.665581 0.453871 0.032222 0.041186
0 0.252248 0.327018 0.034444 0.041186
0 0.562248 0.199341 0.034444 0.042834
0 0.407248 0.328666 0.033333 0.041186
0 0.305026 0.369852 0.033333 0.041186
0 0.304470 0.327018 0.034444 0.041186
0 0.356137 0.534596 0.035556 0.044481
0 0.408359 0.200988 0.033333 0.042834
0 0.407803 0.369852 0.032222 0.041186
0 0.199470 0.285832 0.033333 0.044481
0 0.304470 0.243822 0.034444 0.046129
0 0.665581 0.411038 0.032222 0.044481
0 0.252248 0.369852 0.034444 0.044481
