0 0.509833 0.892969 0.036000 0.032813
0 0.618499 0.855469 0.037333 0.035937
0 0.728499 0.713281 0.036000 0.035937
0 0.363166 0.263281 0.033333 0.032813
0 0.155166 0.821094 0.038667 0.035937
0 0.729833 0.677344 0.036000 0.032813
0 0.319833 0.677344 0.032000 0.032813
0 0.003916 0.380469 0.007833 0.035937
0 0.364499 0.198437 0.030667 0.025000
0 0.728499 0.532813 0.033333 0.031250
0 0.456499 0.889844 0.036000 0.032813
0 0.509166 0.857812 0.034667 0.037500
0 0.155833 0.891406 0.037333 0.035937
0 0.511166 0.714063 0.036000 0.037500
0 0.511833 0.568750 0.034667 0.031250
0 0.210499 0.855469 0.034667 0.032813
0 0.210499 0.819531 0.034667 0.032813
0 0.267166 0.892969 0.036000 0.035937
0 0.407833 0.312500 0.034667 0.037500
0 0.731166 0.425000 0.033333 0.037500
0 0.401166 0.857031 0.034667 0.035937
0 0.621166 0.387500 0.032000 0.034375
0 0.511833 0.312500 0.034667 0.040625
0 0.319833 0.857031 0.034667 0.035937
0 0.155833 0.638281 0.032000 0.035937
0 0.565833 0.749219 0.036000 0.032813
0 0.729166 0.496875 0.034667 0.034375
0 0.046499 0.342187 0.037333 0.040625
0 0.403833 0.711719 0.037333 0.039062
0 0.564499 0.856250 0.036000 0.037500
0 0.267166 0.857812 0.033333 0.034375
0 0.676499 0.533594 0.033333 0.032813
0 0.268499 0.309375 0.033333 0.037500
0 0.101166 0.307031 0.032000 0.039062
0 0.157166 0.494531 0.034667 0.035937
0 0.456499 0.784375 0.036000 0.031250
0 0.099833 0.854688 0.034667 0.034375
0 0.099833 0.603125 0.037333 0.034375
0 0.154499 0.675000 0.034667 0.034375
0 0.455166 0.854688 0.036000 0.037500
0 0.211833 0.711719 0.037333 0.035937
0 0.003250 0.457813 0.006499 0.034375
0 0.045166 0.417969 0.034667 0.042188
0 0.003916 0.307031 0.007833 0.035937
0 0.674499 0.714063 0.034667 0.034375
0 0.621166 0.605469 0.034667 0.032813
0 0.101166 0.344531 0.034667 0.032813
0 0.403166 0.785156 0.033333 0.035937
0 0.403833 0.674219 0.034667 0.032813
0 0.567833 0.607031 0.037333 0.035937
0 0.731166 0.314063 0.033333 0.034375
0 0.045833 0.528125 0.038667 0.037500
0 0.319833 0.821875 0.034667 0.034375
0 0.619833 0.785156 0.037333 0.035937
0 0.565166 0.785937 0.034667 0.034375
0 0.101166 0.709375 0.034667 0.034375
0 0.457166 0.566406 0.034667 0.032813
0 0.213166 0.530469 0.034667 0.039062
0 0.460499 0.310937 0.033333 0.034375
0 0.004583 0.419531 0.009166 0.039062
0 0.676499 0.496094 0.036000 0.035937
0 0.003249 0.495312 0.006499 0.040625
0 0.677166 0.314844 0.034667 0.039062
0 0.404499 0.567969 0.033333 0.032813
0 0.158499 0.421875 0.037333 0.037500
0 0.267166 0.678125 0.036000 0.034375
0 0.155833 0.785156 0.037333 0.035937
0 0.211166 0.748437 0.036000 0.037500
0 0.675166 0.677344 0.036000 0.035937
0 0.213833 0.308594 0.033333 0.035937
0 0.622499 0.534375 0.034667 0.034375
0 0.512499 0.458594 0.036000 0.035937
0 0.621833 0.569531 0.036000 0.035937
0 0.404499 0.639062 0.036000 0.037500
0 0.458499 0.423438 0.032000 0.034375
0 0.319833 0.785156 0.034667 0.035937
0 0.565833 0.642969 0.036000 0.035937
0 0.567166 0.350000 0.036000 0.034375
0 0.458499 0.459375 0.034667 0.037500
0 0.512499 0.350000 0.036000 0.037500
0 0.566499 0.460156 0.034667 0.032813
0 0.319833 0.642188 0.034667 0.034375
0 0.509833 0.785937 0.036000 0.037500
0 0.267833 0.531250 0.037333 0.037500
0 0.567833 0.389062 0.034667 0.034375
0 0.321166 0.421094 0.034667 0.039062
0 0.267833 0.603906 0.037333 0.035937
0 0.100499 0.495312 0.036000 0.037500
0 0.319833 0.606250 0.034667 0.034375
0 0.213833 0.346875 0.036000 0.037500
0 0.157166 0.384375 0.034667 0.034375
0 0.319833 0.568750 0.034667 0.037500
0 0.100499 0.639062 0.036000 0.037500
0 0.212499 0.567969 0.033333 0.035937
0 0.457833 0.496875 0.036000 0.037500
0 0.100499 0.746875 0.036000 0.040625
0 0.567166 0.495312 0.036000 0.034375
0 0.405166 0.496094 0.034667 0.035937
0 0.405833 0.349219 0.033333 0.035937
0 0.676499 0.425781 0.036000 0.032813
0 0.621833 0.461719 0.036000 0.035937
0 0.321166 0.459375 0.034667 0.034375
0 0.267833 0.785937 0.037333 0.037500
0 0.457166 0.750000 0.037333 0.037500
0 0.321166 0.384375 0.034667 0.034375
0 0.457166 0.675000 0.037333 0.037500
0 0.321833 0.348438 0.033333 0.034375
0 0.567166 0.570312 0.036000 0.034375
0 0.267166 0.459375 0.036000 0.034375
0 0.213166 0.385937 0.034667 0.037500
0 0.621166 0.678906 0.037333 0.039062
0 0.321833 0.310156 0.036000 0.039062
0 0.567166 0.533594 0.036000 0.039062
0 0.511833 0.533594 0.034667 0.035937
0 0.458499 0.348438 0.034667 0.037500
0 0.269166 0.385156 0.034667 0.035937
0 0.404499 0.532813 0.036000 0.034375
0 0.158499 0.307031 0.034667 0.039062
0 0.512499 0.496094 0.036000 0.035937
0 0.405833 0.388281 0.033333 0.039062
0 0.458499 0.387500 0.034667 0.037500
0 0.405166 0.460156 0.034667 0.035937
0 0.729166 0.567187 0.034667 0.037500
0 0.455833 0.817969 0.034667 0.035937
0 0.565833 0.678125 0.033333 0.034375
0 0.729166 0.605469 0.037333 0.035937
0 0.403833 0.603125 0.032000 0.034375
0 0.402499 0.750000 0.034667 0.034375
0 0.156499 0.458594 0.036000 0.035937
0 0.100499 0.457813 0.036000 0.037500
0 0.729833 0.461719 0.036000 0.032813
0 0.267166 0.822656 0.036000 0.035937
0 0.045833 0.564844 0.036000 0.035937
0 0.211833 0.892969 0.037333 0.039062
0 0.621833 0.498437 0.036000 0.034375
0 0.210499 0.676562 0.034667 0.034375
0 0.675833 0.604688 0.034667 0.034375
0 0.155833 0.746875 0.037333 0.037500
0 0.100499 0.381250 0.036000 0.037500
0 0.676499 0.461719 0.033333 0.035937
0 0.728499 0.642188 0.036000 0.034375
0 0.100499 0.785937 0.036000 0.034375
0 0.101166 0.532813 0.037333 0.037500
0 0.511166 0.641406 0.033333 0.032813
0 0.319833 0.495312 0.034667 0.034375
0 0.045833 0.491406 0.036000 0.035937
0 0.157166 0.346875 0.034667 0.037500
0 0.456499 0.639062 0.033333 0.031250
0 0.267833 0.714844 0.037333 0.035937
0 0.100499 0.891406 0.036000 0.039062
0 0.100499 0.567969 0.036000 0.035937
0 0.046499 0.306250 0.037333 0.034375
0 0.456499 0.713281 0.036000 0.035937
0 0.045166 0.457031 0.034667 0.032813
0 0.155833 0.568750 0.037333 0.037500
0 0.210499 0.641406 0.034667 0.032813
0 0.212499 0.493750 0.036000 0.034375
0 0.267833 0.567969 0.034667 0.035937
0 0.675833 0.389062 0.037333 0.034375
0 0.511166 0.389062 0.033333 0.034375
0 0.511833 0.676562 0.037333 0.037500
0 0.045166 0.603906 0.037333 0.039062
0 0.621166 0.424219 0.034667 0.035937
0 0.676499 0.352344 0.036000 0.035937
0 0.675166 0.569531 0.036000 0.035937
0 0.211833 0.603906 0.034667 0.035937
0 0.675833 0.641406 0.034667 0.035937
0 0.319833 0.749219 0.034667 0.035937
0 0.365233 0.244680 0.028587 0.005516
0 0.267166 0.641406 0.036000 0.035937
0 0.405833 0.425000 0.033333 0.031250
0 0.619833 0.717187 0.034667 0.034375
0 0.566499 0.425000 0.034667 0.037500
0 0.210499 0.785937 0.034667 0.034375
0 0.622499 0.350781 0.034667 0.035937
0 0.320499 0.530469 0.036000 0.035937
0 0.511833 0.604688 0.037333 0.037500
0 0.457166 0.603125 0.034667 0.037500
0 0.459166 0.533594 0.036000 0.032813
0 0.269833 0.347656 0.036000 0.035937
0 0.267833 0.494531 0.034667 0.035937
0 0.363166 0.399219 0.022667 0.020313
0 0.362499 0.368750 0.032000 0.034375
0 0.362499 0.421094 0.029333 0.023438
0 0.099833 0.818750 0.037333 0.034375
0 0.365833 0.785156 0.020000 0.029687
0 0.564499 0.819531 0.033333 0.032813
0 0.622499 0.314844 0.032000 0.032813
0 0.003916 0.343750 0.007833 0.034375
0 0.728499 0.857812 0.038667 0.034375
0 0.728499 0.824219 0.036000 0.032813
0 0.101166 0.419531 0.034667 0.039062
0 0.727833 0.892188 0.037333 0.034375
0 0.565166 0.714063 0.037333 0.037500
0 0.730499 0.388281 0.032000 0.035937
0 0.401166 0.892969 0.034667 0.032813
0 0.511833 0.421094 0.032000 0.029687
0 0.401833 0.821094 0.033333 0.035937
0 0.728499 0.789062 0.036000 0.037500
0 0.568499 0.313281 0.033333 0.032813
0 0.045166 0.378906 0.032000 0.032813
0 0.003916 0.271094 0.007832 0.035937
0 0.003916 0.234375 0.007832 0.037500
0 0.365166 0.226562 0.029333 0.028125
0 0.619833 0.892188 0.034667 0.034375
0 0.156499 0.604688 0.036000 0.031250
0 0.729166 0.351562 0.032000 0.037500
0 0.362499 0.294531 0.029333 0.029687
0 0.674499 0.750000 0.034667 0.037500
0 0.319833 0.892188 0.034667 0.034375
0 0.319833 0.713281 0.032000 0.035937
0 0.510499 0.821875 0.034667 0.031250
0 0.100499 0.675000 0.033333 0.031250
0 0.729166 0.751563 0.037333 0.040625
0 0.157166 0.531250 0.034667 0.037500
0 0.155833 0.856250 0.034667 0.031250
0 0.155166 0.709375 0.036000 0.034375
0 0.619166 0.821094 0.036000 0.032813
0 0.213166 0.421875 0.034667 0.034375
0 0.565166 0.893750 0.037333 0.034375
0 0.266499 0.750781 0.034667 0.032813
0 0.213166 0.458594 0.034667 0.032813
0 0.619833 0.750781 0.034667 0.032813
0 0.621166 0.639844 0.034667 0.035937
0 0.511166 0.750000 0.033333 0.034375
0 0.621833 0.276562 0.033333 0.040625
0 0.268499 0.421875 0.036000 0.037500
