0 0.444616 0.283251 0.034444 0.050903
0 0.699616 0.284072 0.035556 0.045977
0 0.598504 0.326765 0.033333 0.039409
0 0.496282 0.283251 0.033333 0.047619
0 0.495727 0.621511 0.036667 0.044335
0 0.649060 0.326765 0.034444 0.042693
0 0.853504 0.283251 0.034444 0.044335
0 0.803504 0.327586 0.034444 0.041051
0 0.495727 0.665846 0.034444 0.041051
0 0.393504 0.705255 0.036667 0.047619
0 0.597949 0.282430 0.032222 0.045977
0 0.392949 0.325944 0.033333 0.041051
0 0.444616 0.663383 0.034444 0.042693
0 0.288504 0.285714 0.033333 0.042693
0 0.237949 0.710181 0.034444 0.047619
0 0.392949 0.284072 0.033333 0.045977
0 0.701838 0.621511 0.031111 0.041051
0 0.648504 0.368637 0.033333 0.044335
0 0.444616 0.619048 0.034444 0.045977
0 0.855727 0.616585 0.034444 0.044335
0 0.238504 0.621511 0.035556 0.047619
0 0.852949 0.327586 0.033333 0.041051
0 0.750727 0.325944 0.033333 0.041051
0 0.394060 0.619048 0.033333 0.049261
0 0.340727 0.327586 0.037778 0.044335
0 0.702393 0.661741 0.032222 0.039409
0 0.444616 0.366995 0.034444 0.050903
0 0.393504 0.663383 0.034444 0.039409
0 0.767393 0.661741 0.022222 0.036125
0 0.340727 0.286535 0.035556 0.037767
0 0.904616 0.284893 0.032222 0.041051
0 0.509060 0.492611 0.025556 0.036125
0 0.185727 0.284072 0.036667 0.045977
0 0.803504 0.367816 0.032222 0.039409
0 0.700171 0.326765 0.034444 0.042693
0 0.133504 0.282430 0.036667 0.049261
0 0.546838 0.240558 0.043333 0.037767
0 0.765171 0.702791 0.022222 0.032841
0 0.240171 0.568966 0.025556 0.031199
0 0.855171 0.665846 0.033333 0.034483
0 0.549616 0.370279 0.046667 0.034483
0 0.547949 0.344007 0.043333 0.037767
0 0.547393 0.487685 0.037778 0.042693
0 0.596838 0.370279 0.034444 0.044335
0 0.392949 0.367816 0.035556 0.045977
0 0.185171 0.367816 0.037778 0.045977
0 0.287393 0.326765 0.035556 0.039409
0 0.496282 0.325944 0.033333 0.037767
0 0.236838 0.282430 0.034444 0.045977
0 0.637393 0.491790 0.022222 0.031199
0 0.598504 0.706076 0.033333 0.049261
0 0.485171 0.450739 0.022222 0.034483
0 0.237393 0.326765 0.035556 0.042693
0 0.853504 0.370279 0.032222 0.044335
0 0.904060 0.325944 0.033333 0.041051
0 0.485171 0.532020 0.024444 0.036125
0 0.484616 0.409688 0.023333 0.034483
0 0.765171 0.619048 0.022222 0.036125
0 0.484616 0.492611 0.021111 0.032841
0 0.855171 0.703612 0.033333 0.041051
0 0.764616 0.490969 0.023333 0.036125
0 0.740727 0.618227 0.024444 0.037767
0 0.184616 0.326765 0.034444 0.039409
0 0.134616 0.708539 0.036667 0.044335
0 0.288504 0.367816 0.035556 0.042693
0 0.599616 0.661741 0.031111 0.036125
0 0.496282 0.365353 0.035556 0.044335
0 0.741282 0.660099 0.023333 0.032841
0 0.546838 0.174056 0.043333 0.039409
0 0.173504 0.579639 0.023333 0.042693
0 0.599616 0.618227 0.028889 0.047619
0 0.236838 0.370279 0.032222 0.044335
0 0.444616 0.325944 0.032222 0.034483
0 0.174060 0.452381 0.022222 0.034483
0 0.339616 0.243021 0.035556 0.042693
0 0.237949 0.666667 0.036667 0.042693
0 0.713504 0.492611 0.023333 0.036125
0 0.739060 0.410509 0.021111 0.032841
0 0.134060 0.622332 0.035556 0.042693
0 0.199616 0.665025 0.022222 0.032841
0 0.496282 0.706897 0.035556 0.041051
0 0.485171 0.747126 0.022222 0.032841
0 0.444616 0.704433 0.034444 0.042693
0 0.699060 0.367816 0.034444 0.042693
0 0.638504 0.579639 0.022222 0.032841
0 0.636838 0.408046 0.021111 0.031199
0 0.765171 0.575534 0.022222 0.034483
0 0.956838 0.280788 0.034444 0.036125
0 0.903504 0.366174 0.032222 0.039409
0 0.174616 0.706897 0.023333 0.037767
0 0.134060 0.328407 0.037778 0.039409
0 0.750727 0.366174 0.033333 0.042693
0 0.547949 0.527094 0.027778 0.036125
0 0.485171 0.578818 0.022222 0.034483
0 0.639060 0.620690 0.023333 0.032841
0 0.711838 0.408867 0.020000 0.032841
0 0.198504 0.412151 0.024444 0.036125
0 0.702393 0.703612 0.036667 0.044335
0 0.340171 0.195402 0.036667 0.055829
0 0.664616 0.577176 0.023333 0.031199
0 0.686838 0.493432 0.018889 0.031199
0 0.174060 0.788998 0.024444 0.037767
0 0.132949 0.367816 0.037778 0.045977
0 0.199060 0.533662 0.021111 0.036125
0 0.663504 0.491790 0.021111 0.031199
0 0.173504 0.492611 0.021111 0.032841
0 0.507949 0.450739 0.023333 0.034483
0 0.199616 0.620690 0.022222 0.036125
0 0.664616 0.620690 0.023333 0.032841
0 0.508504 0.410509 0.022222 0.032841
0 0.174616 0.747947 0.023333 0.034483
0 0.956282 0.197865 0.035556 0.050903
0 0.173504 0.622332 0.021111 0.036125
0 0.134060 0.665025 0.035556 0.042693
0 0.636838 0.531199 0.021111 0.034483
0 0.957393 0.325123 0.035556 0.045977
0 0.198504 0.494253 0.022222 0.032841
0 0.173504 0.411330 0.023333 0.034483
0 0.173504 0.533662 0.023333 0.036125
0 0.739616 0.577176 0.024444 0.031199
0 0.662393 0.449097 0.021111 0.031199
0 0.199060 0.451560 0.021111 0.032841
0 0.199060 0.706897 0.021111 0.031199
0 0.687949 0.406404 0.018889 0.027915
0 0.764060 0.410509 0.020000 0.032841
0 0.765727 0.534483 0.023333 0.037767
0 0.740727 0.533662 0.022222 0.039409
0 0.711838 0.449918 0.020000 0.036125
0 0.739060 0.448276 0.021111 0.029557
0 0.661838 0.408867 0.020000 0.029557
0 0.121282 0.410509 0.023333 0.032841
0 0.509616 0.531199 0.024444 0.031199
0 0.484616 0.784072 0.023333 0.034483
0 0.120727 0.454844 0.022222 0.036125
0 0.764060 0.447455 0.020000 0.031199
0 0.664060 0.536946 0.022222 0.036125
0 0.509616 0.577176 0.022222 0.041051
0 0.146282 0.412151 0.024444 0.036125
0 0.174060 0.664204 0.022222 0.031199
0 0.199060 0.747126 0.018889 0.032841
0 0.510171 0.744663 0.021111 0.031199
0 0.200171 0.829228 0.021111 0.032841
0 0.200171 0.788998 0.021111 0.034483
0 0.739616 0.492611 0.020000 0.029557
0 0.147393 0.452381 0.022222 0.031199
0 0.547393 0.140394 0.046667 0.031199
0 0.636838 0.449918 0.021111 0.036125
0 0.686838 0.449097 0.018889 0.031199
0 0.199060 0.577997 0.021111 0.039409
0 0.174616 0.828407 0.021111 0.031199
0 0.560727 0.743842 0.022222 0.026273
0 0.547393 0.208539 0.046667 0.029557
0 0.547949 0.306240 0.045556 0.041051
0 0.714060 0.535304 0.022222 0.036125
0 0.509616 0.783251 0.022222 0.029557
0 0.956282 0.242200 0.035556 0.037767
0 0.547393 0.275041 0.044444 0.031199
0 0.804616 0.704433 0.034444 0.045977
0 0.287949 0.240558 0.034444 0.047619
0 0.649060 0.282430 0.034444 0.045977
0 0.904616 0.241379 0.034444 0.045977
0 0.802949 0.617406 0.033333 0.045977
0 0.801838 0.283251 0.033333 0.044335
0 0.750171 0.283251 0.034444 0.044335
0 0.804060 0.662562 0.033333 0.041051
0 0.547393 0.445813 0.040000 0.044335
