0 0.742910 0.155738 0.036667 0.042623
0 0.990066 0.331148 0.017646 0.042623
0 0.742354 0.538525 0.035556 0.037705
0 0.845132 0.369672 0.032222 0.034426
0 0.741798 0.577869 0.036667 0.040984
0 0.429021 0.791803 0.035556 0.045902
0 0.378465 0.327869 0.036667 0.045902
0 0.586243 0.706557 0.036667 0.045902
0 0.481798 0.580328 0.034444 0.039344
0 0.845132 0.454918 0.034444 0.044262
0 0.482354 0.539344 0.033333 0.042623
0 0.990621 0.662295 0.016535 0.039344
0 0.897354 0.702459 0.032222 0.040984
0 0.481243 0.787705 0.033333 0.040984
0 0.947354 0.413115 0.034444 0.042623
0 0.897910 0.744262 0.031111 0.042623
0 0.844576 0.500820 0.035556 0.047541
0 0.533465 0.790984 0.035556 0.044262
0 0.689576 0.416393 0.032222 0.039344
0 0.481243 0.827869 0.033333 0.042623
0 0.379021 0.245902 0.035556 0.042623
0 0.795687 0.311475 0.044444 0.039344
0 0.947910 0.661475 0.031111 0.040984
0 0.481798 0.868852 0.034444 0.042623
0 0.430687 0.416393 0.034444 0.039344
0 0.430132 0.330328 0.033333 0.040984
0 0.586243 0.661475 0.036667 0.044262
0 0.741798 0.827049 0.036667 0.040984
0 0.846243 0.286885 0.034444 0.039344
0 0.689576 0.745082 0.034444 0.040984
0 0.795132 0.143443 0.043333 0.034426
0 0.428465 0.663115 0.036667 0.044262
0 0.689021 0.705738 0.035556 0.040984
0 0.794576 0.177869 0.042222 0.037705
0 0.741798 0.912295 0.036667 0.047541
0 0.897910 0.863115 0.035556 0.037705
0 0.897354 0.785246 0.032222 0.039344
0 0.585687 0.620492 0.035556 0.044262
0 0.428465 0.620492 0.034444 0.040984
0 0.740132 0.703279 0.035556 0.039344
0 0.991732 0.828689 0.014313 0.037705
0 0.430132 0.580328 0.033333 0.039344
0 0.534021 0.916393 0.034444 0.039344
0 0.741243 0.786885 0.035556 0.039344
0 0.990621 0.703279 0.016535 0.042623
0 0.430132 0.498361 0.035556 0.042623
0 0.948465 0.866393 0.032222 0.047541
0 0.991177 0.744262 0.015423 0.039344
0 0.741798 0.868033 0.036667 0.040984
0 0.689576 0.785246 0.034444 0.042623
0 0.795132 0.278689 0.041111 0.032787
0 0.794576 0.211475 0.044444 0.026230
0 0.897910 0.826230 0.035556 0.032787
0 0.991177 0.869672 0.015424 0.040984
0 0.428465 0.704918 0.027778 0.039344
0 0.950132 0.826230 0.035556 0.026230
0 0.806243 0.742623 0.025556 0.036066
0 0.793465 0.495082 0.037778 0.032787
0 0.689576 0.868852 0.032222 0.039344
0 0.430132 0.540984 0.035556 0.042623
0 0.947354 0.619672 0.034444 0.039344
0 0.379576 0.202459 0.034444 0.047541
0 0.896798 0.911475 0.037778 0.049180
0 0.429021 0.746721 0.035556 0.040984
0 0.991177 0.784426 0.015423 0.044262
0 0.948465 0.745082 0.034444 0.040984
0 0.690132 0.330328 0.035556 0.040984
0 0.586798 0.201639 0.035556 0.042623
0 0.690132 0.199180 0.035556 0.050820
0 0.990066 0.622131 0.017646 0.044262
0 0.741243 0.744262 0.035556 0.045902
0 0.689576 0.621311 0.032222 0.042623
0 0.378465 0.286885 0.034444 0.039344
0 0.534021 0.874590 0.034444 0.044262
0 0.482354 0.289344 0.033333 0.040984
0 0.639021 0.290984 0.035556 0.047541
0 0.533465 0.286885 0.035556 0.042623
0 0.481798 0.328689 0.034444 0.040984
0 0.690687 0.912295 0.036667 0.047541
0 0.430132 0.456557 0.035556 0.040984
0 0.947910 0.370492 0.035556 0.045902
0 0.947354 0.290164 0.034444 0.045902
0 0.482354 0.245082 0.033333 0.044262
0 0.947354 0.203279 0.036667 0.042623
0 0.585132 0.414754 0.036667 0.042623
0 0.896243 0.455738 0.034444 0.042623
0 0.585687 0.455738 0.035556 0.039344
0 0.897354 0.662295 0.036667 0.042623
0 0.690132 0.290164 0.035556 0.042623
0 0.989510 0.289344 0.018757 0.044262
0 0.947910 0.577049 0.035556 0.042623
0 0.741798 0.289344 0.030000 0.040984
0 0.533465 0.372131 0.035556 0.042623
0 0.689576 0.538525 0.036667 0.040984
0 0.689021 0.373770 0.035556 0.045902
0 0.896243 0.579508 0.034444 0.044262
0 0.991177 0.453279 0.015424 0.040984
0 0.481798 0.455738 0.036667 0.042623
0 0.586798 0.244262 0.035556 0.042623
0 0.742354 0.410656 0.035556 0.044262
0 0.534021 0.413934 0.036667 0.040984
0 0.586243 0.328689 0.036667 0.044262
0 0.585687 0.372951 0.033333 0.040984
0 0.533465 0.328689 0.035556 0.044262
0 0.947354 0.245082 0.034444 0.040984
0 0.990066 0.204918 0.017645 0.042623
0 0.896798 0.246721 0.035556 0.044262
0 0.946798 0.330328 0.031111 0.034426
0 0.742354 0.332787 0.033333 0.042623
0 0.990066 0.372951 0.017645 0.040984
0 0.534021 0.747541 0.036667 0.042623
0 0.480687 0.369672 0.034444 0.044262
0 0.481243 0.622131 0.035556 0.044262
0 0.741798 0.497541 0.034444 0.044262
0 0.534576 0.200000 0.035556 0.049180
0 0.741798 0.619672 0.038889 0.045902
0 0.742910 0.246721 0.032222 0.044262
0 0.990622 0.495082 0.016534 0.042623
0 0.896798 0.203279 0.035556 0.042623
0 0.585132 0.496721 0.036667 0.042623
0 0.845687 0.410656 0.033333 0.044262
0 0.534021 0.495902 0.036667 0.044262
0 0.741798 0.455738 0.032222 0.042623
0 0.947910 0.495902 0.037778 0.040984
0 0.792910 0.449180 0.041111 0.049180
0 0.586798 0.154098 0.035556 0.049180
0 0.947910 0.156557 0.035556 0.044262
0 0.534021 0.154098 0.036667 0.042623
0 0.949021 0.788525 0.035556 0.042623
0 0.690132 0.828689 0.033333 0.044262
0 0.430132 0.372951 0.035556 0.047541
0 0.431798 0.200820 0.034444 0.054098
0 0.990621 0.413115 0.016535 0.039344
0 0.795132 0.375656 0.045556 0.035574
0 0.795687 0.345738 0.042222 0.029180
0 0.689576 0.578689 0.036667 0.039344
0 0.741798 0.200000 0.036667 0.045902
0 0.534021 0.704098 0.034444 0.044262
0 0.533465 0.620492 0.035556 0.044262
0 0.947354 0.536066 0.034444 0.039344
0 0.990621 0.159016 0.016535 0.045902
0 0.690132 0.456557 0.033333 0.040984
0 0.896798 0.497541 0.033333 0.040984
0 0.585132 0.537705 0.032222 0.042623
0 0.480687 0.746721 0.032222 0.044262
0 0.990066 0.246721 0.017646 0.040984
0 0.480687 0.413934 0.032222 0.040984
0 0.480132 0.663934 0.035556 0.039344
0 0.534021 0.832787 0.036667 0.042623
0 0.947910 0.703279 0.035556 0.042623
0 0.896798 0.538525 0.033333 0.040984
0 0.378465 0.155738 0.034444 0.042623
0 0.481798 0.497541 0.034444 0.040984
0 0.897354 0.290164 0.032222 0.045902
0 0.534021 0.245902 0.032222 0.039344
0 0.844576 0.330328 0.031111 0.044262
0 0.430132 0.289344 0.031111 0.040984
0 0.534021 0.454098 0.034444 0.039344
0 0.896798 0.621311 0.033333 0.042623
0 0.689576 0.245902 0.034444 0.042623
0 0.989510 0.579508 0.018757 0.044262
0 0.897354 0.156557 0.034444 0.047541
0 0.689576 0.663934 0.036667 0.042623
0 0.990066 0.537705 0.017646 0.042623
0 0.482910 0.200000 0.032222 0.045902
0 0.947354 0.454918 0.034444 0.040984
0 0.895687 0.413934 0.033333 0.040984
0 0.742354 0.371311 0.031111 0.034426
0 0.480687 0.705738 0.034444 0.040984
0 0.740687 0.662295 0.036667 0.042623
0 0.896243 0.372951 0.032222 0.037705
0 0.534021 0.537705 0.034444 0.042623
0 0.431243 0.247541 0.033333 0.042623
0 0.532910 0.578689 0.032222 0.039344
0 0.585687 0.578689 0.035556 0.039344
0 0.689021 0.496721 0.035556 0.039344
0 0.794576 0.244262 0.046667 0.039344
0 0.586798 0.286885 0.033333 0.039344
0 0.896243 0.334426 0.032222 0.042623
0 0.533465 0.663115 0.033333 0.040984
0 0.482354 0.913934 0.037778 0.044262
