0 0.775117 0.742175 0.022222 0.034596
0 0.805673 0.780066 0.023333 0.031301
0 0.027895 0.612850 0.021111 0.036244
0 0.545673 0.407743 0.018889 0.031301
0 0.027895 0.570840 0.021111 0.031301
0 0.338451 0.743822 0.022222 0.037891
0 0.829562 0.822076 0.022222 0.036244
0 0.028451 0.700165 0.024444 0.036244
0 0.339006 0.864909 0.023333 0.036244
0 0.029006 0.657331 0.023333 0.036244
0 0.829562 0.781713 0.022222 0.034596
0 0.364006 0.909390 0.022222 0.036244
0 0.301228 0.702636 0.036667 0.047776
0 0.363451 0.743822 0.021111 0.034596
0 0.312895 0.447282 0.022222 0.037891
0 0.404562 0.135914 0.047778 0.037891
0 0.362895 0.864086 0.022222 0.037891
0 0.029006 0.529654 0.021111 0.031301
0 0.751228 0.282537 0.021111 0.031301
0 0.404006 0.303954 0.044444 0.037891
0 0.829006 0.530478 0.023333 0.032949
0 0.570117 0.448929 0.023333 0.034596
0 0.751784 0.741351 0.022222 0.032949
0 0.055117 0.658155 0.024444 0.037891
0 0.339006 0.782537 0.023333 0.032949
0 0.054562 0.743822 0.023333 0.037891
0 0.029006 0.405272 0.021111 0.029654
0 0.751784 0.781713 0.022222 0.034596
0 0.672340 0.448105 0.023333 0.036244
0 0.350673 0.702636 0.037778 0.044481
0 0.028451 0.445634 0.022222 0.034596
0 0.312340 0.406919 0.023333 0.032949
0 0.183451 0.742175 0.021111 0.034596
0 0.054006 0.447282 0.022222 0.037891
0 0.053451 0.614498 0.025556 0.036244
0 0.157895 0.406096 0.021111 0.031301
0 0.157340 0.448929 0.022222 0.034596
0 0.775117 0.326194 0.024444 0.036244
0 0.802340 0.406919 0.021111 0.032949
0 0.132340 0.446458 0.021111 0.032949
0 0.404006 0.527183 0.031111 0.036244
0 0.402895 0.237232 0.044444 0.042834
0 0.029562 0.490115 0.024444 0.037891
0 0.003670 0.704283 0.007340 0.044481
0 0.300673 0.364909 0.035556 0.047776
0 0.041228 0.363262 0.034444 0.044481
0 0.804006 0.490115 0.022222 0.034596
0 0.545117 0.448105 0.020000 0.032949
0 0.144006 0.703460 0.037778 0.049423
0 0.827895 0.446458 0.021111 0.032949
0 0.725117 0.325371 0.020000 0.031301
0 0.091784 0.703460 0.033333 0.042834
0 0.053451 0.531301 0.023333 0.034596
0 0.814562 0.699341 0.036667 0.044481
0 0.144562 0.658979 0.034444 0.042834
0 0.002559 0.321252 0.005118 0.039539
0 0.700117 0.325371 0.021111 0.031301
0 0.672340 0.410214 0.023333 0.032949
0 0.829006 0.409390 0.021111 0.031301
0 0.724006 0.284185 0.022222 0.034596
0 0.092340 0.365733 0.034444 0.042834
0 0.609562 0.701812 0.035556 0.052718
0 0.661784 0.700165 0.035556 0.042834
0 0.094006 0.278418 0.035556 0.046129
0 0.196228 0.658979 0.033333 0.042834
0 0.815117 0.656507 0.035556 0.041186
0 0.350673 0.658979 0.035556 0.042834
0 0.802340 0.447282 0.025556 0.037891
0 0.196228 0.612026 0.035556 0.047776
0 0.506228 0.238880 0.033333 0.042834
0 0.040673 0.322076 0.033333 0.041186
0 0.815117 0.368204 0.033333 0.041186
0 0.829562 0.488468 0.024444 0.034596
0 0.763451 0.698517 0.034444 0.046129
0 0.247895 0.659802 0.034444 0.041186
0 0.092895 0.659802 0.033333 0.044481
0 0.133451 0.406919 0.023333 0.036244
0 0.041228 0.279242 0.036667 0.044481
0 0.557340 0.701812 0.035556 0.046129
0 0.003670 0.614498 0.007340 0.049423
0 0.570117 0.408567 0.023333 0.032949
0 0.300117 0.660626 0.034444 0.039539
0 0.003115 0.660626 0.006229 0.042834
0 0.092895 0.613674 0.033333 0.047776
0 0.661228 0.658155 0.034444 0.041186
0 0.145117 0.320428 0.033333 0.037891
0 0.454562 0.323723 0.034444 0.041186
0 0.351228 0.614498 0.036667 0.046129
0 0.004225 0.364909 0.008451 0.044481
0 0.609562 0.612850 0.035556 0.046129
0 0.557340 0.367381 0.035556 0.046129
0 0.711784 0.701812 0.035556 0.046129
0 0.196784 0.322900 0.034444 0.039539
0 0.300117 0.322900 0.034444 0.039539
0 0.299006 0.613674 0.034444 0.051071
0 0.144562 0.613674 0.036667 0.047776
0 0.145117 0.364086 0.037778 0.046129
0 0.247895 0.322076 0.034444 0.041186
0 0.455673 0.282537 0.032222 0.041186
0 0.247340 0.702636 0.035556 0.044481
0 0.506784 0.281713 0.034444 0.039539
0 0.003670 0.278418 0.007340 0.049423
0 0.557895 0.657331 0.034444 0.042834
0 0.092895 0.322076 0.035556 0.041186
0 0.712340 0.658979 0.034444 0.042834
0 0.558451 0.612850 0.035556 0.046129
0 0.145117 0.279242 0.035556 0.044481
0 0.196228 0.279242 0.033333 0.044481
0 0.762895 0.656507 0.033333 0.041186
0 0.300117 0.279242 0.034444 0.047776
0 0.814562 0.283361 0.036667 0.046129
0 0.815117 0.611203 0.035556 0.046129
0 0.762340 0.612026 0.034444 0.044481
0 0.506784 0.191928 0.032222 0.047776
0 0.247895 0.366557 0.034444 0.051071
0 0.660673 0.613674 0.035556 0.047776
0 0.660117 0.365733 0.036667 0.049423
0 0.660117 0.282537 0.034444 0.044481
0 0.404006 0.443163 0.042222 0.046129
0 0.352340 0.322076 0.034444 0.041186
0 0.248451 0.612850 0.035556 0.049423
0 0.557895 0.280890 0.034444 0.044481
0 0.814562 0.327018 0.034444 0.041186
0 0.247340 0.278418 0.035556 0.046129
0 0.557340 0.325371 0.033333 0.041186
0 0.352340 0.278418 0.034444 0.042834
0 0.712895 0.612850 0.033333 0.046129
0 0.607895 0.280890 0.034444 0.044481
0 0.506784 0.325371 0.034444 0.044481
0 0.607895 0.325371 0.034444 0.041186
0 0.607895 0.369028 0.034444 0.046129
0 0.456228 0.237232 0.033333 0.046129
0 0.404006 0.487644 0.040000 0.042834
0 0.404006 0.271829 0.042222 0.029654
0 0.007003 0.865733 0.014007 0.041186
0 0.415673 0.739703 0.021111 0.029654
0 0.339562 0.908567 0.022222 0.034596
0 0.804562 0.821252 0.023333 0.034596
0 0.339562 0.823723 0.024444 0.036244
0 0.007003 0.780066 0.014007 0.037891
0 0.029006 0.741351 0.021111 0.032949
0 0.753451 0.863262 0.023333 0.032949
0 0.805117 0.864086 0.024444 0.034596
0 0.829562 0.742998 0.022222 0.036244
0 0.005892 0.743822 0.011784 0.031301
0 0.311784 0.780890 0.024444 0.032949
0 0.775673 0.783361 0.021111 0.034596
0 0.775117 0.282537 0.022222 0.031301
0 0.364006 0.781713 0.022222 0.031301
0 0.724562 0.365733 0.023333 0.032949
0 0.455117 0.366557 0.035556 0.034596
0 0.055117 0.406919 0.020000 0.032949
0 0.197340 0.363262 0.035556 0.044481
0 0.752895 0.822076 0.024444 0.032949
0 0.053451 0.572488 0.023333 0.031301
0 0.806228 0.908567 0.024444 0.037891
0 0.183451 0.781713 0.021111 0.034596
0 0.196228 0.700165 0.035556 0.042834
0 0.777895 0.865733 0.021111 0.034596
0 0.404006 0.369028 0.044444 0.032949
0 0.210117 0.781713 0.021111 0.031301
0 0.830117 0.908567 0.023333 0.034596
0 0.309562 0.742998 0.026667 0.032949
0 0.404562 0.338550 0.043333 0.031301
0 0.403451 0.202636 0.047778 0.029654
0 0.357895 0.366557 0.023333 0.037891
0 0.752340 0.906919 0.023333 0.034596
0 0.698451 0.281713 0.022222 0.032949
0 0.830117 0.864909 0.023333 0.036244
0 0.210117 0.741351 0.021111 0.029654
0 0.805117 0.739703 0.024444 0.032949
0 0.054006 0.701812 0.022222 0.036244
0 0.404006 0.170511 0.044444 0.037891
