0 0.431403 0.245066 0.035556 0.042763
0 0.430848 0.789474 0.034444 0.039474
0 0.990701 0.707237 0.016375 0.042763
0 0.276959 0.289474 0.035556 0.039474
0 0.741959 0.749178 0.032222 0.041118
0 0.990702 0.538651 0.016374 0.044408
0 0.327515 0.496711 0.036667 0.042763
0 0.586403 0.331414 0.032222 0.044408
0 0.483070 0.200658 0.034444 0.049342
0 0.991257 0.665296 0.015263 0.041118
0 0.276403 0.540296 0.034444 0.037829
0 0.326959 0.453947 0.035556 0.042763
0 0.793070 0.749178 0.036667 0.044408
0 0.690848 0.312500 0.043333 0.039474
0 0.793070 0.916118 0.038889 0.046053
0 0.793626 0.497533 0.035556 0.041118
0 0.329181 0.287007 0.033333 0.037829
0 0.535292 0.833059 0.036667 0.041118
0 0.990702 0.579770 0.016374 0.037829
0 0.586959 0.872533 0.033333 0.044408
0 0.586959 0.413651 0.033333 0.037829
0 0.379737 0.245066 0.032222 0.042763
0 0.326959 0.790296 0.033333 0.037829
0 0.586403 0.583059 0.034444 0.041118
0 0.535292 0.667763 0.034444 0.042763
0 0.431959 0.499178 0.034444 0.041118
0 0.689181 0.246711 0.044444 0.039474
0 0.793626 0.705592 0.035556 0.042763
0 0.690848 0.180921 0.045556 0.036184
0 0.741403 0.833059 0.033333 0.041118
0 0.947515 0.413651 0.032222 0.037829
0 0.327515 0.916118 0.036667 0.046053
0 0.742515 0.665296 0.035556 0.037829
0 0.586959 0.787007 0.031111 0.041118
0 0.793070 0.873355 0.034444 0.039474
0 0.535292 0.873355 0.036667 0.039474
0 0.276959 0.497533 0.035556 0.044408
0 0.276959 0.456414 0.033333 0.041118
0 0.378626 0.332237 0.034444 0.042763
0 0.948070 0.329770 0.035556 0.041118
0 0.690292 0.146382 0.044444 0.032895
0 0.327515 0.872533 0.038889 0.037829
0 0.741403 0.500000 0.035556 0.039474
0 0.691403 0.348684 0.042222 0.032895
0 0.690848 0.279605 0.041111 0.032895
0 0.704181 0.748355 0.025556 0.036184
0 0.275292 0.874178 0.034444 0.044408
0 0.689737 0.212171 0.045556 0.029605
0 0.276959 0.749178 0.037778 0.024671
0 0.741959 0.537829 0.036667 0.026316
0 0.690292 0.497533 0.040000 0.031250
0 0.276403 0.833059 0.036667 0.037829
0 0.327515 0.539474 0.034444 0.042763
0 0.793070 0.791118 0.036667 0.046053
0 0.691403 0.378289 0.042222 0.036184
0 0.741959 0.791118 0.032222 0.042763
0 0.586959 0.746711 0.031111 0.036184
0 0.535848 0.708882 0.035556 0.039474
0 0.277515 0.201480 0.036667 0.054276
0 0.793070 0.834704 0.036667 0.041118
0 0.742515 0.876645 0.035556 0.042763
0 0.326959 0.580592 0.035556 0.039474
0 0.276959 0.329770 0.037778 0.044408
0 0.741403 0.707237 0.031111 0.042763
0 0.741403 0.375822 0.033333 0.041118
0 0.277792 0.919408 0.035000 0.046053
0 0.534737 0.199836 0.033333 0.047697
0 0.741959 0.624178 0.036667 0.044408
0 0.535292 0.455592 0.034444 0.042763
0 0.534181 0.245888 0.034444 0.041118
0 0.990146 0.290296 0.017485 0.044408
0 0.793070 0.248355 0.034444 0.042763
0 0.792515 0.204770 0.035556 0.044408
0 0.587515 0.455592 0.034444 0.042763
0 0.430292 0.663651 0.035556 0.041118
0 0.535292 0.412829 0.032222 0.042763
0 0.379181 0.289474 0.033333 0.042763
0 0.990146 0.414474 0.017485 0.042763
0 0.535292 0.329770 0.036667 0.044408
0 0.990701 0.621711 0.016375 0.046053
0 0.843626 0.250822 0.033333 0.044408
0 0.844181 0.157072 0.034444 0.047697
0 0.990146 0.456414 0.017485 0.044408
0 0.326959 0.622533 0.037778 0.044408
0 0.990146 0.247533 0.017485 0.041118
0 0.794737 0.582237 0.035556 0.042763
0 0.535292 0.287829 0.034444 0.042763
0 0.741403 0.415296 0.033333 0.041118
0 0.637515 0.155428 0.034444 0.047697
0 0.431403 0.706414 0.035556 0.041118
0 0.844181 0.203947 0.036667 0.046053
0 0.327515 0.831414 0.036667 0.044408
0 0.946959 0.374178 0.035556 0.044408
0 0.535848 0.582237 0.035556 0.042763
0 0.329737 0.156250 0.038889 0.042763
0 0.535848 0.370066 0.033333 0.039474
0 0.483626 0.288651 0.035556 0.044408
0 0.274737 0.622533 0.035556 0.044408
0 0.894737 0.250000 0.035556 0.042763
0 0.327515 0.328125 0.034444 0.044408
0 0.741959 0.457237 0.034444 0.042763
0 0.431959 0.455592 0.036667 0.046053
0 0.275848 0.789474 0.037778 0.046053
0 0.431403 0.288651 0.035556 0.044408
0 0.326959 0.708059 0.037778 0.041118
0 0.276959 0.412829 0.035556 0.042763
0 0.586959 0.541941 0.035556 0.044408
0 0.990146 0.333882 0.017485 0.042763
0 0.534737 0.497533 0.033333 0.044408
0 0.431403 0.156250 0.037778 0.046053
0 0.430848 0.623355 0.032222 0.039474
0 0.947515 0.455592 0.034444 0.046053
0 0.587515 0.246711 0.034444 0.042763
0 0.535848 0.540296 0.035556 0.041118
0 0.792515 0.157895 0.035556 0.046053
0 0.431403 0.749178 0.033333 0.041118
0 0.329737 0.244243 0.034444 0.044408
0 0.431959 0.831414 0.036667 0.044408
0 0.276403 0.710526 0.036667 0.046053
0 0.431403 0.581414 0.035556 0.041118
0 0.741403 0.578125 0.035556 0.044408
0 0.894181 0.206414 0.034444 0.044408
0 0.536403 0.790296 0.036667 0.044408
0 0.326959 0.750000 0.035556 0.042763
0 0.326959 0.666118 0.035556 0.042763
0 0.793626 0.414474 0.035556 0.042763
0 0.431959 0.371711 0.036667 0.046053
0 0.690292 0.451480 0.040000 0.047697
0 0.741403 0.333882 0.033333 0.042763
0 0.277515 0.248355 0.036667 0.039474
0 0.947515 0.249178 0.034444 0.044408
0 0.794181 0.539474 0.036667 0.042763
0 0.275848 0.666118 0.035556 0.042763
0 0.586403 0.666118 0.032222 0.042763
0 0.276959 0.371711 0.035556 0.039474
0 0.586959 0.498355 0.035556 0.042763
0 0.793070 0.333882 0.032222 0.039474
0 0.794181 0.458059 0.036667 0.041118
0 0.793626 0.623355 0.035556 0.042763
0 0.948626 0.290296 0.034444 0.037829
0 0.431403 0.201480 0.037778 0.044408
0 0.380292 0.199836 0.033333 0.047697
0 0.535848 0.747533 0.035556 0.041118
0 0.328626 0.372533 0.034444 0.044408
0 0.793070 0.664474 0.034444 0.042763
0 0.793626 0.374178 0.033333 0.041118
0 0.587515 0.707237 0.034444 0.042763
0 0.329737 0.199836 0.036667 0.044408
0 0.947515 0.203947 0.034444 0.046053
0 0.535848 0.625822 0.033333 0.041118
0 0.484737 0.330592 0.035556 0.042763
0 0.431403 0.918586 0.040000 0.044408
0 0.431403 0.875000 0.037778 0.042763
0 0.990146 0.374178 0.017485 0.037829
0 0.431403 0.330592 0.033333 0.039474
0 0.587515 0.916941 0.036667 0.044408
0 0.990146 0.203125 0.017485 0.047697
0 0.275848 0.580592 0.035556 0.039474
0 0.535292 0.915296 0.036667 0.047697
0 0.947515 0.159539 0.034444 0.046053
0 0.586403 0.373355 0.032222 0.042763
0 0.947515 0.500822 0.034444 0.044408
0 0.586403 0.828947 0.032222 0.042763
0 0.586959 0.624178 0.033333 0.041118
0 0.327515 0.413651 0.032222 0.041118
0 0.638070 0.245066 0.033333 0.039474
0 0.481959 0.245066 0.036667 0.039474
0 0.431403 0.415296 0.035556 0.037829
0 0.431403 0.540296 0.035556 0.044408
0 0.990146 0.497533 0.017485 0.037829
0 0.742515 0.287007 0.035556 0.047697
0 0.586403 0.201480 0.036667 0.047697
0 0.894737 0.158717 0.037778 0.047697
0 0.586959 0.288651 0.033333 0.041118
0 0.586959 0.152138 0.037778 0.047697
0 0.638626 0.201480 0.036667 0.044408
0 0.793070 0.292763 0.034444 0.042763
