0 0.024220 0.826765 0.023333 0.034483
0 0.016277 0.375205 0.032553 0.044335
0 0.529220 0.663383 0.035556 0.039409
0 0.004610 0.456486 0.009220 0.036125
0 0.023665 0.454844 0.022222 0.036125
0 0.838665 0.336617 0.032222 0.039409
0 0.220887 0.291461 0.036667 0.041051
0 0.324220 0.335796 0.036667 0.037767
0 0.579220 0.704433 0.037778 0.045977
0 0.723665 0.458128 0.020000 0.032841
0 0.336443 0.746305 0.021111 0.034483
0 0.023109 0.785714 0.023333 0.034483
0 0.479776 0.620690 0.034444 0.049261
0 0.219776 0.206076 0.034444 0.054187
0 0.004054 0.745484 0.008109 0.032841
0 0.426998 0.185550 0.042222 0.039409
0 0.125332 0.787356 0.027778 0.034483
0 0.311998 0.457307 0.023333 0.034483
0 0.593665 0.457307 0.022222 0.031199
0 0.337554 0.457307 0.023333 0.037767
0 0.569776 0.746305 0.023333 0.034483
0 0.748109 0.458949 0.022222 0.034483
0 0.016277 0.293924 0.032554 0.045977
0 0.125332 0.747947 0.025556 0.037767
0 0.748109 0.420361 0.020000 0.032841
0 0.429220 0.316913 0.042222 0.039409
0 0.594220 0.539409 0.023333 0.031199
0 0.593109 0.499179 0.023333 0.036125
0 0.311443 0.743842 0.022222 0.032841
0 0.323665 0.704433 0.033333 0.042693
0 0.168665 0.415435 0.034444 0.036125
0 0.005166 0.784893 0.010331 0.036125
0 0.568665 0.414614 0.021111 0.034483
0 0.478665 0.665025 0.034444 0.039409
0 0.024220 0.866995 0.021111 0.036125
0 0.005166 0.868637 0.010332 0.036125
0 0.311998 0.828407 0.021111 0.034483
0 0.004610 0.414614 0.009220 0.034483
0 0.683109 0.252053 0.034444 0.031199
0 0.004610 0.825123 0.009220 0.034483
0 0.592554 0.417077 0.022222 0.036125
0 0.023665 0.745484 0.022222 0.036125
0 0.313109 0.415435 0.025556 0.036125
0 0.426998 0.151067 0.046667 0.032841
0 0.338109 0.415435 0.022222 0.032841
0 0.786443 0.335796 0.034444 0.034483
0 0.631443 0.334975 0.035556 0.029557
0 0.569776 0.866174 0.023333 0.034483
0 0.837554 0.254516 0.036667 0.032841
0 0.427554 0.535304 0.030000 0.039409
0 0.568665 0.786535 0.021111 0.036125
0 0.632554 0.417898 0.035556 0.034483
0 0.336443 0.785714 0.021111 0.031199
0 0.569776 0.827586 0.023333 0.032841
0 0.426998 0.249589 0.042222 0.039409
0 0.595887 0.912972 0.022222 0.032841
0 0.311998 0.787356 0.023333 0.037767
0 0.169220 0.332512 0.033333 0.031199
0 0.478109 0.707718 0.037778 0.045977
0 0.429220 0.351396 0.042222 0.032841
0 0.005721 0.911330 0.011442 0.036125
0 0.594776 0.826765 0.022222 0.037767
0 0.023665 0.912151 0.022222 0.034483
0 0.429220 0.379310 0.044444 0.036125
0 0.439220 0.737274 0.022222 0.026273
0 0.786998 0.417898 0.037778 0.027915
0 0.220887 0.333333 0.036667 0.036125
0 0.594220 0.785714 0.023333 0.034483
0 0.015165 0.333333 0.030331 0.036125
0 0.116998 0.334154 0.033333 0.037767
0 0.595332 0.866995 0.023333 0.036125
0 0.593109 0.744663 0.021111 0.034483
0 0.426998 0.219212 0.044444 0.027915
0 0.335887 0.868637 0.024444 0.036125
0 0.428109 0.284893 0.040000 0.031199
0 0.220332 0.251232 0.033333 0.032841
0 0.126443 0.868637 0.025556 0.039409
0 0.024220 0.417077 0.023333 0.032841
0 0.569220 0.910509 0.022222 0.037767
0 0.438715 0.755624 0.031611 0.009212
0 0.478109 0.292282 0.035556 0.045977
0 0.428109 0.494253 0.037778 0.042693
0 0.580332 0.293924 0.033333 0.049261
0 0.785887 0.250411 0.035556 0.047619
0 0.530332 0.293103 0.035556 0.047619
0 0.630332 0.249589 0.035556 0.049261
0 0.271998 0.662562 0.036667 0.044335
0 0.478665 0.376847 0.036667 0.044335
0 0.683109 0.207718 0.036667 0.054187
0 0.734220 0.294745 0.036667 0.050903
0 0.271998 0.375205 0.034444 0.044335
0 0.115887 0.662562 0.035556 0.041051
0 0.427554 0.450739 0.041111 0.044335
0 0.838109 0.208539 0.035556 0.052545
0 0.375332 0.706897 0.036667 0.044335
0 0.376443 0.663383 0.034444 0.042693
0 0.734220 0.376026 0.034444 0.049261
0 0.066443 0.293103 0.036667 0.044335
0 0.683109 0.376847 0.036667 0.044335
0 0.376443 0.293103 0.036667 0.044335
0 0.324220 0.292282 0.036667 0.049261
0 0.786443 0.295567 0.034444 0.042693
0 0.683109 0.294745 0.034444 0.047619
0 0.118109 0.376026 0.037778 0.045977
0 0.064776 0.374384 0.035556 0.042693
0 0.065887 0.334154 0.037778 0.041051
0 0.528665 0.376026 0.036667 0.042693
0 0.271998 0.707718 0.036667 0.045977
0 0.838109 0.376026 0.035556 0.042693
0 0.323665 0.663383 0.033333 0.042693
0 0.376443 0.336617 0.034444 0.039409
0 0.272554 0.619048 0.033333 0.045977
0 0.116443 0.618227 0.034444 0.047619
0 0.529220 0.336617 0.035556 0.039409
0 0.478665 0.336617 0.034444 0.039409
0 0.375887 0.376847 0.035556 0.044335
0 0.530887 0.619869 0.034444 0.047619
0 0.682554 0.335796 0.035556 0.037767
0 0.631443 0.295567 0.033333 0.042693
0 0.168665 0.250411 0.034444 0.047619
0 0.375887 0.617406 0.035556 0.045977
0 0.014055 0.616585 0.028110 0.047619
0 0.530332 0.705255 0.037778 0.047619
0 0.115332 0.705255 0.036667 0.044335
0 0.579776 0.376026 0.036667 0.042693
0 0.273665 0.292282 0.035556 0.045977
0 0.220332 0.374384 0.037778 0.045977
0 0.064220 0.618227 0.034444 0.047619
0 0.580887 0.336617 0.034444 0.039409
0 0.786998 0.376026 0.035556 0.045977
0 0.063109 0.663383 0.034444 0.042693
0 0.631443 0.374384 0.035556 0.045977
0 0.117554 0.293103 0.034444 0.044335
0 0.014610 0.661741 0.029221 0.042693
0 0.838109 0.293103 0.035556 0.044335
0 0.323109 0.618227 0.032222 0.047619
0 0.014610 0.706076 0.029221 0.045977
0 0.169220 0.295567 0.033333 0.042693
0 0.568665 0.455665 0.021111 0.037767
0 0.273109 0.334975 0.034444 0.039409
0 0.580887 0.663383 0.034444 0.039409
0 0.580887 0.619048 0.034444 0.049261
0 0.723109 0.417898 0.021111 0.031199
0 0.168665 0.371921 0.034444 0.044335
0 0.568665 0.497537 0.018889 0.029557
0 0.324220 0.374384 0.036667 0.039409
0 0.336443 0.825944 0.023333 0.036125
0 0.022554 0.496716 0.026667 0.037767
0 0.062554 0.705255 0.037778 0.044335
