0 0.203019 0.851266 0.036250 0.031646
0 0.438019 0.669225 0.023750 0.018829
0 0.438144 0.861630 0.021000 0.017563
0 0.439269 0.597231 0.021250 0.020411
0 0.438019 0.636946 0.023750 0.017563
0 0.426388 0.394707 0.029038 0.019351
0 0.427169 0.413900 0.031100 0.019035
0 0.425482 0.440142 0.030325 0.031487
0 0.426394 0.463608 0.020750 0.016741
0 0.438188 0.654391 0.021612 0.017959
0 0.438800 0.884676 0.020162 0.026440
0 0.367494 0.855752 0.029150 0.035269
0 0.368119 0.888014 0.033950 0.029256
0 0.026669 0.343449 0.018575 0.024620
0 0.425357 0.337120 0.033175 0.020348
0 0.427819 0.357302 0.028250 0.019351
0 0.426763 0.376986 0.033987 0.021313
0 0.438750 0.685578 0.021313 0.015111
0 0.258644 0.787184 0.035000 0.033228
0 0.644269 0.760285 0.033750 0.033228
0 0.313644 0.757911 0.032500 0.031646
0 0.591144 0.411392 0.032500 0.028481
0 0.826769 0.507120 0.023750 0.030063
0 0.093644 0.435918 0.032500 0.033228
0 0.052394 0.435127 0.025000 0.034810
0 0.590519 0.628165 0.033750 0.034810
0 0.590519 0.600475 0.031250 0.030063
0 0.718019 0.267405 0.021250 0.028481
0 0.812394 0.412184 0.035000 0.033228
0 0.203644 0.659019 0.035000 0.033228
0 0.701144 0.602057 0.035000 0.030063
0 0.633019 0.300633 0.026250 0.028481
0 0.203644 0.468354 0.035000 0.037975
0 0.646769 0.444620 0.033750 0.031646
0 0.478644 0.789557 0.035000 0.034810
0 0.646769 0.475475 0.033750 0.033228
0 0.826144 0.476266 0.022500 0.028481
0 0.799269 0.475475 0.021250 0.030063
0 0.258644 0.882911 0.035000 0.031646
0 0.023019 0.532437 0.023750 0.033228
0 0.644894 0.728639 0.035000 0.033228
0 0.588644 0.856804 0.035000 0.030063
0 0.202394 0.819620 0.035000 0.034810
0 0.646769 0.412184 0.036250 0.033228
0 0.646144 0.632120 0.032500 0.030063
0 0.258644 0.627373 0.035000 0.036392
0 0.479894 0.661392 0.032500 0.031646
0 0.607394 0.161392 0.025000 0.031646
0 0.051144 0.561709 0.022500 0.028481
0 0.204269 0.435918 0.033750 0.030063
0 0.258019 0.818038 0.036250 0.031646
0 0.826144 0.445411 0.025000 0.033228
0 0.701144 0.541139 0.032500 0.031646
0 0.366769 0.756329 0.033750 0.031646
0 0.478019 0.821994 0.033750 0.033228
0 0.699894 0.826741 0.032500 0.030063
0 0.812394 0.380538 0.035000 0.030063
0 0.646144 0.505538 0.035000 0.030063
0 0.634894 0.195411 0.027500 0.030063
0 0.811769 0.603639 0.033750 0.030063
0 0.701769 0.412184 0.033750 0.030063
0 0.536769 0.441456 0.033750 0.031646
0 0.699894 0.761076 0.032500 0.031646
0 0.810519 0.666139 0.033750 0.031646
0 0.644269 0.858386 0.033750 0.030063
0 0.023644 0.433544 0.022500 0.028481
0 0.700519 0.442247 0.033750 0.030063
0 0.094894 0.400316 0.035000 0.037975
0 0.477394 0.886076 0.035000 0.031646
0 0.699894 0.728639 0.035000 0.033228
0 0.812394 0.572785 0.035000 0.031646
0 0.688644 0.302215 0.025000 0.028481
0 0.203644 0.563291 0.032500 0.031646
0 0.202394 0.786392 0.035000 0.031646
0 0.202394 0.882911 0.035000 0.031646
0 0.588019 0.791139 0.033750 0.031646
0 0.700519 0.633703 0.033750 0.033228
0 0.700519 0.697785 0.036250 0.031646
0 0.314269 0.789557 0.033750 0.031646
0 0.051144 0.465981 0.022500 0.026899
0 0.024269 0.499209 0.023750 0.030063
0 0.050519 0.339399 0.023750 0.030063
0 0.827394 0.346519 0.020000 0.025316
0 0.259894 0.658228 0.035000 0.018987
0 0.313019 0.879747 0.033750 0.041139
0 0.425519 0.542722 0.036250 0.031646
0 0.481144 0.399525 0.032500 0.033228
0 0.312394 0.854430 0.032500 0.037975
0 0.438644 0.617880 0.020000 0.020570
0 0.481769 0.434335 0.033750 0.033228
0 0.424269 0.515032 0.038750 0.036392
0 0.646769 0.571203 0.033750 0.028481
0 0.204269 0.500000 0.036250 0.031646
0 0.438644 0.704905 0.020000 0.023734
0 0.259894 0.436709 0.035000 0.031646
0 0.589269 0.757911 0.033750 0.034810
0 0.689894 0.199367 0.025000 0.028481
0 0.259894 0.500791 0.035000 0.030063
0 0.037394 0.401899 0.032500 0.031646
0 0.479894 0.725475 0.035000 0.030063
0 0.438019 0.578323 0.021250 0.020570
0 0.480519 0.694620 0.033750 0.034810
0 0.646144 0.601266 0.032500 0.031646
0 0.370519 0.567247 0.031250 0.026899
0 0.799269 0.443829 0.021250 0.023734
0 0.800519 0.349684 0.021250 0.028481
0 0.423019 0.800633 0.033750 0.031646
0 0.588019 0.889241 0.033750 0.031646
0 0.801144 0.503956 0.022500 0.026899
0 0.700519 0.572785 0.033750 0.031646
0 0.038644 0.371835 0.032500 0.028481
0 0.590519 0.727057 0.033750 0.033228
0 0.259269 0.469146 0.033750 0.033228
0 0.591144 0.440665 0.035000 0.033228
0 0.698644 0.857595 0.035000 0.031646
0 0.699269 0.890032 0.033750 0.033228
0 0.313644 0.725475 0.032500 0.036392
0 0.314269 0.659019 0.031250 0.030063
0 0.700519 0.665348 0.036250 0.033228
0 0.719269 0.162975 0.026250 0.031646
0 0.051769 0.528481 0.021250 0.028481
0 0.644894 0.791930 0.035000 0.033228
0 0.259894 0.404272 0.037500 0.036392
0 0.258644 0.689082 0.035000 0.036392
0 0.661769 0.268987 0.023750 0.031646
0 0.314269 0.821203 0.033750 0.031646
0 0.813019 0.539557 0.036250 0.034810
0 0.023019 0.465190 0.021250 0.028481
0 0.367394 0.787975 0.035000 0.031646
0 0.700519 0.794304 0.033750 0.034810
0 0.811144 0.635285 0.032500 0.033228
0 0.204269 0.532437 0.033750 0.033228
0 0.478019 0.855222 0.033750 0.033228
0 0.259269 0.595728 0.033750 0.030063
0 0.757394 0.412975 0.032500 0.031646
0 0.369269 0.627373 0.033750 0.026899
0 0.203644 0.594937 0.035000 0.031646
0 0.691144 0.164557 0.025000 0.031646
0 0.258019 0.850475 0.036250 0.036392
0 0.203644 0.690665 0.035000 0.030063
0 0.645519 0.696994 0.033750 0.033228
0 0.718019 0.231804 0.023750 0.033228
0 0.051769 0.498418 0.021250 0.028481
0 0.688644 0.268196 0.027500 0.030063
0 0.536769 0.474684 0.033750 0.034810
0 0.368644 0.693829 0.032500 0.033228
0 0.316144 0.437500 0.035000 0.033228
0 0.663019 0.162184 0.023750 0.030063
0 0.591769 0.377373 0.031250 0.036392
0 0.758019 0.381329 0.033750 0.031646
0 0.718644 0.302215 0.025000 0.031646
0 0.689894 0.233386 0.025000 0.030063
0 0.633019 0.267405 0.026250 0.028481
0 0.314894 0.468354 0.035000 0.031646
0 0.203019 0.626582 0.033750 0.031646
0 0.259269 0.564082 0.033750 0.030063
0 0.478644 0.756329 0.037500 0.034810
0 0.367394 0.726266 0.035000 0.031646
0 0.202394 0.754747 0.037500 0.031646
0 0.758019 0.348101 0.036250 0.034810
0 0.589269 0.823576 0.033750 0.036392
0 0.719269 0.197785 0.026250 0.031646
0 0.662394 0.232595 0.022500 0.031646
0 0.368644 0.821203 0.035000 0.034810
0 0.478644 0.600475 0.032500 0.030063
0 0.479894 0.537975 0.032500 0.031646
0 0.093644 0.468354 0.035000 0.034810
0 0.589894 0.694620 0.035000 0.031646
0 0.258644 0.754747 0.035000 0.034810
0 0.811144 0.698576 0.035000 0.033228
0 0.370519 0.502373 0.033750 0.033228
0 0.258644 0.723101 0.035000 0.031646
0 0.370519 0.471519 0.033750 0.031646
0 0.661769 0.302215 0.023750 0.028481
0 0.644894 0.825949 0.035000 0.034810
0 0.479269 0.630538 0.033750 0.033228
0 0.701144 0.473892 0.035000 0.033228
0 0.313644 0.628165 0.032500 0.031646
0 0.036144 0.690665 0.035000 0.030063
0 0.316769 0.403481 0.036250 0.034810
0 0.537394 0.376582 0.035000 0.034810
0 0.314269 0.535601 0.033750 0.030063
0 0.480519 0.506329 0.031250 0.031646
0 0.093644 0.595728 0.032500 0.036392
0 0.203644 0.721519 0.032500 0.031646
0 0.590519 0.505538 0.033750 0.030063
0 0.757394 0.443829 0.032500 0.033228
0 0.536144 0.409810 0.035000 0.031646
0 0.644894 0.663766 0.035000 0.033228
0 0.644269 0.889241 0.036250 0.034810
0 0.590519 0.662184 0.033750 0.033228
0 0.591769 0.473892 0.033750 0.033228
0 0.368644 0.661392 0.032500 0.034810
0 0.093019 0.531646 0.033750 0.034810
0 0.149269 0.436709 0.033750 0.031646
0 0.093644 0.500791 0.035000 0.030063
0 0.632394 0.234968 0.027500 0.030063
0 0.036769 0.723101 0.036250 0.034810
0 0.591144 0.569620 0.032500 0.031646
0 0.479894 0.568829 0.035000 0.033228
0 0.314894 0.564873 0.035000 0.031646
0 0.092394 0.562500 0.032500 0.030063
0 0.703019 0.378956 0.036250 0.036392
0 0.036769 0.658228 0.036250 0.034810
0 0.661769 0.197785 0.023750 0.031646
0 0.149894 0.402690 0.032500 0.036392
0 0.258644 0.533228 0.035000 0.034810
0 0.314269 0.596519 0.033750 0.031646
0 0.591769 0.537975 0.033750 0.031646
0 0.036144 0.625791 0.035000 0.033228
0 0.701769 0.507120 0.033750 0.033228
0 0.605519 0.196994 0.026250 0.033228
0 0.038019 0.590981 0.036250 0.036392
0 0.636144 0.162184 0.025000 0.033228
0 0.646769 0.538766 0.033750 0.036392
0 0.204894 0.402690 0.035000 0.036392
0 0.369894 0.596519 0.035000 0.034810
0 0.756769 0.477057 0.033750 0.033228
0 0.647394 0.377373 0.035000 0.036392
0 0.149269 0.469937 0.036250 0.034810
0 0.370519 0.536392 0.033750 0.034810
0 0.313644 0.691456 0.032500 0.034810
0 0.371144 0.439082 0.035000 0.033228
0 0.315519 0.503165 0.033750 0.034810
0 0.480519 0.471519 0.033750 0.034810
0 0.371144 0.403481 0.035000 0.037975
