0 0.556622 0.160883 0.035556 0.044164
0 0.502177 0.418770 0.033333 0.042587
0 0.449955 0.750789 0.035556 0.041009
0 0.718844 0.667192 0.035556 0.041009
0 0.244399 0.668770 0.037778 0.041009
0 0.136066 0.507098 0.034444 0.039432
0 0.136622 0.381703 0.031111 0.037855
0 0.343288 0.503943 0.033333 0.039432
0 0.242177 0.294953 0.035556 0.044164
0 0.556622 0.458991 0.031111 0.037855
0 0.083844 0.424290 0.036667 0.041009
0 0.503288 0.829653 0.035556 0.044164
0 0.245510 0.834385 0.037778 0.041009
0 0.029399 0.509464 0.034444 0.037855
0 0.449399 0.831230 0.034444 0.041009
0 0.558288 0.707413 0.036667 0.042587
0 0.502733 0.586751 0.036667 0.044164
0 0.241066 0.208202 0.035556 0.041009
0 0.718288 0.626183 0.036667 0.037855
0 0.717733 0.500000 0.037778 0.044164
0 0.503844 0.750000 0.036667 0.042587
0 0.292733 0.457413 0.034444 0.044164
0 0.030510 0.631703 0.036667 0.045741
0 0.029955 0.167192 0.037778 0.050473
0 0.303288 0.738722 0.022222 0.029495
0 0.304510 0.759882 0.021222 0.012224
0 0.665510 0.667981 0.035556 0.042587
0 0.187177 0.208991 0.036667 0.045741
0 0.137177 0.211356 0.034444 0.047319
0 0.242733 0.506309 0.036667 0.041009
0 0.343844 0.204259 0.036667 0.045741
0 0.134955 0.421136 0.032222 0.041009
0 0.191622 0.671136 0.036667 0.042587
0 0.502177 0.206625 0.035556 0.047319
0 0.663844 0.587539 0.036667 0.042587
0 0.557733 0.500789 0.035556 0.042587
0 0.342733 0.462145 0.036667 0.041009
0 0.242177 0.462145 0.035556 0.044164
0 0.395510 0.379338 0.033333 0.039432
0 0.556622 0.207413 0.035556 0.045741
0 0.342733 0.544164 0.034444 0.041009
0 0.137733 0.300473 0.033333 0.039432
0 0.137733 0.258675 0.035556 0.044164
0 0.664399 0.544164 0.035556 0.044164
0 0.557733 0.626972 0.035556 0.042587
0 0.189399 0.544953 0.036667 0.039432
0 0.557177 0.377760 0.036667 0.039432
0 0.448844 0.336751 0.035556 0.042587
0 0.189955 0.627760 0.035556 0.041009
0 0.611066 0.378549 0.035556 0.041009
0 0.397733 0.710568 0.037778 0.042587
0 0.343288 0.668770 0.035556 0.041009
0 0.397177 0.667981 0.036667 0.042587
0 0.189399 0.504732 0.036667 0.037855
0 0.342733 0.626972 0.034444 0.042587
0 0.503288 0.503155 0.035556 0.041009
0 0.136066 0.548896 0.034444 0.041009
0 0.557733 0.583596 0.035556 0.044164
0 0.449399 0.505521 0.036667 0.042587
0 0.557177 0.541798 0.036667 0.039432
0 0.449399 0.293375 0.036667 0.044164
0 0.136622 0.589117 0.033333 0.039432
0 0.449399 0.378549 0.036667 0.041009
0 0.029399 0.386435 0.036667 0.047319
0 0.395510 0.205836 0.035556 0.045741
0 0.502733 0.376183 0.036667 0.039432
0 0.557177 0.418770 0.036667 0.042587
0 0.187177 0.298107 0.032222 0.041009
0 0.242177 0.336751 0.035556 0.039432
0 0.448844 0.462934 0.035556 0.042587
0 0.395510 0.462145 0.033333 0.041009
0 0.450510 0.668770 0.034444 0.041009
0 0.609955 0.205836 0.035556 0.045741
0 0.083844 0.299685 0.034444 0.041009
0 0.718288 0.585174 0.036667 0.041009
0 0.502733 0.667192 0.034444 0.041009
0 0.396622 0.503155 0.033333 0.041009
0 0.396622 0.586751 0.035556 0.044164
0 0.503288 0.544164 0.035556 0.041009
0 0.188288 0.464511 0.036667 0.042587
0 0.609955 0.251577 0.035556 0.042587
0 0.396066 0.420347 0.034444 0.042587
0 0.609955 0.501577 0.035556 0.041009
0 0.294399 0.317823 0.037778 0.039432
0 0.187733 0.253943 0.035556 0.044164
0 0.245510 0.751577 0.037778 0.045741
0 0.189955 0.585962 0.033333 0.042587
0 0.666066 0.751577 0.036667 0.042587
0 0.504399 0.915615 0.037778 0.045741
0 0.396066 0.295741 0.034444 0.039432
0 0.718288 0.543375 0.036667 0.042587
0 0.241622 0.377760 0.034444 0.042587
0 0.663844 0.501577 0.034444 0.041009
0 0.450510 0.708991 0.036667 0.042587
0 0.558844 0.666404 0.035556 0.039432
0 0.663844 0.459779 0.034444 0.039432
0 0.395510 0.252366 0.037778 0.047319
0 0.503288 0.459779 0.035556 0.042587
0 0.664399 0.379338 0.035556 0.042587
0 0.084399 0.507886 0.035556 0.037855
0 0.449955 0.545741 0.037778 0.041009
0 0.083288 0.589905 0.031111 0.041009
0 0.448844 0.208202 0.037778 0.044164
0 0.030510 0.883281 0.038889 0.041009
0 0.448844 0.251577 0.035556 0.039432
0 0.138288 0.753155 0.034444 0.042587
0 0.137733 0.671924 0.033333 0.037855
0 0.342733 0.584385 0.032222 0.039432
0 0.396622 0.543375 0.031111 0.039432
0 0.611622 0.585174 0.032222 0.041009
0 0.394955 0.627760 0.036667 0.037855
0 0.719399 0.873028 0.034444 0.042587
0 0.664399 0.419558 0.033333 0.037855
0 0.292177 0.216877 0.044444 0.029968
0 0.082733 0.257098 0.032222 0.041009
0 0.291622 0.150631 0.043333 0.033123
0 0.083288 0.549685 0.033333 0.039432
0 0.719399 0.916404 0.036667 0.044164
0 0.343288 0.332019 0.033333 0.048896
0 0.503844 0.872240 0.034444 0.041009
0 0.718288 0.709779 0.034444 0.044164
0 0.292733 0.353312 0.038889 0.034700
0 0.342733 0.290221 0.034444 0.041009
0 0.292177 0.284700 0.040000 0.029968
0 0.138844 0.837539 0.035556 0.037855
0 0.664955 0.793375 0.032222 0.041009
0 0.666622 0.876183 0.035556 0.039432
0 0.241066 0.418770 0.035556 0.039432
0 0.244955 0.708991 0.038889 0.039432
0 0.665510 0.916404 0.035556 0.044164
0 0.720510 0.831230 0.034444 0.041009
0 0.718844 0.789432 0.033333 0.036278
0 0.291622 0.184543 0.041111 0.037855
0 0.718288 0.294164 0.034444 0.039432
0 0.193844 0.919558 0.036667 0.037855
0 0.191066 0.793375 0.035556 0.037855
0 0.558288 0.872240 0.034444 0.044164
0 0.029399 0.757098 0.034444 0.037855
0 0.396622 0.750000 0.028889 0.036278
0 0.029955 0.838328 0.035556 0.045741
0 0.247177 0.876183 0.036667 0.042587
0 0.292733 0.500000 0.034444 0.034700
0 0.292177 0.383281 0.037778 0.034700
0 0.718844 0.377760 0.035556 0.039432
0 0.663288 0.252366 0.035556 0.044164
0 0.717733 0.418770 0.037778 0.039432
0 0.503288 0.708202 0.035556 0.041009
0 0.503288 0.789432 0.035556 0.033123
0 0.193844 0.876183 0.036667 0.045741
0 0.396622 0.789432 0.028889 0.039432
0 0.246622 0.917981 0.037778 0.041009
0 0.449399 0.420347 0.036667 0.042587
0 0.139399 0.877760 0.036667 0.042587
0 0.028844 0.258675 0.035556 0.041009
0 0.718288 0.334385 0.036667 0.041009
0 0.663288 0.337539 0.033333 0.037855
0 0.719955 0.751577 0.035556 0.039432
0 0.557177 0.290221 0.034444 0.041009
0 0.343288 0.709779 0.037778 0.041009
0 0.717177 0.252366 0.034444 0.044164
0 0.665510 0.833596 0.035556 0.045741
0 0.449399 0.872240 0.032222 0.041009
0 0.397177 0.873028 0.034444 0.042587
0 0.241066 0.163249 0.037778 0.042587
0 0.558288 0.831230 0.034444 0.037855
0 0.397177 0.916404 0.036667 0.041009
0 0.557177 0.335174 0.034444 0.045741
0 0.193288 0.834385 0.035556 0.041009
0 0.557733 0.789432 0.035556 0.042587
0 0.242733 0.545741 0.036667 0.037855
0 0.718288 0.458202 0.036667 0.039432
0 0.243844 0.584385 0.034444 0.039432
0 0.610510 0.459779 0.034444 0.039432
0 0.083844 0.384858 0.034444 0.041009
0 0.029955 0.590694 0.035556 0.036278
0 0.610510 0.293375 0.034444 0.041009
0 0.139399 0.796530 0.034444 0.041009
0 0.084955 0.211356 0.036667 0.047319
0 0.558288 0.914826 0.036667 0.041009
0 0.191066 0.755521 0.037778 0.037855
0 0.343288 0.419558 0.035556 0.041009
0 0.557733 0.748423 0.037778 0.036278
0 0.292177 0.250000 0.042222 0.039432
0 0.449955 0.789432 0.033333 0.039432
0 0.449955 0.916404 0.033333 0.044164
0 0.717733 0.207413 0.037778 0.045741
0 0.663844 0.297319 0.036667 0.042587
0 0.140510 0.921136 0.036667 0.044164
0 0.502733 0.627760 0.034444 0.037855
0 0.188288 0.424290 0.034444 0.034700
0 0.449399 0.585174 0.034444 0.037855
0 0.031066 0.925079 0.040000 0.042587
0 0.137177 0.711356 0.032222 0.041009
0 0.503288 0.334385 0.037778 0.044164
0 0.245510 0.794164 0.035556 0.039432
0 0.663288 0.206625 0.037778 0.047319
0 0.029399 0.716877 0.036667 0.042587
0 0.241622 0.251577 0.034444 0.042587
0 0.028844 0.675079 0.035556 0.041009
0 0.343288 0.248423 0.035556 0.042587
0 0.556622 0.250789 0.035556 0.037855
0 0.029399 0.342271 0.034444 0.037855
0 0.503288 0.293375 0.035556 0.037855
0 0.610510 0.419558 0.034444 0.041009
0 0.029399 0.795741 0.034444 0.042587
0 0.191622 0.715300 0.036667 0.045741
0 0.397177 0.832019 0.034444 0.039432
0 0.243288 0.626972 0.037778 0.042587
0 0.342733 0.751577 0.036667 0.042587
0 0.343288 0.379338 0.035556 0.042587
0 0.029955 0.426656 0.033333 0.036278
0 0.666066 0.709779 0.034444 0.041009
0 0.029955 0.215300 0.035556 0.045741
0 0.664955 0.628549 0.034444 0.036278
0 0.084399 0.466088 0.035556 0.042587
0 0.028844 0.301262 0.035556 0.044164
0 0.137177 0.340694 0.032222 0.044164
0 0.450510 0.626183 0.036667 0.044164
0 0.136622 0.630126 0.035556 0.042587
0 0.029399 0.468454 0.036667 0.044164
0 0.188288 0.382492 0.036667 0.048896
0 0.083844 0.343060 0.036667 0.042587
0 0.187733 0.339117 0.035556 0.037855
0 0.503288 0.252366 0.037778 0.044164
0 0.611622 0.543375 0.034444 0.042587
0 0.395510 0.336751 0.035556 0.042587
0 0.030510 0.550473 0.036667 0.041009
0 0.610510 0.335962 0.036667 0.044164
0 0.135510 0.462934 0.035556 0.045741
