0 0.707406 0.186985 0.038889 0.047776
0 0.861851 0.190280 0.036667 0.044481
0 0.246295 0.144152 0.036667 0.047776
0 0.402406 0.278418 0.033333 0.039539
0 0.710184 0.827842 0.035556 0.041186
0 0.710184 0.783361 0.035556 0.044481
0 0.604628 0.144975 0.035556 0.049423
0 0.143517 0.239703 0.035556 0.044481
0 0.761295 0.864909 0.035556 0.042834
0 0.351295 0.408567 0.035556 0.042834
0 0.708517 0.233937 0.034444 0.046129
0 0.656851 0.361614 0.035556 0.044481
0 0.659073 0.656507 0.035556 0.041186
0 0.350739 0.488468 0.032222 0.044481
0 0.555739 0.489292 0.033333 0.042834
0 0.655184 0.189456 0.032222 0.049423
0 0.605739 0.191928 0.033333 0.041186
0 0.657406 0.320428 0.034444 0.041186
0 0.349628 0.280890 0.034444 0.041186
0 0.657962 0.446458 0.033333 0.039539
0 0.555739 0.448929 0.033333 0.041186
0 0.657962 0.487644 0.035556 0.046129
0 0.349628 0.192751 0.036667 0.046129
0 0.811295 0.404448 0.035556 0.044481
0 0.760184 0.364086 0.033333 0.042834
0 0.809073 0.319605 0.033333 0.042834
0 0.759073 0.279242 0.033333 0.041186
0 0.659073 0.614498 0.035556 0.042834
0 0.658517 0.531301 0.034444 0.044481
0 0.402962 0.364909 0.034444 0.041186
0 0.709073 0.444811 0.033333 0.042834
0 0.761295 0.740527 0.035556 0.041186
0 0.247406 0.191104 0.034444 0.042834
0 0.710184 0.657331 0.035556 0.042834
0 0.710184 0.615321 0.035556 0.041186
0 0.247962 0.235585 0.033333 0.046129
0 0.503517 0.280066 0.033333 0.046129
0 0.350184 0.143328 0.037778 0.052718
0 0.555184 0.191928 0.034444 0.041186
0 0.144073 0.189456 0.036667 0.052718
0 0.555184 0.280066 0.034444 0.042834
0 0.710184 0.486820 0.033333 0.041186
0 0.760739 0.784185 0.036667 0.042834
0 0.195184 0.190280 0.032222 0.044481
0 0.195184 0.235585 0.034444 0.042834
0 0.504628 0.144152 0.035556 0.047776
0 0.657406 0.405272 0.032222 0.042834
0 0.453517 0.441516 0.042222 0.046129
0 0.555739 0.322076 0.035556 0.041186
0 0.710184 0.742175 0.035556 0.041186
0 0.605739 0.277595 0.033333 0.037891
0 0.299073 0.324547 0.033333 0.049423
0 0.402962 0.320428 0.034444 0.044481
0 0.299073 0.190280 0.033333 0.044481
0 0.659073 0.699341 0.035556 0.044481
0 0.810739 0.446458 0.036667 0.042834
0 0.195184 0.278418 0.034444 0.042834
0 0.708517 0.318781 0.034444 0.044481
0 0.759628 0.406096 0.034444 0.041186
0 0.760184 0.322076 0.033333 0.041186
0 0.809628 0.238056 0.034444 0.041186
0 0.759073 0.235585 0.033333 0.042834
0 0.401851 0.191104 0.034444 0.049423
0 0.710184 0.528007 0.033333 0.041186
0 0.401851 0.237232 0.034444 0.039539
0 0.810184 0.361614 0.033333 0.041186
0 0.709628 0.699341 0.036667 0.041186
0 0.709073 0.363262 0.035556 0.044481
0 0.761295 0.655684 0.035556 0.046129
0 0.809628 0.191104 0.034444 0.052718
0 0.298517 0.280066 0.032222 0.039539
0 0.350184 0.238056 0.035556 0.044481
0 0.554628 0.144152 0.035556 0.051071
0 0.299073 0.237232 0.031111 0.042834
0 0.606295 0.405272 0.034444 0.042834
0 0.503517 0.233937 0.035556 0.046129
0 0.555184 0.406096 0.034444 0.044481
0 0.759628 0.190280 0.034444 0.047776
0 0.555184 0.362438 0.034444 0.042834
0 0.605739 0.235585 0.033333 0.046129
0 0.555184 0.234761 0.036667 0.047776
0 0.503517 0.191104 0.033333 0.042834
0 0.454439 0.366474 0.044444 0.033608
0 0.454628 0.337479 0.042222 0.029160
0 0.465739 0.750412 0.026667 0.024712
0 0.466295 0.726524 0.027778 0.026359
0 0.862962 0.574135 0.034444 0.044481
0 0.453517 0.483526 0.040000 0.031301
0 0.350184 0.829489 0.033333 0.041186
0 0.606851 0.320428 0.033333 0.047776
0 0.350184 0.869028 0.033333 0.044481
0 0.040739 0.278418 0.034444 0.036244
0 0.350739 0.702636 0.034444 0.034596
0 0.863517 0.613674 0.035556 0.041186
0 0.351295 0.789127 0.035556 0.042834
0 0.039628 0.364909 0.038889 0.044481
0 0.039628 0.317957 0.036667 0.042834
0 0.454628 0.200988 0.044444 0.026359
0 0.863517 0.658155 0.035556 0.044481
0 0.143517 0.490939 0.035556 0.039539
0 0.811295 0.740527 0.035556 0.041186
0 0.761295 0.700165 0.035556 0.042834
0 0.862406 0.322076 0.035556 0.044481
0 0.810739 0.486820 0.034444 0.041186
0 0.401295 0.406919 0.033333 0.039539
0 0.658517 0.782537 0.034444 0.046129
0 0.862406 0.277595 0.035556 0.041186
0 0.194628 0.787479 0.035556 0.042834
0 0.194628 0.405272 0.033333 0.042834
0 0.707406 0.276771 0.034444 0.039539
0 0.092962 0.281713 0.034444 0.042834
0 0.710184 0.571664 0.035556 0.046129
0 0.656295 0.279242 0.034444 0.041186
0 0.455739 0.302306 0.042222 0.041186
0 0.760184 0.490939 0.033333 0.042834
0 0.195184 0.446458 0.034444 0.042834
0 0.811295 0.529654 0.035556 0.044481
0 0.811295 0.782537 0.035556 0.042834
0 0.862406 0.234761 0.033333 0.044481
0 0.194628 0.318781 0.033333 0.041186
0 0.246295 0.278418 0.032222 0.039539
0 0.454073 0.233937 0.043333 0.039539
0 0.401295 0.143328 0.033333 0.046129
0 0.351295 0.575783 0.037778 0.044481
0 0.555739 0.530478 0.035556 0.039539
0 0.195739 0.144975 0.035556 0.046129
0 0.350739 0.743822 0.036667 0.044481
0 0.759628 0.448105 0.034444 0.042834
0 0.195184 0.743822 0.038889 0.044481
0 0.195184 0.658979 0.036667 0.042834
0 0.142962 0.322076 0.034444 0.041186
0 0.194628 0.359967 0.033333 0.044481
0 0.195184 0.532125 0.034444 0.042834
0 0.350739 0.531301 0.036667 0.041186
0 0.195739 0.573311 0.035556 0.042834
0 0.655739 0.238880 0.033333 0.042834
0 0.606295 0.363262 0.034444 0.037891
0 0.658517 0.574135 0.034444 0.041186
0 0.709628 0.404448 0.032222 0.037891
0 0.863517 0.532949 0.035556 0.041186
0 0.041295 0.144152 0.035556 0.044481
0 0.040739 0.447282 0.034444 0.037891
0 0.040184 0.237232 0.037778 0.042834
0 0.040739 0.191104 0.036667 0.049423
0 0.863517 0.742175 0.037778 0.044481
0 0.041851 0.407743 0.038889 0.041186
0 0.862406 0.360791 0.035556 0.036244
0 0.710739 0.869852 0.036667 0.042834
0 0.864073 0.697694 0.036667 0.044481
0 0.350184 0.914333 0.035556 0.046129
0 0.195184 0.914333 0.036667 0.042834
0 0.864628 0.784185 0.037778 0.039539
0 0.861851 0.446458 0.034444 0.036244
0 0.811295 0.824547 0.033333 0.037891
0 0.454073 0.132619 0.045556 0.037891
0 0.454073 0.168040 0.043333 0.036244
0 0.350739 0.616145 0.036667 0.039539
0 0.812406 0.572488 0.035556 0.041186
0 0.351295 0.365733 0.035556 0.042834
0 0.092406 0.144152 0.037778 0.047776
0 0.864628 0.869028 0.037778 0.041186
0 0.555739 0.657331 0.033333 0.042834
0 0.040739 0.491763 0.036667 0.044481
0 0.658517 0.911862 0.036667 0.044481
0 0.454073 0.269357 0.043333 0.031301
0 0.865184 0.826194 0.036667 0.044481
0 0.864073 0.912685 0.038889 0.046129
0 0.555739 0.570016 0.035556 0.039539
0 0.555739 0.699341 0.035556 0.044481
0 0.194628 0.869852 0.037778 0.042834
0 0.555739 0.740527 0.035556 0.044481
0 0.862406 0.404448 0.035556 0.051071
0 0.195184 0.828666 0.034444 0.039539
0 0.143517 0.450577 0.035556 0.041186
0 0.710184 0.913509 0.035556 0.044481
0 0.142962 0.533773 0.034444 0.042834
0 0.760184 0.912685 0.035556 0.049423
0 0.350739 0.447282 0.034444 0.037891
0 0.811851 0.911862 0.036667 0.047776
0 0.862962 0.487644 0.036667 0.046129
0 0.349628 0.323723 0.032222 0.041186
0 0.658517 0.868204 0.034444 0.042834
0 0.092406 0.238056 0.035556 0.044481
0 0.350184 0.661450 0.035556 0.047776
0 0.657962 0.740527 0.033333 0.041186
0 0.811851 0.699341 0.034444 0.037891
0 0.811295 0.615321 0.035556 0.044481
0 0.092406 0.191928 0.037778 0.044481
0 0.143517 0.361614 0.035556 0.041186
0 0.760739 0.570840 0.036667 0.044481
0 0.144073 0.406919 0.036667 0.046129
0 0.194628 0.700988 0.035556 0.041186
0 0.659628 0.826194 0.034444 0.041186
0 0.761295 0.824547 0.033333 0.037891
0 0.811295 0.657331 0.033333 0.042834
0 0.861295 0.143328 0.035556 0.049423
0 0.811851 0.864909 0.036667 0.042834
0 0.760739 0.531301 0.034444 0.041186
0 0.195184 0.615321 0.034444 0.041186
0 0.195184 0.489292 0.034444 0.042834
0 0.556295 0.612850 0.036667 0.046129
0 0.142962 0.281713 0.034444 0.039539
0 0.760739 0.613674 0.034444 0.041186
0 0.809628 0.279242 0.032222 0.037891
