0 0.786992 0.583070 0.022500 0.020570
0 0.981992 0.500791 0.022500 0.026899
0 0.558242 0.435127 0.032500 0.034810
0 0.557617 0.409019 0.033750 0.039557
0 0.777617 0.510285 0.028750 0.023734
0 0.998496 0.501582 0.000508 0.028481
0 0.556992 0.469146 0.032500 0.036392
0 0.775742 0.338608 0.030000 0.031646
0 0.556367 0.596519 0.033750 0.028481
0 0.776992 0.403481 0.030000 0.037975
0 0.987871 0.469937 0.021758 0.031646
0 0.390117 0.848101 0.033750 0.031646
0 0.777617 0.368671 0.031250 0.028481
0 0.613242 0.434335 0.035000 0.030063
0 0.939492 0.785601 0.035000 0.030063
0 0.391367 0.369462 0.033750 0.036392
0 0.388242 0.658228 0.032500 0.034810
0 0.389492 0.816456 0.032500 0.031646
0 0.444492 0.720728 0.030000 0.030063
0 0.883867 0.469146 0.033750 0.033228
0 0.884492 0.818829 0.035000 0.030063
0 0.558242 0.500000 0.032500 0.031646
0 0.388867 0.468354 0.036250 0.031646
0 0.388867 0.751582 0.033750 0.031646
0 0.883867 0.849684 0.036250 0.031646
0 0.936992 0.852057 0.035000 0.030063
0 0.446367 0.499209 0.031250 0.030063
0 0.388867 0.784810 0.033750 0.031646
0 0.721367 0.754747 0.033750 0.031646
0 0.938242 0.723101 0.035000 0.034810
0 0.884492 0.787184 0.035000 0.033228
0 0.500742 0.657437 0.035000 0.033228
0 0.665742 0.852848 0.035000 0.031646
0 0.610742 0.852057 0.035000 0.033228
0 0.884492 0.439082 0.035000 0.033228
0 0.721992 0.883703 0.032500 0.033228
0 0.610742 0.884494 0.037500 0.031646
0 0.445742 0.404272 0.032500 0.033228
0 0.939492 0.626582 0.035000 0.031646
0 0.723867 0.369462 0.033750 0.036392
0 0.445742 0.561709 0.032500 0.031646
0 0.553867 0.787184 0.033750 0.033228
0 0.501992 0.594937 0.035000 0.031646
0 0.666992 0.756329 0.035000 0.028481
0 0.883242 0.693038 0.032500 0.031646
0 0.499492 0.755538 0.035000 0.033228
0 0.446367 0.434335 0.033750 0.030063
0 0.721992 0.723892 0.032500 0.030063
0 0.613242 0.371044 0.035000 0.036392
0 0.668242 0.466772 0.032500 0.031646
0 0.722617 0.659810 0.033750 0.031646
0 0.665742 0.884494 0.037500 0.031646
0 0.389492 0.626582 0.035000 0.031646
0 0.610117 0.788766 0.036250 0.036392
0 0.939492 0.467563 0.032500 0.030063
0 0.883242 0.723892 0.035000 0.033228
0 0.445742 0.467563 0.032500 0.033228
0 0.610742 0.658228 0.035000 0.034810
0 0.444492 0.689873 0.035000 0.031646
0 0.830742 0.818038 0.032500 0.031646
0 0.939492 0.564873 0.030000 0.031646
0 0.612617 0.564082 0.033750 0.033228
0 0.555117 0.724684 0.033750 0.031646
0 0.883242 0.627373 0.032500 0.030063
0 0.830117 0.628956 0.031250 0.030063
0 0.666992 0.564873 0.032500 0.031646
0 0.501367 0.435127 0.033750 0.031646
0 0.829492 0.754747 0.032500 0.031646
0 0.722617 0.530854 0.033750 0.033228
0 0.666992 0.786392 0.035000 0.031646
0 0.997871 0.533228 0.001758 0.028481
0 0.881992 0.659019 0.035000 0.033228
0 0.829492 0.469146 0.032500 0.030063
0 0.390117 0.562500 0.036250 0.033228
0 0.883867 0.597310 0.033750 0.030063
0 0.940117 0.436709 0.033750 0.031646
0 0.988496 0.439082 0.020508 0.033228
0 0.940742 0.405854 0.035000 0.033228
0 0.555117 0.884494 0.038750 0.031646
0 0.829492 0.786392 0.032500 0.031646
0 0.501367 0.403481 0.033750 0.031646
0 0.666367 0.625791 0.033750 0.030063
0 0.721367 0.819620 0.036250 0.034810
0 0.989121 0.406646 0.019258 0.031646
0 0.611992 0.596519 0.035000 0.031646
0 0.500742 0.467563 0.032500 0.036392
0 0.555742 0.625791 0.035000 0.033228
0 0.666367 0.594937 0.033750 0.031646
0 0.884492 0.406646 0.035000 0.031646
0 0.721992 0.692247 0.035000 0.033228
0 0.610742 0.499209 0.035000 0.033228
0 0.612617 0.530854 0.033750 0.033228
0 0.940117 0.371835 0.033750 0.034810
0 0.501367 0.563291 0.033750 0.031646
0 0.666992 0.658228 0.032500 0.034810
0 0.610742 0.723892 0.035000 0.033228
0 0.556367 0.659019 0.033750 0.033228
0 0.445117 0.626582 0.031250 0.031646
0 0.554492 0.852057 0.035000 0.033228
0 0.668242 0.371044 0.035000 0.036392
0 0.938867 0.532437 0.031250 0.030063
0 0.989121 0.341772 0.019258 0.034810
0 0.667617 0.436709 0.036250 0.031646
0 0.830742 0.850475 0.032500 0.033228
0 0.666992 0.725475 0.032500 0.033228
0 0.611367 0.691456 0.036250 0.031646
0 0.558242 0.531646 0.035000 0.031646
0 0.610117 0.756329 0.036250 0.031646
0 0.722617 0.469146 0.033750 0.033228
0 0.829492 0.659810 0.032500 0.034810
0 0.500117 0.691456 0.033750 0.034810
0 0.445117 0.594146 0.033750 0.033228
0 0.667617 0.497627 0.031250 0.033228
0 0.830117 0.405854 0.033750 0.030063
0 0.666367 0.820411 0.036250 0.036392
0 0.883867 0.533228 0.033750 0.031646
0 0.556367 0.692247 0.033750 0.033228
0 0.668242 0.405854 0.035000 0.033228
0 0.830117 0.692247 0.033750 0.033228
0 0.938867 0.499209 0.031250 0.033228
0 0.989121 0.375000 0.019258 0.031646
0 0.558242 0.564873 0.035000 0.034810
0 0.828867 0.501582 0.031250 0.031646
0 0.883242 0.500791 0.035000 0.033228
0 0.829492 0.564082 0.032500 0.030063
0 0.830117 0.438291 0.033750 0.034810
0 0.667617 0.531646 0.033750 0.034810
0 0.884492 0.565665 0.035000 0.033228
0 0.500742 0.531646 0.032500 0.034810
0 0.883867 0.371044 0.036250 0.036392
0 0.828867 0.534810 0.031250 0.031646
0 0.723242 0.597310 0.032500 0.033228
0 0.722617 0.564082 0.033750 0.033228
0 0.723242 0.404272 0.035000 0.033228
0 0.723242 0.437500 0.032500 0.030063
0 0.830117 0.371835 0.036250 0.037975
0 0.830117 0.596519 0.033750 0.034810
0 0.500117 0.723892 0.033750 0.030063
0 0.613242 0.404272 0.035000 0.033228
0 0.938867 0.690665 0.033750 0.030063
0 0.444492 0.753165 0.035000 0.034810
0 0.938242 0.818038 0.035000 0.034810
0 0.445742 0.530854 0.032500 0.033228
0 0.721367 0.852057 0.033750 0.030063
0 0.444492 0.786392 0.035000 0.031646
0 0.788854 0.604430 0.021000 0.021329
0 0.788729 0.645111 0.020225 0.019367
0 0.789511 0.663647 0.018663 0.017073
0 0.555742 0.818829 0.032500 0.033228
0 0.938867 0.756329 0.033750 0.031646
0 0.556992 0.371835 0.032500 0.034810
0 0.443867 0.818038 0.036250 0.031646
0 0.776805 0.438766 0.032625 0.035759
0 0.501367 0.498418 0.031250 0.028481
0 0.390117 0.435127 0.036250 0.034810
0 0.445742 0.369462 0.032500 0.033228
0 0.501367 0.369462 0.033750 0.033228
0 0.388242 0.689873 0.032500 0.031646
0 0.501367 0.626582 0.033750 0.031646
0 0.777617 0.536392 0.031250 0.028481
0 0.788242 0.625000 0.020000 0.022152
0 0.776992 0.795095 0.032500 0.026899
0 0.445742 0.882120 0.037500 0.033228
0 0.388242 0.721519 0.035000 0.031646
0 0.389492 0.530063 0.037500 0.031646
0 0.610742 0.820411 0.035000 0.030063
0 0.980742 0.532437 0.022500 0.030063
0 0.388242 0.498418 0.037500 0.031646
0 0.501367 0.883703 0.036250 0.033228
0 0.721992 0.786392 0.035000 0.031646
0 0.390742 0.882120 0.040000 0.036392
0 0.830117 0.723892 0.031250 0.030063
0 0.499492 0.787975 0.035000 0.031646
0 0.445117 0.658228 0.033750 0.034810
0 0.883867 0.882911 0.036250 0.034810
0 0.939492 0.595728 0.032500 0.030063
0 0.555117 0.755538 0.031250 0.033228
0 0.390117 0.402690 0.036250 0.033228
0 0.665742 0.692247 0.030000 0.030063
0 0.500742 0.850475 0.035000 0.033228
0 0.611367 0.627373 0.033750 0.030063
0 0.500117 0.818829 0.033750 0.030063
0 0.611367 0.465190 0.036250 0.034810
0 0.884492 0.754747 0.032500 0.031646
0 0.722617 0.500791 0.033750 0.030063
0 0.830117 0.882120 0.031250 0.030063
0 0.723242 0.628956 0.032500 0.030063
0 0.939492 0.658228 0.035000 0.034810
0 0.938867 0.882911 0.031250 0.031646
0 0.445117 0.850475 0.036250 0.033228
0 0.390117 0.594146 0.033750 0.033228
