0 0.854754 0.705446 0.021111 0.031353
0 0.250865 0.621287 0.035556 0.041254
0 0.250309 0.786304 0.034444 0.037954
0 0.880865 0.787954 0.022222 0.034653
0 0.726420 0.918317 0.022222 0.031353
0 0.665309 0.208746 0.044444 0.028053
0 0.729198 0.830858 0.018889 0.031353
0 0.728087 0.873762 0.021111 0.028053
0 0.249754 0.748350 0.037778 0.041254
0 0.701420 0.873762 0.021111 0.031353
0 0.765309 0.330858 0.033333 0.041254
0 0.405309 0.451320 0.028889 0.037954
0 0.701420 0.787954 0.021111 0.031353
0 0.250865 0.663366 0.035556 0.039604
0 0.728087 0.707921 0.021111 0.033003
0 0.854754 0.742574 0.021111 0.029703
0 0.701976 0.705446 0.020000 0.034653
0 0.250309 0.917492 0.036667 0.046205
0 0.250309 0.706271 0.036667 0.046205
0 0.457532 0.494224 0.033333 0.041254
0 0.301420 0.538779 0.034444 0.044554
0 0.352532 0.580033 0.034444 0.034653
0 0.353087 0.705446 0.035556 0.041254
0 0.251420 0.200495 0.034444 0.044554
0 0.664754 0.174917 0.041111 0.039604
0 0.856420 0.537129 0.022222 0.031353
0 0.880865 0.747525 0.022222 0.033003
0 0.880865 0.702145 0.022222 0.034653
0 0.700865 0.748350 0.022222 0.031353
0 0.251420 0.539604 0.032222 0.036304
0 0.249754 0.827558 0.035556 0.041254
0 0.919754 0.241749 0.033333 0.034653
0 0.301420 0.578383 0.032222 0.041254
0 0.249198 0.872112 0.036667 0.044554
0 0.613087 0.414191 0.035556 0.039604
0 0.353087 0.619637 0.031111 0.041254
0 0.880309 0.620462 0.021111 0.036304
0 0.853643 0.621287 0.025556 0.034653
0 0.854754 0.661716 0.021111 0.036304
0 0.854754 0.577558 0.021111 0.036304
0 0.353643 0.414191 0.034444 0.046205
0 0.302532 0.622112 0.034444 0.046205
0 0.879754 0.538779 0.020000 0.034653
0 0.251420 0.579208 0.034444 0.042904
0 0.867532 0.330033 0.033333 0.042904
0 0.969754 0.372937 0.033333 0.046205
0 0.457532 0.454620 0.031111 0.041254
0 0.405865 0.414191 0.032222 0.036304
0 0.251420 0.327558 0.034444 0.044554
0 0.970309 0.329208 0.032222 0.041254
0 0.728643 0.747525 0.022222 0.033003
0 0.881420 0.662541 0.021111 0.031353
0 0.458643 0.242574 0.031111 0.036304
0 0.715309 0.620462 0.033333 0.042904
0 0.867532 0.496700 0.035556 0.042904
0 0.666076 0.342096 0.042222 0.033003
0 0.664754 0.274752 0.043333 0.031353
0 0.666420 0.375083 0.044444 0.035314
0 0.665309 0.140512 0.042222 0.033498
0 0.613643 0.329043 0.032222 0.037624
0 0.665865 0.307591 0.041111 0.038614
0 0.664754 0.490924 0.041111 0.028053
0 0.675865 0.725248 0.021111 0.021452
0 0.727532 0.786304 0.020000 0.024752
0 0.714754 0.493399 0.036667 0.026403
0 0.675309 0.745050 0.020000 0.024752
0 0.701976 0.826733 0.020000 0.033003
0 0.869198 0.873762 0.034444 0.041254
0 0.252532 0.151815 0.034444 0.052805
0 0.816420 0.917492 0.035556 0.046205
0 0.880309 0.579208 0.021111 0.036304
0 0.816976 0.873762 0.032222 0.041254
0 0.868087 0.917492 0.034444 0.046205
0 0.919198 0.368812 0.034444 0.044554
0 0.250309 0.498350 0.034444 0.046205
0 0.458643 0.283828 0.031111 0.042904
0 0.406420 0.151815 0.033333 0.049505
0 0.866976 0.243399 0.036667 0.037954
0 0.815865 0.789604 0.034444 0.037954
0 0.919754 0.326733 0.031111 0.036304
0 0.251420 0.285479 0.034444 0.039604
0 0.664754 0.448845 0.041111 0.046205
0 0.405309 0.494224 0.035556 0.044554
0 0.352532 0.663366 0.032222 0.042904
0 0.353087 0.496700 0.031111 0.039604
0 0.816976 0.413366 0.032222 0.044554
0 0.714754 0.535479 0.034444 0.044554
0 0.969198 0.247525 0.032222 0.042904
0 0.664754 0.241749 0.045556 0.041254
0 0.353087 0.457921 0.033333 0.041254
0 0.715309 0.410891 0.031111 0.039604
0 0.818087 0.830033 0.034444 0.042904
0 0.868643 0.830033 0.033333 0.046205
0 0.405865 0.538779 0.034444 0.041254
0 0.715309 0.578383 0.033333 0.037954
0 0.459198 0.198845 0.034444 0.044554
0 0.353643 0.198020 0.034444 0.042904
0 0.613643 0.286304 0.034444 0.047855
0 0.816976 0.454620 0.032222 0.037954
0 0.714198 0.665842 0.035556 0.041254
0 0.457532 0.413366 0.033333 0.041254
0 0.969754 0.288779 0.031111 0.039604
0 0.251976 0.370462 0.033333 0.041254
0 0.766420 0.287129 0.035556 0.046205
0 0.866976 0.413366 0.034444 0.041254
0 0.867532 0.285479 0.033333 0.046205
0 0.816976 0.537954 0.032222 0.042904
0 0.405309 0.199670 0.033333 0.046205
0 0.458643 0.153465 0.035556 0.046205
0 0.303087 0.153465 0.035556 0.046205
0 0.354198 0.325908 0.033333 0.041254
0 0.458643 0.327558 0.033333 0.044554
0 0.919754 0.154290 0.033333 0.047855
0 0.970865 0.155116 0.033333 0.049505
0 0.353087 0.538779 0.035556 0.047855
0 0.867532 0.154290 0.035556 0.047855
0 0.354754 0.242574 0.034444 0.046205
0 0.815865 0.707096 0.034444 0.037954
0 0.303087 0.288779 0.033333 0.042904
0 0.250865 0.244224 0.035556 0.039604
0 0.867532 0.201320 0.035556 0.042904
0 0.354198 0.371287 0.033333 0.046205
0 0.302532 0.371287 0.032222 0.042904
0 0.562532 0.199670 0.034444 0.046205
0 0.562532 0.150990 0.034444 0.047855
0 0.301976 0.329208 0.035556 0.041254
0 0.251420 0.455446 0.032222 0.039604
0 0.510865 0.152640 0.035556 0.051155
0 0.302532 0.198020 0.036667 0.042904
0 0.765309 0.372937 0.033333 0.042904
0 0.816976 0.285479 0.034444 0.042904
0 0.301976 0.456271 0.035556 0.041254
0 0.714754 0.245050 0.032222 0.041254
0 0.716420 0.285479 0.031111 0.039604
0 0.251976 0.412541 0.033333 0.042904
0 0.354754 0.286304 0.032222 0.041254
0 0.458087 0.371287 0.034444 0.042904
0 0.919198 0.202145 0.034444 0.047855
0 0.816420 0.370462 0.031111 0.041254
0 0.919754 0.284653 0.033333 0.044554
0 0.405309 0.243399 0.031111 0.041254
0 0.816420 0.495875 0.033333 0.044554
0 0.509198 0.328383 0.032222 0.042904
0 0.302532 0.497525 0.034444 0.041254
0 0.816976 0.623762 0.032222 0.039604
0 0.715865 0.201320 0.034444 0.046205
0 0.816976 0.328383 0.034444 0.042904
0 0.715309 0.151815 0.035556 0.049505
0 0.970865 0.202145 0.033333 0.047855
0 0.301976 0.413366 0.035556 0.044554
0 0.406420 0.327558 0.031111 0.041254
0 0.510865 0.201320 0.035556 0.042904
0 0.509754 0.287129 0.033333 0.042904
0 0.714754 0.452970 0.036667 0.044554
0 0.510309 0.243399 0.034444 0.041254
0 0.866420 0.372112 0.035556 0.041254
0 0.613643 0.369637 0.034444 0.046205
0 0.867532 0.455446 0.035556 0.042904
0 0.354754 0.153465 0.034444 0.046205
0 0.816420 0.749175 0.035556 0.042904
0 0.405309 0.371287 0.035556 0.046205
0 0.301976 0.243399 0.033333 0.047855
0 0.405309 0.285479 0.033333 0.042904
0 0.816976 0.581683 0.034444 0.044554
0 0.715309 0.369637 0.033333 0.042904
0 0.715309 0.326733 0.033333 0.042904
0 0.816420 0.666667 0.033333 0.042904
