0 0.169442 0.494262 0.038889 0.050820
0 0.376664 0.453279 0.035556 0.047541
0 0.531664 0.309016 0.034444 0.044262
0 0.841108 0.545902 0.037778 0.049180
0 0.532775 0.423770 0.032222 0.047541
0 0.377775 0.670492 0.035556 0.049180
0 0.429997 0.614754 0.035556 0.049180
0 0.793331 0.914754 0.033333 0.039344
0 0.587775 0.830328 0.035556 0.044262
0 0.429442 0.831148 0.034444 0.042623
0 0.637219 0.645082 0.032222 0.044262
0 0.170553 0.681967 0.034444 0.049180
0 0.635553 0.414754 0.033333 0.045902
0 0.274442 0.449180 0.033333 0.052459
0 0.429442 0.365574 0.032222 0.045902
0 0.737775 0.349180 0.031111 0.042623
0 0.586108 0.748361 0.036667 0.047541
0 0.638331 0.749180 0.036667 0.049180
0 0.584997 0.413934 0.032222 0.047541
0 0.583886 0.308197 0.032222 0.042623
0 0.789997 0.421311 0.033333 0.045902
0 0.843331 0.829508 0.033333 0.042623
0 0.634997 0.307377 0.032222 0.044262
0 0.222219 0.347541 0.033333 0.042623
0 0.428331 0.872951 0.034444 0.040984
0 0.327219 0.750820 0.036667 0.052459
0 0.326664 0.875410 0.033333 0.039344
0 0.274997 0.750820 0.036667 0.049180
0 0.326664 0.917213 0.033333 0.044262
0 0.534442 0.682787 0.035556 0.050820
0 0.482775 0.332787 0.041111 0.042623
0 0.791664 0.830328 0.032222 0.044262
0 0.274442 0.379508 0.035556 0.050820
0 0.842219 0.677869 0.033333 0.047541
0 0.429997 0.481148 0.033333 0.047541
0 0.533331 0.551639 0.035556 0.050820
0 0.533886 0.613934 0.038889 0.054098
0 0.377775 0.750000 0.035556 0.047541
0 0.172775 0.919672 0.038889 0.045902
0 0.378331 0.917213 0.038889 0.047541
0 0.690553 0.831148 0.036667 0.045902
0 0.378886 0.594262 0.031111 0.050820
0 0.430553 0.750820 0.036667 0.049180
0 0.429442 0.681967 0.036667 0.049180
0 0.585553 0.532787 0.031111 0.049180
0 0.737775 0.304918 0.033333 0.045902
0 0.429997 0.423770 0.031111 0.047541
0 0.791108 0.612295 0.033333 0.050820
0 0.791108 0.674590 0.033333 0.047541
0 0.378886 0.525410 0.033333 0.047541
0 0.789997 0.483607 0.033333 0.045902
0 0.533331 0.483607 0.033333 0.049180
0 0.482775 0.372131 0.041111 0.039344
0 0.440553 0.793443 0.023333 0.032787
0 0.493886 0.754098 0.021111 0.029508
0 0.535553 0.751639 0.035556 0.050820
0 0.689442 0.748361 0.034444 0.047541
0 0.170553 0.363934 0.036667 0.049180
0 0.378886 0.831967 0.037778 0.044262
0 0.326108 0.449180 0.034444 0.049180
0 0.788886 0.364754 0.035556 0.047541
0 0.685553 0.307377 0.033333 0.047541
0 0.839997 0.477869 0.037778 0.047541
0 0.839442 0.419672 0.034444 0.045902
0 0.545553 0.791803 0.022222 0.029508
0 0.179442 0.791803 0.027778 0.036066
0 0.482219 0.299180 0.040000 0.031148
0 0.482219 0.395082 0.042222 0.039344
0 0.854997 0.790164 0.021111 0.032787
0 0.649997 0.792623 0.020000 0.027869
0 0.597775 0.790984 0.020000 0.031148
0 0.327219 0.306557 0.032222 0.049180
0 0.170553 0.620492 0.036667 0.050820
0 0.169997 0.425410 0.035556 0.050820
0 0.378886 0.308197 0.035556 0.045902
0 0.889997 0.348361 0.035556 0.040984
0 0.325553 0.605738 0.035556 0.047541
0 0.687775 0.612295 0.035556 0.047541
0 0.688886 0.679508 0.035556 0.050820
0 0.791108 0.548361 0.033333 0.050820
0 0.428886 0.309836 0.033333 0.045902
0 0.170553 0.306557 0.034444 0.049180
0 0.430553 0.549180 0.036667 0.052459
0 0.839442 0.360656 0.036667 0.045902
0 0.788331 0.306557 0.034444 0.045902
0 0.838886 0.307377 0.033333 0.047541
0 0.273886 0.525410 0.034444 0.047541
0 0.275553 0.671311 0.037778 0.050820
0 0.889442 0.303279 0.032222 0.042623
0 0.223331 0.306557 0.033333 0.042623
0 0.377219 0.382787 0.034444 0.050820
0 0.584997 0.645902 0.034444 0.049180
0 0.273886 0.307377 0.034444 0.047541
0 0.686108 0.364754 0.032222 0.044262
0 0.793331 0.746721 0.037778 0.047541
0 0.327219 0.831148 0.034444 0.045902
0 0.481108 0.465574 0.037778 0.049180
0 0.842219 0.610656 0.035556 0.047541
0 0.169997 0.564754 0.035556 0.050820
0 0.287219 0.794262 0.021111 0.031148
0 0.803331 0.789344 0.022222 0.031148
0 0.337775 0.793443 0.022222 0.029508
0 0.389997 0.792623 0.020000 0.031148
0 0.534997 0.914754 0.034444 0.049180
0 0.701108 0.790164 0.020000 0.029508
0 0.481664 0.169672 0.043333 0.034426
0 0.480553 0.247541 0.043333 0.049180
0 0.172219 0.833607 0.037778 0.047541
0 0.690553 0.912295 0.036667 0.047541
0 0.587775 0.913934 0.035556 0.047541
0 0.536108 0.832787 0.036667 0.052459
0 0.171108 0.747541 0.035556 0.049180
0 0.587219 0.872131 0.034444 0.039344
0 0.843886 0.871311 0.034444 0.040984
0 0.171108 0.877049 0.033333 0.042623
0 0.639442 0.829508 0.036667 0.042623
0 0.686108 0.543443 0.030000 0.044262
0 0.636664 0.527869 0.031111 0.045902
0 0.429997 0.914754 0.035556 0.042623
0 0.844997 0.913934 0.036667 0.044262
0 0.378331 0.873770 0.034444 0.039344
0 0.793331 0.873770 0.033333 0.042623
0 0.638886 0.910656 0.035556 0.047541
0 0.275553 0.599180 0.033333 0.047541
0 0.481108 0.203279 0.042222 0.039344
0 0.276108 0.832787 0.034444 0.042623
0 0.532775 0.367213 0.030000 0.045902
0 0.274997 0.914754 0.038889 0.045902
0 0.842775 0.747541 0.036667 0.045902
0 0.686108 0.477869 0.032222 0.047541
0 0.686108 0.418852 0.036667 0.047541
