0 0.740350 0.534810 0.033750 0.034810
0 0.684725 0.598101 0.032500 0.031646
0 0.739725 0.819620 0.032500 0.031646
0 0.685975 0.623418 0.035000 0.041139
0 0.367225 0.600475 0.022500 0.023734
0 0.629100 0.503165 0.033750 0.028481
0 0.740350 0.596519 0.033750 0.034810
0 0.367850 0.697785 0.018750 0.022152
0 0.368475 0.879747 0.020000 0.025316
0 0.684725 0.724684 0.032500 0.031646
0 0.739725 0.659019 0.035000 0.036392
0 0.685350 0.753165 0.031250 0.031646
0 0.244100 0.474684 0.033750 0.028481
0 0.685350 0.471519 0.033750 0.031646
0 0.740350 0.883703 0.033750 0.033228
0 0.366600 0.678006 0.021250 0.020570
0 0.740975 0.626582 0.035000 0.031646
0 0.365350 0.580696 0.023750 0.018987
0 0.739725 0.785601 0.035000 0.033228
0 0.738475 0.850475 0.035000 0.036392
0 0.740975 0.754747 0.035000 0.028481
0 0.574100 0.354430 0.036250 0.044304
0 0.629100 0.438291 0.033750 0.031646
0 0.629725 0.474684 0.035000 0.037975
0 0.739725 0.691456 0.035000 0.031646
0 0.686600 0.786392 0.033750 0.034810
0 0.740350 0.469146 0.031250 0.030063
0 0.243475 0.500000 0.032500 0.034810
0 0.134725 0.598101 0.032500 0.031646
0 0.077850 0.693038 0.028750 0.022152
0 0.367850 0.855222 0.021250 0.023734
0 0.685350 0.819620 0.033750 0.031646
0 0.739725 0.723892 0.035000 0.036392
0 0.132225 0.726266 0.032500 0.031646
0 0.740350 0.439082 0.031250 0.030063
0 0.078475 0.631329 0.032500 0.025316
0 0.685975 0.501582 0.032500 0.031646
0 0.519100 0.819620 0.033750 0.025316
0 0.740350 0.405854 0.036250 0.036392
0 0.023475 0.410601 0.030000 0.026899
0 0.684725 0.882911 0.035000 0.031646
0 0.685350 0.693038 0.036250 0.034810
0 0.684725 0.660601 0.035000 0.033228
0 0.629725 0.596519 0.032500 0.028481
0 0.298475 0.819620 0.030000 0.025316
0 0.684725 0.851266 0.035000 0.031646
0 0.519725 0.376582 0.030000 0.034810
0 0.575350 0.503165 0.031250 0.028481
0 0.132850 0.695411 0.033750 0.036392
0 0.299100 0.472310 0.033750 0.033228
0 0.134725 0.505538 0.030000 0.030063
0 0.134100 0.819620 0.031250 0.031646
0 0.134725 0.788766 0.030000 0.033228
0 0.575350 0.473101 0.031250 0.031646
0 0.520350 0.501582 0.033750 0.028481
0 0.023475 0.787975 0.032500 0.031646
0 0.134100 0.568038 0.031250 0.031646
0 0.243475 0.851266 0.032500 0.031646
0 0.189100 0.660601 0.033750 0.033228
0 0.189100 0.884494 0.036250 0.031646
0 0.519725 0.473101 0.032500 0.031646
0 0.133475 0.661392 0.035000 0.034810
0 0.244100 0.443829 0.036250 0.036392
0 0.189725 0.818038 0.035000 0.031646
0 0.519100 0.787184 0.033750 0.030063
0 0.465350 0.629747 0.033750 0.031646
0 0.189725 0.723101 0.032500 0.031646
0 0.133475 0.884494 0.035000 0.034810
0 0.079100 0.724684 0.033750 0.037975
0 0.465975 0.409019 0.032500 0.030063
0 0.465350 0.819620 0.033750 0.031646
0 0.409725 0.629747 0.030000 0.031646
0 0.022850 0.507120 0.033750 0.030063
0 0.244100 0.883703 0.033750 0.033228
0 0.078475 0.820411 0.032500 0.033228
0 0.077850 0.566456 0.033750 0.028481
0 0.519100 0.754747 0.033750 0.031646
0 0.188475 0.471519 0.032500 0.028481
0 0.464725 0.597310 0.032500 0.033228
0 0.189100 0.501582 0.033750 0.031646
0 0.574725 0.564873 0.035000 0.037975
0 0.519725 0.849684 0.035000 0.034810
0 0.243475 0.755538 0.032500 0.033228
0 0.299725 0.693829 0.032500 0.030063
0 0.077850 0.504747 0.033750 0.031646
0 0.299100 0.723892 0.033750 0.030063
0 0.022850 0.757120 0.033750 0.033228
0 0.189100 0.693038 0.033750 0.031646
0 0.189100 0.851266 0.033750 0.034810
0 0.629725 0.566456 0.035000 0.034810
0 0.188475 0.568038 0.035000 0.031646
0 0.244100 0.660601 0.031250 0.030063
0 0.134100 0.442247 0.033750 0.030063
0 0.189100 0.409810 0.033750 0.031646
0 0.519725 0.628956 0.032500 0.030063
0 0.244725 0.376582 0.032500 0.031646
0 0.409100 0.854430 0.033750 0.034810
0 0.519725 0.531646 0.035000 0.034810
0 0.134100 0.411392 0.031250 0.031646
0 0.189100 0.376582 0.036250 0.034810
0 0.244100 0.629747 0.031250 0.034810
0 0.077850 0.473892 0.033750 0.030063
0 0.519725 0.660601 0.032500 0.033228
0 0.409100 0.787975 0.033750 0.037975
0 0.465350 0.469937 0.033750 0.031646
0 0.409100 0.822785 0.033750 0.031646
0 0.022850 0.723892 0.033750 0.033228
0 0.022225 0.477848 0.032500 0.031646
0 0.465975 0.659810 0.035000 0.031646
0 0.077850 0.662184 0.033750 0.036392
0 0.299725 0.409019 0.030000 0.030063
0 0.187850 0.441456 0.033750 0.031646
0 0.464725 0.692247 0.032500 0.033228
0 0.409725 0.532437 0.030000 0.030063
0 0.243475 0.409019 0.035000 0.033228
0 0.409100 0.596519 0.031250 0.031646
0 0.243475 0.693038 0.032500 0.034810
0 0.465350 0.503165 0.033750 0.034810
0 0.299725 0.565665 0.032500 0.033228
0 0.189100 0.535601 0.033750 0.033228
0 0.022850 0.444620 0.033750 0.037975
0 0.409725 0.564082 0.032500 0.033228
0 0.465975 0.375791 0.035000 0.036392
0 0.077850 0.599684 0.036250 0.037975
0 0.409100 0.377373 0.036250 0.036392
0 0.244100 0.595728 0.033750 0.033228
0 0.367225 0.658782 0.022500 0.018513
0 0.354100 0.507516 0.038750 0.027690
0 0.366600 0.621123 0.021250 0.020728
0 0.354100 0.376820 0.033750 0.016297
0 0.354100 0.790585 0.031250 0.024209
0 0.354100 0.348339 0.036250 0.038449
0 0.354100 0.456329 0.031250 0.033544
0 0.367225 0.640902 0.022500 0.018829
0 0.354100 0.423259 0.033750 0.033228
0 0.740975 0.501345 0.035000 0.031171
0 0.740412 0.565973 0.030175 0.028750
0 0.354719 0.395491 0.029862 0.021266
0 0.355494 0.531527 0.030787 0.020870
0 0.355500 0.547864 0.028300 0.008671
0 0.353625 0.806361 0.031800 0.007373
0 0.299725 0.788766 0.032500 0.033228
0 0.298475 0.503165 0.032500 0.031646
0 0.465350 0.564873 0.033750 0.031646
0 0.132225 0.757120 0.032500 0.030063
0 0.078475 0.409810 0.032500 0.025316
0 0.575975 0.533228 0.032500 0.028481
0 0.022850 0.820411 0.033750 0.030063
0 0.244100 0.817247 0.033750 0.033228
0 0.629725 0.627373 0.035000 0.039557
0 0.685350 0.439873 0.031250 0.031646
0 0.297850 0.755538 0.031250 0.033228
0 0.299100 0.629747 0.031250 0.031646
0 0.133475 0.851266 0.030000 0.031646
0 0.685975 0.408228 0.032500 0.034810
0 0.630350 0.408228 0.033750 0.034810
0 0.630350 0.533228 0.033750 0.031646
0 0.079100 0.758703 0.033750 0.030063
0 0.079100 0.886076 0.036250 0.034810
0 0.244100 0.786392 0.033750 0.031646
0 0.298475 0.884494 0.035000 0.031646
0 0.189100 0.630538 0.031250 0.030063
0 0.409100 0.723101 0.033750 0.031646
0 0.409100 0.885285 0.033750 0.026899
0 0.574100 0.442247 0.033750 0.030063
0 0.189100 0.786392 0.031250 0.031646
0 0.022850 0.598101 0.031250 0.031646
0 0.408475 0.754747 0.027500 0.028481
0 0.520350 0.443829 0.031250 0.030063
0 0.410350 0.501582 0.031250 0.031646
0 0.465350 0.534810 0.031250 0.031646
0 0.134100 0.534019 0.033750 0.033228
0 0.078475 0.853639 0.032500 0.033228
0 0.243475 0.564082 0.032500 0.026899
0 0.410350 0.471519 0.033750 0.031646
0 0.518475 0.723101 0.032500 0.031646
0 0.189725 0.755538 0.032500 0.033228
0 0.078475 0.788766 0.032500 0.033228
0 0.299100 0.534810 0.031250 0.031646
0 0.022850 0.853639 0.033750 0.036392
0 0.022850 0.567247 0.028750 0.030063
0 0.022225 0.628956 0.032500 0.033228
0 0.685350 0.533228 0.033750 0.031646
0 0.464725 0.884494 0.032500 0.031646
0 0.409725 0.409810 0.035000 0.028481
0 0.133475 0.629747 0.032500 0.031646
0 0.409100 0.695411 0.033750 0.030063
0 0.300350 0.376582 0.036250 0.034810
0 0.465975 0.439082 0.030000 0.030063
0 0.297850 0.851266 0.033750 0.034810
0 0.409725 0.661392 0.032500 0.034810
0 0.685350 0.566456 0.033750 0.034810
0 0.519100 0.692247 0.031250 0.033228
0 0.023475 0.693829 0.030000 0.030063
0 0.243475 0.725475 0.032500 0.030063
0 0.519100 0.884494 0.033750 0.031646
0 0.464100 0.723892 0.031250 0.030063
0 0.464100 0.789557 0.033750 0.031646
0 0.464725 0.852848 0.032500 0.034810
0 0.022225 0.381329 0.032500 0.031646
0 0.299100 0.439873 0.031250 0.031646
0 0.022850 0.662184 0.031250 0.033228
0 0.520350 0.564873 0.033750 0.031646
0 0.574100 0.409810 0.033750 0.037975
0 0.077850 0.535601 0.033750 0.033228
0 0.299725 0.662975 0.032500 0.034810
0 0.519725 0.409019 0.032500 0.036392
0 0.134100 0.473892 0.033750 0.033228
0 0.519725 0.596519 0.032500 0.031646
0 0.409725 0.440665 0.035000 0.033228
0 0.079100 0.378165 0.033750 0.037975
0 0.243475 0.534019 0.032500 0.033228
0 0.188475 0.598892 0.035000 0.033228
0 0.464100 0.756329 0.031250 0.034810
0 0.134725 0.376582 0.035000 0.034810
0 0.078475 0.441456 0.032500 0.034810
0 0.299100 0.598101 0.033750 0.031646
0 0.022225 0.536392 0.032500 0.031646
