0 0.651895 0.290774 0.035556 0.044481
0 0.449118 0.667216 0.034444 0.046129
0 0.651340 0.331960 0.034444 0.037891
0 0.500229 0.182867 0.043333 0.036244
0 0.500229 0.147446 0.047778 0.034596
0 0.651340 0.248764 0.034444 0.036244
0 0.806340 0.247117 0.033333 0.036244
0 0.806895 0.329489 0.036667 0.032949
0 0.500784 0.315486 0.042222 0.037891
0 0.499118 0.250412 0.043333 0.036244
0 0.501895 0.381384 0.044444 0.031301
0 0.500229 0.218287 0.045556 0.031301
0 0.755784 0.332784 0.034444 0.032949
0 0.501340 0.533773 0.032222 0.036244
0 0.501895 0.351730 0.042222 0.031301
0 0.514118 0.752883 0.022222 0.023064
0 0.600784 0.334432 0.033333 0.039539
0 0.500229 0.284185 0.041111 0.031301
0 0.501340 0.495058 0.038889 0.041186
0 0.551895 0.664745 0.033333 0.044481
0 0.651895 0.374794 0.035556 0.044481
0 0.806340 0.370675 0.035556 0.046129
0 0.501340 0.452224 0.041111 0.044481
0 0.703006 0.289127 0.033333 0.047776
0 0.755229 0.292422 0.031111 0.041186
0 0.650229 0.204283 0.034444 0.052718
0 0.513562 0.732290 0.023333 0.024712
0 0.909673 0.329489 0.035556 0.026359
0 0.449673 0.621911 0.033333 0.047776
0 0.550784 0.618616 0.033333 0.047776
0 0.600784 0.292422 0.031111 0.041186
0 0.448562 0.336903 0.035556 0.044481
0 0.755229 0.247117 0.035556 0.046129
0 0.908562 0.245470 0.037778 0.046129
0 0.704673 0.616969 0.034444 0.047776
0 0.703006 0.336903 0.035556 0.047776
0 0.909118 0.291598 0.032222 0.042834
0 0.449673 0.290774 0.031111 0.044481
0 0.600784 0.247941 0.033333 0.044481
0 0.548006 0.289951 0.034444 0.046129
0 0.706340 0.662273 0.037778 0.042834
0 0.857451 0.332784 0.035556 0.042834
0 0.706895 0.744646 0.036667 0.046129
0 0.857451 0.288303 0.033333 0.049423
0 0.705784 0.704283 0.034444 0.041186
0 0.548562 0.334432 0.031111 0.042834
0 0.805784 0.289127 0.036667 0.044481
0 0.805784 0.201812 0.034444 0.054366
