0 0.967972 0.154605 0.034444 0.049342
0 0.403528 0.159539 0.034444 0.046053
0 0.814083 0.290296 0.033333 0.041118
0 0.402417 0.291118 0.034444 0.042763
0 0.402417 0.205592 0.034444 0.042763
0 0.558528 0.414474 0.033333 0.039474
0 0.506305 0.289474 0.033333 0.042763
0 0.506861 0.245066 0.034444 0.046053
0 0.351861 0.666118 0.035556 0.042763
0 0.762972 0.203125 0.031111 0.044408
0 0.454083 0.157895 0.035556 0.049342
0 0.246861 0.375000 0.034444 0.042763
0 0.506305 0.332237 0.035556 0.042763
0 0.352417 0.791118 0.034444 0.046053
0 0.762417 0.290296 0.032222 0.037829
0 0.350750 0.334704 0.033333 0.037829
0 0.611305 0.745888 0.034444 0.044408
0 0.402417 0.248355 0.034444 0.042763
0 0.351861 0.708882 0.033333 0.042763
0 0.558528 0.372533 0.033333 0.041118
0 0.967417 0.201480 0.033333 0.044408
0 0.351861 0.624178 0.035556 0.041118
0 0.919083 0.536184 0.034444 0.042763
0 0.300750 0.582237 0.033333 0.039474
0 0.404083 0.539474 0.033333 0.036184
0 0.917972 0.370066 0.032222 0.039474
0 0.866305 0.412007 0.031111 0.041118
0 0.247972 0.541941 0.034444 0.047697
0 0.967972 0.370888 0.032222 0.041118
0 0.917972 0.493421 0.032222 0.039474
0 0.247972 0.625000 0.034444 0.042763
0 0.764639 0.539474 0.032222 0.042763
0 0.661861 0.452303 0.040000 0.046053
0 0.454083 0.293586 0.033333 0.041118
0 0.867417 0.496711 0.033333 0.039474
0 0.351861 0.542763 0.033333 0.039474
0 0.247417 0.417763 0.033333 0.039474
0 0.765194 0.625000 0.035556 0.046053
0 0.865194 0.370888 0.028889 0.041118
0 0.403528 0.708882 0.034444 0.042763
0 0.764639 0.581414 0.034444 0.041118
0 0.967972 0.327303 0.034444 0.042763
0 0.351861 0.583059 0.033333 0.041118
0 0.403528 0.665296 0.034444 0.044408
0 0.300194 0.623355 0.034444 0.042763
0 0.350194 0.291118 0.034444 0.049342
0 0.559639 0.830592 0.033333 0.039474
0 0.609639 0.203125 0.035556 0.047697
0 0.559083 0.580592 0.034444 0.046053
0 0.404083 0.872533 0.035556 0.041118
0 0.299083 0.415296 0.032222 0.041118
0 0.969639 0.410362 0.031111 0.037829
0 0.299639 0.707237 0.031111 0.042763
0 0.969639 0.451480 0.033333 0.041118
0 0.867417 0.537829 0.033333 0.042763
0 0.610194 0.154605 0.034444 0.049342
0 0.560194 0.787829 0.034444 0.042763
0 0.967417 0.284539 0.031111 0.039474
0 0.402972 0.828947 0.035556 0.046053
0 0.610194 0.788651 0.032222 0.041118
0 0.560194 0.707237 0.034444 0.042763
0 0.351305 0.750000 0.032222 0.039474
0 0.300194 0.666118 0.032222 0.042763
0 0.300194 0.832237 0.036667 0.046053
0 0.455750 0.498355 0.034444 0.039474
0 0.454083 0.250000 0.035556 0.046053
0 0.764083 0.494243 0.031111 0.044408
0 0.867972 0.621711 0.034444 0.042763
0 0.247972 0.500822 0.034444 0.037829
0 0.559083 0.662829 0.032222 0.042763
0 0.403528 0.332237 0.034444 0.036184
0 0.867972 0.704770 0.036667 0.047697
0 0.622417 0.328947 0.023333 0.036184
0 0.246861 0.160362 0.036667 0.044408
0 0.559083 0.623355 0.032222 0.039474
0 0.610750 0.831414 0.033333 0.041118
0 0.248528 0.583059 0.033333 0.037829
0 0.867972 0.578947 0.034444 0.042763
0 0.920194 0.661184 0.034444 0.039474
0 0.868528 0.661184 0.033333 0.039474
0 0.922417 0.911184 0.036667 0.046053
0 0.559083 0.537007 0.032222 0.037829
0 0.352417 0.875000 0.034444 0.042763
0 0.598528 0.455592 0.024444 0.036184
0 0.351305 0.372533 0.034444 0.034539
0 0.967417 0.245066 0.033333 0.042763
0 0.559639 0.873355 0.035556 0.046053
0 0.762972 0.332237 0.033333 0.042763
0 0.404083 0.915296 0.035556 0.041118
0 0.919639 0.578125 0.035556 0.041118
0 0.921861 0.825658 0.033333 0.039474
0 0.920194 0.620066 0.034444 0.039474
0 0.402972 0.749178 0.035556 0.037829
0 0.921305 0.744243 0.032222 0.041118
0 0.247417 0.206414 0.035556 0.044408
0 0.921305 0.785362 0.034444 0.041118
0 0.763528 0.374178 0.030000 0.037829
0 0.352417 0.833059 0.034444 0.037829
0 0.560194 0.747533 0.032222 0.037829
0 0.611305 0.911184 0.034444 0.039474
0 0.611305 0.870888 0.034444 0.041118
0 0.352417 0.916941 0.034444 0.041118
0 0.286861 0.369243 0.023333 0.037829
0 0.247417 0.249178 0.035556 0.044408
0 0.622972 0.291118 0.020000 0.029605
0 0.312417 0.289474 0.021111 0.036184
0 0.598528 0.494243 0.022222 0.037829
0 0.597972 0.412829 0.023333 0.036184
0 0.559083 0.498355 0.032222 0.039474
0 0.921305 0.867599 0.034444 0.041118
0 0.919639 0.702303 0.031111 0.042763
0 0.300750 0.787007 0.033333 0.041118
0 0.300194 0.500000 0.034444 0.039474
0 0.764083 0.412829 0.033333 0.039474
0 0.402972 0.787007 0.035556 0.041118
0 0.624083 0.413651 0.022222 0.037829
0 0.599083 0.288651 0.018889 0.027961
0 0.623528 0.454770 0.021111 0.037829
0 0.312417 0.330592 0.021111 0.032895
0 0.312972 0.371711 0.020000 0.032895
0 0.300194 0.749178 0.032222 0.037829
0 0.660750 0.245888 0.042222 0.041118
0 0.245750 0.328947 0.036667 0.046053
0 0.623528 0.662829 0.023333 0.036184
0 0.624083 0.497533 0.020000 0.031250
0 0.285750 0.328947 0.023333 0.036184
0 0.286305 0.288651 0.020000 0.034539
0 0.558528 0.333059 0.033333 0.041118
0 0.623528 0.703947 0.025556 0.036184
0 0.622972 0.370066 0.024444 0.029605
0 0.865750 0.331414 0.032222 0.037829
0 0.764639 0.453947 0.034444 0.026316
0 0.676305 0.746711 0.022222 0.032895
0 0.661861 0.493421 0.044444 0.029605
0 0.404083 0.579770 0.035556 0.044408
0 0.455194 0.456414 0.033333 0.041118
0 0.665194 0.376809 0.040000 0.035855
0 0.663528 0.310938 0.041111 0.039638
0 0.660194 0.146464 0.043333 0.029770
0 0.663528 0.345123 0.043333 0.031793
0 0.660750 0.177303 0.042222 0.035526
0 0.246305 0.292023 0.035556 0.041283
0 0.660750 0.208799 0.044444 0.027796
0 0.662417 0.278536 0.041111 0.027467
0 0.762417 0.249178 0.034444 0.044408
0 0.710750 0.248355 0.035556 0.042763
0 0.402972 0.460526 0.033333 0.042763
0 0.454083 0.415296 0.033333 0.041118
0 0.402972 0.373355 0.035556 0.046053
0 0.351305 0.502467 0.036667 0.041118
0 0.917972 0.328947 0.034444 0.042763
0 0.300194 0.541941 0.034444 0.044408
0 0.454083 0.333059 0.033333 0.041118
0 0.762417 0.157895 0.034444 0.049342
0 0.918528 0.409539 0.033333 0.039474
0 0.454083 0.205592 0.035556 0.042763
0 0.247417 0.459704 0.033333 0.044408
0 0.351305 0.461349 0.034444 0.041118
0 0.865194 0.287007 0.033333 0.047697
0 0.453528 0.373355 0.032222 0.039474
0 0.404083 0.501645 0.033333 0.039474
0 0.711305 0.290296 0.034444 0.041118
0 0.351861 0.416941 0.033333 0.047697
0 0.711861 0.158717 0.035556 0.047697
0 0.812972 0.246711 0.031111 0.046053
0 0.404083 0.623355 0.033333 0.042763
0 0.919083 0.451480 0.032222 0.044408
0 0.299639 0.458882 0.033333 0.042763
0 0.710750 0.204770 0.033333 0.041118
0 0.812972 0.157895 0.035556 0.046053
0 0.402972 0.416941 0.033333 0.044408
0 0.915194 0.155428 0.035556 0.047697
0 0.559083 0.456414 0.032222 0.044408
0 0.916861 0.288651 0.032222 0.041118
0 0.558528 0.289474 0.035556 0.046053
0 0.609639 0.249178 0.033333 0.044408
0 0.812972 0.203125 0.033333 0.041118
0 0.916305 0.245066 0.033333 0.046053
0 0.866861 0.455592 0.032222 0.042763
0 0.916861 0.200658 0.034444 0.042763
