0 0.472973 0.494243 0.038889 0.031250
0 0.833528 0.867599 0.035556 0.041118
0 0.732973 0.870888 0.036667 0.041118
0 0.486862 0.747533 0.022222 0.027961
0 0.427417 0.790296 0.025556 0.041118
0 0.061306 0.499178 0.035556 0.041118
0 0.475751 0.344572 0.042222 0.031250
0 0.832973 0.332237 0.036667 0.042763
0 0.061306 0.329770 0.033333 0.041118
0 0.474084 0.212171 0.043333 0.029605
0 0.474639 0.278783 0.040000 0.031250
0 0.731306 0.704770 0.035556 0.044408
0 0.833528 0.828947 0.033333 0.039474
0 0.422417 0.581414 0.033333 0.037829
0 0.163528 0.791118 0.035556 0.046053
0 0.164084 0.328125 0.034444 0.034539
0 0.281306 0.412007 0.020000 0.031250
0 0.475751 0.376645 0.044444 0.036184
0 0.474639 0.180921 0.042222 0.036184
0 0.832417 0.705592 0.033333 0.042763
0 0.732417 0.788651 0.035556 0.041118
0 0.525195 0.245888 0.030000 0.037829
0 0.834084 0.912829 0.036667 0.046053
0 0.732417 0.829770 0.035556 0.041118
0 0.831862 0.617599 0.034444 0.037829
0 0.060751 0.200658 0.036667 0.046053
0 0.782417 0.868421 0.037778 0.042763
0 0.730751 0.620066 0.034444 0.039474
0 0.473528 0.245066 0.042222 0.039474
0 0.781306 0.578947 0.033333 0.042763
0 0.833528 0.746711 0.035556 0.039474
0 0.833528 0.786184 0.035556 0.042763
0 0.255751 0.328125 0.022222 0.034539
0 0.781306 0.455592 0.033333 0.036184
0 0.267417 0.453947 0.030000 0.039474
0 0.782417 0.829770 0.035556 0.037829
0 0.831862 0.496711 0.034444 0.039474
0 0.422973 0.622533 0.032222 0.041118
0 0.832973 0.662007 0.034444 0.047697
0 0.280751 0.370888 0.021111 0.034539
0 0.164084 0.747533 0.032222 0.041118
0 0.474084 0.144737 0.041111 0.032895
0 0.831862 0.537007 0.034444 0.041118
0 0.832417 0.371711 0.033333 0.036184
0 0.280751 0.291118 0.021111 0.036184
0 0.729639 0.332237 0.032222 0.039474
0 0.475751 0.310855 0.042222 0.039474
0 0.575751 0.246711 0.031111 0.039474
0 0.732417 0.912829 0.037778 0.042763
0 0.319084 0.707237 0.028889 0.036184
0 0.163528 0.415296 0.033333 0.037829
0 0.832417 0.288651 0.033333 0.044408
0 0.319084 0.746711 0.028889 0.042763
0 0.319639 0.830592 0.034444 0.036184
0 0.266862 0.497533 0.031111 0.044408
0 0.782417 0.912829 0.035556 0.042763
0 0.254639 0.290296 0.022222 0.037829
0 0.280751 0.328947 0.023333 0.036184
0 0.780195 0.329770 0.035556 0.044408
0 0.831306 0.153783 0.035556 0.050987
0 0.472973 0.450658 0.038889 0.049342
0 0.677417 0.245888 0.032222 0.041118
0 0.422973 0.664474 0.036667 0.042763
0 0.781306 0.416118 0.035556 0.039474
0 0.112417 0.330592 0.033333 0.039474
0 0.061306 0.583882 0.035556 0.042763
0 0.319639 0.789474 0.034444 0.042763
0 0.060751 0.244243 0.034444 0.041118
0 0.782417 0.787829 0.035556 0.042763
0 0.164084 0.583882 0.036667 0.042763
0 0.255195 0.370888 0.025556 0.037829
0 0.061306 0.287829 0.035556 0.046053
0 0.424084 0.745888 0.036667 0.041118
0 0.216306 0.291118 0.032222 0.039474
0 0.422973 0.410362 0.034444 0.041118
0 0.370751 0.328947 0.034444 0.039474
0 0.677417 0.199013 0.034444 0.049342
0 0.060751 0.154605 0.036667 0.046053
0 0.730751 0.577303 0.036667 0.042763
0 0.625751 0.153783 0.035556 0.047697
0 0.729639 0.288651 0.032222 0.044408
0 0.164639 0.157072 0.033333 0.047697
0 0.164084 0.372533 0.034444 0.047697
0 0.781306 0.287007 0.035556 0.044408
0 0.422417 0.496711 0.035556 0.042763
0 0.728528 0.453947 0.034444 0.039474
0 0.370751 0.289474 0.034444 0.042763
0 0.422973 0.329770 0.034444 0.041118
0 0.575195 0.203125 0.030000 0.044408
0 0.061862 0.457237 0.034444 0.042763
0 0.113528 0.155428 0.035556 0.047697
0 0.781862 0.662007 0.034444 0.041118
0 0.060195 0.413651 0.033333 0.041118
0 0.111862 0.539474 0.036667 0.042763
0 0.267417 0.245888 0.034444 0.044408
0 0.525751 0.156250 0.033333 0.049342
0 0.060751 0.541118 0.034444 0.042763
0 0.370751 0.370066 0.032222 0.042763
0 0.626862 0.291941 0.035556 0.047697
0 0.780751 0.374178 0.034444 0.044408
0 0.729639 0.412829 0.034444 0.042763
0 0.370751 0.154605 0.036667 0.046053
0 0.781862 0.745066 0.034444 0.042763
0 0.163528 0.540296 0.035556 0.044408
0 0.729639 0.494243 0.034444 0.041118
0 0.111862 0.414474 0.034444 0.039474
0 0.319084 0.538651 0.033333 0.041118
0 0.677973 0.289474 0.035556 0.046053
0 0.319084 0.621711 0.033333 0.042763
0 0.423528 0.245888 0.033333 0.041118
0 0.111306 0.498355 0.035556 0.039474
0 0.729084 0.245888 0.035556 0.041118
0 0.422417 0.541118 0.035556 0.046053
0 0.319639 0.329770 0.032222 0.041118
0 0.113528 0.203947 0.033333 0.046053
0 0.526862 0.203947 0.035556 0.046053
0 0.576306 0.152138 0.034444 0.050987
0 0.319084 0.498355 0.033333 0.039474
0 0.422973 0.453125 0.036667 0.044408
0 0.112973 0.370888 0.036667 0.044408
0 0.728528 0.199836 0.036667 0.047697
0 0.216862 0.201480 0.033333 0.044408
0 0.319639 0.157895 0.034444 0.042763
0 0.215751 0.246711 0.033333 0.046053
0 0.319084 0.243421 0.033333 0.042763
0 0.626306 0.202303 0.032222 0.046053
0 0.111862 0.455592 0.036667 0.042763
0 0.319084 0.200658 0.033333 0.042763
0 0.319639 0.457237 0.032222 0.042763
0 0.423528 0.203125 0.035556 0.044408
0 0.371306 0.201480 0.035556 0.044408
0 0.268528 0.157895 0.036667 0.046053
0 0.215751 0.157072 0.035556 0.047697
0 0.267417 0.202303 0.034444 0.042763
0 0.371306 0.457237 0.033333 0.042763
0 0.319639 0.287829 0.032222 0.042763
0 0.319639 0.372533 0.034444 0.041118
0 0.422973 0.155428 0.036667 0.047697
0 0.422417 0.288651 0.035556 0.041118
0 0.370751 0.245888 0.034444 0.044408
0 0.371306 0.413651 0.033333 0.044408
0 0.626306 0.245066 0.034444 0.042763
0 0.781862 0.620066 0.034444 0.042763
0 0.730195 0.536184 0.033333 0.042763
0 0.731862 0.745888 0.036667 0.041118
0 0.424084 0.706414 0.034444 0.041118
0 0.266862 0.541118 0.035556 0.046053
0 0.255195 0.412007 0.023333 0.034539
0 0.319084 0.578947 0.033333 0.039474
0 0.780751 0.495888 0.032222 0.041118
0 0.162973 0.455592 0.030000 0.039474
0 0.831862 0.578125 0.034444 0.041118
0 0.781862 0.703125 0.034444 0.041118
0 0.319639 0.874178 0.036667 0.050987
0 0.730751 0.661184 0.034444 0.042763
0 0.163528 0.496711 0.033333 0.039474
0 0.677417 0.334704 0.036667 0.047697
0 0.320195 0.413651 0.031111 0.037829
0 0.060751 0.371711 0.034444 0.042763
0 0.831306 0.244243 0.033333 0.041118
0 0.112973 0.290296 0.032222 0.041118
0 0.781306 0.537829 0.033333 0.042763
0 0.780195 0.200658 0.031111 0.046053
0 0.164639 0.706414 0.031111 0.041118
0 0.319084 0.666118 0.033333 0.046053
0 0.112417 0.247533 0.033333 0.044408
0 0.164084 0.245888 0.034444 0.044408
0 0.163528 0.288651 0.033333 0.037829
0 0.781306 0.244243 0.033333 0.041118
0 0.164639 0.666118 0.035556 0.042763
0 0.832973 0.454770 0.034444 0.041118
0 0.831306 0.202303 0.033333 0.042763
0 0.831862 0.412829 0.034444 0.042763
0 0.882417 0.200658 0.037778 0.055921
0 0.422973 0.370066 0.032222 0.042763
0 0.164084 0.625822 0.034444 0.041118
0 0.164084 0.201480 0.034444 0.044408
0 0.729639 0.371711 0.030000 0.039474
