0 0.525000 0.912295 0.037778 0.050820
0 0.471111 0.453279 0.041111 0.047541
0 0.884444 0.866393 0.036667 0.040984
0 0.831666 0.911475 0.033333 0.042623
0 0.884444 0.909016 0.038889 0.047541
0 0.470555 0.184426 0.042222 0.034426
0 0.471111 0.317213 0.041111 0.037705
0 0.575000 0.871311 0.035556 0.040984
0 0.886111 0.824590 0.035556 0.042623
0 0.627222 0.911475 0.037778 0.049180
0 0.575000 0.911475 0.035556 0.042623
0 0.781666 0.912295 0.035556 0.044262
0 0.523888 0.826230 0.037778 0.049180
0 0.575000 0.827049 0.037778 0.047541
0 0.677222 0.868852 0.035556 0.042623
0 0.781666 0.868852 0.035556 0.042623
0 0.731111 0.913115 0.036667 0.045902
0 0.832777 0.824590 0.035556 0.045902
0 0.732222 0.824590 0.034444 0.045902
0 0.782222 0.824590 0.036667 0.045902
0 0.627222 0.825410 0.035556 0.047541
0 0.678333 0.913934 0.037778 0.044262
0 0.677777 0.826230 0.034444 0.049180
0 0.626666 0.868033 0.034444 0.037705
0 0.689444 0.784426 0.022222 0.034426
0 0.637777 0.783607 0.021111 0.032787
0 0.469444 0.250000 0.044444 0.037705
0 0.472222 0.381148 0.041111 0.031148
0 0.793888 0.783607 0.020000 0.032787
0 0.471111 0.285246 0.041111 0.032787
0 0.897222 0.782787 0.022222 0.034426
0 0.471111 0.150820 0.043333 0.032787
0 0.845555 0.782787 0.021111 0.034426
0 0.586666 0.784426 0.023333 0.034426
0 0.472222 0.353279 0.041111 0.031148
0 0.483333 0.740984 0.021111 0.032787
0 0.832222 0.869672 0.034444 0.044262
0 0.534444 0.783607 0.023333 0.032787
0 0.470555 0.216393 0.042222 0.029508
0 0.731666 0.869672 0.035556 0.044262
0 0.741111 0.783607 0.023333 0.032787
