0 0.388115 0.449810 0.038683 0.052393
0 0.915272 0.447750 0.041620 0.044110
0 0.373363 0.707783 0.038040 0.033735
0 0.275803 0.400600 0.037363 0.050432
0 0.481856 0.347972 0.044643 0.043543
0 0.456873 0.188008 0.045963 0.045504
0 0.909214 0.410020 0.042177 0.055052
0 0.460673 0.218021 0.050690 0.042409
0 0.498614 0.838097 0.038830 0.046291
0 0.502715 0.499128 0.043175 0.047685
0 0.452061 0.154943 0.048370 0.047814
0 0.471382 0.283803 0.044643 0.043543
0 0.902143 0.369239 0.039300 0.049516
0 0.503586 0.876176 0.041091 0.054703
0 0.198081 0.596905 0.040856 0.053091
0 0.677212 0.272607 0.039153 0.055620
0 0.117963 0.405678 0.037979 0.047555
0 0.477162 0.315712 0.045112 0.046768
0 0.056109 0.336053 0.040004 0.054354
0 0.393748 0.488521 0.036806 0.039490
0 0.552532 0.396194 0.030378 0.045115
0 0.643161 0.749496 0.038214 0.049168
0 0.174215 0.428986 0.039300 0.049516
0 0.168582 0.390276 0.039769 0.052742
0 0.891419 0.291644 0.037744 0.045942
0 0.491555 0.149019 0.028205 0.044418
0 0.510040 0.920531 0.041326 0.056317
0 0.376262 0.368357 0.037979 0.047555
0 0.636325 0.710328 0.036277 0.050083
0 0.277804 0.781506 0.039534 0.051129
0 0.162905 0.347359 0.038918 0.054006
0 0.491659 0.798123 0.039769 0.052742
0 0.485889 0.379598 0.048605 0.049428
0 0.653110 0.103075 0.040239 0.055968
0 0.203054 0.634983 0.041707 0.051826
0 0.878363 0.209733 0.038214 0.049168
0 0.112522 0.364374 0.040239 0.055968
0 0.634443 0.330230 0.038683 0.052393
0 0.649690 0.790451 0.040004 0.054354
0 0.683080 0.312930 0.038214 0.049168
0 0.655792 0.832387 0.039534 0.051129
0 0.521993 0.362100 0.024947 0.043372
0 0.209891 0.674151 0.041473 0.050214
0 0.466570 0.250738 0.047988 0.052305
0 0.631001 0.669831 0.040004 0.054354
0 0.499021 0.196427 0.029056 0.043153
0 0.107388 0.321283 0.037363 0.050432
0 0.866158 0.125861 0.038214 0.049168
0 0.272361 0.740201 0.038683 0.052393
0 0.612619 0.547422 0.037979 0.047555
0 0.485131 0.757168 0.038449 0.050780
0 0.403788 0.909051 0.040387 0.049865
0 0.897052 0.330354 0.038683 0.052393
0 0.243449 0.537605 0.036893 0.047206
0 0.215215 0.714649 0.040856 0.053091
0 0.068783 0.423152 0.042177 0.055052
0 0.320554 0.344875 0.038683 0.052393
0 0.540796 0.315547 0.027735 0.041191
0 0.625441 0.627720 0.040621 0.051478
0 0.398580 0.869360 0.039534 0.051129
0 0.248421 0.575683 0.040387 0.049865
0 0.062872 0.378621 0.040856 0.053091
0 0.266259 0.698265 0.040856 0.053091
0 0.269040 0.358032 0.036511 0.051696
0 0.619573 0.587397 0.041091 0.054703
0 0.827202 0.225309 0.038449 0.050780
0 0.627797 0.288467 0.040239 0.055968
0 0.504699 0.239344 0.027735 0.041191
0 0.778374 0.245203 0.037597 0.052045
0 0.254171 0.615200 0.041091 0.054703
0 0.392404 0.830824 0.037979 0.047555
0 0.814997 0.141438 0.039387 0.057232
0 0.872921 0.168429 0.040004 0.054354
0 0.728255 0.256224 0.040856 0.053091
0 0.479689 0.715863 0.037597 0.052045
0 0.150891 0.260893 0.042412 0.056666
0 0.860599 0.083751 0.040239 0.055968
0 0.671344 0.232284 0.040856 0.053091
0 0.100816 0.276121 0.040473 0.057581
0 0.784359 0.286332 0.037363 0.050432
0 0.753686 0.071638 0.042030 0.061155
0 0.130594 0.488569 0.037128 0.048819
0 0.221362 0.760791 0.040473 0.057581
0 0.284214 0.821655 0.043263 0.055400
0 0.314642 0.300345 0.040004 0.054354
0 0.156377 0.306403 0.039769 0.052742
0 0.664581 0.189716 0.039534 0.051129
0 0.135258 0.528435 0.040004 0.054354
0 0.331937 0.423102 0.037979 0.047555
0 0.659139 0.148412 0.040856 0.053091
0 0.534576 0.272805 0.028440 0.046030
0 0.661777 0.873518 0.041942 0.053439
0 0.474056 0.677154 0.037128 0.048819
0 0.640002 0.372340 0.037597 0.052045
0 0.186302 0.512051 0.039534 0.051129
0 0.821334 0.184986 0.038449 0.050780
0 0.690033 0.352905 0.038683 0.052393
0 0.601970 0.466427 0.040621 0.051478
0 0.281671 0.440923 0.036893 0.047206
0 0.853910 0.037782 0.042646 0.058278
0 0.765699 0.158105 0.039769 0.052742
0 0.124375 0.445827 0.042177 0.055052
0 0.260391 0.657942 0.040856 0.053091
0 0.399923 0.527057 0.040239 0.055968
0 0.510258 0.281454 0.026649 0.040843
0 0.734241 0.297354 0.041091 0.054703
0 0.546781 0.356677 0.027501 0.039578
0 0.402661 0.182616 0.039387 0.057232
0 0.409699 0.953582 0.042646 0.058278
0 0.578734 0.306748 0.038449 0.050780
0 0.557645 0.521172 0.038449 0.050780
0 0.200966 0.245665 0.040473 0.057581
0 0.516008 0.320971 0.026884 0.042456
0 0.759714 0.116975 0.039534 0.051129
0 0.720832 0.213024 0.041326 0.056317
0 0.050080 0.290717 0.041560 0.057930
0 0.218113 0.375222 0.038449 0.050780
0 0.553737 0.134971 0.041795 0.059543
0 0.287112 0.482228 0.039153 0.055620
0 0.406187 0.574005 0.039153 0.055620
0 0.884892 0.250689 0.040004 0.054354
0 0.355643 0.586008 0.040152 0.048252
0 0.450233 0.513441 0.039065 0.047903
0 0.607955 0.507557 0.043028 0.053788
0 0.230817 0.454713 0.040856 0.053091
0 0.621385 0.248319 0.038214 0.049168
0 0.456101 0.553764 0.040004 0.054354
0 0.207538 0.290826 0.040004 0.054354
0 0.570276 0.604063 0.039769 0.052742
0 0.223864 0.414739 0.040856 0.053091
0 0.308539 0.258409 0.039534 0.051129
0 0.379539 0.746320 0.038067 0.055271
0 0.236920 0.496649 0.041326 0.056317
0 0.303479 0.211918 0.039153 0.055620
0 0.584484 0.346265 0.038214 0.049168
0 0.212554 0.333112 0.040004 0.054354
0 0.461426 0.594262 0.038449 0.050780
0 0.180317 0.470922 0.040239 0.055968
0 0.382554 0.407699 0.039300 0.049516
0 0.834508 0.267704 0.041326 0.056317
0 0.427731 0.350993 0.036659 0.045593
0 0.772154 0.202460 0.040004 0.054354
0 0.326304 0.384391 0.038449 0.050780
0 0.495248 0.451721 0.047606 0.056795
0 0.564174 0.562127 0.039769 0.052742
0 0.191319 0.554337 0.039534 0.051129
0 0.416538 0.270172 0.036042 0.048470
0 0.467953 0.635217 0.039769 0.052742
0 0.410436 0.228237 0.038683 0.052393
0 0.596102 0.426104 0.038449 0.050780
0 0.361818 0.624544 0.039534 0.051129
0 0.560192 0.179327 0.040621 0.051478
0 0.439158 0.433427 0.036042 0.048470
0 0.386537 0.790501 0.041091 0.054703
0 0.590660 0.384800 0.039300 0.049516
0 0.371363 0.326879 0.039153 0.055620
0 0.367848 0.669879 0.043732 0.058627
0 0.615283 0.206383 0.041326 0.056317
0 0.337261 0.463599 0.040004 0.054354
0 0.343907 0.505361 0.038449 0.050780
0 0.551777 0.480849 0.038449 0.050780
0 0.546336 0.439545 0.039769 0.052742
0 0.566411 0.222069 0.041326 0.056317
0 0.349892 0.546491 0.040856 0.053091
0 0.444057 0.474905 0.038449 0.050780
0 0.434259 0.391948 0.038918 0.054006
0 0.421981 0.311476 0.040004 0.054354
0 0.573409 0.266249 0.037363 0.050432
