0 0.926722 0.485472 0.042835 0.056034
0 0.292213 0.465810 0.039872 0.050469
0 0.782774 0.388597 0.037447 0.048085
0 0.800792 0.607258 0.039872 0.050469
0 0.306324 0.385679 0.040682 0.049275
0 0.313313 0.344322 0.041219 0.052457
0 0.601072 0.535487 0.042566 0.054444
0 0.298527 0.425049 0.037444 0.054051
0 0.586825 0.616412 0.041488 0.054047
0 0.853062 0.280978 0.040138 0.058026
0 0.889488 0.383921 0.041757 0.055637
0 0.297179 0.121284 0.038250 0.058823
0 0.725384 0.413105 0.039063 0.051663
0 0.509143 0.456056 0.047953 0.062392
0 0.279178 0.546335 0.034750 0.050077
0 0.826860 0.446206 0.042029 0.051262
0 0.897957 0.340574 0.037713 0.055642
0 0.591405 0.914608 0.036369 0.047689
0 0.797155 0.306876 0.039876 0.044503
0 0.532258 0.319260 0.046341 0.052848
0 0.522180 0.382289 0.048768 0.049266
0 0.542200 0.253647 0.046878 0.056030
0 0.652856 0.933831 0.025591 0.037757
0 0.560211 0.157211 0.046881 0.050064
0 0.526614 0.352664 0.047422 0.047279
0 0.536959 0.288044 0.046075 0.045292
0 0.472888 0.738388 0.028016 0.040141
0 0.547683 0.221197 0.046562 0.042189
0 0.553945 0.190910 0.046583 0.054280
0 0.711019 0.830201 0.041757 0.055637
0 0.875646 0.465840 0.043644 0.054840
0 0.676465 0.394266 0.042029 0.051262
0 0.663430 0.474792 0.039063 0.051663
0 0.869330 0.506599 0.040141 0.052060
0 0.812883 0.525541 0.037175 0.052461
0 0.713025 0.493034 0.039063 0.051663
0 0.275273 0.247544 0.042297 0.052853
0 0.319629 0.306941 0.040951 0.050865
0 0.820141 0.485972 0.037716 0.049676
0 0.288981 0.166420 0.042835 0.056034
0 0.619749 0.418177 0.039603 0.048878
0 0.584283 0.956760 0.042026 0.057229
0 0.622845 0.714982 0.041219 0.052457
0 0.593545 0.576646 0.038794 0.050072
0 0.647447 0.891293 0.042835 0.056034
0 0.604305 0.834876 0.042835 0.056034
0 0.627276 0.377018 0.042295 0.058819
0 0.269497 0.288502 0.044722 0.055237
0 0.285762 0.503985 0.039872 0.050469
0 0.862745 0.545571 0.039872 0.050469
0 0.636570 0.970409 0.043101 0.059182
0 0.933844 0.443319 0.042566 0.054444
0 0.804410 0.260548 0.044179 0.063987
0 0.657790 0.514956 0.036369 0.047689
0 0.839626 0.367270 0.039063 0.051663
0 0.703896 0.872353 0.041488 0.054047
0 0.769471 0.470714 0.038794 0.050072
0 0.837217 0.706822 0.042026 0.057229
0 0.832233 0.407633 0.039872 0.050469
0 0.941236 0.399576 0.040678 0.055241
0 0.719473 0.451479 0.040141 0.052060
0 0.700393 0.571175 0.040141 0.052060
0 0.740708 0.329197 0.039600 0.054844
0 0.633589 0.332879 0.035019 0.051668
0 0.610620 0.794117 0.038794 0.050072
0 0.849712 0.626097 0.041757 0.055637
0 0.856700 0.584740 0.039063 0.051663
0 0.614377 0.456749 0.040141 0.052060
0 0.843532 0.666063 0.040141 0.052060
0 0.881960 0.425080 0.040141 0.052060
0 0.680506 0.692263 0.041757 0.055637
0 0.674056 0.733818 0.042297 0.052853
0 0.650665 0.553729 0.040409 0.053650
0 0.485351 0.281732 0.041488 0.054047
0 0.492878 0.240574 0.040409 0.053650
0 0.334008 0.221841 0.042295 0.058819
0 0.583998 0.318017 0.042566 0.054444
0 0.660752 0.812556 0.040409 0.053650
0 0.669341 0.433039 0.039063 0.051663
0 0.687359 0.651701 0.041488 0.054047
0 0.682106 0.354104 0.040947 0.056832
0 0.281992 0.207777 0.042835 0.056034
0 0.762752 0.510480 0.041488 0.054047
0 0.576876 0.360169 0.042835 0.056034
0 0.499864 0.195837 0.042563 0.060409
0 0.729964 0.711300 0.043644 0.054840
0 0.806972 0.567294 0.039331 0.053254
0 0.478631 0.321498 0.040951 0.050865
0 0.789493 0.348830 0.042835 0.056034
0 0.630913 0.674022 0.041757 0.055637
0 0.442071 0.219351 0.045526 0.065974
0 0.636822 0.632268 0.039063 0.051663
0 0.732238 0.372543 0.039331 0.053254
0 0.326617 0.265584 0.043644 0.054840
0 0.706034 0.531011 0.037985 0.051267
0 0.590984 0.273280 0.042563 0.060409
0 0.654840 0.850930 0.040951 0.050865
0 0.775786 0.429954 0.042835 0.056034
0 0.749986 0.589416 0.040141 0.052060
0 0.472451 0.361464 0.040409 0.053650
0 0.607657 0.496516 0.040141 0.052060
0 0.737760 0.668551 0.040409 0.053650
0 0.642599 0.594690 0.037716 0.049676
0 0.756571 0.550445 0.039872 0.050469
0 0.597587 0.878022 0.041219 0.052457
0 0.667471 0.772789 0.039872 0.050469
0 0.271112 0.587296 0.041757 0.055637
0 0.845940 0.326510 0.040409 0.053650
0 0.692596 0.610545 0.040141 0.052060
0 0.744750 0.630573 0.038794 0.050072
0 0.617339 0.754350 0.041488 0.054047
0 0.724323 0.751462 0.043644 0.054840
0 0.717199 0.790235 0.040141 0.052060
