0 0.823595 0.787767 0.038835 0.050492
0 0.669893 0.515031 0.026712 0.044461
0 0.875721 0.804706 0.041262 0.052899
0 0.628053 0.457695 0.028053 0.040465
0 0.321958 0.303246 0.040726 0.055696
0 0.646380 0.336073 0.028324 0.042065
0 0.620461 0.499100 0.026975 0.040062
0 0.816542 0.829372 0.042076 0.057700
0 0.731792 0.707494 0.039920 0.056894
0 0.654451 0.467566 0.026975 0.040062
0 0.596217 0.490034 0.030751 0.044472
0 0.335658 0.222435 0.042611 0.054902
0 0.607974 0.579514 0.027518 0.043263
0 0.622812 0.326409 0.028595 0.043666
0 0.582382 0.571645 0.025898 0.039659
0 0.830784 0.745361 0.040192 0.058494
0 0.614892 0.538708 0.026704 0.038462
0 0.586760 0.870224 0.031022 0.046072
0 0.933801 0.441848 0.042347 0.059300
0 0.719593 0.532765 0.028595 0.043666
0 0.777516 0.427650 0.041797 0.050101
0 0.646456 0.507968 0.025092 0.040857
0 0.591479 0.271300 0.038021 0.045691
0 0.867494 0.930956 0.030480 0.042871
0 0.615490 0.366213 0.029130 0.040868
0 0.600250 0.618316 0.027246 0.041662
0 0.602329 0.447225 0.027781 0.038865
0 0.391874 0.198362 0.038021 0.045691
0 0.634971 0.416889 0.027781 0.038865
0 0.850844 0.880487 0.028867 0.045266
0 0.842848 0.920889 0.028595 0.043666
0 0.100888 0.265675 0.027518 0.043263
0 0.379251 0.279576 0.039906 0.044897
0 0.869478 0.844913 0.042882 0.056502
0 0.874412 0.890150 0.028595 0.043666
0 0.589838 0.531041 0.029944 0.045669
0 0.600189 0.791013 0.026441 0.042860
0 0.641079 0.377483 0.026433 0.036862
0 0.676268 0.477426 0.026441 0.042860
0 0.599455 0.964308 0.029138 0.046866
0 0.228131 0.224769 0.040448 0.048098
0 0.724890 0.494756 0.026169 0.041259
0 0.241696 0.144758 0.042060 0.045703
0 0.094377 0.304081 0.029673 0.044069
0 0.624836 0.801080 0.025627 0.038059
0 0.826944 0.446984 0.040455 0.054095
0 0.178971 0.207237 0.040712 0.043700
0 0.580920 0.911432 0.030751 0.044472
0 0.925938 0.484852 0.040184 0.052495
0 0.612620 0.879894 0.030480 0.042871
0 0.707241 0.612378 0.028324 0.042065
0 0.573595 0.954638 0.030751 0.044472
0 0.126210 0.275144 0.027510 0.037265
0 0.429485 0.300913 0.041262 0.052899
0 0.606105 0.921700 0.027789 0.044863
0 0.496458 0.534410 0.034526 0.048881
0 0.087324 0.345686 0.029673 0.044069
0 0.559812 0.153955 0.051494 0.053728
0 0.578720 0.353314 0.038549 0.036896
0 0.329419 0.259241 0.039370 0.047695
0 0.553572 0.190760 0.049339 0.052921
0 0.521963 0.380588 0.050146 0.051725
0 0.618461 0.838685 0.028595 0.043666
0 0.473724 0.739469 0.027781 0.038865
0 0.081891 0.384495 0.029673 0.044069
0 0.276251 0.329548 0.027510 0.037265
0 0.542322 0.250365 0.050695 0.060923
0 0.527389 0.348583 0.050146 0.051725
0 0.548960 0.217964 0.050409 0.047326
0 0.532132 0.323981 0.048796 0.049720
0 0.536477 0.294976 0.048804 0.055719
0 0.508678 0.452195 0.046920 0.056513
0 0.471860 0.361853 0.043688 0.055304
0 0.774031 0.769233 0.040991 0.051299
0 0.919155 0.524857 0.042340 0.053302
0 0.478917 0.316845 0.039913 0.050895
0 0.883046 0.761500 0.044502 0.060106
0 0.667988 0.769569 0.043425 0.059703
0 0.875699 0.466917 0.038835 0.050492
0 0.616940 0.753033 0.043696 0.061303
0 0.584964 0.313107 0.042882 0.056502
0 0.385629 0.238569 0.042882 0.056502
0 0.567911 0.738103 0.043696 0.061303
0 0.632392 0.672026 0.043704 0.067301
0 0.734196 0.368910 0.044502 0.060106
0 0.720228 0.447919 0.043696 0.061303
0 0.436135 0.258306 0.040998 0.057297
0 0.833327 0.402575 0.041269 0.058897
0 0.171246 0.246039 0.043153 0.058103
0 0.781220 0.726827 0.042347 0.059300
0 0.581611 0.657291 0.041269 0.058897
0 0.784031 0.385844 0.042347 0.059300
0 0.485967 0.278641 0.039378 0.053693
0 0.868377 0.506720 0.040455 0.054095
0 0.882484 0.423509 0.040998 0.057297
0 0.221888 0.264976 0.045308 0.058908
0 0.127519 0.189698 0.043417 0.053704
0 0.768326 0.809641 0.041533 0.054499
0 0.770060 0.468254 0.042076 0.057700
0 0.234511 0.183762 0.042882 0.056502
0 0.599075 0.226493 0.043432 0.065700
0 0.718219 0.794309 0.042619 0.060900
0 0.670799 0.428585 0.043425 0.059703
0 0.372735 0.321383 0.043696 0.061303
0 0.342716 0.177427 0.042619 0.060900
0 0.681278 0.694560 0.042890 0.062500
0 0.121411 0.229105 0.044766 0.055707
0 0.572073 0.392519 0.042619 0.060900
0 0.725005 0.750900 0.042611 0.054902
0 0.819081 0.489988 0.042076 0.057700
0 0.399605 0.152756 0.043704 0.067301
0 0.501891 0.495603 0.045843 0.056110
0 0.249157 0.100751 0.043432 0.065700
0 0.185753 0.167231 0.040726 0.055696
0 0.284613 0.202497 0.042347 0.059300
0 0.492753 0.235234 0.041540 0.060497
0 0.271719 0.285311 0.041533 0.054499
0 0.193485 0.121625 0.041540 0.060497
0 0.135518 0.145894 0.045851 0.062109
0 0.422970 0.342720 0.042882 0.056502
0 0.682744 0.351372 0.041812 0.062097
0 0.609514 0.408221 0.030215 0.047269
0 0.593814 0.828617 0.028867 0.045266
0 0.277289 0.245703 0.040720 0.049699
