0 0.770985 0.515348 0.033374 0.031596
0 0.374298 0.876375 0.039620 0.031895
0 0.498203 0.453362 0.034833 0.034508
0 0.379347 0.686450 0.035958 0.034562
0 0.374618 0.844723 0.035967 0.034879
0 0.505064 0.623590 0.028038 0.019973
0 0.496205 0.857273 0.021873 0.022362
0 0.495404 0.507301 0.034458 0.026122
0 0.828460 0.454763 0.034623 0.031656
0 0.879642 0.583887 0.034718 0.034819
0 0.712862 0.576694 0.035825 0.030135
0 0.710051 0.670772 0.033374 0.031596
0 0.771306 0.483696 0.034623 0.031656
0 0.594805 0.822804 0.034576 0.030075
0 0.329825 0.522729 0.037216 0.034938
0 0.385410 0.525390 0.033469 0.034759
0 0.217670 0.613156 0.033327 0.030015
0 0.215499 0.643929 0.035967 0.034879
0 0.651608 0.763770 0.034671 0.033238
0 0.608360 0.410974 0.034623 0.031656
0 0.322219 0.777294 0.034623 0.031656
0 0.322523 0.808977 0.034718 0.034819
0 0.825322 0.517949 0.032125 0.031537
0 0.720476 0.384674 0.034718 0.034819
0 0.710348 0.639910 0.037263 0.036519
0 0.872052 0.775115 0.035967 0.034879
0 0.823361 0.583567 0.034576 0.030075
0 0.154823 0.832616 0.035967 0.034879
0 0.650687 0.794603 0.034718 0.034819
0 0.822534 0.611237 0.034718 0.034819
0 0.869490 0.839913 0.034718 0.034819
0 0.721444 0.352260 0.037169 0.033358
0 0.277449 0.454511 0.035920 0.033298
0 0.223433 0.420256 0.035920 0.033298
0 0.774211 0.386455 0.034765 0.036400
0 0.871107 0.806739 0.035967 0.034879
0 0.716439 0.477902 0.037311 0.038100
0 0.211048 0.771972 0.034718 0.034819
0 0.649094 0.826986 0.033327 0.030015
0 0.319914 0.875356 0.033280 0.028435
0 0.773820 0.420480 0.030971 0.034639
0 0.210728 0.803625 0.038465 0.034998
0 0.655715 0.668171 0.032031 0.028375
0 0.154502 0.864270 0.034623 0.031656
0 0.156689 0.770161 0.035920 0.033298
0 0.112630 0.381700 0.032267 0.036280
0 0.881875 0.488197 0.035825 0.030135
0 0.884319 0.427353 0.034812 0.037981
0 0.501024 0.340125 0.038607 0.039742
0 0.325631 0.684037 0.033469 0.034759
0 0.167824 0.418385 0.034718 0.034819
0 0.718528 0.428917 0.036534 0.053852
0 0.385730 0.493738 0.032125 0.031537
0 0.381880 0.622602 0.034576 0.030075
0 0.873621 0.743523 0.034718 0.034819
0 0.391478 0.364173 0.033563 0.037921
0 0.829405 0.423141 0.034718 0.034819
0 0.760537 0.802237 0.037169 0.033358
0 0.327638 0.616838 0.033327 0.030015
0 0.157002 0.738746 0.037155 0.032883
0 0.602024 0.602106 0.033384 0.031913
0 0.214156 0.709814 0.034685 0.033712
0 0.213240 0.740488 0.034619 0.031498
0 0.602977 0.570214 0.033455 0.034284
0 0.157947 0.707099 0.037166 0.033247
0 0.662353 0.446019 0.034671 0.033238
0 0.880954 0.519029 0.035873 0.031716
0 0.209463 0.866901 0.034718 0.034819
0 0.209760 0.836039 0.035920 0.033298
0 0.503662 0.679504 0.023347 0.018659
0 0.505132 0.641834 0.021664 0.018721
0 0.505761 0.601922 0.020813 0.023622
0 0.500992 0.407560 0.033724 0.019519
0 0.501153 0.389596 0.035309 0.022437
0 0.379053 0.717233 0.034619 0.031498
0 0.502057 0.368358 0.039365 0.023357
0 0.496722 0.881841 0.024465 0.025644
0 0.505726 0.580473 0.024361 0.022165
0 0.504590 0.660381 0.024314 0.020584
0 0.882728 0.459658 0.035830 0.030293
0 0.500637 0.426323 0.036313 0.025579
0 0.495353 0.529941 0.035613 0.023020
0 0.495361 0.550605 0.034283 0.020272
0 0.327888 0.587557 0.034718 0.034819
0 0.596303 0.793583 0.035873 0.031716
0 0.501471 0.701956 0.025880 0.031238
0 0.540445 0.820993 0.033469 0.034759
0 0.487442 0.794705 0.033374 0.031596
0 0.442423 0.501202 0.033374 0.031596
0 0.111615 0.415695 0.034718 0.034819
0 0.440995 0.528051 0.029627 0.031417
0 0.647275 0.887861 0.030971 0.034639
0 0.168698 0.389134 0.034765 0.036400
0 0.868202 0.903979 0.035920 0.033298
0 0.775156 0.354832 0.037169 0.033358
0 0.875120 0.714302 0.035920 0.033298
0 0.324132 0.713258 0.034576 0.030075
0 0.648125 0.859400 0.030782 0.028315
0 0.388565 0.398869 0.032031 0.028375
0 0.277675 0.426020 0.037074 0.030195
0 0.868498 0.873117 0.037216 0.034938
0 0.380983 0.652643 0.034765 0.036400
0 0.540718 0.790922 0.034718 0.034819
0 0.155815 0.799413 0.033469 0.034759
0 0.387300 0.462144 0.030971 0.034639
0 0.110670 0.447318 0.034623 0.031656
0 0.164919 0.515627 0.034576 0.030075
0 0.877104 0.647893 0.035920 0.033298
0 0.772203 0.453654 0.034623 0.031656
0 0.706569 0.766402 0.034671 0.033238
0 0.757055 0.897867 0.033374 0.031596
0 0.609376 0.376980 0.034954 0.042724
0 0.443783 0.434764 0.034718 0.034819
0 0.596624 0.761930 0.034718 0.034819
0 0.331418 0.490346 0.035920 0.033298
0 0.878697 0.615509 0.037216 0.034938
0 0.552158 0.470828 0.033327 0.030015
0 0.326646 0.650042 0.033516 0.036340
0 0.442767 0.468759 0.034671 0.033238
0 0.215756 0.677193 0.035967 0.034879
0 0.885334 0.393358 0.034765 0.036400
0 0.433125 0.686807 0.030923 0.033059
0 0.826891 0.486357 0.033469 0.034759
0 0.664961 0.379641 0.036014 0.036460
0 0.107373 0.578583 0.033469 0.034759
0 0.538876 0.852587 0.037216 0.034938
0 0.159914 0.641268 0.037216 0.034938
0 0.160171 0.674532 0.037216 0.034938
0 0.758992 0.833039 0.038465 0.034998
0 0.757999 0.866243 0.035967 0.034879
0 0.374986 0.811489 0.037216 0.034938
0 0.656660 0.636548 0.037311 0.038100
0 0.166903 0.449218 0.034671 0.033238
0 0.817067 0.773275 0.036014 0.036460
0 0.323140 0.746462 0.034765 0.036400
0 0.320883 0.842942 0.033516 0.036340
0 0.436864 0.624442 0.034718 0.034819
0 0.162108 0.609705 0.034718 0.034819
0 0.876112 0.681097 0.036014 0.036460
0 0.378172 0.746721 0.034718 0.034819
0 0.435295 0.656035 0.033469 0.034759
0 0.829796 0.389116 0.036109 0.039622
0 0.388292 0.428940 0.033469 0.034759
0 0.712613 0.605975 0.037216 0.034938
0 0.330082 0.555993 0.034718 0.034819
0 0.275856 0.486895 0.037216 0.034938
0 0.715400 0.512687 0.037216 0.034938
0 0.820621 0.675274 0.034671 0.033238
0 0.653177 0.732178 0.033516 0.036340
0 0.707490 0.735570 0.034718 0.034819
0 0.109749 0.478150 0.034671 0.033238
0 0.601699 0.633917 0.037311 0.038100
0 0.657949 0.572481 0.033422 0.033178
0 0.438410 0.593639 0.033422 0.033178
0 0.162428 0.578052 0.035873 0.031716
0 0.279058 0.358791 0.036062 0.038040
0 0.654193 0.698183 0.033563 0.037921
0 0.879361 0.551413 0.037169 0.033358
0 0.545513 0.630436 0.034671 0.033238
0 0.657652 0.603344 0.034623 0.031656
0 0.334877 0.395507 0.034576 0.030075
0 0.445399 0.401590 0.033469 0.034759
0 0.428634 0.878977 0.033374 0.031596
0 0.662080 0.476091 0.035920 0.033298
0 0.824329 0.551153 0.034812 0.037981
0 0.278596 0.395187 0.037311 0.038100
0 0.607072 0.475041 0.033422 0.033178
0 0.376555 0.779895 0.035967 0.034879
0 0.548652 0.567249 0.034671 0.033238
0 0.555134 0.371217 0.033516 0.036340
0 0.592821 0.889213 0.034671 0.033238
0 0.607368 0.444179 0.034718 0.034819
0 0.332363 0.458723 0.035920 0.033298
0 0.765957 0.641781 0.035967 0.034879
0 0.537306 0.884179 0.035967 0.034879
0 0.544873 0.693741 0.037169 0.033358
0 0.225722 0.385531 0.038701 0.042904
0 0.433109 0.750144 0.034671 0.033238
0 0.819652 0.707687 0.034718 0.034819
0 0.763075 0.738231 0.033469 0.034759
0 0.219302 0.516646 0.035920 0.033298
0 0.770064 0.546181 0.033422 0.033178
0 0.445838 0.365984 0.037358 0.039682
0 0.820941 0.643621 0.036014 0.036460
0 0.109405 0.510594 0.035873 0.031716
0 0.600731 0.666330 0.034576 0.030075
0 0.220848 0.485844 0.037216 0.034938
0 0.817411 0.740832 0.037216 0.034938
0 0.165864 0.484004 0.037358 0.039682
0 0.597592 0.729517 0.034671 0.033238
0 0.593813 0.856008 0.034765 0.036400
0 0.434030 0.719311 0.032220 0.034699
0 0.599185 0.697133 0.033469 0.034759
0 0.761482 0.770614 0.034765 0.036400
0 0.545216 0.661297 0.035967 0.034879
0 0.432164 0.781766 0.034671 0.033238
0 0.764020 0.706607 0.033469 0.034759
0 0.218959 0.549090 0.034718 0.034819
0 0.606174 0.505083 0.033422 0.033178
0 0.108389 0.544588 0.033516 0.036340
0 0.335916 0.360722 0.034860 0.039562
0 0.333956 0.426339 0.037216 0.034938
0 0.221817 0.453431 0.037263 0.036519
0 0.764988 0.674193 0.033422 0.033178
0 0.663898 0.415217 0.036062 0.038040
0 0.383817 0.557774 0.034671 0.033238
0 0.542335 0.757747 0.035967 0.034879
0 0.661111 0.508505 0.033469 0.034759
0 0.660119 0.541709 0.033469 0.034759
0 0.217389 0.580684 0.035967 0.034879
0 0.542679 0.725304 0.037169 0.033358
0 0.550612 0.501631 0.034718 0.034819
0 0.430203 0.847384 0.032220 0.034699
0 0.553056 0.440787 0.035920 0.033298
0 0.430571 0.814150 0.033469 0.034759
0 0.768151 0.610217 0.035967 0.034879
0 0.768471 0.578565 0.034718 0.034819
0 0.163397 0.545639 0.036014 0.036460
0 0.549573 0.536417 0.034718 0.034819
0 0.709083 0.703186 0.036014 0.036460
0 0.714408 0.545891 0.037216 0.034938
0 0.382200 0.590948 0.036014 0.036460
0 0.604534 0.539048 0.034718 0.034819
0 0.440003 0.561256 0.034718 0.034819
0 0.554048 0.407583 0.036014 0.036460
0 0.547106 0.598052 0.035967 0.034879
