0 0.452255 0.300648 0.034835 0.037489
0 0.472123 0.382575 0.030553 0.029137
0 0.466951 0.368823 0.033546 0.037089
0 0.564619 0.774125 0.028656 0.031360
0 0.444623 0.269880 0.036465 0.039399
0 0.476591 0.405433 0.028582 0.025717
0 0.254257 0.825860 0.040065 0.044729
0 0.480852 0.424316 0.032183 0.031048
0 0.306937 0.808727 0.034569 0.041621
0 0.202733 0.845060 0.032939 0.039712
0 0.327621 0.695647 0.037754 0.039799
0 0.295104 0.554608 0.043859 0.040285
0 0.287130 0.522331 0.043592 0.044418
0 0.691684 0.169881 0.042719 0.051172
0 0.322835 0.925016 0.043060 0.052682
0 0.302811 0.591817 0.045637 0.053481
0 0.271450 0.452844 0.042910 0.041396
0 0.836793 0.314817 0.044881 0.044817
0 0.829293 0.281585 0.044881 0.044817
0 0.268489 0.937817 0.047800 0.047126
0 0.436915 0.232672 0.034835 0.037489
0 0.278267 0.483055 0.042910 0.041396
0 0.252600 0.864355 0.044955 0.050460
0 0.260308 0.901563 0.047800 0.047126
0 0.310519 0.629026 0.044541 0.043307
0 0.777429 0.299273 0.041014 0.043619
0 0.430780 0.205482 0.034153 0.034467
0 0.306436 0.849287 0.041088 0.049262
0 0.319477 0.662614 0.044881 0.044817
0 0.313802 0.884986 0.043932 0.045928
0 0.214653 0.952885 0.051134 0.056589
0 0.813746 0.209632 0.044614 0.048949
0 0.844974 0.351071 0.042303 0.044018
0 0.172302 0.520743 0.043592 0.044418
0 0.199143 0.884154 0.047534 0.051259
0 0.823083 0.247953 0.042303 0.044018
0 0.762526 0.227122 0.043932 0.045928
0 0.334817 0.730590 0.048140 0.048637
0 0.769418 0.263775 0.041355 0.045129
0 0.139444 0.378194 0.044541 0.043307
0 0.164291 0.485245 0.043932 0.045928
0 0.752715 0.189757 0.044614 0.048949
0 0.202275 0.399936 0.046927 0.053881
0 0.147625 0.414448 0.045222 0.046327
0 0.131737 0.340985 0.047534 0.051259
0 0.156925 0.449547 0.045563 0.047838
0 0.262795 0.417546 0.048481 0.050147
0 0.254576 0.378071 0.047193 0.049748
0 0.442079 0.251275 0.027302 0.014840
