0 0.501757 0.493022 0.047171 0.045935
0 0.786681 0.386986 0.038549 0.042730
0 0.137357 0.746722 0.042064 0.057488
0 0.734279 0.371740 0.038289 0.053095
0 0.591661 0.273772 0.038018 0.051499
0 0.615416 0.754894 0.039903 0.050706
0 0.315565 0.641705 0.041523 0.054297
0 0.848749 0.628826 0.040173 0.052300
0 0.232776 0.184421 0.039096 0.051900
0 0.441602 0.216280 0.041252 0.052701
0 0.107371 0.309071 0.041793 0.055892
0 0.127989 0.484624 0.039096 0.051900
0 0.759517 0.850870 0.040444 0.053896
0 0.857540 0.587155 0.041523 0.054297
0 0.099794 0.350346 0.040173 0.052300
0 0.309202 0.682583 0.040173 0.052300
0 0.844720 0.969885 0.040715 0.055491
0 0.731771 0.993115 0.042871 0.013771
0 0.751495 0.590969 0.041252 0.052701
0 0.707844 0.227093 0.042335 0.059082
0 0.753018 0.892545 0.038825 0.050305
0 0.491441 0.236507 0.038018 0.051499
0 0.135698 0.445943 0.036670 0.049504
0 0.484538 0.277185 0.039903 0.050706
0 0.143721 0.705845 0.040173 0.052300
0 0.114815 0.265203 0.041523 0.054297
0 0.447830 0.176200 0.042329 0.053102
0 0.393690 0.498628 0.041252 0.052701
0 0.658085 0.814003 0.042871 0.056293
0 0.151836 0.664771 0.042329 0.053102
0 0.772919 0.768518 0.041793 0.055892
0 0.587495 0.615629 0.040444 0.053896
0 0.606411 0.190225 0.042605 0.060678
0 0.406820 0.417870 0.040986 0.057087
0 0.872598 0.808972 0.041252 0.052701
0 0.814871 0.528046 0.039096 0.051900
0 0.877168 0.468114 0.037477 0.048309
0 0.863904 0.546277 0.040173 0.052300
0 0.269351 0.282812 0.040173 0.052300
0 0.383782 0.236329 0.040986 0.057087
0 0.363342 0.360156 0.036941 0.051098
0 0.450434 0.474787 0.039367 0.053495
0 0.842118 0.667908 0.040444 0.053896
0 0.745847 0.931427 0.040173 0.052300
0 0.913878 0.565707 0.041523 0.054297
0 0.656924 0.209855 0.042335 0.059082
0 0.879636 0.767498 0.041793 0.055892
0 0.650467 0.551708 0.040711 0.049512
0 0.498749 0.193437 0.040715 0.055491
0 0.714516 0.491580 0.038825 0.050305
0 0.426990 0.295639 0.041793 0.055892
0 0.835215 0.708585 0.040173 0.052300
0 0.185540 0.462780 0.039367 0.053495
0 0.723348 0.750086 0.041793 0.055892
0 0.686234 0.651495 0.041252 0.052701
0 0.322739 0.599433 0.041793 0.055892
0 0.692014 0.313629 0.039367 0.053495
0 0.208176 0.643323 0.040173 0.052300
0 0.355497 0.399635 0.039096 0.051900
0 0.866370 0.849052 0.040715 0.055491
0 0.219779 0.264380 0.040715 0.055491
0 0.700265 0.271757 0.041793 0.055892
0 0.193831 0.724477 0.041252 0.052701
0 0.700578 0.570340 0.038018 0.051499
0 0.434970 0.255362 0.040981 0.051107
0 0.629582 0.374359 0.040173 0.052300
0 0.158468 0.625689 0.039903 0.050706
0 0.781439 0.728442 0.039903 0.050706
0 0.921858 0.525431 0.041252 0.052701
0 0.304673 0.078031 0.042064 0.057488
0 0.800525 0.612590 0.038555 0.048710
0 0.387461 0.538707 0.039632 0.049111
0 0.095498 0.686218 0.040173 0.052300
0 0.601432 0.536868 0.040711 0.049512
0 0.262584 0.322691 0.040173 0.052300
0 0.907244 0.608180 0.040173 0.052300
0 0.187603 0.764557 0.042871 0.056293
0 0.473778 0.733517 0.022291 0.021889
0 0.478007 0.717368 0.026095 0.028833
0 0.214943 0.603444 0.039632 0.049111
0 0.779643 0.428460 0.040715 0.055491
0 0.443532 0.515464 0.039096 0.051900
0 0.072322 0.508866 0.041523 0.054297
0 0.728589 0.412021 0.039903 0.050706
0 0.290059 0.160781 0.040444 0.053896
0 0.256491 0.361973 0.038825 0.050305
0 0.129910 0.793981 0.043412 0.059483
0 0.058248 0.588425 0.042600 0.054698
0 0.376744 0.277804 0.035593 0.049103
0 0.794434 0.648482 0.036129 0.046313
0 0.767634 0.809796 0.039903 0.050706
0 0.413723 0.377193 0.042329 0.053102
0 0.658581 0.514024 0.040173 0.052300
0 0.738406 0.971904 0.041523 0.054297
0 0.190916 0.123917 0.040444 0.053896
0 0.573421 0.695187 0.041523 0.054297
0 0.225604 0.223302 0.039903 0.050706
0 0.326632 0.262563 0.042600 0.054698
0 0.858390 0.889329 0.039903 0.050706
0 0.679063 0.690376 0.039903 0.050706
0 0.191633 0.423498 0.039632 0.049111
0 0.348730 0.439514 0.039096 0.051900
0 0.183607 0.166986 0.040444 0.053896
0 0.296826 0.120901 0.039903 0.050706
0 0.730654 0.710406 0.041247 0.046721
0 0.092892 0.391022 0.039903 0.050706
0 0.200869 0.683002 0.041252 0.052701
0 0.143678 0.405667 0.039637 0.055091
0 0.085317 0.428906 0.039903 0.050706
0 0.820964 0.488763 0.037748 0.049905
0 0.239813 0.142946 0.039096 0.051900
0 0.333536 0.218495 0.041793 0.055892
0 0.247393 0.098281 0.040179 0.058281
0 0.359044 0.699419 0.042871 0.056293
0 0.455409 0.131535 0.043412 0.059483
0 0.180697 0.808625 0.042064 0.057488
0 0.764490 0.511009 0.039632 0.049111
0 0.815856 0.829422 0.039903 0.050706
0 0.399244 0.459145 0.038825 0.050305
0 0.585701 0.315647 0.040173 0.052300
0 0.693810 0.610220 0.040715 0.055491
0 0.508256 0.451347 0.048259 0.058296
0 0.420220 0.338909 0.040173 0.052300
0 0.178369 0.501662 0.040173 0.052300
0 0.156403 0.327302 0.040715 0.055491
0 0.871209 0.506598 0.038555 0.048710
0 0.609323 0.794176 0.043407 0.053503
0 0.666739 0.773129 0.041793 0.055892
0 0.808819 0.870897 0.042600 0.054698
0 0.636079 0.336075 0.040173 0.052300
0 0.506329 0.148772 0.041256 0.058681
0 0.249723 0.401853 0.041523 0.054297
0 0.220496 0.563961 0.040444 0.053896
0 0.935796 0.446669 0.043142 0.057888
0 0.205977 0.342344 0.041793 0.055892
0 0.821949 0.790140 0.041252 0.052701
0 0.643971 0.589993 0.041252 0.052701
0 0.198804 0.384616 0.039367 0.053495
0 0.686054 0.355505 0.041523 0.054297
0 0.643520 0.295598 0.038825 0.050305
0 0.608200 0.496988 0.041793 0.055892
0 0.570683 0.397398 0.040444 0.053896
0 0.471543 0.357144 0.038825 0.050305
0 0.884609 0.427636 0.039908 0.056686
0 0.829526 0.748866 0.040715 0.055491
0 0.615777 0.455713 0.040173 0.052300
0 0.707345 0.530461 0.038018 0.051499
0 0.598831 0.234890 0.038825 0.050305
0 0.787667 0.688361 0.041523 0.054297
0 0.331433 0.862129 0.043412 0.059483
0 0.678344 0.394186 0.039096 0.051900
0 0.369706 0.319279 0.038289 0.053095
0 0.594398 0.574951 0.040715 0.055491
0 0.477635 0.317861 0.038018 0.051499
0 0.235515 0.482210 0.040715 0.055491
0 0.464640 0.397821 0.041793 0.055892
0 0.164697 0.585608 0.040981 0.051107
0 0.744188 0.630647 0.040173 0.052300
0 0.649884 0.254720 0.040173 0.052300
0 0.122029 0.526500 0.041252 0.052701
0 0.581131 0.656506 0.039096 0.051900
0 0.758397 0.550291 0.041523 0.054297
0 0.721419 0.450902 0.039637 0.055091
0 0.578259 0.356124 0.039367 0.053495
0 0.807159 0.570118 0.040986 0.057087
0 0.671577 0.434066 0.039096 0.051900
0 0.772874 0.471731 0.041252 0.052701
0 0.622680 0.415036 0.040444 0.053896
0 0.673373 0.730656 0.040444 0.053896
0 0.171870 0.543337 0.041793 0.055892
0 0.736612 0.671922 0.041793 0.055892
0 0.629760 0.673740 0.041523 0.054297
0 0.665348 0.474145 0.040173 0.052300
0 0.622722 0.715215 0.041523 0.054297
0 0.637337 0.632465 0.040444 0.053896
0 0.894383 0.687342 0.040440 0.047916
0 0.043366 0.669378 0.039903 0.050706
0 0.457604 0.435905 0.034781 0.044317
0 0.790196 0.906369 0.025889 0.039517
0 0.365946 0.658743 0.040444 0.053896
0 0.542496 0.252948 0.048524 0.053912
0 0.141480 0.104687 0.042329 0.053102
0 0.337529 0.819455 0.039361 0.047515
0 0.037138 0.709458 0.040981 0.051107
0 0.747813 0.291982 0.043142 0.057888
0 0.559616 0.776542 0.039367 0.053495
0 0.553255 0.814028 0.038555 0.048710
0 0.133904 0.145962 0.041252 0.052701
0 0.546488 0.853908 0.034786 0.050297
0 0.351874 0.738301 0.040440 0.047916
0 0.282753 0.200460 0.038825 0.050305
0 0.565845 0.736462 0.040444 0.053896
0 0.554131 0.191136 0.045827 0.049919
0 0.087922 0.727492 0.041793 0.055892
0 0.559950 0.156839 0.047712 0.049125
0 0.537621 0.285052 0.047977 0.044741
0 0.800909 0.988390 0.026425 0.023219
0 0.548448 0.221244 0.047977 0.044741
0 0.527735 0.350056 0.048248 0.046336
0 0.813770 0.915982 0.025618 0.037922
0 0.523131 0.380565 0.048253 0.052316
0 0.816687 0.443082 0.026966 0.039918
0 0.775449 0.981987 0.028856 0.036027
0 0.276386 0.244728 0.038013 0.045519
0 0.115261 0.566379 0.041252 0.052701
0 0.756067 0.246719 0.042335 0.059082
0 0.078996 0.769961 0.042871 0.056293
0 0.127137 0.185842 0.043407 0.053503
0 0.336677 0.520672 0.037206 0.046714
0 0.783429 0.946248 0.028585 0.043508
0 0.372175 0.618663 0.040440 0.047916
0 0.841201 0.453893 0.026966 0.039918
0 0.169802 0.248341 0.039903 0.050706
0 0.379751 0.577388 0.040986 0.057087
0 0.808080 0.956262 0.026159 0.041111
0 0.716175 0.792358 0.041523 0.054297
0 0.198629 0.081845 0.041793 0.055892
0 0.741450 0.332858 0.038013 0.045519
0 0.837952 0.992605 0.039632 0.014790
0 0.242553 0.440735 0.042329 0.053102
0 0.295128 0.762142 0.041252 0.052701
0 0.051481 0.628304 0.042600 0.054698
0 0.302570 0.721665 0.039903 0.050706
0 0.437303 0.555543 0.035863 0.050698
0 0.288361 0.802021 0.041252 0.052701
0 0.900073 0.647061 0.041523 0.054297
0 0.341827 0.480192 0.039908 0.056686
0 0.928490 0.486349 0.040981 0.051107
0 0.065016 0.548544 0.042059 0.051508
0 0.176434 0.209259 0.040715 0.055491
0 0.102130 0.647136 0.039903 0.050706
0 0.330451 0.557361 0.037748 0.049905
0 0.148251 0.061417 0.041793 0.055892
0 0.228613 0.522887 0.037206 0.046714
0 0.824667 0.402805 0.025623 0.043902
0 0.149368 0.365386 0.038555 0.048710
0 0.078956 0.466392 0.040173 0.052300
0 0.028751 0.752127 0.044760 0.061479
0 0.121043 0.225124 0.039903 0.050706
0 0.471725 0.747237 0.023610 0.020137
0 0.280785 0.843296 0.043412 0.059483
0 0.851218 0.928210 0.039096 0.051900
0 0.847972 0.410623 0.026430 0.042707
0 0.886809 0.725225 0.038825 0.050305
0 0.213283 0.302665 0.039632 0.049111
0 0.163306 0.286625 0.039903 0.050706
0 0.533149 0.318153 0.047176 0.051915
0 0.107684 0.607654 0.040715 0.055491
0 0.345645 0.778381 0.043142 0.057888
