0 0.275008 0.433901 0.042099 0.045780
0 0.860878 0.727510 0.044702 0.046460
0 0.192811 0.605049 0.041229 0.041205
0 0.452653 0.261835 0.039206 0.043574
0 0.780095 0.302775 0.041809 0.044254
0 0.646999 0.486418 0.041809 0.044254
0 0.516707 0.372372 0.040218 0.042390
0 0.550064 0.547755 0.039638 0.039340
0 0.739880 0.683874 0.040218 0.042390
0 0.240597 0.852704 0.043981 0.049170
0 0.681298 0.663157 0.040508 0.043914
0 0.833831 0.588898 0.042820 0.043069
0 0.840864 0.622279 0.041519 0.042730
0 0.180769 0.534556 0.044992 0.047984
0 0.614813 0.604482 0.041519 0.042730
0 0.096528 0.400477 0.044702 0.046460
0 0.308743 0.909344 0.046293 0.048324
0 0.268841 0.397892 0.043110 0.044594
0 0.814033 0.481210 0.041229 0.041205
0 0.419855 0.319228 0.040076 0.048150
0 0.289291 0.505410 0.042820 0.043069
0 0.727534 0.317305 0.040218 0.042390
0 0.510687 0.337125 0.042099 0.045780
0 0.668301 0.296757 0.042389 0.047304
0 0.296524 0.241784 0.046874 0.051375
0 0.315415 0.944421 0.042530 0.041545
0 0.255859 0.326044 0.041809 0.044254
0 0.628230 0.678618 0.043110 0.044594
0 0.288224 0.805046 0.042099 0.045780
0 0.853556 0.692603 0.042820 0.043069
0 0.588431 0.760252 0.042099 0.045780
0 0.446976 0.461823 0.042389 0.047304
0 0.205737 0.974669 0.042389 0.047304
0 0.561455 0.618419 0.042099 0.045780
0 0.282619 0.470333 0.043400 0.046119
0 0.820648 0.814057 0.043110 0.044594
0 0.867391 0.467273 0.041229 0.041205
0 0.254520 0.925908 0.046004 0.046799
0 0.721166 0.578304 0.039638 0.039340
0 0.440304 0.426745 0.038046 0.037474
0 0.343084 0.493761 0.041088 0.046964
0 0.801210 0.704675 0.037615 0.041710
0 0.713933 0.841931 0.043110 0.044594
0 0.248173 0.285628 0.045283 0.049510
0 0.706827 0.804566 0.043400 0.046119
0 0.468727 0.569000 0.035734 0.038320
0 0.767114 0.230927 0.041088 0.046964
0 0.247558 0.889306 0.046004 0.046799
0 0.828101 0.555176 0.041519 0.042730
0 0.219914 0.445890 0.038626 0.040525
0 0.793888 0.669768 0.038916 0.042050
0 0.349755 0.528838 0.037325 0.040185
0 0.872414 0.798936 0.045713 0.045274
0 0.459685 0.295217 0.037325 0.040185
0 0.654336 0.815875 0.043110 0.044594
0 0.213747 0.409881 0.043400 0.046119
0 0.483756 0.414596 0.030669 0.031200
0 0.305939 0.535480 0.031539 0.035774
0 0.501433 0.744554 0.039638 0.039340
0 0.880734 0.537427 0.045573 0.051035
0 0.300953 0.275845 0.044694 0.033414
0 0.474984 0.372064 0.033993 0.029169
0 0.479551 0.392482 0.027196 0.025945
0 0.472009 0.352830 0.032982 0.030355
0 0.568417 0.655021 0.041519 0.042730
0 0.820905 0.219277 0.043400 0.046119
0 0.801196 0.410124 0.038195 0.044760
0 0.301567 0.875199 0.044122 0.043409
0 0.622772 0.344669 0.041519 0.042730
0 0.165198 0.757938 0.043110 0.044594
0 0.495052 0.711003 0.040798 0.045440
0 0.581601 0.429861 0.042389 0.047304
0 0.246384 0.588655 0.040218 0.042390
0 0.219281 0.747813 0.042820 0.043069
0 0.628141 0.380085 0.042099 0.045780
0 0.543248 0.511916 0.043690 0.047644
0 0.227380 0.481560 0.043400 0.046119
0 0.555435 0.583173 0.043400 0.046119
0 0.654322 0.521324 0.040508 0.043914
0 0.254646 0.624917 0.043400 0.046119
0 0.575434 0.393852 0.040218 0.042390
0 0.707173 0.508320 0.041519 0.042730
0 0.741818 0.388813 0.041519 0.042730
0 0.554695 0.284808 0.043690 0.047644
0 0.641629 0.451001 0.041809 0.044254
0 0.681789 0.367673 0.041519 0.042730
0 0.369606 0.331552 0.046874 0.051375
0 0.308800 0.611572 0.047014 0.045614
0 0.748634 0.424653 0.039206 0.043574
0 0.695277 0.438590 0.041809 0.044254
0 0.309072 0.311345 0.045283 0.049510
0 0.755451 0.460492 0.041519 0.042730
0 0.780040 0.600546 0.043110 0.044594
0 0.503290 0.298235 0.042389 0.047304
0 0.767998 0.530053 0.043110 0.044594
0 0.714640 0.543990 0.040508 0.043914
0 0.761471 0.495739 0.043400 0.046119
0 0.201201 0.340320 0.044412 0.044934
0 0.354835 0.562729 0.039928 0.040865
0 0.847535 0.657356 0.042099 0.045780
0 0.187784 0.266184 0.046004 0.046799
0 0.861659 0.433552 0.043110 0.044594
0 0.906768 0.677904 0.039348 0.037814
0 0.461840 0.536381 0.040508 0.043914
0 0.160320 0.427037 0.044702 0.046460
0 0.647158 0.781731 0.044702 0.046460
0 0.446487 0.225826 0.033852 0.034930
0 0.341436 0.790347 0.041229 0.041205
0 0.841861 0.325863 0.040939 0.039679
0 0.687318 0.698403 0.041809 0.044254
0 0.913440 0.712980 0.043690 0.047644
0 0.231393 0.815087 0.038916 0.042050
0 0.921197 0.750174 0.044702 0.046460
0 0.198631 0.937304 0.041519 0.042730
0 0.607650 0.864889 0.043110 0.044594
0 0.661297 0.852477 0.042530 0.041545
0 0.640777 0.748179 0.040939 0.039679
0 0.893715 0.609275 0.040508 0.043914
0 0.760905 0.787240 0.040218 0.042390
0 0.334909 0.756032 0.045283 0.049510
0 0.441266 0.198374 0.031249 0.034250
0 0.191669 0.900702 0.042099 0.045780
0 0.185288 0.867151 0.040939 0.039679
0 0.212970 0.711041 0.042099 0.045780
0 0.615304 0.308999 0.043690 0.047644
0 0.361521 0.892357 0.045133 0.042225
0 0.866899 0.762756 0.042820 0.043069
0 0.667665 0.591478 0.040508 0.043914
0 0.900026 0.646047 0.044992 0.047984
0 0.601123 0.830574 0.042820 0.043069
0 0.328309 0.717736 0.046004 0.046799
0 0.355139 0.858805 0.043110 0.044594
0 0.827867 0.255880 0.043400 0.046119
0 0.795175 0.374877 0.035734 0.038320
0 0.595899 0.795920 0.042530 0.041545
0 0.746912 0.717256 0.035734 0.038320
0 0.122927 0.546462 0.044412 0.044934
0 0.194239 0.303718 0.041809 0.044254
0 0.774220 0.268291 0.039638 0.039340
0 0.693990 0.733480 0.041809 0.044254
0 0.110451 0.473681 0.044702 0.046460
0 0.321637 0.682658 0.043400 0.046119
0 0.117413 0.510283 0.044122 0.043409
0 0.529496 0.888504 0.042389 0.047304
0 0.262422 0.963866 0.042099 0.045780
0 0.506659 0.779209 0.040508 0.043914
0 0.368482 0.928959 0.046293 0.048324
0 0.158022 0.723793 0.041519 0.042730
0 0.847446 0.358822 0.043110 0.044594
0 0.267484 0.696003 0.038626 0.040525
0 0.522028 0.852835 0.042820 0.043069
0 0.635047 0.714458 0.040798 0.045440
0 0.178110 0.833007 0.043690 0.047644
0 0.926857 0.787116 0.047305 0.047139
0 0.766926 0.822486 0.044122 0.043409
0 0.481564 0.640086 0.043110 0.044594
0 0.103490 0.437079 0.044702 0.046460
0 0.142942 0.651692 0.041229 0.041205
0 0.428408 0.357014 0.038916 0.042050
0 0.873627 0.500062 0.040939 0.039679
0 0.347022 0.823306 0.045423 0.043749
0 0.887044 0.574198 0.042530 0.041545
0 0.753584 0.752332 0.042099 0.045780
0 0.813326 0.779151 0.041229 0.041205
0 0.701817 0.767455 0.041519 0.042730
0 0.581615 0.724412 0.041809 0.044254
0 0.208378 0.374464 0.042820 0.043069
0 0.362012 0.596874 0.041519 0.042730
0 0.130250 0.581369 0.045713 0.045274
0 0.834033 0.291889 0.044412 0.044934
0 0.454372 0.500712 0.042099 0.045780
0 0.660993 0.556401 0.040508 0.043914
0 0.513765 0.816573 0.040798 0.045440
0 0.675262 0.333359 0.039206 0.043574
0 0.774163 0.566062 0.038916 0.042050
0 0.225808 0.782128 0.039928 0.040865
0 0.261230 0.361460 0.044412 0.044934
0 0.314315 0.647752 0.044702 0.046460
0 0.302053 0.572513 0.043981 0.049170
0 0.166991 0.462115 0.041519 0.042730
0 0.807361 0.446132 0.041809 0.044254
0 0.635608 0.415754 0.040508 0.043914
0 0.713611 0.244101 0.043400 0.046119
0 0.594653 0.498489 0.038626 0.040525
0 0.588417 0.465701 0.038336 0.038999
0 0.173808 0.497954 0.041809 0.044254
0 0.530846 0.443118 0.041809 0.044254
0 0.233186 0.519264 0.040508 0.043914
0 0.575739 0.689928 0.043400 0.046119
0 0.661700 0.258460 0.038485 0.046284
0 0.137211 0.617970 0.045713 0.045274
0 0.280321 0.767090 0.043400 0.046119
0 0.601180 0.532804 0.042099 0.045780
0 0.149758 0.687532 0.041519 0.042730
0 0.239857 0.554341 0.040508 0.043914
0 0.473952 0.603654 0.041809 0.044254
0 0.487585 0.675333 0.041809 0.044254
0 0.787998 0.340733 0.040508 0.043914
0 0.171655 0.795473 0.044702 0.046460
0 0.608268 0.268415 0.042679 0.048830
0 0.321113 0.381837 0.042099 0.045780
0 0.294895 0.840122 0.042099 0.045780
0 0.375645 0.668552 0.042099 0.045780
0 0.788302 0.636808 0.039928 0.040865
0 0.606334 0.570678 0.040508 0.043914
0 0.621123 0.641254 0.043981 0.049170
0 0.820849 0.517048 0.045283 0.049510
0 0.153429 0.387216 0.043981 0.049170
0 0.330027 0.417930 0.043400 0.046119
0 0.701152 0.473074 0.040218 0.042390
0 0.562597 0.322766 0.041809 0.044254
0 0.186285 0.570735 0.041519 0.042730
0 0.272709 0.730658 0.041519 0.042730
0 0.536576 0.476840 0.042530 0.041545
0 0.722018 0.281126 0.043690 0.047644
0 0.316034 0.347946 0.038336 0.038999
0 0.335326 0.456567 0.044702 0.046460
0 0.807016 0.742379 0.043690 0.047644
0 0.260307 0.661859 0.040218 0.042390
0 0.434429 0.392261 0.040798 0.045440
0 0.199988 0.639194 0.042820 0.043069
0 0.568763 0.358775 0.040218 0.042390
0 0.523524 0.408211 0.043110 0.044594
0 0.368683 0.631951 0.044702 0.046460
0 0.688460 0.402750 0.038916 0.042050
0 0.733714 0.647865 0.039206 0.043574
0 0.733699 0.353314 0.041809 0.044254
0 0.854553 0.396187 0.043400 0.046119
0 0.674336 0.626555 0.043110 0.044594
0 0.728199 0.611686 0.041519 0.042730
0 0.206009 0.674441 0.042099 0.045780
