0 0.495916 0.631121 0.022363 0.023673
0 0.492455 0.559449 0.035373 0.022763
0 0.517024 0.380887 0.038930 0.031255
0 0.489718 0.668783 0.021999 0.024500
0 0.491323 0.650666 0.023509 0.023321
0 0.070593 0.766783 0.035956 0.044355
0 0.498278 0.517127 0.034175 0.031417
0 0.522240 0.347586 0.037505 0.029581
0 0.273504 0.523143 0.033201 0.033016
0 0.484003 0.708478 0.025169 0.026710
0 0.659391 0.549596 0.035879 0.035118
0 0.874008 0.626624 0.034862 0.036405
0 0.121865 0.804506 0.036093 0.036676
0 0.143929 0.648761 0.038183 0.043183
0 0.096155 0.576394 0.036737 0.041353
0 0.276614 0.500540 0.038452 0.053823
0 0.118112 0.421428 0.032828 0.038980
0 0.848512 0.807311 0.033630 0.036133
0 0.100846 0.546911 0.035505 0.041081
0 0.718695 0.528942 0.036681 0.032271
0 0.410239 0.742004 0.037539 0.038507
0 0.789422 0.826406 0.037754 0.040066
0 0.657834 0.570131 0.040486 0.051249
0 0.121865 0.394148 0.035076 0.037964
0 0.823390 0.584145 0.036308 0.038236
0 0.498024 0.611188 0.021260 0.024337
0 0.461700 0.852126 0.022492 0.024609
0 0.104814 0.518074 0.036896 0.033830
0 0.827064 0.963192 0.038985 0.040337
0 0.818485 0.615186 0.037539 0.038507
0 0.457616 0.794209 0.032184 0.034303
0 0.794328 0.795365 0.038985 0.040337
0 0.414422 0.711608 0.034862 0.036405
0 0.505334 0.465842 0.037968 0.041624
0 0.842991 0.838216 0.038985 0.040337
0 0.405842 0.773960 0.038183 0.043183
0 0.727890 0.466726 0.036308 0.038236
0 0.500196 0.590788 0.022921 0.027726
0 0.352703 0.759033 0.036522 0.039794
0 0.139425 0.681496 0.037754 0.040066
0 0.180740 0.786971 0.035291 0.039523
0 0.146237 0.622769 0.035076 0.037964
0 0.810735 0.676116 0.035879 0.035118
0 0.107658 0.488185 0.037754 0.040066
0 0.835643 0.900840 0.038556 0.037219
0 0.831568 0.930457 0.038985 0.040337
0 0.418898 0.683685 0.033630 0.036133
0 0.777062 0.920849 0.035879 0.035118
0 0.852988 0.779388 0.037325 0.036948
0 0.460839 0.876830 0.023135 0.029284
0 0.401767 0.803577 0.034862 0.036405
0 0.735345 0.813680 0.037539 0.038507
0 0.457906 0.404793 0.034862 0.036405
0 0.399539 0.423245 0.037539 0.038507
0 0.386671 0.516773 0.034647 0.034846
0 0.667783 0.894348 0.036522 0.039794
0 0.501048 0.888906 0.036308 0.038236
0 0.580649 0.716133 0.036093 0.036676
0 0.177897 0.406501 0.036308 0.038236
0 0.188811 0.723703 0.038771 0.038779
0 0.535338 0.644309 0.034647 0.034846
0 0.210446 0.571075 0.034647 0.034846
0 0.186075 0.342455 0.038397 0.044742
0 0.861353 0.718594 0.040217 0.040609
0 0.769098 0.572979 0.036093 0.036676
0 0.684727 0.771202 0.036093 0.036676
0 0.726766 0.876033 0.037539 0.038507
0 0.513087 0.796801 0.037539 0.038507
0 0.721753 0.907852 0.038985 0.040337
0 0.560138 0.869812 0.037539 0.038507
0 0.568610 0.808239 0.037325 0.036948
0 0.674135 0.451662 0.036308 0.038236
0 0.890121 0.504901 0.038985 0.040337
0 0.440025 0.530143 0.036308 0.038236
0 0.689418 0.741720 0.035291 0.039523
0 0.552361 0.525195 0.036093 0.036676
0 0.461687 0.372702 0.036737 0.041353
0 0.247178 0.705252 0.038985 0.040337
0 0.222378 0.479749 0.036093 0.036676
0 0.291385 0.397794 0.035076 0.037964
0 0.608078 0.913307 0.036093 0.036676
0 0.286989 0.429750 0.035720 0.042640
0 0.259725 0.614061 0.036308 0.038236
0 0.159507 0.530934 0.036308 0.038236
0 0.505953 0.857867 0.035076 0.037964
0 0.168086 0.468582 0.036308 0.038236
0 0.268920 0.551845 0.035076 0.037964
0 0.256159 0.644594 0.037754 0.040066
0 0.394420 0.455843 0.036308 0.038236
0 0.760841 0.632993 0.038342 0.035661
0 0.701966 0.650529 0.037110 0.035389
0 0.777892 0.509068 0.036093 0.036676
0 0.206880 0.601608 0.036522 0.039794
0 0.672073 0.863171 0.036093 0.036676
0 0.218195 0.510146 0.036308 0.038236
0 0.638801 0.699241 0.036308 0.038236
0 0.389514 0.486884 0.035076 0.037964
0 0.201974 0.632648 0.037754 0.040066
0 0.827572 0.553749 0.038556 0.037219
0 0.214521 0.541458 0.037539 0.038507
0 0.423188 0.652508 0.034059 0.039251
0 0.764300 0.603241 0.037539 0.038507
0 0.555232 0.900852 0.036308 0.038236
0 0.236478 0.386491 0.036093 0.036676
0 0.782690 0.478807 0.037539 0.038507
0 0.378199 0.578346 0.037325 0.036948
0 0.335838 0.475853 0.036093 0.036676
0 0.710946 0.589872 0.036308 0.038236
0 0.652579 0.608322 0.036093 0.036676
0 0.627700 0.789144 0.036093 0.036676
0 0.556758 0.493240 0.036737 0.041353
0 0.364313 0.670045 0.037754 0.040066
0 0.403321 0.391153 0.038985 0.040337
0 0.623625 0.408404 0.035505 0.041081
0 0.569548 0.395678 0.037754 0.040066
0 0.572685 0.778622 0.034862 0.036405
0 0.331040 0.506115 0.037539 0.038507
0 0.509577 0.439939 0.033456 0.022975
0 0.510340 0.422496 0.034792 0.025219
0 0.515133 0.403525 0.037278 0.028367
0 0.518387 0.367985 0.034700 0.024549
0 0.494798 0.540387 0.030240 0.026075
0 0.487201 0.689291 0.022668 0.022244
0 0.369432 0.637445 0.036093 0.036676
0 0.814088 0.647142 0.037754 0.040066
0 0.078595 0.699404 0.037539 0.038507
0 0.798295 0.766527 0.038342 0.035661
0 0.785025 0.858361 0.035076 0.037964
0 0.743495 0.754445 0.037539 0.038507
0 0.356778 0.729415 0.038985 0.040337
0 0.878404 0.594669 0.035076 0.037964
0 0.739420 0.784062 0.037539 0.038507
0 0.857171 0.748991 0.037539 0.038507
0 0.074091 0.732139 0.037968 0.041624
0 0.177066 0.818283 0.036093 0.036676
0 0.133904 0.712401 0.040217 0.040609
0 0.715557 0.556357 0.039414 0.043454
0 0.086960 0.638610 0.034647 0.034846
0 0.151464 0.589390 0.033630 0.036133
0 0.773495 0.951382 0.037325 0.036948
0 0.718079 0.939164 0.039788 0.037491
0 0.397478 0.834754 0.037325 0.036948
0 0.252083 0.674212 0.037325 0.036948
0 0.198622 0.661622 0.035879 0.035118
0 0.348306 0.790988 0.038771 0.038779
0 0.340342 0.853476 0.040002 0.039050
0 0.184708 0.758133 0.037968 0.041624
0 0.082885 0.668228 0.037539 0.038507
0 0.806768 0.704954 0.036093 0.036676
0 0.393911 0.865286 0.036308 0.038236
0 0.091143 0.608213 0.035291 0.039523
0 0.232081 0.828805 0.042250 0.038034
0 0.125833 0.775668 0.039200 0.041896
0 0.839718 0.871222 0.038985 0.040337
0 0.842209 0.456594 0.036737 0.041353
0 0.509520 0.827333 0.033630 0.036133
0 0.864920 0.688062 0.038342 0.035661
0 0.182079 0.376105 0.036093 0.036676
0 0.748186 0.724964 0.036308 0.038236
0 0.731163 0.844077 0.037754 0.040066
0 0.634324 0.727164 0.034647 0.034846
0 0.235433 0.799831 0.038771 0.038779
0 0.781351 0.889673 0.036308 0.038236
0 0.154709 0.561196 0.035291 0.039523
0 0.126262 0.362192 0.037754 0.040066
0 0.663386 0.926304 0.036308 0.038236
0 0.565766 0.427770 0.036308 0.038236
0 0.281253 0.462213 0.034862 0.036405
0 0.163689 0.500538 0.036522 0.039794
0 0.373909 0.609523 0.037754 0.040066
0 0.885939 0.535298 0.038342 0.035661
0 0.869718 0.657800 0.037754 0.040066
0 0.882587 0.564272 0.037754 0.040066
0 0.694324 0.710679 0.036093 0.036676
0 0.835643 0.490482 0.037539 0.038507
0 0.343909 0.822944 0.038985 0.040337
0 0.243611 0.735785 0.037539 0.038507
0 0.296426 0.361162 0.038183 0.043183
0 0.548393 0.554034 0.035879 0.035118
0 0.756873 0.661831 0.036093 0.036676
0 0.676871 0.832910 0.037539 0.038507
0 0.239830 0.767876 0.036522 0.039794
0 0.752476 0.693787 0.036308 0.038236
0 0.894224 0.470472 0.040645 0.043726
0 0.732796 0.435685 0.041289 0.048402
0 0.129722 0.742797 0.040002 0.039050
0 0.360237 0.699662 0.037325 0.036948
0 0.327366 0.537426 0.039200 0.041896
0 0.408441 0.358554 0.037754 0.040066
0 0.435119 0.561182 0.035076 0.037964
0 0.617889 0.851225 0.036093 0.036676
0 0.681053 0.802514 0.037754 0.040066
0 0.705934 0.621691 0.037325 0.036948
0 0.832585 0.521929 0.037539 0.038507
0 0.643492 0.669760 0.037110 0.035389
0 0.382488 0.547170 0.037754 0.040066
0 0.564320 0.839415 0.037754 0.040066
0 0.588290 0.655984 0.034647 0.034846
0 0.226560 0.449352 0.036308 0.038236
0 0.240474 0.352841 0.037968 0.041624
0 0.427477 0.621333 0.036093 0.036676
0 0.112269 0.454671 0.037968 0.041624
0 0.802986 0.737046 0.037968 0.041624
0 0.431553 0.591716 0.033630 0.036133
0 0.598610 0.594818 0.036093 0.036676
0 0.264631 0.583021 0.035076 0.037964
0 0.622178 0.820049 0.036522 0.039794
0 0.631373 0.757833 0.035291 0.039523
0 0.612983 0.882266 0.035291 0.039523
0 0.340128 0.444678 0.036522 0.039794
0 0.173822 0.436118 0.036308 0.038236
0 0.538475 0.616894 0.036093 0.036676
0 0.606359 0.533888 0.037325 0.036948
0 0.194332 0.692798 0.039200 0.041896
0 0.697890 0.680147 0.037539 0.038507
0 0.773495 0.541024 0.036737 0.041353
0 0.348922 0.380766 0.038985 0.040337
0 0.678532 0.419706 0.036522 0.039794
0 0.522175 0.735364 0.036093 0.036676
0 0.669015 0.484261 0.037968 0.041624
0 0.449327 0.467146 0.034862 0.036405
0 0.130258 0.328542 0.039200 0.041896
0 0.517269 0.766405 0.037754 0.040066
0 0.576975 0.747446 0.037754 0.040066
0 0.611157 0.503627 0.036308 0.038236
0 0.585339 0.686652 0.035291 0.039523
0 0.620245 0.442189 0.035291 0.039523
0 0.615447 0.472451 0.033845 0.037693
0 0.345141 0.412858 0.037539 0.038507
0 0.723172 0.501019 0.039200 0.041896
0 0.531048 0.675485 0.035076 0.037964
0 0.600222 0.564657 0.041448 0.040880
0 0.543595 0.584295 0.037754 0.040066
0 0.648290 0.639499 0.036522 0.039794
0 0.525634 0.705611 0.034862 0.036405
0 0.353025 0.346336 0.040645 0.043726
0 0.561155 0.461285 0.036522 0.039794
0 0.231573 0.417532 0.035291 0.039523
0 0.664618 0.516217 0.037754 0.040066
0 0.453509 0.436749 0.035076 0.037964
0 0.594320 0.625994 0.036093 0.036676
0 0.444314 0.498966 0.036308 0.038236
0 0.787302 0.445293 0.040645 0.043726
