0 0.512866 0.293495 0.031445 0.032592
0 0.507810 0.378459 0.028204 0.024536
0 0.506931 0.363467 0.030118 0.032455
0 0.481335 0.783550 0.025782 0.027374
0 0.514604 0.261518 0.032891 0.034287
0 0.505388 0.401737 0.026641 0.021286
0 0.174427 0.708690 0.035899 0.039230
0 0.503924 0.421193 0.029649 0.026230
0 0.228941 0.713541 0.030469 0.037125
0 0.120401 0.706243 0.029024 0.035432
0 0.281167 0.615414 0.034219 0.034424
0 0.291457 0.469817 0.040743 0.033554
0 0.293311 0.436285 0.039766 0.038086
0 0.775961 0.265789 0.037696 0.045594
0 0.210193 0.829245 0.037813 0.047150
0 0.287922 0.507881 0.040469 0.047425
0 0.298700 0.364687 0.039532 0.034973
0 0.870442 0.459862 0.041095 0.038223
0 0.873019 0.425620 0.041095 0.038223
0 0.155367 0.819657 0.043868 0.040054
0 0.518138 0.223454 0.031445 0.032592
0 0.296357 0.395816 0.039532 0.034973
0 0.161712 0.744238 0.040235 0.044312
0 0.158179 0.782302 0.043868 0.040054
0 0.284388 0.545946 0.040978 0.036667
0 0.819111 0.421616 0.037110 0.037812
0 0.520246 0.195438 0.031211 0.029480
0 0.216715 0.751491 0.036250 0.043900
0 0.283080 0.581104 0.041095 0.038223
0 0.213298 0.788000 0.039883 0.039642
0 0.100364 0.812404 0.045899 0.049530
0 0.879249 0.351757 0.040117 0.042755
0 0.867630 0.497217 0.038438 0.037949
0 0.185767 0.389091 0.039766 0.038086
0 0.105695 0.741585 0.042891 0.044586
0 0.876925 0.391515 0.038438 0.037949
0 0.826004 0.347822 0.039883 0.039642
0 0.277808 0.651145 0.043985 0.041611
0 0.821864 0.385040 0.037227 0.039368
0 0.196174 0.241937 0.040978 0.036667
0 0.188520 0.352514 0.039883 0.039642
0 0.827605 0.308773 0.040117 0.042755
0 0.248970 0.287393 0.041798 0.047562
0 0.193362 0.279292 0.041212 0.039779
0 0.199708 0.203872 0.042891 0.044586
0 0.191937 0.316007 0.041329 0.041336
0 0.300789 0.328042 0.044102 0.043167
0 0.304499 0.287643 0.042774 0.043030
0 0.517604 0.243007 0.027069 0.009810
