0 0.692888 0.314262 0.026181 0.034553
0 0.346328 0.673480 0.039510 0.047188
0 0.524576 0.678928 0.024810 0.032817
0 0.489894 0.398720 0.038488 0.034595
0 0.801818 0.301686 0.024426 0.028094
0 0.819103 0.328864 0.036989 0.031286
0 0.649623 0.323070 0.033386 0.032375
0 0.292190 0.687678 0.036128 0.035847
0 0.526126 0.705767 0.023055 0.026359
0 0.182234 0.540532 0.023566 0.032655
0 0.675174 0.637869 0.038871 0.039318
0 0.700060 0.410357 0.024682 0.031243
0 0.149512 0.477982 0.023311 0.029507
0 0.733280 0.502268 0.025798 0.029831
0 0.151509 0.510330 0.021939 0.027771
0 0.193741 0.860338 0.039987 0.037906
0 0.124192 0.676920 0.036256 0.037420
0 0.670064 0.574909 0.038871 0.039318
0 0.233616 0.662688 0.036256 0.037420
0 0.358499 0.838911 0.036256 0.037420
0 0.274177 0.465746 0.036128 0.035847
0 0.186506 0.763457 0.038871 0.039318
0 0.154128 0.542597 0.024810 0.032817
0 0.836903 0.393355 0.027552 0.036288
0 0.177617 0.475917 0.027807 0.039436
0 0.580651 0.843421 0.034757 0.034110
0 0.340549 0.617765 0.036128 0.035847
0 0.118396 0.613254 0.034885 0.035685
0 0.192365 0.827909 0.037372 0.036008
0 0.189189 0.796511 0.036128 0.035847
0 0.328697 0.456268 0.033514 0.033949
0 0.296935 0.753867 0.037627 0.039156
0 0.180236 0.508184 0.024426 0.028094
0 0.115841 0.581775 0.034885 0.035685
0 0.729477 0.439934 0.025925 0.031405
0 0.766708 0.372263 0.036001 0.034272
0 0.197046 0.893311 0.038743 0.037744
0 0.551535 0.461485 0.033642 0.035523
0 0.569745 0.716796 0.035873 0.032698
0 0.727479 0.407586 0.027552 0.036288
0 0.763339 0.338503 0.038138 0.045452
0 0.436251 0.411264 0.038138 0.045452
0 0.723400 0.535365 0.038999 0.040891
0 0.575413 0.778888 0.034502 0.030963
0 0.281842 0.560185 0.036128 0.035847
0 0.731346 0.470707 0.024810 0.032817
0 0.276604 0.495651 0.036128 0.035847
0 0.121573 0.644654 0.036128 0.035847
0 0.283775 0.591746 0.037372 0.036008
0 0.584450 0.874740 0.032526 0.036935
0 0.890155 0.546285 0.036384 0.038994
0 0.665512 0.511082 0.034757 0.034110
0 0.871392 0.322858 0.037883 0.042304
0 0.876132 0.358031 0.038743 0.037744
0 0.231555 0.629555 0.035013 0.037259
0 0.601137 0.391410 0.033642 0.035523
0 0.884423 0.483406 0.034885 0.035685
0 0.831581 0.521295 0.036512 0.040568
0 0.556024 0.524526 0.032398 0.035362
0 0.110539 0.516454 0.034757 0.034110
0 0.229000 0.598074 0.034757 0.034110
0 0.655227 0.384375 0.034885 0.035685
0 0.304600 0.848307 0.037627 0.039156
0 0.773194 0.467651 0.036384 0.038994
0 0.247891 0.823075 0.036256 0.037420
0 0.887600 0.514805 0.036128 0.035847
0 0.384222 0.451433 0.035396 0.041981
0 0.326700 0.423921 0.035140 0.038832
0 0.546105 0.394591 0.039510 0.047188
0 0.771069 0.433729 0.034757 0.034110
0 0.561262 0.589060 0.034885 0.035685
0 0.565192 0.652968 0.037500 0.037582
0 0.840187 0.619589 0.037627 0.039156
0 0.227816 0.568007 0.034757 0.034110
0 0.236793 0.694088 0.037500 0.037582
0 0.112472 0.548015 0.033769 0.037097
0 0.108048 0.485761 0.034885 0.035685
0 0.732633 0.664594 0.039254 0.044040
0 0.768577 0.403036 0.037372 0.036008
0 0.663578 0.479521 0.033769 0.037097
0 0.286458 0.624800 0.037627 0.039156
0 0.176285 0.637538 0.036128 0.035847
0 0.572858 0.747408 0.037500 0.037582
0 0.104871 0.454362 0.036128 0.035847
0 0.178282 0.669885 0.037500 0.037582
0 0.603692 0.422890 0.036384 0.038994
0 0.240161 0.727848 0.038871 0.039318
0 0.215968 0.437527 0.035268 0.040406
0 0.334621 0.521509 0.037627 0.039156
0 0.563195 0.620621 0.036384 0.038994
0 0.567812 0.685235 0.037627 0.039156
0 0.553405 0.492259 0.034757 0.034110
0 0.660959 0.447254 0.036128 0.035847
0 0.337866 0.584711 0.036384 0.038994
0 0.331938 0.488455 0.035140 0.038832
0 0.278601 0.527999 0.037500 0.037582
0 0.222514 0.502686 0.032398 0.035362
0 0.219337 0.471287 0.033642 0.035523
0 0.102124 0.420521 0.038999 0.040891
0 0.270808 0.431986 0.038011 0.043878
0 0.558085 0.557660 0.033642 0.035523
0 0.225197 0.535740 0.035140 0.038832
0 0.577410 0.811235 0.039126 0.042466
0 0.657718 0.415068 0.037500 0.037582
0 0.173602 0.604484 0.038871 0.039318
0 0.142532 0.384249 0.024682 0.031243
0 0.170254 0.377462 0.023438 0.031081
0 0.521038 0.797889 0.030899 0.032051
0 0.134477 0.803627 0.033642 0.035523
0 0.344603 0.652231 0.036895 0.045290
0 0.651173 0.349909 0.035396 0.041981
0 0.595899 0.326876 0.035873 0.032698
0 0.494302 0.453023 0.038871 0.039318
0 0.702189 0.475294 0.026181 0.034553
0 0.136410 0.835187 0.037372 0.036008
0 0.727395 0.600061 0.036256 0.037420
0 0.708133 0.347273 0.033897 0.038671
0 0.701307 0.441211 0.024299 0.026521
0 0.677857 0.670923 0.036384 0.038994
0 0.160635 0.444724 0.036001 0.034272
0 0.126125 0.708481 0.035013 0.037259
0 0.351455 0.744390 0.037500 0.037582
0 0.336426 0.551495 0.033386 0.032375
0 0.353388 0.775951 0.036256 0.037420
0 0.310351 0.911421 0.035835 0.032226
0 0.307283 0.881360 0.034885 0.035685
0 0.242549 0.759119 0.034462 0.030474
0 0.244548 0.789629 0.037576 0.038526
0 0.364263 0.902183 0.037180 0.033647
0 0.131915 0.772068 0.036141 0.036004
0 0.129334 0.740273 0.036065 0.035059
0 0.834949 0.555055 0.037372 0.036008
0 0.812920 0.461688 0.023822 0.035803
0 0.158701 0.413163 0.035013 0.037259
0 0.301917 0.815253 0.037372 0.036008
0 0.140962 0.899015 0.038743 0.037744
0 0.821036 0.360425 0.038999 0.040891
0 0.724904 0.569367 0.036128 0.035847
0 0.362425 0.871803 0.036256 0.037420
0 0.880493 0.419498 0.034757 0.034110
0 0.299426 0.784559 0.037244 0.034434
0 0.683031 0.734669 0.036256 0.037420
0 0.673241 0.606309 0.037372 0.036008
0 0.729886 0.630753 0.036128 0.035847
0 0.667445 0.542642 0.036001 0.034272
0 0.294188 0.720026 0.039987 0.037906
0 0.356501 0.806563 0.034885 0.035685
0 0.181459 0.701284 0.036256 0.037420
0 0.380726 0.416100 0.031282 0.036774
0 0.184789 0.572012 0.025798 0.029831
0 0.878815 0.391085 0.036001 0.034272
0 0.183950 0.731977 0.038615 0.036170
0 0.525085 0.658877 0.021870 0.014789
0 0.521927 0.644439 0.021831 0.016731
0 0.523148 0.628589 0.021699 0.018910
0 0.520208 0.613280 0.019178 0.018162
0 0.518029 0.596337 0.019647 0.019375
0 0.502862 0.548500 0.029902 0.013248
0 0.487047 0.343586 0.039122 0.040736
0 0.719649 0.313669 0.027006 0.032433
0 0.829587 0.297407 0.025464 0.032248
0 0.517582 0.578834 0.021677 0.021507
0 0.492688 0.425397 0.036733 0.028138
0 0.500106 0.509053 0.033054 0.028282
0 0.501959 0.531875 0.037900 0.027356
0 0.488966 0.371800 0.037721 0.025152
0 0.548980 0.430006 0.036128 0.035847
0 0.883048 0.450977 0.034757 0.034110
0 0.349458 0.712043 0.038871 0.039318
0 0.808862 0.396206 0.023438 0.031081
0 0.598326 0.356782 0.033897 0.038671
0 0.839459 0.424835 0.024554 0.029669
0 0.843389 0.488743 0.027169 0.031566
0 0.810731 0.426980 0.022067 0.029346
0 0.289699 0.656986 0.033514 0.033949
0 0.539315 0.852774 0.022927 0.024785
0 0.679169 0.702565 0.036384 0.038994
0 0.142402 0.932231 0.041230 0.038067
0 0.841456 0.457182 0.025925 0.031405
0 0.139587 0.866586 0.036128 0.035847
0 0.542045 0.878663 0.024554 0.029669
0 0.710003 0.378046 0.034757 0.034110
0 0.377051 0.355339 0.036639 0.042143
0 0.378856 0.385325 0.036861 0.029712
0 0.836819 0.585829 0.036001 0.034272
