0 0.309648 0.611518 0.040011 0.043368
0 0.725407 0.400351 0.025752 0.032780
0 0.524031 0.336440 0.037850 0.030685
0 0.519500 0.374293 0.039098 0.031174
0 0.493996 0.614419 0.021460 0.026800
0 0.499122 0.576080 0.023364 0.021568
0 0.523552 0.356736 0.025628 0.024871
0 0.516063 0.393377 0.030473 0.025751
0 0.511024 0.417512 0.038489 0.040180
0 0.496079 0.594349 0.023698 0.025642
0 0.490323 0.633730 0.019236 0.020590
0 0.485678 0.650106 0.023341 0.023479
0 0.482810 0.665137 0.021647 0.014906
0 0.480457 0.677444 0.020918 0.018836
0 0.477361 0.692914 0.023240 0.026991
0 0.545753 0.869405 0.036250 0.034968
0 0.380066 0.854927 0.041496 0.045248
0 0.174809 0.734954 0.040011 0.043368
0 0.287424 0.407974 0.041233 0.043702
0 0.223730 0.455332 0.037040 0.039608
0 0.824667 0.557072 0.038526 0.041488
0 0.573196 0.715841 0.039484 0.040275
0 0.729969 0.531219 0.026474 0.032299
0 0.443924 0.483882 0.037304 0.041154
0 0.303631 0.312851 0.039053 0.044581
0 0.244813 0.331595 0.037040 0.039608
0 0.652487 0.573193 0.036250 0.034968
0 0.889930 0.511761 0.039580 0.047675
0 0.228126 0.425778 0.035818 0.039274
0 0.205690 0.549954 0.040969 0.042155
0 0.449458 0.451401 0.039748 0.041822
0 0.217421 0.811333 0.038262 0.039941
0 0.578467 0.684906 0.039484 0.040275
0 0.673917 0.451169 0.036082 0.040821
0 0.222560 0.781172 0.037998 0.038394
0 0.266342 0.531711 0.041233 0.043702
0 0.544959 0.543837 0.036777 0.038060
0 0.276008 0.471223 0.038957 0.037181
0 0.385153 0.498592 0.039220 0.038728
0 0.676807 0.775690 0.037304 0.041154
0 0.680062 0.418856 0.039748 0.041822
0 0.798314 0.711742 0.037998 0.038394
0 0.556507 0.479816 0.035818 0.039274
0 0.255058 0.594187 0.039748 0.041822
0 0.765633 0.573328 0.038526 0.041488
0 0.401097 0.405015 0.037040 0.039608
0 0.776042 0.512232 0.038262 0.039941
0 0.259586 0.563859 0.038262 0.039941
0 0.632974 0.698978 0.038526 0.041488
0 0.691876 0.683495 0.038262 0.039941
0 0.196419 0.608123 0.040011 0.043368
0 0.196319 0.285982 0.043509 0.050222
0 0.863098 0.665492 0.040011 0.043368
0 0.190753 0.641378 0.039748 0.041822
0 0.637154 0.666936 0.040706 0.040609
0 0.325724 0.517168 0.037040 0.039608
0 0.217237 0.485933 0.040011 0.043368
0 0.621211 0.760512 0.039053 0.044581
0 0.320716 0.546556 0.037040 0.039608
0 0.760230 0.605036 0.038262 0.039941
0 0.346938 0.392658 0.039748 0.041822
0 0.390903 0.468598 0.040706 0.040609
0 0.702070 0.619912 0.036513 0.036514
0 0.818654 0.588612 0.039484 0.040275
0 0.238799 0.363136 0.038526 0.041488
0 0.756924 0.635697 0.039748 0.041822
0 0.228441 0.750405 0.039748 0.041822
0 0.621423 0.432792 0.043509 0.050222
0 0.233397 0.394843 0.040706 0.040609
0 0.315314 0.578263 0.039748 0.041822
0 0.656883 0.543639 0.038526 0.041488
0 0.212446 0.517808 0.040969 0.042155
0 0.808723 0.650647 0.038262 0.039941
0 0.081871 0.612462 0.042982 0.047129
0 0.298313 0.347819 0.040011 0.043368
0 0.707952 0.589145 0.038789 0.043034
0 0.599550 0.561169 0.042982 0.047129
0 0.583606 0.654746 0.042191 0.042489
0 0.668035 0.481937 0.036777 0.038060
0 0.529363 0.639128 0.038789 0.043034
0 0.447534 0.871727 0.025779 0.035058
0 0.838626 0.816631 0.040802 0.048008
0 0.842758 0.788623 0.037998 0.038394
0 0.593752 0.595197 0.039484 0.040275
0 0.747042 0.693699 0.040538 0.046462
0 0.681778 0.739010 0.038621 0.048888
0 0.762641 0.928616 0.038526 0.041488
0 0.451008 0.847586 0.025684 0.027659
0 0.519349 0.697903 0.035818 0.039274
0 0.783245 0.803939 0.037567 0.042701
0 0.757634 0.958004 0.041496 0.045248
0 0.750779 0.668011 0.038526 0.041488
0 0.773183 0.866748 0.040969 0.042155
0 0.650849 0.928042 0.039484 0.040275
0 0.541716 0.889346 0.047103 0.064476
0 0.449546 0.784868 0.035028 0.034634
0 0.733215 0.433367 0.037472 0.035301
0 0.751447 0.405161 0.027265 0.036939
0 0.817148 0.942687 0.038957 0.037181
0 0.883917 0.543301 0.036513 0.036514
0 0.492801 0.538501 0.039652 0.034421
0 0.768523 0.897849 0.039748 0.041822
0 0.788336 0.777811 0.038789 0.043034
0 0.132552 0.236201 0.025516 0.033512
0 0.502663 0.792085 0.037040 0.039608
0 0.417092 0.637614 0.035818 0.039274
0 0.158344 0.242433 0.027696 0.032633
0 0.740370 0.729106 0.040706 0.040609
0 0.589931 0.617624 0.043245 0.048675
0 0.654982 0.900035 0.038262 0.039941
0 0.134841 0.301572 0.040011 0.043368
0 0.498398 0.820866 0.040969 0.042155
0 0.114908 0.328504 0.026738 0.033845
0 0.140112 0.270638 0.039484 0.040275
0 0.109505 0.360211 0.024031 0.031632
0 0.686738 0.713655 0.035555 0.037727
0 0.130769 0.396771 0.028223 0.035725
0 0.169143 0.768209 0.037304 0.041154
0 0.854785 0.725541 0.040969 0.042155
0 0.724962 0.560606 0.027001 0.035392
0 0.703219 0.523106 0.024294 0.033178
0 0.832481 0.848944 0.040969 0.042155
0 0.822419 0.911753 0.041928 0.040942
0 0.422973 0.606846 0.037040 0.039608
0 0.610007 0.496040 0.035291 0.036180
0 0.454418 0.426046 0.039652 0.034421
0 0.812141 0.972075 0.042455 0.044035
0 0.614535 0.465713 0.036777 0.038060
0 0.496718 0.508007 0.041496 0.045248
0 0.778321 0.836587 0.038262 0.039941
0 0.825988 0.879545 0.040969 0.042155
0 0.550760 0.840018 0.042191 0.042489
0 0.245607 0.657162 0.037567 0.042701
0 0.164879 0.796989 0.038789 0.043034
0 0.395135 0.762730 0.039484 0.040275
0 0.555552 0.808143 0.041233 0.043702
0 0.560771 0.451035 0.036250 0.034968
0 0.858307 0.697366 0.038526 0.041488
0 0.513683 0.731157 0.038526 0.041488
0 0.385205 0.824765 0.037735 0.036848
0 0.389732 0.794438 0.039748 0.041822
0 0.727333 0.464134 0.039748 0.041822
0 0.508412 0.762092 0.038526 0.041488
0 0.357479 0.330790 0.039748 0.041822
0 0.292431 0.378587 0.037735 0.036848
0 0.107877 0.456077 0.040706 0.040609
0 0.660253 0.869100 0.038262 0.039941
0 0.362270 0.298915 0.043677 0.044369
0 0.238982 0.688537 0.039748 0.041822
0 0.874382 0.603017 0.037998 0.038394
0 0.438785 0.514042 0.037040 0.039608
0 0.098078 0.517339 0.039220 0.038728
0 0.428855 0.576078 0.035818 0.039274
0 0.113279 0.424369 0.041496 0.045248
0 0.605216 0.527915 0.037304 0.041154
0 0.433994 0.545917 0.038526 0.041488
0 0.730439 0.791141 0.037567 0.042701
0 0.735231 0.759268 0.037998 0.038394
0 0.136519 0.366777 0.026738 0.033845
0 0.401016 0.731963 0.038789 0.043034
0 0.493475 0.853514 0.039748 0.041822
0 0.379487 0.531846 0.039484 0.040275
0 0.610142 0.825475 0.041496 0.045248
0 0.879305 0.570369 0.037304 0.041154
0 0.086315 0.578874 0.039220 0.038728
0 0.535508 0.606814 0.037567 0.042701
0 0.735851 0.500451 0.028750 0.038819
0 0.794265 0.743011 0.040969 0.042155
0 0.665523 0.838165 0.035818 0.039274
0 0.615065 0.792827 0.039748 0.041822
0 0.770903 0.542394 0.037998 0.038394
0 0.342146 0.424532 0.038262 0.039941
0 0.568669 0.746168 0.038526 0.041488
0 0.540911 0.575106 0.036777 0.038060
0 0.412037 0.671035 0.040274 0.044914
0 0.780486 0.478644 0.036082 0.040821
0 0.829674 0.527683 0.037998 0.038394
0 0.627224 0.728971 0.036513 0.036514
0 0.143275 0.334629 0.032680 0.041366
0 0.185350 0.673086 0.037040 0.039608
0 0.201426 0.578736 0.038957 0.037181
0 0.406155 0.701802 0.037998 0.038394
0 0.847286 0.758295 0.042455 0.044035
0 0.524835 0.669455 0.036777 0.038060
0 0.868632 0.633011 0.036513 0.036514
0 0.249868 0.298174 0.038526 0.041488
0 0.670183 0.807065 0.037040 0.039608
0 0.506073 0.453099 0.039316 0.046128
0 0.683500 0.387421 0.038526 0.041488
0 0.560954 0.776436 0.040969 0.042155
0 0.488552 0.886162 0.038526 0.041488
0 0.179469 0.703853 0.038262 0.039941
0 0.250877 0.626227 0.037040 0.039608
0 0.232969 0.720077 0.038262 0.039941
0 0.271612 0.500777 0.038262 0.039941
0 0.103086 0.487952 0.039748 0.041822
0 0.352340 0.360950 0.039484 0.040275
0 0.709101 0.492339 0.024989 0.030418
0 0.407853 0.372868 0.042455 0.044035
0 0.336265 0.455300 0.039484 0.040275
0 0.092065 0.548880 0.043677 0.044369
0 0.804675 0.681915 0.038262 0.039941
0 0.550973 0.512297 0.038262 0.039941
0 0.835687 0.496143 0.040011 0.043368
0 0.696057 0.651453 0.038526 0.041488
0 0.460694 0.392959 0.044300 0.054862
0 0.813383 0.619547 0.039484 0.040275
0 0.330647 0.484520 0.038262 0.039941
0 0.662154 0.512705 0.038526 0.041488
0 0.642293 0.636775 0.038526 0.041488
0 0.282022 0.439682 0.040969 0.042155
0 0.395563 0.437496 0.040011 0.043368
0 0.648438 0.604461 0.039748 0.041822
0 0.565563 0.419161 0.039316 0.046128
