0 0.484815 0.148808 0.040459 0.049998
0 0.720493 0.376894 0.038259 0.049523
0 0.446750 0.527453 0.038878 0.044894
0 0.859688 0.570095 0.038099 0.047901
0 0.564996 0.382301 0.035257 0.040938
0 0.442344 0.566265 0.040298 0.048376
0 0.111888 0.711224 0.039681 0.053005
0 0.107330 0.241380 0.040780 0.053242
0 0.275812 0.660415 0.040780 0.053242
0 0.847077 0.697430 0.038581 0.052768
0 0.184835 0.513231 0.037938 0.046279
0 0.556642 0.466651 0.038420 0.051145
0 0.189402 0.472796 0.037160 0.049286
0 0.689139 0.704798 0.037938 0.046279
0 0.584055 0.722732 0.035900 0.047427
0 0.163962 0.718310 0.036999 0.047664
0 0.661886 0.447095 0.038259 0.049523
0 0.580508 0.764214 0.034961 0.048812
0 0.913568 0.541949 0.038878 0.044894
0 0.551593 0.511952 0.039842 0.054627
0 0.215314 0.732695 0.039520 0.051382
0 0.406496 0.395345 0.035739 0.045805
0 0.160026 0.758052 0.037160 0.049286
0 0.870478 0.449821 0.038099 0.047901
0 0.115913 0.160393 0.039360 0.049760
0 0.521774 0.314167 0.047833 0.048412
0 0.638096 0.692964 0.034801 0.047190
0 0.156559 0.798722 0.038259 0.049523
0 0.150328 0.340115 0.037938 0.046279
0 0.158213 0.254836 0.036999 0.047664
0 0.887331 0.829538 0.039520 0.051382
0 0.863235 0.528612 0.036839 0.046042
0 0.894814 0.748313 0.040619 0.051619
0 0.280230 0.615807 0.040619 0.051619
0 0.417923 0.812827 0.040298 0.048376
0 0.574209 0.300621 0.037938 0.046279
0 0.374283 0.720580 0.038099 0.047901
0 0.537693 0.147783 0.046251 0.043309
0 0.123949 0.583770 0.040619 0.051619
0 0.377590 0.681531 0.039199 0.048139
0 0.880007 0.909140 0.040619 0.051619
0 0.533769 0.181728 0.045474 0.046316
0 0.409569 0.897177 0.040941 0.054864
0 0.568860 0.881818 0.038878 0.044894
0 0.575941 0.804649 0.035739 0.045805
0 0.283696 0.575136 0.039520 0.051382
0 0.128127 0.541595 0.038099 0.047901
0 0.850235 0.654208 0.033380 0.043709
0 0.428405 0.690002 0.039038 0.046516
0 0.672832 0.869443 0.033380 0.043709
0 0.133712 0.502208 0.036839 0.046042
0 0.203574 0.856905 0.037938 0.046279
0 0.421310 0.772966 0.039038 0.046516
0 0.883944 0.869399 0.037938 0.046279
0 0.685672 0.745470 0.039360 0.049760
0 0.875670 0.952937 0.040619 0.051619
0 0.141745 0.421103 0.039360 0.049760
0 0.891347 0.788985 0.039199 0.048139
0 0.831014 0.315399 0.038420 0.051145
0 0.618563 0.895847 0.036543 0.053916
0 0.681656 0.786022 0.036839 0.046042
0 0.413907 0.853380 0.040298 0.048376
0 0.370347 0.760322 0.038259 0.049523
0 0.524438 0.281607 0.043892 0.041213
0 0.530475 0.214981 0.046548 0.035436
0 0.572475 0.845321 0.038396 0.040028
0 0.668815 0.909995 0.035900 0.047427
0 0.119852 0.625133 0.031342 0.044857
0 0.624148 0.856462 0.037753 0.033540
0 0.489965 0.743036 0.028822 0.041139
0 0.501581 0.495371 0.040594 0.040502
0 0.362153 0.843049 0.035739 0.045805
0 0.137568 0.463278 0.039360 0.049760
0 0.641643 0.651482 0.037938 0.046279
0 0.120720 0.117525 0.038741 0.054390
0 0.898052 0.704279 0.038099 0.047901
0 0.563020 0.929433 0.042201 0.056723
0 0.772797 0.387342 0.039520 0.051382
0 0.116306 0.666616 0.039199 0.048139
0 0.677720 0.825764 0.037321 0.050908
0 0.630452 0.775811 0.038099 0.047901
0 0.415481 0.310303 0.039199 0.048139
0 0.325845 0.160922 0.039360 0.049760
0 0.428334 0.180534 0.040163 0.057871
0 0.692526 0.664937 0.039520 0.051382
0 0.425488 0.730791 0.039681 0.053005
0 0.386413 0.598110 0.036061 0.049049
0 0.111347 0.200827 0.037938 0.046279
0 0.207671 0.815541 0.038420 0.051145
0 0.854251 0.613654 0.034023 0.050197
0 0.213903 0.225423 0.036999 0.047664
0 0.368763 0.260469 0.039842 0.054627
0 0.780521 0.303684 0.038259 0.049523
0 0.264718 0.233894 0.039360 0.049760
0 0.209497 0.264236 0.038099 0.047901
0 0.873784 0.410771 0.038878 0.044894
0 0.358995 0.886273 0.040941 0.054864
0 0.145842 0.379738 0.039199 0.048139
0 0.666613 0.405039 0.039681 0.053005
0 0.673936 0.325436 0.038581 0.052768
0 0.218241 0.181626 0.037321 0.050908
0 0.682451 0.239465 0.040459 0.049998
0 0.303310 0.371442 0.040459 0.049998
0 0.607135 0.478367 0.038259 0.049523
0 0.299843 0.412113 0.039038 0.046516
0 0.587991 0.682990 0.040459 0.049998
0 0.419417 0.270561 0.039360 0.049760
0 0.724041 0.335411 0.039520 0.051382
0 0.767748 0.432643 0.038420 0.051145
0 0.646370 0.609425 0.039360 0.049760
0 0.470620 0.280772 0.033701 0.046953
0 0.256363 0.318244 0.039360 0.049760
0 0.394527 0.516194 0.040298 0.048376
0 0.410124 0.353052 0.039681 0.053005
0 0.595005 0.600836 0.038420 0.051145
0 0.709623 0.497978 0.035900 0.047427
0 0.197046 0.389950 0.040459 0.049998
0 0.321667 0.203097 0.039360 0.049760
0 0.890345 0.237898 0.041101 0.056486
0 0.459281 0.400928 0.039520 0.051382
0 0.252817 0.359726 0.040298 0.048376
0 0.822740 0.398938 0.038259 0.049523
0 0.312844 0.286518 0.040619 0.051619
0 0.307956 0.330196 0.036999 0.047664
0 0.835111 0.274035 0.038259 0.049523
0 0.260621 0.275259 0.039520 0.051382
0 0.783988 0.263013 0.034961 0.048812
0 0.678354 0.280828 0.038099 0.047901
0 0.732315 0.251872 0.037160 0.049286
0 0.628169 0.271665 0.039520 0.051382
0 0.669449 0.365060 0.034158 0.040701
0 0.466913 0.323877 0.037160 0.049286
0 0.790296 0.216327 0.038902 0.056011
0 0.715847 0.418139 0.036999 0.047664
0 0.220122 0.689827 0.040459 0.049998
0 0.826837 0.357574 0.038099 0.047901
0 0.204381 0.304551 0.038420 0.051145
0 0.815177 0.480973 0.039842 0.054627
0 0.180189 0.554476 0.039520 0.051382
0 0.450216 0.486781 0.038420 0.051145
0 0.930506 0.376612 0.038420 0.051145
0 0.274332 0.148159 0.040002 0.056249
0 0.438247 0.607629 0.042979 0.053716
0 0.475898 0.238834 0.036221 0.050671
0 0.704977 0.539223 0.037160 0.049286
0 0.632426 0.228679 0.039360 0.049760
0 0.295277 0.452547 0.040459 0.049998
0 0.561529 0.422973 0.037321 0.050908
0 0.244783 0.440833 0.040619 0.051619
0 0.905925 0.624795 0.040619 0.051619
0 0.454313 0.445418 0.036061 0.049049
0 0.886315 0.284246 0.039520 0.051382
0 0.654323 0.529131 0.041398 0.048613
0 0.505531 0.449833 0.045499 0.057434
0 0.330504 0.113880 0.040002 0.056249
0 0.687580 0.193352 0.039520 0.051382
0 0.278281 0.102621 0.040459 0.049998
0 0.626744 0.818916 0.039360 0.049760
0 0.366640 0.803427 0.037321 0.050908
0 0.154036 0.297011 0.039842 0.054627
0 0.172554 0.127044 0.039384 0.060878
0 0.712460 0.457999 0.035739 0.045805
0 0.514935 0.377555 0.048564 0.044919
0 0.518416 0.348070 0.044638 0.037881
0 0.390590 0.555936 0.040138 0.046753
0 0.479376 0.192367 0.040780 0.053242
0 0.224380 0.646841 0.038420 0.051145
0 0.232023 0.563995 0.039520 0.051382
0 0.649836 0.568754 0.037938 0.046279
0 0.737363 0.206571 0.036382 0.052294
0 0.403110 0.435206 0.036999 0.047664
0 0.603587 0.519849 0.036999 0.047664
0 0.291261 0.493101 0.036061 0.049049
0 0.917424 0.503018 0.036999 0.047664
0 0.877881 0.369408 0.037160 0.049286
0 0.925698 0.419479 0.039360 0.049760
0 0.167429 0.677638 0.036221 0.050671
0 0.728767 0.293354 0.038099 0.047901
0 0.900728 0.665923 0.037938 0.046279
0 0.910262 0.580999 0.038420 0.051145
0 0.200043 0.348348 0.035900 0.047427
0 0.174993 0.595603 0.039038 0.046516
0 0.882219 0.325611 0.041558 0.050235
0 0.211768 0.774178 0.040459 0.049998
0 0.633999 0.734329 0.039360 0.049760
0 0.599571 0.560402 0.036999 0.047664
0 0.124200 0.071058 0.038259 0.049523
0 0.192949 0.431314 0.038099 0.047901
0 0.624461 0.314770 0.036382 0.052294
0 0.269284 0.193460 0.035739 0.045805
0 0.568302 0.343252 0.035122 0.050434
0 0.162230 0.214282 0.034801 0.047190
0 0.248880 0.399468 0.037938 0.046279
0 0.591457 0.642318 0.037160 0.049286
0 0.423205 0.226646 0.038259 0.049523
0 0.776263 0.346670 0.038420 0.051145
0 0.696153 0.622644 0.040619 0.051619
0 0.637555 0.182567 0.038741 0.054390
0 0.382236 0.640285 0.040459 0.049998
0 0.700250 0.581280 0.038259 0.049523
0 0.223209 0.137137 0.036382 0.052294
0 0.867561 0.490611 0.038099 0.047901
0 0.819824 0.439728 0.035739 0.045805
0 0.840320 0.227112 0.037481 0.052531
0 0.657789 0.488459 0.038099 0.047901
0 0.610682 0.436883 0.036999 0.047664
0 0.463137 0.361997 0.034158 0.040701
0 0.171445 0.637086 0.038099 0.047901
0 0.432970 0.649567 0.040459 0.049998
0 0.615248 0.396450 0.035579 0.044183
0 0.240687 0.482197 0.038259 0.049523
0 0.167426 0.173156 0.037160 0.049286
0 0.235571 0.522513 0.035739 0.045805
0 0.923090 0.462821 0.038099 0.047901
0 0.287793 0.533772 0.039038 0.046516
0 0.398074 0.474711 0.039038 0.046516
0 0.527262 0.247424 0.050032 0.048886
0 0.317490 0.245272 0.036839 0.046042
0 0.619024 0.358329 0.036061 0.049049
0 0.227846 0.606170 0.036999 0.047664
0 0.152691 0.843449 0.041719 0.051856
