0 0.503169 0.494704 0.040883 0.037097
0 0.835380 0.921811 0.038265 0.046395
0 0.735144 0.909521 0.039370 0.046567
0 0.499094 0.748756 0.024075 0.031247
0 0.436954 0.782085 0.028320 0.044848
0 0.093410 0.435906 0.038265 0.046395
0 0.516503 0.346283 0.044198 0.037613
0 0.872638 0.389297 0.039486 0.048203
0 0.105374 0.267427 0.036054 0.046051
0 0.524196 0.214350 0.045186 0.036149
0 0.520043 0.280683 0.041988 0.037269
0 0.745218 0.744055 0.038497 0.049667
0 0.838110 0.883371 0.035938 0.044416
0 0.446734 0.573574 0.035822 0.042780
0 0.174453 0.742066 0.038614 0.051303
0 0.207705 0.281696 0.036695 0.039680
0 0.318361 0.383258 0.022097 0.034174
0 0.514237 0.378181 0.046756 0.042863
0 0.526955 0.183357 0.044546 0.042520
0 0.845717 0.760520 0.036170 0.047687
0 0.740399 0.827649 0.038265 0.046395
0 0.572645 0.255792 0.032507 0.042264
0 0.832739 0.966879 0.039719 0.051475
0 0.737495 0.868542 0.038265 0.046395
0 0.851380 0.672923 0.036927 0.042952
0 0.113941 0.138936 0.039719 0.051475
0 0.784491 0.914719 0.040591 0.048375
0 0.750649 0.659729 0.037043 0.044588
0 0.521319 0.246979 0.044778 0.045792
0 0.803831 0.626659 0.036170 0.047687
0 0.843918 0.801585 0.038149 0.044760
0 0.841130 0.840842 0.038381 0.048031
0 0.298870 0.295881 0.024540 0.037789
0 0.812543 0.503980 0.035706 0.041144
0 0.301586 0.422819 0.032623 0.043900
0 0.787221 0.876280 0.038033 0.043124
0 0.859917 0.552698 0.037043 0.044588
0 0.444383 0.614554 0.034949 0.045879
0 0.849348 0.717260 0.037624 0.052766
0 0.320713 0.342279 0.023435 0.037617
0 0.178084 0.698805 0.034949 0.045879
0 0.528958 0.147286 0.043209 0.039077
0 0.857072 0.592773 0.037159 0.046223
0 0.869298 0.428468 0.035706 0.041144
0 0.326346 0.262946 0.023551 0.039253
0 0.769871 0.373306 0.034833 0.044244
0 0.518884 0.312751 0.044778 0.045792
0 0.622866 0.264434 0.033728 0.044072
0 0.731629 0.951146 0.040591 0.048375
0 0.335081 0.682717 0.031286 0.040456
0 0.200996 0.368303 0.035822 0.042780
0 0.875164 0.345863 0.036287 0.049323
0 0.332293 0.721974 0.031751 0.046999
0 0.326921 0.805482 0.036811 0.041316
0 0.297955 0.466080 0.034077 0.048979
0 0.781355 0.958884 0.038381 0.048031
0 0.300435 0.258088 0.024772 0.041061
0 0.323675 0.300568 0.025761 0.039597
0 0.820324 0.378676 0.038497 0.049667
0 0.883584 0.211563 0.038962 0.056210
0 0.506248 0.451358 0.042161 0.055090
0 0.724033 0.279348 0.034949 0.045879
0 0.441421 0.656265 0.039486 0.048203
0 0.815330 0.464723 0.038149 0.044760
0 0.156147 0.276154 0.035938 0.044416
0 0.087427 0.520146 0.038381 0.048031
0 0.329825 0.764589 0.037275 0.047859
0 0.110862 0.182282 0.037159 0.046223
0 0.790183 0.834569 0.038381 0.048031
0 0.189642 0.536051 0.039486 0.048203
0 0.295297 0.338324 0.028088 0.041577
0 0.108336 0.225715 0.038614 0.051303
0 0.436776 0.737405 0.039370 0.046567
0 0.262254 0.252973 0.034833 0.044244
0 0.459367 0.403546 0.037159 0.046223
0 0.413181 0.314495 0.037043 0.044588
0 0.727344 0.232730 0.037740 0.054402
0 0.117193 0.093136 0.039719 0.051475
0 0.753669 0.617201 0.039486 0.048203
0 0.679155 0.179753 0.038730 0.052938
0 0.772949 0.329958 0.035182 0.049151
0 0.220338 0.111666 0.036519 0.052594
0 0.204569 0.325860 0.037624 0.052766
0 0.824449 0.336319 0.038497 0.049667
0 0.452716 0.489335 0.038381 0.048031
0 0.760170 0.494177 0.037043 0.044588
0 0.415969 0.275239 0.037275 0.047859
0 0.465059 0.323395 0.037159 0.046223
0 0.625391 0.221001 0.032972 0.048807
0 0.096925 0.394281 0.037275 0.047859
0 0.169623 0.102121 0.038730 0.052938
0 0.798517 0.709350 0.037159 0.046223
0 0.098345 0.350676 0.036054 0.046051
0 0.140843 0.483805 0.039486 0.048203
0 0.316280 0.215900 0.037392 0.049495
0 0.579529 0.166731 0.036635 0.054230
0 0.089896 0.477531 0.037275 0.047859
0 0.410277 0.355389 0.035066 0.047515
0 0.670503 0.317326 0.038730 0.052938
0 0.817740 0.422926 0.037392 0.049495
0 0.764179 0.453456 0.037275 0.047859
0 0.425494 0.141109 0.039719 0.051475
0 0.792651 0.791954 0.037275 0.047859
0 0.192168 0.492618 0.038497 0.049667
0 0.758429 0.534424 0.037159 0.046223
0 0.149671 0.359490 0.037043 0.044588
0 0.346987 0.515055 0.036054 0.046051
0 0.721508 0.322782 0.038614 0.051303
0 0.341121 0.597659 0.036170 0.047687
0 0.471535 0.240059 0.036054 0.046051
0 0.143194 0.442825 0.038149 0.044760
0 0.775417 0.287344 0.038265 0.046395
0 0.449580 0.533499 0.038614 0.051303
0 0.362291 0.307404 0.034949 0.045879
0 0.166196 0.150375 0.036403 0.050959
0 0.577265 0.214339 0.038614 0.051303
0 0.630097 0.170465 0.037856 0.056038
0 0.349833 0.474979 0.035938 0.044416
0 0.456347 0.446074 0.039602 0.049839
0 0.153854 0.316315 0.039602 0.049839
0 0.778116 0.241458 0.039835 0.053110
0 0.269138 0.163912 0.036287 0.049323
0 0.374430 0.136471 0.037275 0.047859
0 0.264839 0.208723 0.036403 0.050959
0 0.367838 0.221442 0.036170 0.047687
0 0.676280 0.228093 0.035298 0.050787
0 0.146767 0.400383 0.039486 0.048203
0 0.370858 0.178914 0.036170 0.047687
0 0.353289 0.434173 0.035066 0.047515
0 0.474555 0.197530 0.038497 0.049667
0 0.422736 0.187813 0.038497 0.049667
0 0.323599 0.128561 0.039719 0.051475
0 0.271169 0.119576 0.038730 0.052938
0 0.319358 0.172554 0.037275 0.047859
0 0.404673 0.442168 0.036170 0.047687
0 0.365254 0.265693 0.035066 0.047515
0 0.359271 0.349933 0.037159 0.046223
0 0.477372 0.150008 0.039835 0.053110
0 0.467410 0.282415 0.038265 0.046395
0 0.419048 0.231891 0.037392 0.049495
0 0.407751 0.398821 0.036287 0.049323
0 0.673260 0.270621 0.037275 0.047859
0 0.801480 0.667639 0.037275 0.047859
0 0.756020 0.576221 0.036170 0.047687
0 0.742867 0.785034 0.039370 0.046567
0 0.439564 0.698147 0.037159 0.046223
0 0.294877 0.509427 0.038614 0.051303
0 0.292393 0.379218 0.025644 0.037961
0 0.344141 0.555130 0.035938 0.044416
0 0.809145 0.543970 0.034949 0.045879
0 0.197598 0.408292 0.032623 0.043900
0 0.854168 0.633665 0.037159 0.046223
0 0.795614 0.750243 0.037159 0.046223
0 0.323843 0.848829 0.040067 0.056382
0 0.747745 0.700622 0.037275 0.047859
0 0.195246 0.449272 0.035938 0.044416
0 0.717760 0.367678 0.039835 0.053110
0 0.356920 0.390911 0.033612 0.042436
0 0.101860 0.309052 0.037275 0.047859
0 0.877195 0.301527 0.036054 0.046051
0 0.159546 0.236164 0.034949 0.045879
0 0.806735 0.585767 0.036170 0.047687
0 0.829442 0.250271 0.034193 0.050615
0 0.181540 0.657998 0.033844 0.045707
0 0.337985 0.641823 0.036403 0.050959
0 0.162013 0.193550 0.036287 0.049323
0 0.213513 0.199909 0.037392 0.049495
0 0.209940 0.242352 0.035822 0.042780
0 0.827469 0.293789 0.036054 0.046051
0 0.184386 0.617923 0.038381 0.048031
0 0.863984 0.511158 0.037159 0.046223
0 0.880157 0.259817 0.036170 0.047687
0 0.865842 0.469275 0.037275 0.047859
0 0.931104 0.266090 0.041520 0.061461
0 0.462213 0.363470 0.035066 0.047515
0 0.186680 0.577761 0.037159 0.046223
0 0.216649 0.155745 0.037392 0.049495
0 0.767083 0.412563 0.032623 0.043900
