0 0.568003 0.644549 0.029895 0.036222
0 0.696211 0.734300 0.028408 0.034488
0 0.801513 0.640548 0.039485 0.040643
0 0.578459 0.793353 0.030892 0.033326
0 0.571423 0.605867 0.028898 0.039119
0 0.360771 0.393776 0.037835 0.037365
0 0.715320 0.921957 0.041968 0.039481
0 0.286089 0.566368 0.037835 0.037365
0 0.691468 0.772792 0.030058 0.037767
0 0.436682 0.698515 0.039648 0.042186
0 0.684350 0.586078 0.029895 0.036222
0 0.447776 0.587287 0.037998 0.038909
0 0.164580 0.660921 0.040971 0.042377
0 0.147699 0.287112 0.040644 0.039290
0 0.870455 0.503172 0.040807 0.040833
0 0.548400 0.823500 0.031218 0.036413
0 0.521038 0.707522 0.035351 0.038528
0 0.298425 0.456103 0.038995 0.036012
0 0.326319 0.719456 0.037835 0.037365
0 0.215742 0.704325 0.036348 0.035631
0 0.877386 0.431304 0.039321 0.039100
0 0.357677 0.429372 0.039811 0.043730
0 0.688292 0.809160 0.031218 0.036413
0 0.589888 0.685307 0.031218 0.036413
0 0.563988 0.307850 0.036674 0.038719
0 0.679339 0.366760 0.032704 0.038147
0 0.657453 0.326002 0.028408 0.034488
0 0.719656 0.887323 0.038162 0.040453
0 0.824617 0.422143 0.039321 0.039100
0 0.333830 0.648455 0.037835 0.037365
0 0.243345 0.449743 0.040318 0.036202
0 0.722169 0.850860 0.037998 0.038909
0 0.663093 0.399679 0.039158 0.037555
0 0.373769 0.283607 0.040644 0.039290
0 0.559830 0.715456 0.028571 0.036032
0 0.684499 0.330678 0.029895 0.036222
0 0.605001 0.428143 0.036348 0.035631
0 0.429089 0.770289 0.039485 0.040643
0 0.188428 0.441839 0.038995 0.036012
0 0.842852 0.757755 0.039485 0.040643
0 0.432182 0.734692 0.040807 0.040833
0 0.380909 0.730447 0.036511 0.037174
0 0.605400 0.538674 0.030892 0.033326
0 0.142041 0.321555 0.039485 0.040643
0 0.559906 0.346437 0.033702 0.035250
0 0.231253 0.557692 0.038995 0.036012
0 0.859026 0.611218 0.040807 0.040833
0 0.152734 0.766555 0.039811 0.043730
0 0.862781 0.575717 0.041134 0.043920
0 0.610810 0.868524 0.036184 0.034088
0 0.116676 0.580378 0.040971 0.042377
0 0.312741 0.828760 0.039485 0.040643
0 0.148897 0.802828 0.039321 0.039100
0 0.777873 0.343333 0.039321 0.039100
0 0.104503 0.689099 0.039811 0.043730
0 0.203858 0.295977 0.039485 0.040643
0 0.614900 0.836206 0.037835 0.037365
0 0.851351 0.683763 0.037835 0.037365
0 0.552156 0.788000 0.031545 0.039500
0 0.112757 0.617422 0.040971 0.042377
0 0.525798 0.256126 0.035188 0.036984
0 0.881803 0.395899 0.040971 0.042377
0 0.200103 0.331478 0.036511 0.037174
0 0.200312 0.850187 0.039485 0.040643
0 0.370013 0.319107 0.035351 0.038528
0 0.475731 0.773867 0.025272 0.029478
0 0.263483 0.786412 0.042295 0.042567
0 0.226837 0.593098 0.041297 0.045463
0 0.823414 0.935163 0.038162 0.040453
0 0.378268 0.247430 0.038178 0.028295
0 0.499205 0.888503 0.039501 0.028485
0 0.505861 0.431896 0.029895 0.036222
0 0.568904 0.274083 0.035368 0.026370
0 0.522451 0.287768 0.035025 0.035441
0 0.712686 0.445208 0.040971 0.042377
0 0.638666 0.617895 0.039648 0.042186
0 0.415026 0.401585 0.041134 0.043920
0 0.475388 0.338973 0.038325 0.041996
0 0.606772 0.392357 0.040971 0.042377
0 0.528435 0.237803 0.031486 0.009867
0 0.310858 0.866880 0.041562 0.045501
0 0.556069 0.382709 0.039811 0.043730
0 0.255613 0.860810 0.037393 0.045510
0 0.515830 0.363050 0.036217 0.046708
0 0.510842 0.397511 0.032410 0.035368
0 0.751757 0.596563 0.040644 0.039290
0 0.384746 0.694175 0.039648 0.042186
0 0.594386 0.649130 0.033031 0.041234
0 0.401002 0.546865 0.040807 0.040833
0 0.647084 0.544673 0.041134 0.043920
0 0.196021 0.370065 0.042785 0.047198
0 0.651664 0.507724 0.039158 0.037555
0 0.631155 0.688896 0.037001 0.041805
0 0.551987 0.421296 0.039485 0.040643
0 0.337005 0.612088 0.039648 0.042186
0 0.766362 0.452149 0.039485 0.040643
0 0.176173 0.551333 0.040971 0.042377
0 0.754271 0.560100 0.038162 0.040453
0 0.306099 0.383558 0.039648 0.042186
0 0.706154 0.627608 0.031381 0.037957
0 0.616594 0.318554 0.039648 0.042186
0 0.710898 0.589115 0.030058 0.037767
0 0.654096 0.472033 0.039158 0.037555
0 0.758190 0.523056 0.038162 0.040453
0 0.511631 0.783735 0.038162 0.040453
0 0.715944 0.408069 0.039321 0.039100
0 0.810013 0.566556 0.038162 0.040453
0 0.618819 0.799162 0.035515 0.040072
0 0.219579 0.668053 0.039811 0.043730
0 0.466716 0.408241 0.038325 0.041996
0 0.524213 0.671154 0.036838 0.040262
0 0.289845 0.530867 0.040807 0.040833
0 0.607797 0.903347 0.038325 0.041996
0 0.536721 0.565615 0.039321 0.039100
0 0.739747 0.703742 0.039485 0.040643
0 0.598967 0.612182 0.031381 0.037957
0 0.407433 0.473358 0.040971 0.042377
0 0.623318 0.762984 0.036674 0.038719
0 0.427362 0.291320 0.039648 0.042186
0 0.612014 0.355503 0.040644 0.039290
0 0.657933 0.435761 0.041968 0.039481
0 0.345505 0.538095 0.040644 0.039290
0 0.724524 0.333304 0.038162 0.040453
0 0.586712 0.721675 0.032704 0.038147
0 0.516956 0.746109 0.040971 0.042377
0 0.395179 0.582852 0.039321 0.039100
0 0.462716 0.446056 0.038162 0.040453
0 0.641759 0.582299 0.037998 0.038909
0 0.445018 0.626065 0.040971 0.042377
0 0.391342 0.619124 0.039485 0.040643
0 0.576108 0.828272 0.031381 0.037957
0 0.480131 0.300481 0.036674 0.038719
0 0.254439 0.338515 0.039648 0.042186
0 0.731746 0.779373 0.039485 0.040643
0 0.793839 0.713093 0.039485 0.040643
0 0.770861 0.415973 0.040644 0.039290
0 0.609155 0.503173 0.031545 0.039500
0 0.269915 0.712906 0.039158 0.037555
0 0.210663 0.739635 0.039321 0.039100
0 0.736409 0.741652 0.037998 0.038909
0 0.874292 0.466900 0.040644 0.039290
0 0.527968 0.635654 0.038178 0.028295
0 0.282170 0.603412 0.040807 0.040833
0 0.828411 0.900625 0.040971 0.042377
0 0.720442 0.371892 0.038488 0.043539
0 0.421578 0.841289 0.039485 0.040643
0 0.530795 0.221588 0.034698 0.032354
0 0.714490 0.555159 0.029405 0.031592
0 0.676758 0.657851 0.030058 0.037767
0 0.133958 0.397958 0.041968 0.039481
0 0.096992 0.760101 0.038831 0.034469
0 0.259564 0.823456 0.038995 0.036012
0 0.124758 0.503974 0.040481 0.037746
0 0.533897 0.192262 0.034698 0.032354
0 0.689265 0.552311 0.026922 0.032755
0 0.089236 0.833417 0.041642 0.036393
0 0.314353 0.311880 0.038162 0.040453
0 0.202744 0.814496 0.039485 0.040643
0 0.132351 0.432201 0.040318 0.036202
0 0.770400 0.928317 0.040644 0.039290
0 0.832411 0.862809 0.040807 0.040833
0 0.258775 0.303881 0.037835 0.037365
0 0.582771 0.498593 0.028735 0.037576
0 0.127852 0.468378 0.042131 0.041024
0 0.660005 0.803522 0.029895 0.036222
0 0.613074 0.466129 0.030892 0.033326
0 0.109002 0.652922 0.040644 0.039290
0 0.774155 0.892816 0.040644 0.039290
0 0.093817 0.796468 0.041297 0.045463
0 0.316579 0.792487 0.037001 0.041805
0 0.503296 0.856185 0.036511 0.037174
0 0.207360 0.256523 0.037998 0.038909
0 0.654441 0.360826 0.027248 0.035841
0 0.100005 0.725276 0.040644 0.039290
0 0.418403 0.877657 0.038325 0.041996
0 0.684039 0.843022 0.029895 0.036222
0 0.171756 0.586737 0.036674 0.038719
0 0.648575 0.911567 0.032541 0.036603
0 0.675866 0.913928 0.031218 0.036413
0 0.156571 0.730283 0.038995 0.036012
0 0.192184 0.406338 0.036348 0.035631
0 0.828373 0.386642 0.039321 0.039100
0 0.774117 0.378833 0.039648 0.042186
0 0.836085 0.828080 0.040644 0.039290
0 0.302180 0.420602 0.039321 0.039100
0 0.603548 0.575233 0.029732 0.034679
0 0.679540 0.879199 0.031055 0.034869
0 0.742923 0.667373 0.037672 0.035822
0 0.679851 0.622255 0.028735 0.037576
0 0.652249 0.876838 0.030058 0.037767
0 0.839840 0.792579 0.040971 0.042377
0 0.452030 0.553426 0.036348 0.035631
0 0.656829 0.839889 0.034028 0.038338
0 0.138621 0.360237 0.041134 0.043920
0 0.703722 0.663298 0.031055 0.034869
0 0.782409 0.821139 0.039158 0.037555
0 0.206164 0.775813 0.041134 0.043920
0 0.832872 0.350465 0.038488 0.043539
0 0.587931 0.462511 0.025599 0.032564
0 0.425751 0.808199 0.037998 0.038909
0 0.578852 0.535637 0.028408 0.034488
0 0.455785 0.517925 0.036674 0.038719
0 0.184092 0.476472 0.035188 0.036984
0 0.885722 0.358855 0.040971 0.042377
0 0.669002 0.731168 0.032541 0.036603
0 0.705420 0.513894 0.037835 0.037365
0 0.365269 0.357600 0.036674 0.038719
0 0.806094 0.603600 0.038162 0.040453
0 0.120921 0.540246 0.040971 0.042377
0 0.562842 0.680631 0.030058 0.037767
0 0.634911 0.653395 0.036674 0.038719
0 0.790002 0.749365 0.039648 0.042186
0 0.777413 0.855677 0.042295 0.042567
0 0.238927 0.485148 0.039321 0.039100
0 0.423942 0.330003 0.040644 0.039290
0 0.726668 0.814683 0.039485 0.040643
0 0.699224 0.699476 0.029895 0.036222
0 0.144896 0.840643 0.042458 0.044110
0 0.575922 0.569689 0.030058 0.037767
0 0.672095 0.695572 0.031545 0.039500
0 0.247182 0.413470 0.040807 0.040833
0 0.507794 0.820007 0.040971 0.042377
0 0.583619 0.757270 0.031381 0.037957
0 0.321902 0.754862 0.039485 0.040643
0 0.348680 0.501727 0.039485 0.040643
0 0.867280 0.539540 0.039321 0.039100
0 0.471632 0.374474 0.035025 0.035441
0 0.262857 0.265293 0.038815 0.046627
0 0.388085 0.656263 0.038162 0.040453
0 0.151700 0.249295 0.041461 0.047008
0 0.235009 0.522192 0.039974 0.045273
0 0.180754 0.514384 0.036674 0.038719
0 0.168001 0.622238 0.039648 0.042186
0 0.377571 0.768358 0.041297 0.045463
0 0.440437 0.663014 0.039321 0.039100
0 0.530980 0.600829 0.037998 0.038909
0 0.160000 0.697870 0.042295 0.042567
0 0.543734 0.492975 0.037672 0.035822
0 0.846934 0.719168 0.039811 0.043730
0 0.458960 0.481557 0.037835 0.037365
0 0.745853 0.633322 0.037001 0.041805
0 0.222673 0.632457 0.037835 0.037365
0 0.330156 0.683184 0.037998 0.038909
0 0.266822 0.748502 0.040807 0.040833
0 0.797758 0.676049 0.039485 0.040643
0 0.820118 0.458319 0.038162 0.040453
0 0.815539 0.495268 0.036838 0.040262
0 0.665083 0.768212 0.032868 0.039691
0 0.293927 0.492280 0.041134 0.043920
0 0.625913 0.725749 0.037001 0.041805
0 0.708352 0.479842 0.039158 0.037555
0 0.250439 0.376330 0.039485 0.040643
0 0.310679 0.346609 0.037998 0.038909
0 0.540558 0.529342 0.039485 0.040643
0 0.555993 0.751728 0.031381 0.037957
0 0.547326 0.459017 0.038325 0.041996
0 0.410446 0.438534 0.039158 0.037555
0 0.353758 0.466416 0.039485 0.040643
0 0.341087 0.573499 0.039321 0.039100
0 0.813686 0.531827 0.040644 0.039290
0 0.403515 0.510402 0.040644 0.039290
0 0.762688 0.486879 0.039321 0.039100
0 0.855189 0.647490 0.040971 0.042377
0 0.786083 0.786409 0.042295 0.042567
0 0.278252 0.640456 0.040807 0.040833
0 0.318354 0.274064 0.038325 0.041996
0 0.419026 0.363770 0.037998 0.038909
0 0.274333 0.677500 0.040807 0.040833
