0 0.214131 0.934675 0.040666 0.040184
0 0.606783 0.658203 0.039654 0.043060
0 0.434169 0.867572 0.040666 0.040184
0 0.792908 0.850541 0.039186 0.038476
0 0.322278 0.882789 0.042303 0.043420
0 0.738461 0.856397 0.039186 0.038476
0 0.574576 0.881783 0.038874 0.035420
0 0.422505 0.759946 0.039186 0.038476
0 0.306867 0.738493 0.040510 0.038656
0 0.885372 0.658270 0.043783 0.045127
0 0.321007 0.331479 0.037006 0.042700
0 0.770162 0.634436 0.037706 0.036768
0 0.114199 0.547820 0.034901 0.034879
0 0.562249 0.774247 0.039654 0.043060
0 0.784833 0.778057 0.040354 0.037128
0 0.472310 0.715219 0.037394 0.033712
0 0.354562 0.659974 0.036381 0.036588
0 0.730035 0.787059 0.038718 0.033892
0 0.871326 0.520760 0.043783 0.045127
0 0.315682 0.811652 0.040510 0.038656
0 0.719539 0.677725 0.040198 0.035600
0 0.826089 0.629928 0.040666 0.040184
0 0.187055 0.682754 0.040666 0.040184
0 0.319115 0.845266 0.040510 0.038656
0 0.463222 0.225388 0.030773 0.032812
0 0.521905 0.379289 0.042459 0.044947
0 0.567319 0.810736 0.036381 0.036588
0 0.552065 0.667969 0.037862 0.038295
0 0.110453 0.511151 0.041134 0.044767
0 0.628127 0.873726 0.043627 0.043600
0 0.183622 0.649141 0.040354 0.037128
0 0.734794 0.820492 0.039342 0.040004
0 0.480385 0.787704 0.039186 0.038476
0 0.476483 0.749506 0.039498 0.041531
0 0.273039 0.413908 0.039030 0.036948
0 0.728259 0.237366 0.041290 0.046295
0 0.541140 0.561017 0.041446 0.047823
0 0.303355 0.704116 0.040666 0.040184
0 0.727186 0.752590 0.040822 0.041711
0 0.795423 0.342866 0.040666 0.040184
0 0.862041 0.443019 0.043471 0.042072
0 0.280609 0.488011 0.039186 0.038476
0 0.546209 0.597506 0.037550 0.035240
0 0.858296 0.406349 0.043471 0.042072
0 0.821759 0.594113 0.042147 0.041892
0 0.292352 0.596400 0.041134 0.044767
0 0.122275 0.620305 0.041991 0.040364
0 0.672233 0.760064 0.039498 0.041531
0 0.618020 0.768212 0.041991 0.040364
0 0.404244 0.581183 0.039186 0.038476
0 0.558581 0.738341 0.039186 0.038476
0 0.374964 0.839994 0.040978 0.043240
0 0.426600 0.793469 0.037862 0.038295
0 0.787838 0.814052 0.039498 0.041531
0 0.875149 0.558194 0.045963 0.040904
0 0.621104 0.804971 0.040666 0.040184
0 0.829757 0.665834 0.043471 0.042072
0 0.363378 0.733132 0.039030 0.036948
0 0.798935 0.377244 0.040822 0.041711
0 0.773986 0.671869 0.041134 0.044767
0 0.437993 0.905005 0.040822 0.041711
0 0.284432 0.525444 0.036381 0.036588
0 0.330057 0.406928 0.039186 0.038476
0 0.099216 0.401143 0.040510 0.038656
0 0.433569 0.355672 0.036225 0.035059
0 0.548475 0.632828 0.038174 0.041351
0 0.712009 0.610588 0.036537 0.038115
0 0.853966 0.370534 0.041991 0.040364
0 0.384425 0.400309 0.039342 0.040004
0 0.787426 0.271145 0.041991 0.040364
0 0.723284 0.714394 0.040822 0.041711
0 0.171878 0.540751 0.039030 0.036948
0 0.287944 0.559821 0.039186 0.038476
0 0.675979 0.796734 0.039498 0.041531
0 0.299609 0.667447 0.040978 0.043240
0 0.842651 0.259762 0.042459 0.044947
0 0.153072 0.356640 0.039498 0.041531
0 0.682122 0.317997 0.036694 0.039644
0 0.740315 0.348812 0.039342 0.040004
0 0.358970 0.696553 0.038330 0.042880
0 0.464312 0.643499 0.039342 0.040004
0 0.613534 0.730868 0.041134 0.044767
0 0.178707 0.614179 0.043939 0.046655
0 0.370557 0.803414 0.041991 0.040364
0 0.533882 0.489970 0.035058 0.036408
0 0.802681 0.413913 0.040510 0.038656
0 0.157480 0.393219 0.040510 0.038656
0 0.736219 0.315288 0.040354 0.037128
0 0.415169 0.688136 0.039498 0.041531
0 0.456158 0.570250 0.037706 0.036768
0 0.602609 0.623916 0.037550 0.035240
0 0.865943 0.481215 0.043471 0.042072
0 0.296020 0.632305 0.040354 0.037128
0 0.127422 0.657558 0.042459 0.044947
0 0.732473 0.278618 0.040978 0.043240
0 0.468058 0.680168 0.039654 0.043060
0 0.686101 0.356959 0.039810 0.044587
0 0.336380 0.481975 0.039186 0.038476
0 0.609788 0.694199 0.040510 0.038656
0 0.175468 0.575891 0.041991 0.040364
0 0.440982 0.428247 0.039342 0.040004
0 0.484130 0.824373 0.039498 0.041531
0 0.106980 0.470571 0.042303 0.043420
0 0.537316 0.523584 0.037706 0.036768
0 0.766807 0.601586 0.040510 0.038656
0 0.781009 0.740624 0.041134 0.044767
0 0.117711 0.582197 0.043315 0.040544
0 0.326311 0.370259 0.036850 0.041171
0 0.669227 0.724069 0.040666 0.040184
0 0.748974 0.420441 0.039030 0.036948
0 0.206109 0.310700 0.042459 0.044947
0 0.431826 0.831486 0.040822 0.041711
0 0.664976 0.689018 0.039030 0.036948
0 0.449797 0.501405 0.039030 0.036948
0 0.392501 0.472794 0.040510 0.038656
0 0.429745 0.318239 0.037006 0.042700
0 0.407678 0.614796 0.039186 0.038476
0 0.783952 0.230566 0.044095 0.048183
0 0.818092 0.558207 0.041991 0.040364
0 0.351635 0.624742 0.038330 0.042880
0 0.693593 0.430297 0.039186 0.038476
0 0.381342 0.363550 0.038330 0.042880
0 0.395506 0.508788 0.036694 0.039644
0 0.556394 0.703784 0.039342 0.040004
0 0.638562 0.437007 0.040666 0.040184
0 0.419577 0.724715 0.040822 0.041711
0 0.661230 0.652348 0.042303 0.043420
0 0.452491 0.534345 0.040510 0.038656
0 0.790588 0.308669 0.040822 0.041711
0 0.763878 0.566354 0.039498 0.041531
0 0.224644 0.498719 0.040822 0.041711
0 0.471992 0.304671 0.028216 0.020561
0 0.467042 0.264757 0.036031 0.036992
0 0.471991 0.288560 0.027701 0.021275
0 0.583609 0.444480 0.042303 0.043420
0 0.377362 0.324589 0.041134 0.044767
0 0.399914 0.545368 0.038018 0.039824
0 0.276785 0.450577 0.039654 0.043060
0 0.645897 0.508818 0.040666 0.040184
0 0.755804 0.493871 0.040978 0.043240
0 0.590438 0.517908 0.040666 0.040184
0 0.814112 0.519246 0.042771 0.048003
0 0.744723 0.385391 0.040666 0.040184
0 0.208181 0.350695 0.040822 0.041711
0 0.515076 0.305860 0.041134 0.044767
0 0.631227 0.365196 0.040666 0.040184
0 0.697182 0.465439 0.039498 0.041531
0 0.627403 0.327763 0.040822 0.041711
0 0.263990 0.338457 0.042771 0.048003
0 0.445467 0.465591 0.043471 0.042072
0 0.634154 0.400428 0.041991 0.040364
0 0.705258 0.537923 0.040666 0.040184
0 0.572528 0.336000 0.036381 0.036588
0 0.526469 0.417395 0.037862 0.038295
0 0.437237 0.391578 0.039654 0.043060
0 0.410839 0.652320 0.040666 0.040184
0 0.579357 0.409428 0.038018 0.039824
0 0.587433 0.481913 0.039498 0.041531
0 0.333218 0.444452 0.038330 0.042880
0 0.217075 0.424617 0.043627 0.043600
0 0.642152 0.472147 0.040666 0.040184
0 0.701006 0.502872 0.039342 0.040004
0 0.653895 0.580537 0.039342 0.040004
0 0.649643 0.545487 0.038018 0.039824
0 0.482582 0.414922 0.032318 0.047938
0 0.477457 0.371314 0.036166 0.047256
0 0.657641 0.617207 0.039342 0.040004
0 0.759627 0.531304 0.040510 0.038656
0 0.751161 0.455000 0.039498 0.041531
0 0.569366 0.298477 0.040822 0.041711
0 0.460410 0.605302 0.039654 0.043060
0 0.094069 0.363890 0.043627 0.043600
0 0.388911 0.437652 0.040822 0.041711
0 0.164893 0.465794 0.041290 0.046295
0 0.268788 0.378857 0.040666 0.040184
0 0.574793 0.371322 0.039342 0.040004
0 0.623501 0.289565 0.038487 0.044407
0 0.708848 0.573064 0.040666 0.040184
0 0.149911 0.319117 0.041290 0.046295
0 0.343481 0.551494 0.039342 0.040004
0 0.599176 0.590303 0.040510 0.038656
0 0.339969 0.517117 0.039186 0.038476
0 0.212511 0.386510 0.039342 0.040004
0 0.220898 0.462050 0.040822 0.041711
0 0.691406 0.395740 0.039342 0.040004
0 0.594691 0.552960 0.042303 0.043420
0 0.846631 0.298723 0.041991 0.040364
0 0.529396 0.452627 0.039810 0.044587
0 0.806348 0.449817 0.041290 0.046295
0 0.678984 0.832728 0.040666 0.040184
0 0.381560 0.911131 0.042147 0.041892
0 0.715443 0.644201 0.039186 0.038476
0 0.486980 0.858840 0.034745 0.033352
0 0.149857 0.870607 0.040978 0.043240
0 0.195052 0.754474 0.039654 0.043060
0 0.347811 0.587309 0.037862 0.038295
0 0.153758 0.908805 0.043627 0.043600
0 0.134680 0.728604 0.039342 0.040004
0 0.138269 0.763746 0.041991 0.040364
0 0.623876 0.838674 0.039030 0.036948
0 0.850377 0.335392 0.039342 0.040004
0 0.461659 0.196941 0.030305 0.028227
0 0.683158 0.867016 0.038874 0.035420
0 0.366890 0.767509 0.039186 0.038476
0 0.156842 0.945564 0.041991 0.040364
0 0.145955 0.832411 0.043315 0.040544
0 0.378710 0.876663 0.040666 0.040184
0 0.201882 0.827903 0.040978 0.043240
0 0.131830 0.694137 0.040510 0.038656
0 0.103390 0.435431 0.039030 0.036948
0 0.311275 0.775072 0.042147 0.041892
0 0.881470 0.620073 0.040822 0.041711
0 0.210735 0.894860 0.042303 0.043420
0 0.810444 0.483342 0.037781 0.024725
0 0.190567 0.717131 0.040510 0.038656
0 0.518744 0.341766 0.039105 0.024905
0 0.169691 0.506193 0.039498 0.041531
0 0.570986 0.846641 0.039810 0.044587
0 0.491075 0.892365 0.037006 0.042700
0 0.198642 0.789616 0.039030 0.036948
0 0.777576 0.707010 0.039261 0.026432
0 0.886294 0.588435 0.040198 0.035600
0 0.143105 0.797943 0.038874 0.035420
0 0.160329 0.427687 0.036381 0.036588
0 0.677949 0.283710 0.039573 0.029488
0 0.206055 0.862190 0.040586 0.026612
