0 0.075245 0.751310 0.026031 0.038470
0 0.101881 0.301170 0.042290 0.051081
0 0.590021 0.681162 0.038572 0.045585
0 0.080767 0.379200 0.023963 0.039695
0 0.105714 0.382124 0.025066 0.039897
0 0.924360 0.413254 0.035263 0.044978
0 0.315059 0.255912 0.039811 0.047417
0 0.413906 0.318731 0.039537 0.044158
0 0.636216 0.731007 0.041325 0.052508
0 0.800102 0.512891 0.022587 0.036234
0 0.391798 0.728337 0.023826 0.038066
0 0.077566 0.710370 0.026031 0.038470
0 0.544515 0.629788 0.038290 0.055159
0 0.321078 0.170976 0.038701 0.060048
0 0.055009 0.665691 0.024792 0.036638
0 0.528432 0.188353 0.045187 0.046799
0 0.178873 0.730620 0.030442 0.039280
0 0.391643 0.437090 0.026031 0.038470
0 0.671162 0.488396 0.024655 0.035009
0 0.417004 0.441745 0.026305 0.041729
0 0.623351 0.770839 0.026031 0.038470
0 0.824291 0.518158 0.024929 0.038268
0 0.109211 0.220610 0.041325 0.052508
0 0.182159 0.691511 0.028511 0.042134
0 0.827510 0.479865 0.022587 0.036234
0 0.519680 0.319119 0.045187 0.046799
0 0.664865 0.569973 0.025757 0.035211
0 0.667118 0.529848 0.026168 0.040100
0 0.367194 0.721339 0.024792 0.036638
0 0.382609 0.684456 0.036640 0.048439
0 0.252895 0.369428 0.037194 0.042124
0 0.053377 0.705103 0.026168 0.040100
0 0.649913 0.441475 0.023826 0.038066
0 0.539714 0.673583 0.037468 0.045383
0 0.071889 0.791234 0.023963 0.039695
0 0.045290 0.788006 0.028374 0.040505
0 0.360691 0.805360 0.023826 0.038066
0 0.083708 0.337546 0.024929 0.038268
0 0.777043 0.301000 0.036783 0.037235
0 0.048919 0.744824 0.026031 0.038470
0 0.673415 0.448271 0.025066 0.039897
0 0.081473 0.670548 0.025066 0.039897
0 0.396238 0.395739 0.028374 0.040505
0 0.531308 0.154132 0.049050 0.041091
0 0.421047 0.400293 0.024792 0.036638
0 0.872605 0.402927 0.037057 0.040494
0 0.718855 0.373879 0.037750 0.035808
0 0.613354 0.889794 0.026031 0.038470
0 0.930105 0.331577 0.039126 0.039270
0 0.499812 0.535541 0.033058 0.044573
0 0.618894 0.810560 0.023963 0.039695
0 0.713041 0.456372 0.038161 0.040697
0 0.388511 0.767445 0.023552 0.034807
0 0.616572 0.851500 0.025894 0.036841
0 0.523090 0.251903 0.045187 0.046799
0 0.635363 0.940992 0.024792 0.036638
0 0.364115 0.764622 0.026305 0.041729
0 0.260362 0.287239 0.035681 0.037033
0 0.535602 0.715849 0.041325 0.052508
0 0.516804 0.353339 0.044639 0.040281
0 0.043382 0.830677 0.027271 0.040302
0 0.641450 0.855240 0.025202 0.041527
0 0.067572 0.835944 0.024929 0.038268
0 0.514476 0.381040 0.047118 0.043945
0 0.494544 0.738096 0.024244 0.030120
0 0.866308 0.484504 0.039818 0.034584
0 0.311566 0.297465 0.039400 0.042529
0 0.644322 0.814400 0.026031 0.038470
0 0.105373 0.259617 0.037194 0.042124
0 0.208401 0.279356 0.036229 0.043551
0 0.638646 0.895264 0.026168 0.040100
0 0.646643 0.773460 0.023826 0.038066
0 0.525624 0.221758 0.046433 0.035798
0 0.381043 0.849635 0.027271 0.040302
0 0.521248 0.287140 0.042297 0.038247
0 0.317863 0.215889 0.035818 0.038662
0 0.173196 0.811483 0.028648 0.043764
0 0.109414 0.344746 0.025894 0.036841
0 0.609104 0.933690 0.025202 0.041527
0 0.492513 0.756214 0.032138 0.014900
0 0.570251 0.303581 0.039120 0.052103
0 0.503787 0.494904 0.041051 0.049249
0 0.671557 0.323831 0.037187 0.054957
0 0.879174 0.318092 0.039257 0.053733
0 0.622007 0.313908 0.039257 0.053733
0 0.724874 0.288941 0.039393 0.055362
0 0.334829 0.633493 0.040085 0.050676
0 0.563750 0.387602 0.040085 0.050676
0 0.780741 0.257003 0.040907 0.060453
0 0.824204 0.352677 0.040633 0.057194
0 0.358795 0.348327 0.037879 0.050271
0 0.179908 0.605057 0.038709 0.047215
0 0.506865 0.451621 0.044495 0.051485
0 0.934490 0.286052 0.039667 0.058621
0 0.433677 0.696313 0.040085 0.050676
0 0.438409 0.653333 0.037742 0.048642
0 0.817424 0.433338 0.038290 0.055159
0 0.161656 0.229409 0.040085 0.050676
0 0.766635 0.424843 0.040085 0.050676
0 0.469292 0.285877 0.040085 0.050676
0 0.417535 0.275549 0.040496 0.055564
0 0.875960 0.363005 0.037742 0.048642
0 0.773482 0.343367 0.038153 0.053530
0 0.206011 0.321111 0.041325 0.052508
0 0.153222 0.309766 0.038846 0.048844
0 0.157680 0.270045 0.040914 0.047619
0 0.613437 0.395895 0.039948 0.049047
0 0.331062 0.678305 0.040222 0.052305
0 0.920521 0.452262 0.038846 0.048844
0 0.386033 0.643719 0.036640 0.048439
0 0.465662 0.329059 0.037468 0.045383
0 0.339010 0.590412 0.036914 0.051698
0 0.184157 0.561161 0.038153 0.053530
0 0.617274 0.356888 0.038572 0.045585
0 0.567105 0.347679 0.037468 0.045383
0 0.461755 0.368881 0.038983 0.050474
0 0.595304 0.638284 0.038153 0.053530
0 0.769508 0.384003 0.038435 0.043956
0 0.722142 0.334771 0.036640 0.048439
0 0.266659 0.205662 0.038153 0.053530
0 0.441692 0.607605 0.039120 0.052103
0 0.078993 0.540203 0.039257 0.053733
0 0.587632 0.722917 0.041462 0.054137
0 0.175796 0.647323 0.040085 0.050676
0 0.664158 0.405205 0.039948 0.049047
0 0.367366 0.266340 0.039120 0.052103
0 0.307592 0.338102 0.041325 0.052508
0 0.132333 0.551649 0.038153 0.053530
0 0.668547 0.366299 0.037468 0.045383
0 0.869800 0.442952 0.039120 0.052103
0 0.127464 0.596258 0.037742 0.048642
0 0.715568 0.412987 0.039120 0.052103
0 0.212377 0.238719 0.037879 0.050271
0 0.075226 0.585015 0.041051 0.049249
0 0.927437 0.369971 0.038983 0.050474
0 0.389248 0.598806 0.035948 0.053125
0 0.071529 0.629012 0.041325 0.052508
0 0.263443 0.250575 0.036640 0.048439
0 0.646490 0.482213 0.024100 0.041324
0 0.363253 0.308607 0.037468 0.045383
0 0.641294 0.690573 0.037468 0.045383
0 0.644991 0.646576 0.038290 0.055159
0 0.802906 0.472867 0.023552 0.034807
0 0.256524 0.326246 0.037879 0.050271
0 0.642997 0.523766 0.021210 0.032772
0 0.410688 0.357025 0.039674 0.045788
0 0.385155 0.807368 0.026168 0.040100
0 0.101119 0.423475 0.029614 0.042337
0 0.123421 0.637710 0.041188 0.050878
