0 0.288873 0.356265 0.036030 0.044068
0 0.562554 0.713637 0.036096 0.045710
0 0.615161 0.415734 0.020173 0.034495
0 0.767605 0.400687 0.025850 0.038265
0 0.472580 0.718251 0.026960 0.038363
0 0.480554 0.930918 0.023566 0.036428
0 0.115884 0.913542 0.023566 0.036428
0 0.452075 0.845273 0.024741 0.038168
0 0.116553 0.957970 0.025784 0.036623
0 0.775871 0.523533 0.025850 0.038265
0 0.093294 0.960838 0.025850 0.038265
0 0.453167 0.886368 0.025850 0.038265
0 0.475922 0.843177 0.025982 0.041549
0 0.490737 0.158107 0.045683 0.036737
0 0.476460 0.801115 0.025784 0.036623
0 0.288336 0.315122 0.033812 0.043873
0 0.492686 0.220545 0.046530 0.030267
0 0.473606 0.757703 0.023632 0.038070
0 0.478743 0.885767 0.023632 0.038070
0 0.772710 0.444725 0.025850 0.038265
0 0.202994 0.490682 0.024938 0.043093
0 0.522606 0.758339 0.025587 0.031698
0 0.620200 0.541335 0.026894 0.036721
0 0.852881 0.223485 0.037338 0.049092
0 0.547373 0.335192 0.036030 0.044068
0 0.503492 0.503812 0.039490 0.047645
0 0.196857 0.656808 0.037469 0.052375
0 0.544486 0.290959 0.036293 0.050635
0 0.444073 0.298962 0.037338 0.049092
0 0.250161 0.736976 0.037403 0.050733
0 0.647132 0.241570 0.036228 0.048994
0 0.802397 0.269114 0.032769 0.045418
0 0.904277 0.172835 0.037469 0.052375
0 0.695854 0.193626 0.037667 0.057300
0 0.549085 0.377879 0.036293 0.050635
0 0.144661 0.659748 0.035119 0.048897
0 0.501160 0.459531 0.040599 0.047742
0 0.235683 0.320573 0.037338 0.049092
0 0.445331 0.344161 0.036162 0.047352
0 0.804731 0.313395 0.036096 0.045710
0 0.286590 0.271612 0.036359 0.052277
0 0.447043 0.386849 0.036030 0.044068
0 0.199206 0.743103 0.037272 0.047450
0 0.493970 0.252561 0.044772 0.041565
0 0.597237 0.287970 0.035184 0.050538
0 0.135957 0.415017 0.034987 0.045613
0 0.185854 0.368616 0.035898 0.040785
0 0.404758 0.636886 0.036359 0.052277
0 0.198048 0.700366 0.035898 0.040785
0 0.755389 0.359746 0.040467 0.044458
0 0.236842 0.363311 0.038315 0.045905
0 0.696622 0.240516 0.034723 0.039045
0 0.083338 0.421288 0.038578 0.052472
0 0.405493 0.682956 0.033746 0.042232
0 0.093673 0.665054 0.037272 0.047450
0 0.698790 0.280692 0.036293 0.050635
0 0.145363 0.704997 0.037272 0.047450
0 0.906187 0.220448 0.034855 0.042329
0 0.601248 0.374119 0.036096 0.045710
0 0.186358 0.408939 0.038315 0.045905
0 0.590727 0.417058 0.022457 0.036331
0 0.753220 0.319570 0.037074 0.042524
0 0.336942 0.222701 0.036491 0.055562
0 0.147630 0.747636 0.036162 0.047352
0 0.248466 0.653096 0.036293 0.050635
0 0.339456 0.313100 0.036228 0.048994
0 0.806377 0.354441 0.038183 0.042622
0 0.907311 0.262364 0.038381 0.047547
0 0.094929 0.710253 0.038447 0.049189
0 0.132532 0.329640 0.035119 0.048897
0 0.096054 0.752169 0.039358 0.044360
0 0.612286 0.663132 0.037338 0.049092
0 0.750887 0.275289 0.034141 0.052082
0 0.498367 0.320552 0.041510 0.042914
0 0.184075 0.324286 0.036425 0.053920
0 0.611682 0.620346 0.034987 0.045613
0 0.407760 0.725595 0.035119 0.048897
0 0.082668 0.376862 0.036096 0.045710
0 0.405286 0.303194 0.023829 0.042996
0 0.438689 0.469965 0.023698 0.039712
0 0.338331 0.271184 0.032703 0.043775
0 0.558964 0.624157 0.036162 0.047352
0 0.505204 0.546500 0.030485 0.043580
0 0.592242 0.454820 0.022457 0.036331
0 0.237999 0.406047 0.037206 0.045808
0 0.460434 0.429334 0.021414 0.037875
0 0.599015 0.332300 0.034921 0.043970
0 0.133135 0.372426 0.034987 0.045613
0 0.856273 0.308040 0.032571 0.040492
0 0.650590 0.327767 0.033812 0.043873
0 0.616775 0.455959 0.022589 0.039615
0 0.436554 0.430609 0.022457 0.036331
0 0.464803 0.510508 0.023698 0.039712
0 0.820465 0.691791 0.037272 0.047450
0 0.560286 0.670998 0.037338 0.049092
0 0.467509 0.591828 0.024873 0.041452
0 0.089282 0.874689 0.027026 0.040005
0 0.614097 0.708283 0.037272 0.047450
0 0.499958 0.387965 0.043465 0.036542
0 0.648943 0.286720 0.033812 0.043873
0 0.818018 0.603035 0.032835 0.047060
0 0.110423 0.791274 0.022523 0.037973
0 0.180892 0.536287 0.025850 0.038265
0 0.444737 0.676212 0.025850 0.038265
0 0.442454 0.591559 0.023698 0.039712
0 0.440924 0.511783 0.022391 0.034689
0 0.112690 0.833913 0.025850 0.038265
0 0.177566 0.453373 0.025916 0.039907
0 0.462014 0.468739 0.023632 0.038070
0 0.446970 0.718029 0.024807 0.039810
0 0.495419 0.288681 0.042290 0.034802
0 0.163190 0.830297 0.027026 0.040005
0 0.201934 0.450408 0.023500 0.034787
0 0.444199 0.635068 0.025850 0.038265
0 0.468568 0.632102 0.023698 0.039712
0 0.449808 0.802633 0.025850 0.038265
0 0.080956 0.334173 0.033878 0.045515
0 0.178071 0.493697 0.025982 0.041549
0 0.086037 0.835432 0.023698 0.039712
0 0.090373 0.915785 0.025916 0.039907
0 0.449759 0.759799 0.024873 0.041452
0 0.490847 0.188578 0.043663 0.041467
0 0.085434 0.792647 0.023566 0.036428
0 0.440808 0.550512 0.023829 0.042996
0 0.181983 0.577382 0.024741 0.038168
0 0.498086 0.355176 0.042356 0.036444
0 0.380330 0.305388 0.024807 0.039810
0 0.855768 0.267718 0.032769 0.045418
0 0.470280 0.674790 0.025916 0.039907
0 0.466482 0.552375 0.023632 0.038070
0 0.819209 0.646592 0.036228 0.048994
0 0.162065 0.788382 0.023500 0.034787
0 0.455499 0.930649 0.024741 0.038168
