0 0.240526 0.267944 0.038938 0.025581
0 0.129194 0.267047 0.037587 0.023999
0 0.500204 0.299205 0.028221 0.020733
0 0.812496 0.275005 0.036271 0.025541
0 0.543159 0.273288 0.036254 0.023979
0 0.406504 0.271228 0.037587 0.023999
0 0.500895 0.782850 0.021640 0.028444
0 0.233847 0.815545 0.037724 0.036497
0 0.180519 0.814741 0.037690 0.033373
0 0.715006 0.531369 0.025674 0.031629
0 0.182234 0.415515 0.037742 0.038060
0 0.714779 0.673564 0.025640 0.028505
0 0.123199 0.813096 0.035076 0.038020
0 0.716181 0.424347 0.028392 0.036356
0 0.180386 0.705355 0.037724 0.036497
0 0.645173 0.819402 0.036374 0.034915
0 0.717399 0.313418 0.025657 0.030066
0 0.345838 0.817233 0.034990 0.030207
0 0.233716 0.888206 0.036374 0.034915
0 0.648187 0.423322 0.036357 0.033353
0 0.767837 0.820470 0.025657 0.030066
0 0.741857 0.818516 0.024358 0.033172
0 0.123978 0.559961 0.036340 0.031790
0 0.123057 0.704490 0.035024 0.033333
0 0.865687 0.531296 0.039093 0.039642
0 0.767100 0.887653 0.028358 0.033232
0 0.180385 0.523309 0.036374 0.034915
0 0.179316 0.742061 0.036374 0.034915
0 0.590834 0.849835 0.037707 0.034935
0 0.400114 0.853211 0.035041 0.034895
0 0.644795 0.853774 0.036374 0.034915
0 0.537059 0.889653 0.035007 0.031770
0 0.344400 0.887530 0.036392 0.036477
0 0.234636 0.743676 0.037724 0.036497
0 0.501010 0.225774 0.028324 0.030107
0 0.121743 0.884955 0.033708 0.034875
0 0.689412 0.494261 0.026991 0.030087
0 0.233453 0.851480 0.037724 0.036497
0 0.237694 0.343689 0.032392 0.036416
0 0.591097 0.886561 0.036392 0.036477
0 0.234382 0.706169 0.039058 0.036517
0 0.536796 0.852928 0.039093 0.039642
0 0.766136 0.854041 0.025674 0.031629
0 0.755828 0.639024 0.035059 0.036457
0 0.712377 0.710250 0.032392 0.036416
0 0.399185 0.816475 0.035059 0.036457
0 0.690341 0.348951 0.025657 0.030066
0 0.537611 0.778715 0.033673 0.031750
0 0.121479 0.848229 0.035059 0.036457
0 0.501986 0.197661 0.026956 0.026962
0 0.590913 0.781863 0.033690 0.033313
0 0.740787 0.855221 0.025674 0.031629
0 0.715174 0.637630 0.028375 0.034794
0 0.864608 0.568783 0.037724 0.036497
0 0.591282 0.748272 0.033708 0.034875
0 0.125038 0.524036 0.040443 0.041225
0 0.291981 0.560932 0.033673 0.031750
0 0.540871 0.420922 0.035041 0.034895
0 0.122663 0.740425 0.037724 0.036497
0 0.644418 0.888147 0.036340 0.031790
0 0.234242 0.779611 0.037690 0.033373
0 0.647662 0.531916 0.035041 0.034895
0 0.540767 0.491239 0.033673 0.031750
0 0.537873 0.815441 0.037724 0.036497
0 0.181840 0.451450 0.037707 0.034935
0 0.292367 0.525778 0.036392 0.036477
0 0.741085 0.888823 0.027059 0.036336
0 0.538768 0.673255 0.036392 0.036477
0 0.809088 0.889067 0.037707 0.034935
0 0.592228 0.601399 0.035041 0.034895
0 0.180244 0.596750 0.035041 0.034895
0 0.592361 0.710785 0.035110 0.041144
0 0.808343 0.714041 0.037742 0.038060
0 0.402235 0.599315 0.033690 0.033313
0 0.592088 0.674841 0.036374 0.034915
0 0.688869 0.604418 0.028409 0.037919
0 0.688351 0.530186 0.028358 0.033232
0 0.292753 0.490625 0.036374 0.034915
0 0.182112 0.487395 0.036374 0.034915
0 0.646478 0.639720 0.035041 0.034895
0 0.811664 0.350780 0.033690 0.033313
0 0.347266 0.565672 0.035059 0.036457
0 0.808492 0.821864 0.037707 0.034935
0 0.237308 0.378842 0.037707 0.034935
0 0.238099 0.489020 0.036357 0.033353
0 0.595435 0.309235 0.035076 0.038020
0 0.403279 0.564953 0.035024 0.033333
0 0.539171 0.636540 0.036409 0.038040
0 0.539293 0.564661 0.035041 0.034895
0 0.456352 0.346204 0.035041 0.034895
0 0.126791 0.303733 0.039075 0.038080
0 0.647302 0.564726 0.035041 0.034895
0 0.126010 0.374821 0.039024 0.033393
0 0.810866 0.423430 0.036374 0.034915
0 0.644892 0.784239 0.037724 0.036497
0 0.457142 0.456381 0.033690 0.033313
0 0.810077 0.495299 0.036374 0.034915
0 0.401289 0.746188 0.037724 0.036497
0 0.865265 0.387528 0.037724 0.036497
0 0.401017 0.710244 0.036392 0.036477
0 0.808894 0.603102 0.033742 0.037999
0 0.690604 0.385676 0.027042 0.034774
0 0.541669 0.348272 0.035059 0.036457
0 0.593006 0.348265 0.036409 0.038040
0 0.645425 0.674863 0.036392 0.036477
0 0.351438 0.307119 0.035076 0.038020
0 0.811147 0.458593 0.037724 0.036497
0 0.456089 0.491525 0.035076 0.038020
0 0.403936 0.383698 0.035024 0.033333
0 0.235574 0.597584 0.036374 0.034915
0 0.755056 0.709331 0.035059 0.036457
0 0.237160 0.453065 0.039058 0.036517
0 0.293672 0.346096 0.037724 0.036497
0 0.236634 0.561660 0.037707 0.034935
0 0.179982 0.560025 0.036392 0.036477
0 0.541152 0.456086 0.036357 0.033353
0 0.756854 0.424178 0.037707 0.034935
0 0.647135 0.458465 0.035041 0.034895
0 0.181988 0.377227 0.036392 0.036477
0 0.292892 0.417183 0.037742 0.038060
0 0.456853 0.421999 0.035059 0.036457
0 0.293286 0.381249 0.035041 0.034895
0 0.593402 0.494377 0.037724 0.036497
0 0.592639 0.563902 0.035076 0.038020
0 0.593806 0.457661 0.035041 0.034895
0 0.757404 0.313240 0.039075 0.038080
0 0.756327 0.350727 0.035041 0.034895
0 0.809824 0.639838 0.036357 0.033353
0 0.500606 0.262645 0.028354 0.032919
0 0.498905 0.405445 0.030723 0.030143
0 0.498441 0.441613 0.030664 0.036859
0 0.499450 0.367950 0.031093 0.039521
0 0.500367 0.284363 0.028169 0.016046
0 0.648484 0.274876 0.036254 0.023979
0 0.456608 0.565757 0.035024 0.033333
0 0.401866 0.632907 0.033708 0.034875
0 0.238773 0.306202 0.033690 0.033313
0 0.866318 0.352385 0.036374 0.034915
0 0.400395 0.888375 0.039058 0.036517
0 0.714902 0.601685 0.027008 0.031649
0 0.124792 0.485748 0.036392 0.036477
0 0.808763 0.675763 0.035059 0.036457
0 0.455669 0.529803 0.035059 0.036457
0 0.716462 0.459510 0.024341 0.031609
0 0.400228 0.782113 0.036357 0.033353
0 0.345460 0.851605 0.037724 0.036497
0 0.593025 0.528749 0.035024 0.033333
0 0.537988 0.744343 0.036409 0.038040
0 0.591212 0.815464 0.035041 0.034895
0 0.179580 0.778787 0.037724 0.036497
0 0.687808 0.640343 0.027008 0.031649
0 0.809281 0.749996 0.035041 0.034895
0 0.687965 0.565339 0.025708 0.034754
0 0.755434 0.674959 0.035024 0.033333
0 0.715927 0.386840 0.027025 0.033212
0 0.237572 0.415568 0.039093 0.039642
0 0.124504 0.633412 0.036409 0.038040
0 0.345952 0.746135 0.036409 0.038040
0 0.180500 0.634257 0.036409 0.038040
0 0.752909 0.783523 0.037707 0.034935
0 0.122926 0.777151 0.036374 0.034915
0 0.688089 0.675506 0.028392 0.036356
0 0.864476 0.459397 0.037724 0.036497
0 0.691410 0.312245 0.027042 0.034774
0 0.539048 0.708418 0.035007 0.031770
0 0.179455 0.668620 0.037707 0.034935
0 0.644636 0.746732 0.039093 0.039642
0 0.124916 0.595915 0.036409 0.038040
0 0.756231 0.602308 0.035041 0.034895
0 0.456763 0.308707 0.035076 0.038020
0 0.688885 0.420810 0.027025 0.033212
0 0.124110 0.669347 0.036374 0.034915
0 0.125187 0.449814 0.036392 0.036477
0 0.865414 0.495352 0.040357 0.033413
0 0.715410 0.494653 0.028358 0.033232
0 0.754645 0.746828 0.037724 0.036497
0 0.808220 0.785920 0.036374 0.034915
0 0.126273 0.411546 0.037742 0.038060
0 0.645040 0.710016 0.036374 0.034915
0 0.808790 0.855466 0.036357 0.033353
0 0.237037 0.524944 0.037759 0.039622
0 0.716996 0.350134 0.028375 0.034794
0 0.346207 0.783642 0.037742 0.038060
0 0.183469 0.303024 0.037707 0.034935
0 0.183724 0.340532 0.036409 0.038040
0 0.689806 0.458327 0.029725 0.036376
0 0.402981 0.531353 0.036374 0.034915
0 0.866212 0.422701 0.037707 0.034935
0 0.346486 0.636759 0.035041 0.034895
0 0.755670 0.531982 0.035041 0.034895
0 0.810613 0.567969 0.036357 0.033353
0 0.714629 0.565741 0.031042 0.034834
0 0.234776 0.670235 0.039058 0.036517
0 0.126379 0.341229 0.039041 0.034955
0 0.866747 0.313325 0.036443 0.041164
0 0.235837 0.634310 0.037724 0.036497
0 0.345030 0.708619 0.036409 0.038040
0 0.646232 0.601432 0.036426 0.039601
0 0.594858 0.422518 0.036392 0.036477
0 0.648739 0.312383 0.040391 0.036537
0 0.403130 0.457130 0.037724 0.036497
0 0.648065 0.495201 0.037724 0.036497
0 0.346100 0.671913 0.037724 0.036497
0 0.456597 0.384492 0.033759 0.039561
0 0.756476 0.458551 0.037707 0.034935
0 0.405434 0.307933 0.036374 0.034915
0 0.648582 0.387387 0.033725 0.036437
0 0.539574 0.599824 0.036392 0.036477
0 0.403384 0.494637 0.039093 0.039642
0 0.755924 0.387443 0.035059 0.036457
0 0.811674 0.532045 0.037759 0.039622
0 0.755284 0.567135 0.037724 0.036497
0 0.347661 0.529737 0.037724 0.036497
0 0.541933 0.384998 0.036409 0.038040
0 0.293156 0.453909 0.036392 0.036477
0 0.591824 0.638115 0.037724 0.036497
0 0.350615 0.382113 0.037742 0.038060
0 0.811261 0.387495 0.039075 0.038080
0 0.647669 0.349089 0.033742 0.037999
0 0.348073 0.492240 0.037724 0.036497
0 0.400771 0.671956 0.037776 0.041184
0 0.295434 0.307056 0.040460 0.042788
0 0.811426 0.311710 0.037759 0.039622
0 0.405013 0.346211 0.036426 0.039601
0 0.593929 0.385782 0.036409 0.038040
0 0.350360 0.344606 0.036374 0.034915
0 0.756082 0.494485 0.037707 0.034935
0 0.346872 0.601606 0.037724 0.036497
0 0.542098 0.309213 0.037759 0.039622
0 0.540363 0.527955 0.036426 0.039601
0 0.403541 0.419633 0.040425 0.039662
