0 0.519996 0.588174 0.024002 0.037860
0 0.522155 0.624472 0.024984 0.031625
0 0.128062 0.777897 0.035236 0.038620
0 0.126437 0.754239 0.033721 0.032216
0 0.499665 0.388312 0.037733 0.038789
0 0.525795 0.666216 0.020772 0.020311
0 0.129430 0.810287 0.037933 0.043529
0 0.336578 0.454013 0.033788 0.033797
0 0.675872 0.648140 0.034903 0.030721
0 0.783637 0.576675 0.033855 0.035376
0 0.178404 0.650898 0.036351 0.035545
0 0.175111 0.587739 0.035103 0.035461
0 0.343740 0.608813 0.034903 0.030721
0 0.121510 0.652369 0.035036 0.033881
0 0.841361 0.639321 0.031225 0.032047
0 0.189802 0.906029 0.032540 0.033712
0 0.293598 0.740553 0.031292 0.033628
0 0.840026 0.607720 0.033855 0.035376
0 0.683320 0.839365 0.036284 0.033965
0 0.240688 0.806722 0.035103 0.035461
0 0.291607 0.708204 0.035103 0.035461
0 0.666718 0.460991 0.034969 0.032300
0 0.399372 0.636740 0.033788 0.033797
0 0.883816 0.355193 0.032540 0.033712
0 0.335244 0.422412 0.033788 0.033797
0 0.627688 0.811437 0.035170 0.037040
0 0.843963 0.700941 0.033721 0.032216
0 0.502668 0.459414 0.035236 0.038620
0 0.628398 0.843081 0.033788 0.033797
0 0.401297 0.667508 0.035103 0.035461
0 0.833269 0.418033 0.031225 0.032047
0 0.339313 0.518794 0.033788 0.033797
0 0.332442 0.356052 0.033788 0.033797
0 0.119566 0.591497 0.036351 0.035545
0 0.236008 0.681068 0.033921 0.036956
0 0.729526 0.614404 0.032540 0.033712
0 0.556198 0.437570 0.033788 0.033797
0 0.629766 0.875471 0.036218 0.032385
0 0.836700 0.543771 0.032406 0.030552
0 0.347219 0.706026 0.033988 0.038536
0 0.410737 0.891082 0.032406 0.030552
0 0.223342 0.395915 0.035236 0.038620
0 0.112184 0.401851 0.035103 0.035461
0 0.403999 0.731500 0.032540 0.033712
0 0.171209 0.495307 0.032540 0.033712
0 0.443600 0.350116 0.033921 0.036956
0 0.886332 0.385128 0.032540 0.033712
0 0.561554 0.594077 0.033788 0.033797
0 0.448918 0.446413 0.033655 0.030636
0 0.404742 0.763932 0.033855 0.035376
0 0.402631 0.699109 0.032606 0.035292
0 0.181797 0.716426 0.035170 0.037040
0 0.341849 0.578835 0.036284 0.033965
0 0.177036 0.618507 0.036284 0.033965
0 0.732161 0.676815 0.032473 0.032131
0 0.622384 0.685826 0.032606 0.035292
0 0.237986 0.742731 0.035036 0.033881
0 0.777166 0.423413 0.031225 0.032047
0 0.838659 0.575329 0.033788 0.033797
0 0.845330 0.733332 0.033788 0.033797
0 0.620393 0.653477 0.033788 0.033797
0 0.116964 0.529876 0.033855 0.035376
0 0.345785 0.672056 0.033788 0.033797
0 0.888934 0.446749 0.035036 0.033881
0 0.285593 0.550950 0.033921 0.036956
0 0.283043 0.520224 0.033721 0.032216
0 0.681428 0.809387 0.035036 0.033881
0 0.564814 0.656445 0.034969 0.032300
0 0.169164 0.432064 0.036418 0.037125
0 0.449561 0.476475 0.032540 0.033712
0 0.296353 0.835439 0.033788 0.033797
0 0.566181 0.688836 0.035170 0.037040
0 0.666108 0.431719 0.033788 0.033797
0 0.738408 0.839600 0.033855 0.035376
0 0.792334 0.767816 0.035103 0.035461
0 0.125560 0.718646 0.035036 0.033881
0 0.784381 0.609108 0.032540 0.033712
0 0.392748 0.450213 0.033788 0.033797
0 0.680061 0.776996 0.035103 0.035461
0 0.395402 0.542728 0.031358 0.035207
0 0.450929 0.508866 0.032606 0.035292
0 0.281052 0.487876 0.032540 0.033712
0 0.112403 0.436696 0.035103 0.035461
0 0.834012 0.450465 0.032673 0.036872
0 0.559543 0.531623 0.034969 0.032300
0 0.173200 0.527655 0.031225 0.032047
0 0.617081 0.560214 0.032540 0.033712
0 0.497373 0.348854 0.036618 0.041865
0 0.611744 0.433812 0.032540 0.033712
0 0.793110 0.801038 0.033855 0.035376
0 0.114329 0.467465 0.036284 0.033965
0 0.230047 0.554708 0.035170 0.037040
0 0.298311 0.866997 0.035036 0.033881
0 0.842662 0.670131 0.033788 0.033797
0 0.241498 0.840735 0.033921 0.036956
0 0.673303 0.587308 0.032473 0.032131
0 0.684621 0.870175 0.036218 0.032385
0 0.407378 0.826343 0.033788 0.033797
0 0.168945 0.397219 0.036551 0.040285
0 0.394726 0.511876 0.034903 0.030721
0 0.722921 0.457981 0.032406 0.030552
0 0.557599 0.470751 0.031425 0.036787
0 0.882349 0.320432 0.035303 0.040201
0 0.728849 0.583550 0.033721 0.032216
0 0.678574 0.712130 0.035103 0.035461
0 0.835433 0.513750 0.035036 0.033881
0 0.452230 0.539676 0.032540 0.033712
0 0.124159 0.685466 0.035170 0.037040
0 0.737598 0.805587 0.035303 0.040201
0 0.337322 0.486446 0.035103 0.035461
0 0.279074 0.426212 0.033788 0.033797
0 0.333843 0.389232 0.036418 0.037125
0 0.734863 0.740805 0.035170 0.037040
0 0.677206 0.679740 0.032540 0.033712
0 0.388764 0.385517 0.036418 0.037125
0 0.777809 0.453475 0.032606 0.035292
0 0.790999 0.736215 0.035103 0.035461
0 0.678693 0.744605 0.035036 0.033881
0 0.394049 0.481023 0.033855 0.035376
0 0.555421 0.404348 0.032673 0.036872
0 0.398071 0.605929 0.033721 0.032216
0 0.227445 0.493088 0.032540 0.033712
0 0.789074 0.705447 0.033788 0.033797
0 0.560878 0.563224 0.035103 0.035461
0 0.226044 0.459907 0.035170 0.037040
0 0.664083 0.398580 0.035170 0.037040
0 0.787707 0.673057 0.033855 0.035376
0 0.612487 0.466244 0.031358 0.035207
0 0.616370 0.528571 0.031292 0.033628
0 0.278297 0.392990 0.035170 0.037040
0 0.451658 0.570614 0.036351 0.035545
0 0.720219 0.393990 0.032606 0.035292
0 0.611000 0.401379 0.033855 0.035376
0 0.730860 0.646004 0.032540 0.033712
0 0.390165 0.418696 0.036284 0.033965
0 0.614379 0.496223 0.032473 0.032131
0 0.721620 0.427171 0.035103 0.035461
0 0.286860 0.580971 0.031158 0.030467
0 0.233983 0.647930 0.035036 0.033881
0 0.524961 0.646465 0.020705 0.018731
0 0.531371 0.857567 0.023402 0.023640
0 0.526071 0.687588 0.022220 0.025136
0 0.846817 0.798198 0.036284 0.033965
0 0.618382 0.591024 0.032473 0.032131
0 0.386739 0.352378 0.032540 0.033712
0 0.406010 0.793953 0.031225 0.032047
0 0.625020 0.748237 0.032673 0.036872
0 0.179772 0.683287 0.036284 0.033965
0 0.887600 0.415149 0.032406 0.030552
0 0.835413 0.483646 0.032540 0.033712
0 0.727581 0.553530 0.033855 0.035376
0 0.786372 0.641456 0.033855 0.035376
0 0.445711 0.414938 0.035170 0.037040
0 0.396146 0.575161 0.035036 0.033881
0 0.732214 0.707709 0.035036 0.033881
0 0.725590 0.521182 0.032540 0.033712
0 0.668643 0.491760 0.033788 0.033797
0 0.669977 0.523360 0.033788 0.033797
0 0.776389 0.390190 0.032740 0.038451
0 0.724189 0.488002 0.035036 0.033881
0 0.671378 0.556541 0.033788 0.033797
0 0.781069 0.515844 0.036418 0.037125
0 0.507224 0.532485 0.034616 0.027739
0 0.504736 0.508395 0.037199 0.026149
0 0.500466 0.422088 0.036371 0.036020
0 0.507318 0.554726 0.035637 0.018638
0 0.299646 0.898598 0.035036 0.033881
0 0.782436 0.548235 0.033855 0.035376
0 0.182540 0.748859 0.036218 0.032385
0 0.294985 0.803048 0.033855 0.035376
0 0.280375 0.457023 0.033721 0.032216
0 0.794445 0.832639 0.033721 0.032216
0 0.558342 0.503183 0.032473 0.032131
0 0.444968 0.382506 0.033721 0.032216
0 0.339924 0.548067 0.034969 0.032300
0 0.780325 0.483411 0.029977 0.031962
0 0.186510 0.842871 0.033921 0.036956
0 0.624276 0.715804 0.033721 0.032216
0 0.169874 0.463707 0.035036 0.033881
0 0.239287 0.773541 0.034969 0.032300
0 0.242799 0.871545 0.033721 0.032216
0 0.115596 0.497485 0.033655 0.030636
0 0.408745 0.858733 0.028728 0.031878
0 0.120866 0.622307 0.033655 0.030636
0 0.183774 0.778089 0.036284 0.033965
0 0.185109 0.809690 0.036284 0.033965
0 0.850110 0.861356 0.035036 0.033881
0 0.294275 0.771405 0.035103 0.035461
0 0.739676 0.869620 0.035951 0.026065
0 0.564137 0.625593 0.033788 0.033797
0 0.236718 0.712710 0.034903 0.030721
0 0.131621 0.847376 0.033855 0.035376
0 0.187253 0.875303 0.032473 0.032131
0 0.736164 0.771616 0.032473 0.032131
0 0.117607 0.559938 0.034969 0.032300
0 0.286880 0.611075 0.033921 0.036956
0 0.532962 0.880435 0.022220 0.025136
0 0.230757 0.586351 0.031158 0.030467
0 0.831177 0.383314 0.032606 0.035292
0 0.344417 0.639666 0.033855 0.035376
0 0.290272 0.676605 0.032606 0.035292
0 0.134914 0.910535 0.035103 0.035461
0 0.848085 0.828218 0.036418 0.037125
0 0.224052 0.427558 0.033721 0.032216
0 0.244133 0.903146 0.036218 0.032385
0 0.174468 0.557676 0.033721 0.032216
0 0.793873 0.863576 0.037533 0.034050
0 0.228055 0.522360 0.033588 0.029056
0 0.673980 0.618162 0.031292 0.033628
0 0.845450 0.765807 0.036351 0.035545
0 0.626287 0.778257 0.034903 0.030721
0 0.288314 0.645046 0.033855 0.035376
0 0.132298 0.878228 0.032540 0.033712
0 0.233306 0.617076 0.033855 0.035376
0 0.517535 0.796706 0.031292 0.033628
0 0.618434 0.621920 0.032540 0.033712
