0 0.682786 0.901185 0.037073 0.024450
0 0.513051 0.262620 0.034819 0.032069
0 0.508419 0.364200 0.036476 0.038413
0 0.804015 0.907545 0.029496 0.031687
0 0.833334 0.908867 0.029740 0.036373
0 0.807179 0.872494 0.026752 0.029933
0 0.512086 0.293909 0.033488 0.031974
0 0.848557 0.873117 0.037807 0.038509
0 0.702152 0.542749 0.039137 0.038605
0 0.859992 0.910000 0.029659 0.034811
0 0.696652 0.648185 0.036395 0.036851
0 0.840709 0.767505 0.029659 0.034811
0 0.515753 0.223618 0.033325 0.028850
0 0.781934 0.869897 0.029659 0.034811
0 0.866701 0.768589 0.028410 0.036277
0 0.506505 0.400907 0.030908 0.033344
0 0.851478 0.804340 0.038974 0.035480
0 0.855389 0.729363 0.036476 0.038413
0 0.502634 0.436691 0.032402 0.036564
0 0.814635 0.729570 0.029496 0.031687
0 0.711726 0.359211 0.030908 0.033344
0 0.648334 0.537313 0.037481 0.032261
0 0.825961 0.512449 0.029496 0.031687
0 0.849726 0.837924 0.036395 0.036851
0 0.819049 0.657765 0.028165 0.031591
0 0.515889 0.195406 0.033488 0.031974
0 0.877335 0.334268 0.036476 0.038413
0 0.858390 0.659024 0.034982 0.035193
0 0.690948 0.757527 0.036395 0.036851
0 0.691451 0.722286 0.033814 0.038222
0 0.856597 0.693388 0.035145 0.038318
0 0.818316 0.402933 0.037725 0.036947
0 0.830334 0.441425 0.028247 0.033153
0 0.801762 0.477001 0.031071 0.036469
0 0.820190 0.367006 0.037725 0.036947
0 0.744847 0.761400 0.032402 0.036564
0 0.802427 0.438636 0.028328 0.034715
0 0.594979 0.497418 0.033651 0.035098
0 0.789227 0.691683 0.028328 0.034715
0 0.687281 0.827818 0.033733 0.036660
0 0.639630 0.716994 0.033651 0.035098
0 0.683873 0.867554 0.036639 0.041537
0 0.808280 0.582516 0.033733 0.036660
0 0.827794 0.477304 0.029740 0.036373
0 0.706688 0.468601 0.032239 0.033440
0 0.800077 0.765369 0.036558 0.039975
0 0.704148 0.504479 0.036558 0.039975
0 0.593688 0.534954 0.038133 0.044757
0 0.753091 0.616180 0.036558 0.039975
0 0.658411 0.318535 0.037970 0.041633
0 0.758088 0.507571 0.035145 0.038318
0 0.763085 0.398964 0.033896 0.039784
0 0.644627 0.608385 0.038051 0.043195
0 0.761796 0.436499 0.032565 0.039688
0 0.714307 0.322552 0.037970 0.041633
0 0.756173 0.544279 0.035226 0.039880
0 0.601307 0.388906 0.037888 0.040071
0 0.646583 0.570897 0.037725 0.036947
0 0.748636 0.688766 0.035145 0.038318
0 0.657705 0.357681 0.037807 0.038509
0 0.649502 0.502120 0.036721 0.043100
0 0.694071 0.684845 0.035145 0.038318
0 0.751135 0.653669 0.036395 0.036851
0 0.746015 0.726207 0.033814 0.038222
0 0.604553 0.313880 0.036558 0.039975
0 0.860889 0.623926 0.036558 0.039975
0 0.600058 0.425661 0.036476 0.038413
0 0.872134 0.408368 0.036395 0.036851
0 0.689074 0.793453 0.036395 0.036851
0 0.708522 0.395043 0.033896 0.039784
0 0.698608 0.610697 0.036395 0.036851
0 0.655831 0.393608 0.035145 0.038318
0 0.651458 0.464632 0.036395 0.036851
0 0.701066 0.576380 0.037562 0.033823
0 0.760669 0.470912 0.033570 0.033536
0 0.741846 0.831739 0.036395 0.036851
0 0.603222 0.352198 0.035145 0.038318
0 0.634509 0.789532 0.036721 0.043100
0 0.642671 0.645874 0.037725 0.036947
0 0.869634 0.443465 0.034982 0.035193
0 0.864094 0.549682 0.037807 0.038509
0 0.640838 0.681019 0.037807 0.038509
0 0.754299 0.580205 0.032239 0.033440
0 0.767499 0.327158 0.035226 0.039880
0 0.816509 0.693643 0.032484 0.038126
0 0.597518 0.461540 0.035145 0.038318
0 0.810154 0.546591 0.036558 0.039975
0 0.791807 0.655023 0.029740 0.036373
0 0.743055 0.795765 0.035063 0.036756
0 0.822810 0.329565 0.039219 0.040167
0 0.798243 0.800514 0.036313 0.035289
0 0.868508 0.477878 0.033651 0.035098
0 0.633219 0.827068 0.037725 0.036947
0 0.806365 0.619225 0.039137 0.038605
0 0.739306 0.867617 0.035063 0.036756
0 0.862845 0.586438 0.036395 0.036851
0 0.866674 0.513023 0.036395 0.036851
0 0.706566 0.432530 0.036395 0.036851
0 0.632717 0.862310 0.037807 0.038509
0 0.874008 0.372441 0.036558 0.039975
0 0.630842 0.898235 0.037807 0.038509
0 0.738763 0.903639 0.035226 0.039880
0 0.766332 0.362351 0.033651 0.035098
0 0.796329 0.837221 0.039056 0.037042
0 0.637131 0.752091 0.035063 0.036756
0 0.653291 0.429486 0.036476 0.038413
