0 0.735107 0.152638 0.041749 0.052990
0 0.889076 0.134367 0.039328 0.049400
0 0.273324 0.174336 0.039537 0.052680
0 0.437264 0.286223 0.035695 0.044015
0 0.778549 0.790263 0.038012 0.045965
0 0.775725 0.745979 0.038221 0.049245
0 0.630119 0.125155 0.038535 0.054165
0 0.177067 0.283804 0.038221 0.049245
0 0.831785 0.820033 0.038117 0.047605
0 0.394640 0.422926 0.038117 0.047605
0 0.739193 0.199226 0.037219 0.050730
0 0.695860 0.333546 0.038221 0.049245
0 0.716790 0.626820 0.038012 0.045965
0 0.399158 0.502550 0.034902 0.048780
0 0.603301 0.474766 0.035904 0.047295
0 0.683273 0.162384 0.035216 0.053700
0 0.634205 0.171745 0.035799 0.045654
0 0.693799 0.292465 0.036905 0.045809
0 0.384877 0.296049 0.036905 0.045809
0 0.702351 0.417858 0.035695 0.044015
0 0.600739 0.434582 0.035799 0.045654
0 0.704966 0.458861 0.038326 0.050886
0 0.379283 0.208301 0.039432 0.051041
0 0.852337 0.354639 0.038221 0.049245
0 0.798891 0.321588 0.035904 0.047295
0 0.844740 0.270483 0.035904 0.047295
0 0.792400 0.237276 0.035799 0.045654
0 0.714123 0.584997 0.038117 0.047605
0 0.708289 0.502247 0.037114 0.049090
0 0.443307 0.372253 0.036905 0.045809
0 0.753131 0.409087 0.035904 0.047295
0 0.823891 0.696203 0.038012 0.045965
0 0.277410 0.220925 0.037010 0.047450
0 0.767726 0.620509 0.038117 0.047605
0 0.765060 0.578685 0.038012 0.045965
0 0.280787 0.265131 0.036113 0.050575
0 0.538031 0.273755 0.036113 0.050575
0 0.376699 0.159020 0.040956 0.057755
0 0.583874 0.178799 0.036905 0.045809
0 0.174431 0.233703 0.039850 0.057600
0 0.589468 0.266546 0.037010 0.047450
0 0.756903 0.450754 0.035799 0.045654
0 0.826108 0.739745 0.039223 0.047760
0 0.225367 0.227391 0.034902 0.048780
0 0.228243 0.272495 0.037010 0.047450
0 0.530510 0.138289 0.038431 0.052525
0 0.699184 0.376933 0.034798 0.047140
0 0.498500 0.441466 0.044962 0.051816
0 0.592687 0.308292 0.038012 0.045965
0 0.773111 0.704976 0.038012 0.045965
0 0.639642 0.257032 0.035590 0.042374
0 0.337317 0.346566 0.036322 0.053855
0 0.440484 0.327969 0.037114 0.049090
0 0.328795 0.212895 0.036008 0.048935
0 0.719508 0.669464 0.038221 0.049245
0 0.854450 0.396540 0.039223 0.047760
0 0.230962 0.315138 0.037010 0.047450
0 0.744578 0.283694 0.037114 0.049090
0 0.801004 0.363489 0.036905 0.045809
0 0.796225 0.279765 0.035799 0.045654
0 0.840117 0.189218 0.036905 0.045809
0 0.789629 0.193813 0.035904 0.047295
0 0.431169 0.199374 0.037428 0.054010
0 0.759518 0.491758 0.035799 0.045654
0 0.434097 0.245297 0.036801 0.044170
0 0.848513 0.312150 0.035799 0.045654
0 0.769839 0.662410 0.039118 0.046120
0 0.747955 0.327900 0.038221 0.049245
0 0.818506 0.611737 0.038326 0.050886
0 0.837137 0.142475 0.037637 0.057290
0 0.333941 0.302360 0.034589 0.043860
0 0.382712 0.253327 0.038221 0.049245
0 0.580288 0.131313 0.038640 0.055806
0 0.331775 0.259639 0.033692 0.046985
0 0.648300 0.384064 0.037010 0.047450
0 0.535103 0.227831 0.038326 0.050886
0 0.597468 0.392017 0.037114 0.049090
0 0.787306 0.148631 0.037324 0.052370
0 0.594697 0.348552 0.037010 0.047450
0 0.636976 0.215208 0.036113 0.050575
0 0.586593 0.221442 0.039537 0.052680
0 0.532384 0.185188 0.035904 0.047295
0 0.494655 0.366628 0.046380 0.039660
0 0.493003 0.337735 0.043885 0.034922
0 0.530274 0.747285 0.028117 0.028323
0 0.529311 0.723426 0.029328 0.030118
0 0.914545 0.516364 0.037114 0.049090
0 0.501167 0.483289 0.041809 0.036744
0 0.420251 0.842135 0.035799 0.045654
0 0.643468 0.299519 0.036217 0.052215
0 0.422760 0.881499 0.036008 0.048935
0 0.077202 0.336689 0.036592 0.040889
0 0.412752 0.715768 0.036487 0.039249
0 0.917608 0.555650 0.038012 0.045965
0 0.418795 0.801797 0.038117 0.047605
0 0.081586 0.422951 0.041540 0.049710
0 0.078606 0.376207 0.039223 0.047760
0 0.484340 0.201850 0.045920 0.032444
0 0.920431 0.599933 0.038221 0.049245
0 0.193013 0.533925 0.037908 0.044325
0 0.873669 0.689227 0.038012 0.045965
0 0.821329 0.656021 0.038117 0.047605
0 0.897993 0.265501 0.038221 0.049245
0 0.857012 0.436723 0.036905 0.045809
0 0.444314 0.414309 0.035695 0.044015
0 0.724235 0.752368 0.037219 0.050730
0 0.895170 0.221217 0.038012 0.045965
0 0.262719 0.822017 0.038117 0.047605
0 0.238460 0.441507 0.035904 0.047295
0 0.740806 0.242025 0.036801 0.044170
0 0.129402 0.332682 0.037010 0.047450
0 0.762289 0.535222 0.038326 0.050886
0 0.690078 0.251617 0.036905 0.045809
0 0.491876 0.302563 0.044649 0.046895
0 0.806943 0.447878 0.035904 0.047295
0 0.241627 0.482432 0.037010 0.047450
0 0.860284 0.479290 0.038221 0.049245
0 0.876335 0.731050 0.038117 0.047605
0 0.892451 0.178574 0.036008 0.048935
0 0.232970 0.355399 0.035799 0.045654
0 0.281846 0.308006 0.034589 0.043860
0 0.485878 0.234730 0.045650 0.045410
0 0.427583 0.151888 0.036113 0.050575
0 0.405254 0.589400 0.040434 0.049555
0 0.605915 0.515769 0.037908 0.044325
0 0.223044 0.182210 0.038326 0.050886
0 0.415366 0.756771 0.039328 0.049400
0 0.803671 0.405312 0.037010 0.047450
0 0.260501 0.778476 0.041540 0.049710
0 0.255116 0.694010 0.039223 0.047760
0 0.181742 0.365889 0.036905 0.045809
0 0.235584 0.396403 0.036008 0.048935
0 0.247065 0.567719 0.037010 0.047450
0 0.401877 0.545193 0.039118 0.046120
0 0.250231 0.608645 0.038117 0.047605
0 0.686963 0.211512 0.035904 0.047295
0 0.645633 0.342241 0.036696 0.042529
0 0.711008 0.544891 0.036905 0.045809
0 0.751122 0.368825 0.034484 0.042219
0 0.912484 0.475283 0.038012 0.045965
0 0.069233 0.202941 0.038221 0.049245
0 0.087920 0.504803 0.036696 0.042529
0 0.074035 0.295763 0.040329 0.047915
0 0.071660 0.249762 0.039641 0.054320
0 0.925764 0.683581 0.040434 0.049555
0 0.086517 0.465284 0.041331 0.046430
0 0.900451 0.304044 0.037699 0.041044
0 0.781768 0.832009 0.039223 0.047760
0 0.923494 0.639219 0.039328 0.049400
0 0.425636 0.926603 0.038326 0.050886
0 0.271324 0.948231 0.039223 0.047760
0 0.929536 0.725249 0.040120 0.044635
0 0.905336 0.389408 0.036592 0.040889
0 0.879002 0.772874 0.035590 0.042374
0 0.479448 0.133862 0.047759 0.044080
0 0.481696 0.169126 0.045441 0.042130
0 0.407262 0.629661 0.039014 0.044480
0 0.864109 0.521778 0.038012 0.045965
0 0.391922 0.380282 0.038117 0.047605
0 0.120118 0.195809 0.040643 0.052835
0 0.934921 0.809716 0.040224 0.046275
0 0.613966 0.642059 0.035904 0.047295
0 0.090743 0.549087 0.039328 0.049400
0 0.732444 0.881119 0.039328 0.049400
0 0.488126 0.269993 0.045127 0.037209
0 0.932756 0.766994 0.039328 0.049400
0 0.937140 0.853256 0.041644 0.051351
0 0.608424 0.555132 0.037908 0.044325
0 0.616633 0.683883 0.038221 0.049245
0 0.267947 0.904025 0.040329 0.047915
0 0.619247 0.724886 0.038221 0.049245
0 0.903222 0.347507 0.038640 0.055806
0 0.265887 0.862944 0.036801 0.044170
0 0.190451 0.493742 0.038012 0.045965
0 0.783986 0.875550 0.038221 0.049245
0 0.195179 0.576647 0.037010 0.047450
0 0.833712 0.867752 0.038535 0.054165
0 0.396544 0.461547 0.036696 0.042529
0 0.885097 0.859724 0.039537 0.052680
0 0.909056 0.430257 0.039432 0.051041
0 0.387596 0.338691 0.034693 0.045499
0 0.729673 0.837655 0.037010 0.047450
0 0.126078 0.289296 0.038221 0.049245
0 0.409585 0.674842 0.038431 0.052525
0 0.721016 0.710622 0.035799 0.045654
0 0.871608 0.648146 0.036696 0.042529
0 0.865722 0.564576 0.038221 0.049245
0 0.123150 0.243373 0.040434 0.049555
0 0.184804 0.405174 0.038012 0.045965
0 0.812567 0.527347 0.039328 0.049400
0 0.188234 0.450201 0.039432 0.051041
0 0.257229 0.735910 0.038012 0.045965
0 0.728112 0.795676 0.036905 0.045809
0 0.829224 0.779851 0.035590 0.042374
0 0.868388 0.606400 0.035904 0.047295
0 0.885542 0.087701 0.038535 0.054165
0 0.882117 0.812979 0.039223 0.047760
0 0.810057 0.487984 0.036905 0.045809
0 0.252345 0.650546 0.036905 0.045809
0 0.244346 0.525076 0.037010 0.047450
0 0.611697 0.597698 0.039432 0.051041
0 0.179180 0.325705 0.036801 0.044170
0 0.815286 0.569991 0.036905 0.045809
0 0.842731 0.230222 0.034484 0.042219
