0 0.216477 0.309758 0.039081 0.056124
0 0.360300 0.702085 0.036875 0.049409
0 0.232289 0.224915 0.036875 0.049409
0 0.497775 0.841866 0.040381 0.052228
0 0.180198 0.806057 0.045528 0.058612
0 0.240514 0.780491 0.039023 0.050239
0 0.875094 0.522636 0.040890 0.049493
0 0.741459 0.976074 0.039589 0.047852
0 0.690238 0.662667 0.039589 0.053388
0 0.282416 0.844658 0.040381 0.052228
0 0.548792 0.260310 0.049485 0.052809
0 0.939371 0.459020 0.039023 0.050239
0 0.877169 0.818163 0.041456 0.052643
0 0.202769 0.686772 0.040664 0.053803
0 0.748672 0.938679 0.039306 0.051814
0 0.160940 0.327906 0.036592 0.047834
0 0.555195 0.522140 0.035517 0.047419
0 0.469014 0.403836 0.032577 0.047751
0 0.597409 0.581375 0.035800 0.048995
0 0.075505 0.502932 0.039023 0.050239
0 0.340584 0.818263 0.042022 0.055793
0 0.332805 0.861575 0.042305 0.057368
0 0.095079 0.387542 0.039589 0.053388
0 0.125571 0.224156 0.037440 0.052559
0 0.561039 0.198512 0.049768 0.054385
0 0.232198 0.823596 0.045811 0.060187
0 0.538947 0.324719 0.048694 0.053970
0 0.260473 0.365470 0.039532 0.047503
0 0.791525 0.700067 0.041739 0.054218
0 0.182494 0.201491 0.040890 0.049493
0 0.625735 0.721143 0.039872 0.054964
0 0.541166 0.603461 0.039589 0.053388
0 0.803954 0.918750 0.043888 0.055047
0 0.604238 0.840844 0.039306 0.051814
0 0.253554 0.704683 0.040664 0.053803
0 0.213778 0.040094 0.037723 0.054134
0 0.196468 0.126886 0.037949 0.049824
0 0.238427 0.184338 0.037723 0.054134
0 0.860979 0.598029 0.040381 0.052228
0 0.889265 0.440528 0.040381 0.052228
0 0.770423 0.820761 0.043096 0.056208
0 0.166909 0.291473 0.037666 0.048249
0 0.846158 0.677359 0.039589 0.053388
0 0.947093 0.422422 0.041456 0.052643
0 0.109364 0.308005 0.041456 0.052643
0 0.103112 0.346012 0.040381 0.052228
0 0.583125 0.660913 0.040946 0.055378
0 0.590350 0.921376 0.043096 0.056208
0 0.775447 0.482501 0.042587 0.058943
0 0.561486 0.781401 0.040664 0.053803
0 0.598586 0.283735 0.039023 0.050239
0 0.260908 0.663733 0.040664 0.053803
0 0.883308 0.777586 0.041739 0.054218
0 0.776703 0.779396 0.042531 0.053058
0 0.704156 0.578777 0.036875 0.049409
0 0.597308 0.879431 0.041739 0.054218
0 0.367230 0.663498 0.037158 0.050985
0 0.318198 0.645420 0.040664 0.053803
0 0.504309 0.802284 0.039306 0.051814
0 0.911339 0.618303 0.040098 0.050653
0 0.189679 0.164686 0.037949 0.049824
0 0.575517 0.700080 0.038741 0.048663
0 0.825847 0.800044 0.043096 0.056208
0 0.506872 0.500125 0.044057 0.044852
0 0.087895 0.424347 0.037552 0.036478
0 0.479344 0.726969 0.024658 0.031503
0 0.410762 0.424305 0.040381 0.052228
0 0.626120 0.421512 0.038798 0.054549
0 0.361052 0.406806 0.040381 0.052228
0 0.396336 0.504630 0.038232 0.051399
0 0.404086 0.464674 0.039589 0.053388
0 0.591232 0.324685 0.041739 0.054218
0 0.857333 0.327242 0.037072 0.039371
0 0.715020 0.223992 0.039391 0.041145
0 0.905304 0.344825 0.037269 0.034903
0 0.476129 0.743917 0.023906 0.025642
0 0.548520 0.562510 0.039589 0.053388
0 0.332624 0.565095 0.040664 0.053803
0 0.425867 0.343398 0.039589 0.053388
0 0.603406 0.541586 0.040664 0.053803
0 0.711423 0.247226 0.029663 0.028743
0 0.853630 0.350165 0.029013 0.027906
0 0.904712 0.365969 0.029680 0.027723
0 0.472619 0.758242 0.021112 0.019609
0 0.584889 0.961373 0.041342 0.040872
0 0.826091 0.501201 0.041739 0.054218
0 0.583481 0.364640 0.040381 0.052228
0 0.238693 0.486746 0.042813 0.054632
0 0.340364 0.224515 0.040155 0.056539
0 0.576127 0.405590 0.040946 0.055378
0 0.813022 0.580366 0.041739 0.054218
0 0.562125 0.483552 0.038515 0.052974
0 0.646837 0.600447 0.041229 0.056953
0 0.745510 0.342111 0.041739 0.054218
0 0.374545 0.325279 0.040098 0.050653
0 0.640942 0.342182 0.040721 0.059689
0 0.847192 0.380505 0.043096 0.056208
0 0.368406 0.365856 0.040946 0.055378
0 0.675802 0.442366 0.041456 0.052643
0 0.569915 0.740865 0.041229 0.056953
0 0.512897 0.456978 0.047959 0.061016
0 0.347870 0.483402 0.039589 0.053388
0 0.782519 0.443126 0.042022 0.055793
0 0.460585 0.444371 0.040155 0.056539
0 0.718978 0.499446 0.040381 0.052228
0 0.669126 0.482737 0.040664 0.053803
0 0.310296 0.385538 0.041456 0.052643
0 0.230801 0.527489 0.039589 0.053388
0 0.296690 0.464495 0.040381 0.052228
0 0.683552 0.402412 0.040664 0.053803
0 0.711623 0.540397 0.040381 0.052228
0 0.418512 0.384349 0.039589 0.053388
0 0.381939 0.581597 0.039872 0.054964
0 0.533953 0.643623 0.039306 0.051814
0 0.655933 0.258706 0.040155 0.056539
0 0.302828 0.423918 0.040664 0.053803
0 0.833304 0.461038 0.039306 0.051814
0 0.275437 0.285352 0.041739 0.054218
0 0.268082 0.326303 0.039589 0.053388
0 0.840376 0.421663 0.043605 0.053473
0 0.174857 0.244016 0.043153 0.062093
0 0.381616 0.285905 0.037949 0.049824
0 0.738835 0.382482 0.040381 0.052228
0 0.753006 0.300374 0.042022 0.055793
0 0.354263 0.444606 0.039815 0.049078
0 0.065153 0.547778 0.044453 0.058198
0 0.324874 0.605050 0.039306 0.051814
0 0.632552 0.679985 0.038232 0.051399
0 0.325400 0.304632 0.040664 0.053803
0 0.224256 0.266446 0.038798 0.054549
0 0.798738 0.659904 0.041456 0.052643
0 0.690510 0.360467 0.039872 0.054964
0 0.275051 0.584983 0.040664 0.053803
0 0.282405 0.544033 0.041229 0.056953
0 0.704681 0.278358 0.040946 0.055378
0 0.819415 0.541571 0.040381 0.052228
0 0.476906 0.363093 0.038515 0.052974
0 0.696801 0.619727 0.040155 0.056539
0 0.590621 0.619175 0.038515 0.052974
0 0.796549 0.361806 0.041229 0.056953
0 0.783633 0.740809 0.042813 0.054632
0 0.932412 0.500965 0.040381 0.052228
0 0.732414 0.424634 0.040664 0.053803
0 0.633587 0.383132 0.038458 0.047089
0 0.955437 0.375960 0.043436 0.063668
0 0.805272 0.620321 0.040381 0.052228
0 0.388869 0.543010 0.039023 0.050239
0 0.762030 0.253332 0.044228 0.062508
0 0.605827 0.240214 0.039929 0.060849
0 0.647900 0.300237 0.037666 0.048249
0 0.539452 0.900894 0.041739 0.054218
0 0.339583 0.523150 0.039306 0.051814
0 0.224125 0.567859 0.040946 0.055378
0 0.210944 0.644454 0.039589 0.053388
0 0.432005 0.302822 0.039306 0.051814
0 0.882448 0.481686 0.042587 0.058943
0 0.389253 0.243379 0.041795 0.060103
0 0.569055 0.444965 0.037666 0.048249
0 0.788121 0.402342 0.037949 0.049824
0 0.611977 0.500262 0.040946 0.055378
0 0.833060 0.759881 0.042813 0.054632
0 0.553595 0.822144 0.039023 0.050239
0 0.726162 0.462641 0.039023 0.050239
0 0.245906 0.446584 0.040946 0.055378
0 0.618512 0.460680 0.038741 0.048663
0 0.654870 0.558918 0.038741 0.048663
0 0.755885 0.898516 0.041739 0.054218
0 0.485617 0.320983 0.038515 0.052974
0 0.253260 0.405633 0.040946 0.055378
0 0.267838 0.625146 0.037666 0.048249
0 0.439585 0.267011 0.036592 0.047834
0 0.332472 0.265257 0.037949 0.049824
0 0.854304 0.638399 0.041739 0.054218
0 0.804187 0.319281 0.041229 0.056953
0 0.282791 0.244402 0.041173 0.051068
0 0.373905 0.623128 0.042813 0.054632
0 0.546665 0.860731 0.039306 0.051814
0 0.317905 0.346370 0.040946 0.055378
0 0.661517 0.521905 0.039023 0.050239
0 0.290308 0.803916 0.042022 0.055793
0 0.925199 0.541127 0.040664 0.053803
0 0.289618 0.503871 0.038232 0.051399
0 0.530882 0.942217 0.042022 0.055793
0 0.817815 0.841574 0.041739 0.054218
0 0.897451 0.698836 0.041739 0.054218
0 0.618636 0.763875 0.040946 0.055378
0 0.447731 0.228051 0.039872 0.054964
0 0.896902 0.398002 0.044228 0.062508
0 0.840019 0.717936 0.041456 0.052643
0 0.917986 0.581290 0.039815 0.049078
0 0.290287 0.202665 0.039306 0.051814
0 0.905342 0.658093 0.040664 0.053803
0 0.205716 0.084982 0.040155 0.056539
0 0.567658 0.164856 0.047845 0.049245
0 0.463459 0.137280 0.041229 0.056953
0 0.848996 0.975459 0.042813 0.049082
0 0.811421 0.880369 0.040381 0.052228
0 0.116322 0.266059 0.038515 0.052974
0 0.195953 0.727929 0.041173 0.051068
0 0.869125 0.559068 0.039815 0.049078
0 0.247161 0.743479 0.038741 0.048663
0 0.217337 0.605659 0.039249 0.045928
0 0.310590 0.684588 0.039023 0.050239
0 0.518877 0.721171 0.037440 0.052559
0 0.296984 0.763545 0.040098 0.050653
0 0.697327 0.319309 0.038232 0.051399
0 0.611564 0.803251 0.039815 0.049078
0 0.353087 0.742248 0.042022 0.055793
0 0.526626 0.681215 0.039815 0.049078
0 0.857029 0.936703 0.042022 0.055793
0 0.796741 0.958912 0.044171 0.056622
0 0.492406 0.283183 0.036818 0.043524
0 0.484594 0.918461 0.040721 0.059689
0 0.188768 0.764734 0.040381 0.052228
0 0.638691 0.639408 0.040098 0.050653
0 0.841925 0.996141 0.040098 0.007718
0 0.733030 0.997129 0.039023 0.005742
0 0.890379 0.738211 0.039023 0.050239
0 0.790348 0.986190 0.040098 0.027620
0 0.347231 0.781250 0.040608 0.047918
0 0.303914 0.724958 0.040946 0.055378
0 0.869277 0.858905 0.035517 0.047419
0 0.527774 0.386932 0.047845 0.049245
0 0.454435 0.184323 0.042305 0.057368
0 0.081389 0.460572 0.033934 0.049741
0 0.512880 0.760961 0.039589 0.053388
0 0.533262 0.359577 0.046488 0.047255
0 0.762815 0.859929 0.040890 0.049493
0 0.152891 0.148806 0.027713 0.042943
0 0.864242 0.896540 0.039023 0.050239
0 0.167600 0.066906 0.029296 0.040621
0 0.175237 0.024381 0.030427 0.046922
0 0.542711 0.294172 0.048071 0.044935
0 0.554308 0.229597 0.048071 0.044935
0 0.164501 0.368857 0.028787 0.043357
0 0.143954 0.185777 0.027147 0.039792
0 0.160387 0.107069 0.027996 0.044517
0 0.491665 0.879086 0.038910 0.038468
