0 0.757885 0.807493 0.032586 0.029438
0 0.801697 0.698464 0.037277 0.038000
0 0.879124 0.424787 0.039302 0.044500
0 0.649196 0.378433 0.036931 0.025751
0 0.858822 0.719740 0.036684 0.033313
0 0.407337 0.678216 0.035845 0.036187
0 0.321418 0.439236 0.036240 0.039312
0 0.368711 0.818241 0.037672 0.041125
0 0.215713 0.939777 0.037475 0.039563
0 0.681800 0.756408 0.025773 0.032624
0 0.538719 0.726109 0.024588 0.023250
0 0.553092 0.849788 0.025378 0.029499
0 0.525334 0.630272 0.022317 0.024313
0 0.874852 0.396008 0.037079 0.036437
0 0.663599 0.597450 0.024342 0.030812
0 0.557674 0.875010 0.027657 0.032306
0 0.644333 0.442986 0.022056 0.025295
0 0.648840 0.474771 0.023424 0.029362
0 0.651717 0.503888 0.020845 0.029982
0 0.655219 0.534089 0.021118 0.027388
0 0.660966 0.565815 0.022180 0.028745
0 0.670358 0.438314 0.020563 0.025373
0 0.674372 0.468804 0.018057 0.026768
0 0.479495 0.359360 0.031915 0.024125
0 0.483118 0.396523 0.033322 0.026694
0 0.499462 0.510517 0.037201 0.031210
0 0.501720 0.533671 0.033736 0.028544
0 0.503139 0.548495 0.033201 0.014613
0 0.516208 0.559699 0.023222 0.017965
0 0.519718 0.573738 0.026380 0.021634
0 0.542724 0.759989 0.023754 0.021407
0 0.537163 0.708797 0.021280 0.025625
0 0.532421 0.671300 0.023749 0.026125
0 0.528026 0.646551 0.020490 0.019375
0 0.749908 0.739403 0.037672 0.041125
0 0.306302 0.765186 0.034809 0.037500
0 0.431021 0.870514 0.037475 0.039563
0 0.341372 0.597038 0.033377 0.035687
0 0.208430 0.431683 0.040338 0.043187
0 0.734399 0.616756 0.039943 0.040063
0 0.536628 0.369193 0.038906 0.041375
0 0.473377 0.764986 0.034809 0.037500
0 0.591257 0.355720 0.037475 0.039563
0 0.432381 0.420760 0.037672 0.041125
0 0.314821 0.827557 0.038511 0.038251
0 0.617583 0.573924 0.036882 0.034875
0 0.549419 0.460342 0.036240 0.039312
0 0.373109 0.397516 0.036833 0.044000
0 0.243992 0.712913 0.035006 0.039062
0 0.738869 0.647097 0.038511 0.038251
0 0.318970 0.860367 0.036438 0.040875
0 0.629733 0.670011 0.039548 0.036937
0 0.625881 0.639545 0.037277 0.038000
0 0.614447 0.544114 0.038511 0.038251
0 0.259896 0.838686 0.037672 0.041125
0 0.470043 0.733614 0.036043 0.037750
0 0.742203 0.678471 0.037277 0.038000
0 0.251475 0.777096 0.036240 0.039312
0 0.235793 0.648074 0.034809 0.037500
0 0.356659 0.722936 0.037277 0.038000
0 0.644921 0.795127 0.038709 0.039813
0 0.219568 0.524770 0.036438 0.040875
0 0.293930 0.672350 0.036240 0.039312
0 0.454459 0.605373 0.036882 0.034875
0 0.466610 0.701459 0.037475 0.039563
0 0.248042 0.744943 0.037277 0.038000
0 0.264044 0.871496 0.037277 0.038000
0 0.649589 0.827031 0.037277 0.038000
0 0.674416 0.693006 0.030069 0.038062
0 0.774335 0.482074 0.035006 0.039062
0 0.197783 0.787975 0.040338 0.043187
0 0.594591 0.387093 0.035450 0.033063
0 0.716043 0.811965 0.024539 0.032374
0 0.552136 0.491840 0.035845 0.036187
0 0.380073 0.462605 0.038314 0.036687
0 0.812122 0.345422 0.036043 0.037750
0 0.399015 0.617407 0.034216 0.032813
0 0.720710 0.843869 0.028835 0.037812
0 0.532479 0.336383 0.036438 0.040875
0 0.428751 0.387044 0.039104 0.042937
0 0.387877 0.524320 0.038511 0.038251
0 0.383926 0.493072 0.038511 0.038251
0 0.099097 0.453034 0.036833 0.044000
0 0.832595 0.502317 0.034611 0.035937
0 0.757616 0.354864 0.039302 0.044500
0 0.828026 0.471195 0.033772 0.038812
0 0.231521 0.619295 0.035845 0.036187
0 0.344805 0.629192 0.032735 0.040124
0 0.887422 0.490408 0.040980 0.038751
0 0.534372 0.691736 0.022119 0.022750
0 0.380268 0.909641 0.034611 0.035937
0 0.925701 0.803136 0.038511 0.038251
0 0.333470 0.534542 0.033377 0.035687
0 0.275309 0.515079 0.038511 0.038251
0 0.530689 0.787746 0.035874 0.026907
0 0.489980 0.455800 0.037732 0.041594
0 0.477251 0.340121 0.037464 0.029969
0 0.533232 0.805105 0.034244 0.020198
0 0.263677 0.418085 0.038067 0.044250
0 0.446754 0.544439 0.034809 0.037500
0 0.640970 0.763880 0.038709 0.039813
0 0.485527 0.861073 0.034216 0.032813
0 0.423118 0.808019 0.037475 0.039563
0 0.914271 0.712752 0.038176 0.035594
0 0.483563 0.376018 0.035470 0.025608
0 0.917250 0.741312 0.039212 0.034281
0 0.181371 0.663187 0.035430 0.032907
0 0.815849 0.825394 0.040585 0.035625
0 0.539060 0.743826 0.025467 0.020688
0 0.489202 0.890134 0.037238 0.037687
0 0.487036 0.422506 0.037672 0.041125
0 0.636303 0.731975 0.039746 0.038501
0 0.601976 0.450495 0.037672 0.041125
0 0.328901 0.503420 0.037475 0.039563
0 0.812075 0.795551 0.038472 0.037938
0 0.905396 0.647569 0.037139 0.036906
0 0.872118 0.814874 0.039528 0.036781
0 0.909278 0.678269 0.037672 0.041125
0 0.901587 0.617446 0.037257 0.037843
0 0.426353 0.838610 0.038116 0.035125
0 0.373101 0.847958 0.038077 0.034813
0 0.395977 0.588378 0.036043 0.037750
0 0.607161 0.481493 0.034413 0.034375
0 0.415438 0.742273 0.038709 0.039813
0 0.285928 0.609072 0.036438 0.040875
0 0.364957 0.788555 0.037277 0.038000
0 0.214258 0.477774 0.040043 0.059873
0 0.696089 0.654163 0.023749 0.026125
0 0.103048 0.484282 0.035648 0.034625
0 0.855587 0.689148 0.038511 0.038251
0 0.781003 0.544819 0.037475 0.039563
0 0.769668 0.450170 0.033179 0.034125
0 0.213268 0.915435 0.038906 0.041375
0 0.920416 0.771357 0.038709 0.039813
0 0.891990 0.521531 0.037277 0.038000
0 0.840300 0.563251 0.037870 0.042687
0 0.852252 0.657776 0.037277 0.038000
0 0.142462 0.795979 0.036240 0.039312
0 0.761960 0.834709 0.037672 0.041125
0 0.715260 0.460392 0.030118 0.028937
0 0.804217 0.728400 0.040141 0.041625
0 0.867021 0.784579 0.039746 0.038501
0 0.324357 0.467484 0.035401 0.042187
0 0.192820 0.753727 0.038709 0.039813
0 0.816888 0.378108 0.034809 0.037500
0 0.349670 0.662658 0.036240 0.039312
0 0.157974 0.473153 0.034809 0.037500
0 0.796710 0.669029 0.037277 0.038000
0 0.462041 0.670336 0.035845 0.036187
0 0.177311 0.631079 0.036833 0.044000
0 0.352807 0.692468 0.037079 0.036437
0 0.201117 0.819348 0.038314 0.036687
0 0.685554 0.786093 0.025773 0.032624
0 0.844350 0.595280 0.039746 0.038501
0 0.703991 0.716659 0.024144 0.029249
0 0.667032 0.629604 0.025378 0.029499
0 0.599748 0.322753 0.027008 0.032875
0 0.653439 0.311875 0.025773 0.032624
0 0.161281 0.954812 0.038511 0.038251
0 0.726818 0.551792 0.036043 0.037750
0 0.894609 0.552247 0.039943 0.040063
0 0.556705 0.522963 0.035006 0.039062
0 0.835731 0.532128 0.033377 0.035687
0 0.278643 0.546452 0.040141 0.041625
0 0.708658 0.748563 0.023107 0.030562
0 0.137795 0.764075 0.037672 0.041125
0 0.792857 0.638562 0.037475 0.039563
0 0.731584 0.584477 0.037277 0.038000
0 0.148711 0.860412 0.034611 0.035937
0 0.899473 0.585714 0.038906 0.041375
0 0.628852 0.317657 0.028044 0.031563
0 0.789424 0.606409 0.036438 0.040875
0 0.282594 0.577700 0.036882 0.034875
0 0.820741 0.408574 0.037475 0.039563
0 0.862674 0.750206 0.040536 0.044750
0 0.560335 0.556679 0.033574 0.037250
0 0.106086 0.513311 0.037475 0.039563
0 0.336508 0.563571 0.035204 0.040625
0 0.692519 0.851183 0.025576 0.031062
0 0.122607 0.638959 0.035648 0.034625
0 0.133227 0.732953 0.038511 0.038251
0 0.205488 0.848908 0.039943 0.040063
0 0.766432 0.419577 0.035006 0.039062
0 0.784856 0.575286 0.039746 0.038501
0 0.692754 0.622790 0.025773 0.032624
0 0.170346 0.565991 0.036240 0.039312
0 0.677355 0.721254 0.025181 0.027937
0 0.439370 0.481038 0.035845 0.036187
0 0.848202 0.625746 0.039943 0.040063
0 0.681715 0.530484 0.024144 0.029249
0 0.154121 0.442687 0.035006 0.039062
0 0.322305 0.891741 0.034413 0.034375
0 0.688691 0.815904 0.024144 0.029249
0 0.188350 0.723386 0.037277 0.038000
0 0.544333 0.430125 0.036043 0.037750
0 0.689519 0.592199 0.024737 0.033937
0 0.302252 0.733158 0.034611 0.035937
0 0.645961 0.347842 0.037475 0.039563
0 0.823976 0.439166 0.036438 0.040875
0 0.871296 0.367885 0.039943 0.040063
0 0.685987 0.559263 0.023107 0.030562
0 0.153798 0.890629 0.037277 0.038000
0 0.145994 0.828914 0.037475 0.039563
0 0.808563 0.762773 0.037672 0.041125
0 0.676431 0.498705 0.024342 0.030812
0 0.747191 0.707906 0.036882 0.034875
0 0.458189 0.639870 0.036833 0.044000
0 0.723064 0.522107 0.036043 0.037750
0 0.267208 0.451021 0.036043 0.037750
0 0.669231 0.662008 0.026810 0.031312
0 0.209538 0.880937 0.039746 0.038501
0 0.761765 0.387674 0.036043 0.037750
0 0.109618 0.546246 0.035845 0.036187
0 0.376613 0.880737 0.037672 0.041125
0 0.404201 0.648404 0.037475 0.039563
0 0.112853 0.576838 0.034809 0.037500
0 0.708172 0.399334 0.035006 0.039062
0 0.271357 0.483831 0.036438 0.040875
0 0.271429 0.934898 0.038314 0.036687
0 0.882853 0.459285 0.040141 0.041625
0 0.652851 0.407337 0.039104 0.042937
0 0.700756 0.686066 0.025971 0.034187
0 0.419068 0.775990 0.034809 0.037500
0 0.410770 0.710369 0.040141 0.041625
0 0.157231 0.922782 0.038709 0.039813
0 0.376641 0.430452 0.037277 0.038000
0 0.778903 0.513196 0.035845 0.036187
0 0.174199 0.596457 0.038511 0.038251
0 0.477328 0.796234 0.034809 0.037500
0 0.712025 0.429800 0.034809 0.037500
0 0.436332 0.452007 0.037277 0.038000
0 0.712807 0.781372 0.025576 0.031062
0 0.318183 0.408645 0.037277 0.038000
0 0.129374 0.702485 0.035845 0.036187
0 0.540579 0.400440 0.036043 0.037750
0 0.598444 0.417560 0.033574 0.037250
0 0.434972 0.901763 0.037079 0.036437
0 0.255426 0.808344 0.035845 0.036187
0 0.183683 0.691482 0.038709 0.039813
0 0.165259 0.535774 0.036043 0.037750
0 0.126459 0.669425 0.039104 0.042937
0 0.442803 0.513191 0.032735 0.040124
0 0.297881 0.703597 0.036240 0.039312
0 0.868283 0.334044 0.038067 0.044250
0 0.267477 0.903650 0.036240 0.039312
0 0.161925 0.504401 0.037277 0.038000
0 0.703727 0.364180 0.040141 0.041625
0 0.224137 0.555893 0.037277 0.038000
0 0.118039 0.607836 0.034809 0.037500
0 0.326058 0.921426 0.037672 0.041125
0 0.653639 0.859060 0.039943 0.040063
0 0.633487 0.699696 0.039943 0.040063
0 0.361326 0.754839 0.038709 0.039813
0 0.391829 0.555568 0.038511 0.038251
0 0.610594 0.513647 0.038709 0.039813
0 0.239843 0.680103 0.035006 0.039062
0 0.289879 0.640321 0.036043 0.037750
0 0.621831 0.607515 0.037870 0.042687
0 0.481576 0.829826 0.037870 0.042687
0 0.754452 0.775339 0.037672 0.041125
0 0.719730 0.490733 0.037672 0.041125
0 0.228187 0.587923 0.037475 0.039563
0 0.451422 0.576343 0.036240 0.039312
0 0.310253 0.796435 0.037672 0.041125
