0 0.391516 0.435407 0.036672 0.048736
0 0.916757 0.502129 0.040252 0.039735
0 0.361563 0.690459 0.037217 0.029500
0 0.282549 0.371735 0.035431 0.046893
0 0.490918 0.346192 0.043420 0.038714
0 0.475493 0.183587 0.044661 0.040557
0 0.912954 0.463754 0.040118 0.050990
0 0.477503 0.213980 0.049759 0.036673
0 0.478621 0.836609 0.037221 0.042393
0 0.502756 0.499486 0.041631 0.043215
0 0.472656 0.150023 0.047004 0.042605
0 0.484280 0.280905 0.043420 0.038714
0 0.908323 0.422208 0.037497 0.045667
0 0.481322 0.875189 0.039016 0.050785
0 0.193517 0.557141 0.038877 0.049147
0 0.689977 0.296605 0.036949 0.052011
0 0.125019 0.356202 0.036257 0.043825
0 0.488150 0.313445 0.043697 0.041988
0 0.067522 0.278776 0.037913 0.050579
0 0.394837 0.474703 0.035565 0.035638
0 0.558469 0.403449 0.028540 0.042386
0 0.627851 0.767209 0.036395 0.045462
0 0.179675 0.386758 0.037497 0.045667
0 0.176353 0.347463 0.037774 0.048942
0 0.902230 0.343515 0.036118 0.042188
0 0.512348 0.149274 0.026335 0.041975
0 0.485128 0.920215 0.039154 0.052423
0 0.384526 0.352722 0.036257 0.043825
0 0.623357 0.727300 0.034329 0.046688
0 0.262012 0.751430 0.037636 0.047305
0 0.173236 0.303971 0.036810 0.050373
0 0.474058 0.795882 0.037774 0.048942
0 0.493065 0.378222 0.047143 0.044243
0 0.675995 0.124585 0.038051 0.052217
0 0.196218 0.595721 0.039841 0.047716
0 0.894069 0.260217 0.036395 0.045462
0 0.122042 0.314348 0.038051 0.052217
0 0.643965 0.348426 0.036672 0.048736
0 0.631931 0.808857 0.037913 0.050579
0 0.693437 0.337538 0.036395 0.045462
0 0.635530 0.851427 0.037636 0.047305
0 0.530065 0.365503 0.023027 0.041358
0 0.200711 0.635630 0.039703 0.046079
0 0.481443 0.247340 0.046317 0.047312
0 0.620449 0.686265 0.037913 0.050579
0 0.516981 0.197473 0.027298 0.040543
0 0.119476 0.270753 0.035431 0.046893
0 0.886872 0.175077 0.036395 0.045462
0 0.259033 0.709575 0.036672 0.048736
0 0.609379 0.561931 0.036257 0.043825
0 0.469978 0.754234 0.036533 0.047099
0 0.379965 0.894918 0.038601 0.045873
0 0.905552 0.382810 0.036672 0.048736
0 0.242216 0.503990 0.035154 0.043619
0 0.203620 0.676665 0.038877 0.049147
0 0.074995 0.367191 0.040118 0.050990
0 0.330423 0.322063 0.036672 0.048736
0 0.551549 0.321583 0.026058 0.038700
0 0.617401 0.643591 0.038739 0.047510
0 0.377125 0.854701 0.037636 0.047305
0 0.244917 0.542569 0.038601 0.045873
0 0.071741 0.322062 0.038877 0.049147
0 0.255435 0.667005 0.038877 0.049147
0 0.278330 0.328450 0.034467 0.048325
0 0.613941 0.602658 0.039016 0.050785
0 0.842185 0.269059 0.036533 0.047099
0 0.639814 0.305958 0.038051 0.052217
0 0.520098 0.240965 0.026058 0.038700
0 0.792369 0.282505 0.035569 0.048531
0 0.248308 0.582684 0.039016 0.050785
0 0.373253 0.815508 0.036257 0.043825
0 0.834988 0.183919 0.037087 0.053649
0 0.891092 0.218362 0.037913 0.050579
0 0.741792 0.286945 0.038877 0.049147
0 0.466999 0.712379 0.035569 0.048531
0 0.166383 0.216272 0.040257 0.052628
0 0.883826 0.132404 0.038051 0.052217
0 0.686517 0.255672 0.038877 0.049147
0 0.115601 0.224909 0.038189 0.053854
0 0.795898 0.324256 0.035431 0.046893
0 0.778042 0.106391 0.039569 0.057334
0 0.132698 0.440420 0.035293 0.045256
0 0.207014 0.723432 0.038189 0.053854
0 0.266023 0.792260 0.041221 0.051196
0 0.327167 0.276935 0.037913 0.050579
0 0.169156 0.262322 0.037774 0.048942
0 0.682297 0.212387 0.037636 0.047305
0 0.134986 0.480740 0.037913 0.050579
0 0.337135 0.401473 0.036257 0.043825
0 0.679320 0.170533 0.038877 0.049147
0 0.547881 0.278194 0.026473 0.043612
0 0.639059 0.893179 0.039980 0.049353
0 0.463678 0.673084 0.035293 0.045256
0 0.647011 0.391098 0.035569 0.048531
0 0.186802 0.471079 0.037636 0.047305
0 0.838725 0.228126 0.036533 0.047099
0 0.697999 0.378266 0.036672 0.048736
0 0.603561 0.479860 0.038739 0.047510
0 0.286009 0.412668 0.035154 0.043619
0 0.879881 0.085740 0.040395 0.054265
0 0.784895 0.194090 0.037774 0.048942
0 0.129031 0.397032 0.040118 0.050990
0 0.251975 0.626072 0.038877 0.049147
0 0.398710 0.513896 0.038051 0.052217
0 0.523145 0.283637 0.024955 0.038494
0 0.745321 0.328697 0.039016 0.050785
0 0.555078 0.363334 0.025919 0.037062
0 0.421810 0.171144 0.037087 0.053649
0 0.383219 0.940047 0.040395 0.054265
0 0.589860 0.317767 0.036533 0.047099
0 0.556170 0.528611 0.036533 0.047099
0 0.217166 0.207636 0.038189 0.053854
0 0.526536 0.323752 0.025094 0.040132
0 0.781366 0.152339 0.037636 0.047305
0 0.736953 0.242943 0.039154 0.052423
0 0.064198 0.232828 0.039293 0.054060
0 0.226584 0.338929 0.036533 0.047099
0 0.575120 0.143392 0.039431 0.055697
0 0.288986 0.454523 0.036949 0.052011
0 0.402172 0.561480 0.036949 0.052011
0 0.898150 0.301866 0.037913 0.050579
0 0.351114 0.566842 0.038462 0.044236
0 0.449630 0.506897 0.037359 0.044030
0 0.607091 0.521612 0.041082 0.049558
0 0.234537 0.419770 0.038877 0.049147
0 0.635803 0.265128 0.036395 0.045462
0 0.453090 0.547829 0.037913 0.050579
0 0.221041 0.253480 0.037913 0.050579
0 0.563849 0.612829 0.037774 0.048942
0 0.229974 0.379043 0.038877 0.049147
0 0.323569 0.234364 0.037636 0.047305
0 0.365435 0.729652 0.035846 0.051806
0 0.238135 0.462340 0.039154 0.052423
0 0.321279 0.187393 0.036949 0.052011
0 0.593251 0.357881 0.036395 0.045462
0 0.223537 0.296256 0.037913 0.050579
0 0.455999 0.588865 0.036533 0.047099
0 0.183273 0.429328 0.038051 0.052217
0 0.388468 0.392734 0.037497 0.045667
0 0.846955 0.312243 0.039154 0.052423
0 0.436824 0.342140 0.035016 0.041982
0 0.788701 0.239115 0.037913 0.050579
0 0.333814 0.362178 0.036533 0.047099
0 0.498122 0.451288 0.045630 0.052018
0 0.560251 0.570259 0.037774 0.048942
0 0.189298 0.513856 0.037636 0.047305
0 0.430455 0.260172 0.034190 0.045051
0 0.460079 0.630513 0.037774 0.048942
0 0.426857 0.217603 0.036672 0.048736
0 0.600101 0.438928 0.036533 0.047099
0 0.354986 0.606035 0.037636 0.047305
0 0.578926 0.188419 0.038739 0.047510
0 0.443331 0.425747 0.034190 0.045051
0 0.369793 0.774575 0.039016 0.050785
0 0.597124 0.397073 0.037497 0.045667
0 0.382100 0.310766 0.036949 0.052011
0 0.358310 0.651982 0.041497 0.054471
0 0.632204 0.222558 0.039154 0.052423
0 0.340043 0.442509 0.037913 0.050579
0 0.344194 0.484977 0.036533 0.047099
0 0.552710 0.487678 0.036533 0.047099
0 0.549733 0.445824 0.037774 0.048942
0 0.582594 0.231807 0.039154 0.052423
0 0.347723 0.526728 0.038877 0.049147
0 0.445758 0.467704 0.036533 0.047099
0 0.440904 0.383789 0.036810 0.050373
0 0.433433 0.302026 0.037913 0.050579
0 0.586951 0.276730 0.035431 0.046893
