0 0.117297 0.771219 0.037489 0.046862
0 0.113458 0.811951 0.036649 0.049935
0 0.525188 0.882097 0.036780 0.051568
0 0.922894 0.410618 0.037620 0.048496
0 0.380520 0.733177 0.036123 0.043402
0 0.917555 0.490839 0.035151 0.044841
0 0.885462 0.229267 0.039119 0.053590
0 0.094052 0.392778 0.035283 0.046473
0 0.321960 0.807322 0.036386 0.046668
0 0.265148 0.213428 0.037358 0.045230
0 0.849487 0.690019 0.041063 0.050713
0 0.659273 0.488343 0.032945 0.044452
0 0.217037 0.831879 0.038593 0.047057
0 0.142135 0.441841 0.036254 0.045035
0 0.727318 0.247749 0.031973 0.045889
0 0.468047 0.292286 0.035414 0.048107
0 0.878164 0.319909 0.038725 0.048691
0 0.829794 0.267483 0.036912 0.053201
0 0.779239 0.256081 0.036517 0.048301
0 0.714616 0.419428 0.039119 0.053590
0 0.207269 0.286037 0.034048 0.044646
0 0.438044 0.658021 0.036254 0.045035
0 0.718034 0.376965 0.034179 0.046279
0 0.506597 0.459755 0.043400 0.052736
0 0.579715 0.176990 0.036912 0.053201
0 0.291127 0.550942 0.036254 0.045035
0 0.082139 0.554657 0.037752 0.050129
0 0.137282 0.522976 0.037226 0.043597
0 0.474044 0.203899 0.035677 0.051374
0 0.826507 0.308312 0.036123 0.043402
0 0.764616 0.465517 0.038725 0.048691
0 0.132892 0.563610 0.035283 0.046473
0 0.239403 0.540161 0.035991 0.041768
0 0.155349 0.277706 0.034179 0.046279
0 0.444355 0.579628 0.036254 0.045035
0 0.805375 0.598591 0.036517 0.048301
0 0.862281 0.524154 0.037358 0.045230
0 0.087965 0.475350 0.038462 0.045425
0 0.453796 0.455409 0.037620 0.048496
0 0.213133 0.873428 0.037358 0.045230
0 0.872077 0.402482 0.037752 0.050129
0 0.451678 0.495617 0.037489 0.046862
0 0.325864 0.765773 0.035151 0.044841
0 0.267921 0.839199 0.036386 0.046668
0 0.166905 0.148063 0.038988 0.051958
0 0.674119 0.283087 0.034179 0.046279
0 0.441620 0.620555 0.037358 0.045230
0 0.339340 0.598372 0.035283 0.046473
0 0.678155 0.239905 0.035414 0.048107
0 0.091803 0.434619 0.037620 0.048496
0 0.145290 0.402645 0.038462 0.045425
0 0.383742 0.693164 0.036517 0.048301
0 0.576585 0.222816 0.037752 0.050129
0 0.460987 0.373031 0.036386 0.046668
0 0.566947 0.349485 0.034048 0.044646
0 0.319842 0.847530 0.038725 0.048691
0 0.220522 0.788599 0.038988 0.051958
0 0.310429 0.304235 0.034888 0.041574
0 0.435243 0.699764 0.037489 0.046862
0 0.544490 0.635389 0.037883 0.051763
0 0.278530 0.714358 0.037358 0.045230
0 0.423422 0.193314 0.035414 0.048107
0 0.317003 0.222575 0.035414 0.048107
0 0.178592 0.656147 0.036386 0.046668
0 0.244742 0.459941 0.036517 0.048301
0 0.447707 0.537982 0.041063 0.050713
0 0.760711 0.507066 0.039696 0.047252
0 0.671252 0.325647 0.033339 0.049351
0 0.342562 0.558359 0.035151 0.044841
0 0.662009 0.447416 0.034311 0.047912
0 0.184550 0.575207 0.037358 0.045230
0 0.772270 0.342639 0.038725 0.048691
0 0.303172 0.387429 0.036517 0.048301
0 0.214330 0.205292 0.037489 0.046862
0 0.667899 0.367293 0.030738 0.044062
0 0.186799 0.533366 0.037489 0.046862
0 0.191189 0.492732 0.037489 0.046862
0 0.105634 0.269765 0.036517 0.048301
0 0.218628 0.158843 0.039514 0.058490
0 0.815236 0.476103 0.036517 0.048301
0 0.329834 0.723408 0.036517 0.048301
0 0.470979 0.248909 0.034179 0.046279
0 0.407079 0.403274 0.036123 0.043402
0 0.348453 0.478236 0.038988 0.051958
0 0.274626 0.755907 0.036386 0.046668
0 0.170849 0.738428 0.036517 0.048301
0 0.345717 0.519163 0.037358 0.045230
0 0.241941 0.501685 0.037489 0.046862
0 0.223388 0.746040 0.037620 0.048496
0 0.282304 0.674442 0.036386 0.046668
0 0.152680 0.317816 0.035151 0.044841
0 0.573101 0.266095 0.035414 0.048107
0 0.723900 0.290212 0.036649 0.049935
0 0.821325 0.393529 0.035283 0.046473
0 0.230448 0.665295 0.036386 0.046668
0 0.226741 0.704393 0.037489 0.046862
0 0.333121 0.682578 0.036254 0.045035
0 0.456597 0.413666 0.036386 0.046668
0 0.569617 0.309375 0.037489 0.046862
0 0.232500 0.625903 0.038593 0.047057
0 0.261374 0.253344 0.038593 0.047057
0 0.367820 0.230712 0.037489 0.046862
0 0.818038 0.434359 0.035283 0.046473
0 0.396535 0.527299 0.037489 0.046862
0 0.258087 0.294173 0.036386 0.046668
0 0.372054 0.185080 0.039119 0.053590
0 0.320133 0.176749 0.038988 0.051958
0 0.287906 0.590955 0.036386 0.046668
0 0.351872 0.435773 0.036517 0.048301
0 0.164195 0.195620 0.038725 0.048691
0 0.664678 0.407306 0.035283 0.046473
0 0.563660 0.390314 0.036517 0.048301
0 0.823705 0.350056 0.037620 0.048496
0 0.097891 0.352046 0.034179 0.046279
0 0.247963 0.419928 0.036386 0.046668
0 0.770021 0.384479 0.036386 0.046668
0 0.362349 0.312565 0.035283 0.046473
0 0.365085 0.271638 0.036386 0.046668
0 0.560241 0.432777 0.036517 0.048301
0 0.149746 0.361193 0.036649 0.049935
0 0.775755 0.299359 0.038856 0.050324
0 0.390513 0.609055 0.036386 0.046668
0 0.254800 0.335003 0.036386 0.046668
0 0.251868 0.378379 0.037620 0.048496
0 0.419741 0.239042 0.037883 0.051763
0 0.307759 0.344345 0.036649 0.049935
0 0.269380 0.167796 0.039251 0.055223
0 0.355710 0.395041 0.035414 0.048107
0 0.203983 0.326866 0.036517 0.048301
0 0.410301 0.363261 0.036517 0.048301
0 0.412484 0.322238 0.036517 0.048301
0 0.236116 0.580991 0.036780 0.051568
0 0.140017 0.482048 0.038593 0.047057
0 0.200013 0.369232 0.035414 0.048107
0 0.358511 0.353298 0.036386 0.046668
0 0.335856 0.641651 0.037620 0.048496
0 0.300370 0.429173 0.035020 0.043207
0 0.933347 0.280780 0.040485 0.057051
0 0.636619 0.776697 0.036123 0.043402
0 0.126252 0.646086 0.035414 0.048107
0 0.859611 0.564264 0.036386 0.046668
0 0.527371 0.841073 0.035991 0.041768
0 0.197895 0.409439 0.035020 0.043207
0 0.930020 0.329056 0.038725 0.048691
0 0.293245 0.510735 0.036386 0.046668
0 0.115469 0.140646 0.037620 0.048496
0 0.065993 0.762169 0.038593 0.047057
0 0.497354 0.741364 0.024432 0.033289
0 0.527766 0.189856 0.045974 0.044173
0 0.520336 0.289087 0.044423 0.038426
0 0.530927 0.157534 0.044279 0.036630
0 0.516029 0.356486 0.041994 0.035261
0 0.525644 0.220787 0.048601 0.036265
0 0.503127 0.495914 0.040246 0.027064
0 0.547842 0.593743 0.036700 0.037064
0 0.494053 0.762356 0.027597 0.012065
0 0.210491 0.246024 0.034179 0.046279
0 0.541005 0.678668 0.037226 0.043597
0 0.285170 0.631882 0.030607 0.042429
0 0.063192 0.803912 0.035414 0.048107
0 0.060259 0.847289 0.036649 0.049935
0 0.534497 0.759511 0.035151 0.044841
0 0.166880 0.780794 0.037358 0.045230
0 0.073382 0.677340 0.035283 0.046473
0 0.314136 0.265135 0.036517 0.048301
0 0.376681 0.773910 0.035283 0.046473
0 0.642575 0.695757 0.035151 0.044841
0 0.731551 0.202117 0.035809 0.053006
0 0.514169 0.386553 0.043452 0.039865
0 0.623339 0.941648 0.034179 0.046279
0 0.926181 0.369789 0.037358 0.045230
0 0.076472 0.638961 0.037358 0.045230
0 0.079207 0.598034 0.036517 0.048301
0 0.107950 0.227107 0.038462 0.045425
0 0.416257 0.282322 0.035020 0.043207
0 0.069346 0.720523 0.040931 0.049080
0 0.109842 0.856863 0.036517 0.048301
0 0.857362 0.606105 0.036517 0.048301
0 0.655920 0.529989 0.037489 0.046862
0 0.393800 0.568226 0.036386 0.046668
0 0.403437 0.441557 0.037095 0.041963
0 0.648309 0.610638 0.037620 0.048496
0 0.102479 0.308961 0.034048 0.044646
0 0.161829 0.864378 0.040931 0.049080
0 0.387094 0.651518 0.036649 0.049935
0 0.519296 0.322859 0.043978 0.046398
0 0.812304 0.519479 0.035283 0.046473
0 0.853589 0.646021 0.037489 0.046862
0 0.427985 0.782960 0.036386 0.046668
0 0.721453 0.334503 0.036649 0.049935
0 0.652633 0.570819 0.035283 0.046473
0 0.130090 0.605354 0.036517 0.048301
0 0.639288 0.736586 0.037620 0.048496
0 0.632780 0.817429 0.037489 0.046862
0 0.464892 0.331482 0.032682 0.041185
0 0.645245 0.655647 0.038856 0.050324
0 0.866120 0.483422 0.036517 0.048301
0 0.264502 0.881661 0.038856 0.050324
0 0.418611 0.906362 0.042297 0.052541
0 0.556954 0.473607 0.036517 0.048301
0 0.370528 0.857299 0.036649 0.049935
0 0.550801 0.556996 0.037358 0.045230
0 0.913716 0.531572 0.036517 0.048301
0 0.910297 0.574034 0.038988 0.051958
0 0.193505 0.450075 0.037752 0.050129
0 0.174754 0.696879 0.035283 0.046473
0 0.681351 0.193262 0.034442 0.049545
0 0.400085 0.483203 0.038015 0.053395
0 0.431338 0.741313 0.036517 0.048301
0 0.782986 0.209535 0.034442 0.049545
0 0.181263 0.616037 0.035151 0.044841
0 0.523032 0.255606 0.045081 0.046592
0 0.368278 0.899140 0.038462 0.045425
0 0.629493 0.858258 0.037489 0.046862
0 0.620369 0.318328 0.035809 0.053006
0 0.120098 0.729475 0.036517 0.048301
0 0.160776 0.238082 0.035991 0.041768
0 0.881714 0.275813 0.038725 0.048691
0 0.553536 0.516069 0.036517 0.048301
0 0.315871 0.889895 0.037620 0.048496
0 0.766734 0.425309 0.036123 0.043402
0 0.084875 0.513731 0.036123 0.043402
0 0.531144 0.801157 0.037489 0.046862
0 0.874261 0.361458 0.037226 0.043597
0 0.124002 0.687927 0.037489 0.046862
0 0.626140 0.899905 0.037358 0.045230
0 0.271274 0.797552 0.036517 0.048301
0 0.297018 0.470819 0.035414 0.048107
0 0.834710 0.220315 0.036912 0.053201
0 0.112471 0.184839 0.038725 0.048691
0 0.478276 0.158268 0.036517 0.048301
0 0.374078 0.813203 0.038856 0.050324
0 0.920159 0.451545 0.036254 0.045035
0 0.164630 0.822634 0.037752 0.050129
0 0.809280 0.557042 0.035283 0.046473
0 0.422095 0.863083 0.037489 0.046862
0 0.537784 0.718681 0.033208 0.047717
0 0.868238 0.443215 0.033916 0.043013
0 0.424830 0.822155 0.036386 0.046668
