0 0.688855 0.713332 0.021690 0.032213
0 0.086776 0.604253 0.036315 0.042707
0 0.083129 0.769183 0.035142 0.039363
0 0.713410 0.796887 0.022863 0.035558
0 0.556582 0.920818 0.022801 0.032259
0 0.508788 0.208996 0.044952 0.029879
0 0.560998 0.833508 0.019469 0.032121
0 0.559083 0.876349 0.021628 0.028914
0 0.083285 0.731221 0.038536 0.042799
0 0.532427 0.875247 0.021690 0.032213
0 0.606462 0.335193 0.034093 0.042615
0 0.244344 0.440733 0.029589 0.039133
0 0.534034 0.789472 0.021690 0.032213
0 0.085988 0.646316 0.036284 0.041058
0 0.562190 0.710572 0.021721 0.033863
0 0.910039 0.595363 0.035080 0.036063
0 0.688159 0.750446 0.021659 0.030564
0 0.912408 0.350316 0.035234 0.044311
0 0.536136 0.707019 0.020641 0.035466
0 0.080671 0.900320 0.037518 0.047702
0 0.084628 0.689181 0.037518 0.047702
0 0.295743 0.485779 0.034093 0.042615
0 0.138857 0.523866 0.035265 0.045960
0 0.189176 0.567216 0.035080 0.036063
0 0.187382 0.692603 0.036315 0.042707
0 0.095214 0.183647 0.035265 0.045960
0 0.508867 0.175158 0.041837 0.041287
0 0.693673 0.545149 0.022801 0.032259
0 0.714167 0.756474 0.022832 0.033908
0 0.861378 0.344905 0.030730 0.040828
0 0.715017 0.711111 0.022863 0.035558
0 0.534221 0.749861 0.022801 0.032259
0 0.088861 0.522624 0.032890 0.037621
0 0.081801 0.810398 0.036315 0.042707
0 0.762516 0.252500 0.033969 0.036017
0 0.138115 0.563454 0.032982 0.042569
0 0.080411 0.854912 0.037487 0.046052
0 0.452737 0.412204 0.036284 0.041058
0 0.188989 0.606827 0.031872 0.042524
0 0.715992 0.629437 0.021783 0.037162
0 0.689321 0.629160 0.026195 0.035696
0 0.689674 0.669619 0.021783 0.037162
0 0.691250 0.585494 0.021783 0.037162
0 0.193394 0.401484 0.035296 0.047610
0 0.138408 0.607212 0.035296 0.047610
0 0.716967 0.547763 0.020641 0.035466
0 0.088119 0.562213 0.035234 0.044311
0 0.913242 0.305779 0.035296 0.047610
0 0.708661 0.338592 0.034124 0.044265
0 0.859892 0.513226 0.034124 0.044265
0 0.907146 0.809022 0.032951 0.040920
0 0.810039 0.385704 0.034186 0.047564
0 0.296485 0.446190 0.031872 0.042524
0 0.245596 0.403642 0.032890 0.037621
0 0.092833 0.310660 0.035265 0.045960
0 0.811413 0.342015 0.032982 0.042569
0 0.562004 0.750184 0.022832 0.033908
0 0.716314 0.671546 0.021690 0.032213
0 0.301568 0.234272 0.031779 0.037575
0 0.551056 0.622619 0.034124 0.044265
0 0.705538 0.505195 0.036346 0.044357
0 0.507057 0.342327 0.042824 0.034735
0 0.506997 0.274954 0.043904 0.033131
0 0.506782 0.375315 0.045088 0.037137
0 0.510066 0.140789 0.042833 0.035230
0 0.905242 0.940265 0.034158 0.046079
0 0.454888 0.327112 0.032914 0.038941
0 0.908497 0.766569 0.031887 0.043348
0 0.908170 0.724709 0.036340 0.044027
0 0.507492 0.307826 0.041818 0.040298
0 0.502947 0.491042 0.041621 0.029741
0 0.509664 0.725735 0.021505 0.022316
0 0.560167 0.788902 0.020456 0.025569
0 0.916085 0.213452 0.037147 0.027908
0 0.552881 0.495582 0.037147 0.027908
0 0.911045 0.512039 0.036037 0.027862
0 0.859783 0.548713 0.037117 0.026258
0 0.861499 0.427450 0.033691 0.021172
0 0.508737 0.745506 0.020456 0.025569
0 0.533864 0.828259 0.020611 0.033817
0 0.700140 0.882180 0.035204 0.042661
0 0.911232 0.472428 0.037518 0.047702
0 0.097237 0.135031 0.035420 0.054208
0 0.646563 0.923712 0.036408 0.047656
0 0.910797 0.554949 0.035358 0.050909
0 0.716765 0.588199 0.021783 0.037162
0 0.647938 0.880022 0.032982 0.042569
0 0.698210 0.925847 0.035296 0.047610
0 0.858408 0.592403 0.034248 0.050863
0 0.759580 0.379491 0.035265 0.045960
0 0.088523 0.481340 0.035296 0.047610
0 0.906650 0.894844 0.035296 0.047610
0 0.300795 0.275510 0.031903 0.044173
0 0.912051 0.428714 0.035204 0.042661
0 0.251066 0.141390 0.034248 0.050863
0 0.709728 0.251969 0.037364 0.039454
0 0.648404 0.795851 0.035142 0.039363
0 0.760924 0.337452 0.031779 0.037575
0 0.908956 0.682811 0.036315 0.042707
0 0.093622 0.268598 0.035173 0.041012
0 0.503735 0.448980 0.041961 0.047886
0 0.243541 0.483621 0.036377 0.046006
0 0.187615 0.650516 0.033013 0.044219
0 0.191292 0.483938 0.031841 0.040874
0 0.656563 0.419804 0.033044 0.045868
0 0.912222 0.389927 0.034062 0.040966
0 0.914695 0.257966 0.036470 0.050955
0 0.552093 0.537646 0.035265 0.045960
0 0.811833 0.260317 0.033013 0.044219
0 0.507615 0.241964 0.046311 0.043120
0 0.192019 0.445174 0.034093 0.042615
0 0.554982 0.413129 0.031841 0.040874
0 0.906389 0.849435 0.035204 0.042661
0 0.649868 0.836356 0.035234 0.044311
0 0.700404 0.838445 0.034186 0.047564
0 0.243262 0.528181 0.035204 0.042661
0 0.551844 0.580556 0.034031 0.039317
0 0.302942 0.190583 0.035265 0.045960
0 0.197444 0.185397 0.035234 0.044311
0 0.916858 0.172214 0.035358 0.050909
0 0.455689 0.284390 0.035327 0.049260
0 0.655790 0.461042 0.032921 0.039271
0 0.549095 0.667936 0.036315 0.042707
0 0.858098 0.638612 0.035296 0.047610
0 0.297258 0.404952 0.034093 0.042615
0 0.811616 0.301578 0.031841 0.040874
0 0.092585 0.353571 0.034093 0.042615
0 0.861056 0.302797 0.037487 0.046052
0 0.608391 0.291527 0.036408 0.047656
0 0.706544 0.421870 0.035204 0.042661
0 0.709495 0.294056 0.034186 0.047564
0 0.654229 0.544344 0.033013 0.044219
0 0.249059 0.189181 0.034186 0.047564
0 0.303238 0.145197 0.036408 0.047656
0 0.147742 0.138770 0.036408 0.047656
0 0.195603 0.313258 0.034093 0.042615
0 0.299976 0.319223 0.034155 0.045914
0 0.764155 0.165075 0.034217 0.049214
0 0.815230 0.168013 0.034248 0.050863
0 0.190504 0.526001 0.036439 0.049306
0 0.711953 0.162917 0.036439 0.049306
0 0.197719 0.229979 0.035296 0.047610
0 0.649950 0.713375 0.035142 0.039363
0 0.145207 0.274031 0.034124 0.044265
0 0.856723 0.682302 0.036377 0.046006
0 0.909790 0.638273 0.036439 0.049306
0 0.093840 0.227336 0.036284 0.041058
0 0.711072 0.209929 0.036346 0.044357
0 0.194752 0.358619 0.034186 0.047564
0 0.143106 0.356485 0.033013 0.044219
0 0.406221 0.195677 0.035296 0.047610
0 0.407133 0.147016 0.035327 0.049260
0 0.143339 0.314399 0.036315 0.042707
0 0.090438 0.438499 0.032951 0.040920
0 0.355455 0.146531 0.036501 0.052604
0 0.146352 0.183285 0.037457 0.044402
0 0.605673 0.377256 0.034124 0.044265
0 0.658959 0.291967 0.035234 0.044311
0 0.140959 0.441413 0.036315 0.042707
0 0.557534 0.247329 0.032982 0.042569
0 0.558442 0.287812 0.031841 0.040874
0 0.091797 0.395634 0.034124 0.044265
0 0.196900 0.273692 0.032982 0.042569
0 0.298601 0.362912 0.035234 0.044311
0 0.762702 0.212889 0.035327 0.049260
0 0.656811 0.376894 0.031872 0.042524
0 0.761712 0.295388 0.034155 0.045914
0 0.248239 0.232893 0.031872 0.042524
0 0.654461 0.502258 0.034155 0.045914
0 0.350496 0.322137 0.033013 0.044219
0 0.140742 0.482674 0.035204 0.042661
0 0.652621 0.630119 0.032951 0.040920
0 0.559464 0.203662 0.035296 0.047610
0 0.658155 0.334854 0.035234 0.044311
0 0.559835 0.154154 0.036470 0.050955
0 0.814349 0.215024 0.034217 0.049214
0 0.141762 0.398524 0.036377 0.046006
0 0.860757 0.467039 0.036470 0.050955
0 0.247773 0.317065 0.031872 0.042524
0 0.354543 0.195192 0.036346 0.044357
0 0.862750 0.390359 0.033106 0.049168
0 0.351825 0.280922 0.034124 0.044265
0 0.553639 0.455169 0.037487 0.046052
0 0.353199 0.237231 0.035204 0.042661
0 0.706761 0.380609 0.036315 0.042707
0 0.454128 0.367690 0.035296 0.047610
0 0.706311 0.463957 0.036346 0.044357
0 0.199389 0.140905 0.035296 0.047610
0 0.649716 0.755460 0.036346 0.044357
0 0.245844 0.360731 0.036408 0.047656
0 0.144946 0.228623 0.034217 0.049214
0 0.247451 0.274957 0.034124 0.044265
0 0.653410 0.588056 0.035265 0.045960
0 0.555755 0.371891 0.034124 0.044265
0 0.556558 0.329004 0.034124 0.044265
0 0.651262 0.672984 0.034124 0.044265
