0 0.213124 0.772022 0.041193 0.041739
0 0.475783 0.666743 0.026627 0.025498
0 0.439403 0.853556 0.023717 0.023433
0 0.490655 0.597236 0.024500 0.026273
0 0.481907 0.635408 0.026387 0.024269
0 0.516572 0.396722 0.031859 0.027612
0 0.513689 0.415591 0.033801 0.027932
0 0.507073 0.440552 0.035411 0.039784
0 0.503506 0.463609 0.023319 0.022559
0 0.478761 0.652394 0.024387 0.024003
0 0.435667 0.876127 0.024588 0.031795
0 0.371935 0.826374 0.034988 0.043098
0 0.366421 0.857882 0.038507 0.038720
0 0.138274 0.225458 0.022702 0.029546
0 0.526496 0.340507 0.036064 0.029837
0 0.525057 0.360847 0.031094 0.027372
0 0.520298 0.379634 0.037036 0.031021
0 0.473390 0.682840 0.023556 0.021148
0 0.279279 0.726724 0.040280 0.042895
0 0.658722 0.817834 0.039066 0.042515
0 0.338223 0.715026 0.037553 0.040599
0 0.673342 0.463001 0.036952 0.037527
0 0.883911 0.627553 0.028758 0.036403
0 0.185747 0.335581 0.037853 0.042135
0 0.145854 0.322274 0.030872 0.041391
0 0.631610 0.673241 0.039366 0.044051
0 0.636863 0.646361 0.036039 0.038683
0 0.823820 0.361795 0.026031 0.034107
0 0.887967 0.531025 0.040280 0.042895
0 0.250203 0.585591 0.040280 0.042895
0 0.743951 0.681525 0.039679 0.039823
0 0.735004 0.368213 0.030885 0.035627
0 0.286374 0.400505 0.041180 0.047503
0 0.721035 0.512166 0.038766 0.040979
0 0.492391 0.795903 0.040580 0.044431
0 0.715181 0.542118 0.039066 0.042515
0 0.889157 0.597412 0.027245 0.034487
0 0.863219 0.588475 0.026332 0.035643
0 0.261118 0.819650 0.039979 0.041359
0 0.098877 0.407807 0.029359 0.039475
0 0.665333 0.787304 0.040280 0.042895
0 0.586414 0.894620 0.039679 0.039823
0 0.218521 0.741112 0.040580 0.044431
0 0.727189 0.480679 0.041493 0.043275
0 0.684857 0.693989 0.037252 0.039063
0 0.309597 0.571589 0.040880 0.045966
0 0.517919 0.671868 0.037553 0.040599
0 0.736544 0.225257 0.030272 0.038319
0 0.120626 0.444771 0.027245 0.034487
0 0.293135 0.369208 0.038466 0.039443
0 0.272819 0.756485 0.041193 0.041739
0 0.895011 0.567460 0.030572 0.039855
0 0.755508 0.622389 0.037553 0.040599
0 0.390093 0.729640 0.038766 0.040979
0 0.485630 0.827201 0.039066 0.042515
0 0.700112 0.899254 0.037252 0.039063
0 0.893971 0.500305 0.039679 0.039823
0 0.708871 0.571111 0.039679 0.039823
0 0.756786 0.266640 0.032399 0.037543
0 0.851039 0.716688 0.038466 0.039443
0 0.780579 0.497398 0.038466 0.039443
0 0.614854 0.475657 0.038766 0.040979
0 0.712570 0.835510 0.037553 0.040599
0 0.837968 0.776979 0.038766 0.040979
0 0.640111 0.913064 0.038466 0.039443
0 0.118245 0.311998 0.027245 0.034487
0 0.773662 0.526201 0.038466 0.039443
0 0.193714 0.301400 0.041180 0.047503
0 0.472866 0.889217 0.039979 0.041359
0 0.718723 0.804023 0.040280 0.042895
0 0.857499 0.686927 0.039979 0.041359
0 0.788701 0.386657 0.029672 0.035247
0 0.268364 0.492664 0.037553 0.040599
0 0.224825 0.708856 0.039979 0.041359
0 0.206514 0.802551 0.039979 0.041359
0 0.598265 0.830686 0.038766 0.040979
0 0.737341 0.712055 0.039066 0.042515
0 0.725184 0.774261 0.041193 0.041739
0 0.332826 0.745936 0.038766 0.040979
0 0.138787 0.351845 0.026945 0.032951
0 0.106395 0.375931 0.028758 0.036403
0 0.162195 0.228777 0.028758 0.036403
0 0.914985 0.471842 0.024218 0.030655
0 0.304957 0.601922 0.037578 0.029071
0 0.314502 0.833107 0.040567 0.050194
0 0.487648 0.540142 0.041193 0.041739
0 0.568812 0.418044 0.037853 0.042135
0 0.318698 0.808341 0.038753 0.046743
0 0.486131 0.617090 0.023317 0.026048
0 0.562815 0.452025 0.039066 0.042515
0 0.491688 0.512882 0.044520 0.047106
0 0.697021 0.635045 0.038166 0.037907
0 0.280977 0.431415 0.041193 0.041739
0 0.469621 0.701569 0.023917 0.029119
0 0.346982 0.386885 0.039979 0.041359
0 0.605782 0.798810 0.039366 0.044051
0 0.809426 0.287199 0.029672 0.035247
0 0.334825 0.449092 0.039679 0.039823
0 0.137597 0.285458 0.037553 0.040599
0 0.505761 0.734076 0.039679 0.039823
0 0.493028 0.578501 0.024531 0.026428
0 0.512222 0.704314 0.039366 0.044051
0 0.690711 0.664038 0.037553 0.040599
0 0.429605 0.547230 0.035439 0.035611
0 0.869223 0.557755 0.025131 0.029499
0 0.888296 0.466745 0.026031 0.034107
0 0.436292 0.789746 0.038766 0.040979
0 0.579654 0.925917 0.038766 0.040979
0 0.859636 0.616692 0.026945 0.032951
0 0.748898 0.652919 0.038766 0.040979
0 0.144513 0.256654 0.036952 0.037527
0 0.612849 0.769239 0.039066 0.042515
0 0.340221 0.418183 0.039066 0.042515
0 0.667788 0.491418 0.040280 0.042895
0 0.693045 0.928825 0.039979 0.041359
0 0.687498 0.960503 0.039066 0.042515
0 0.344376 0.683540 0.038453 0.045206
0 0.357591 0.619218 0.036039 0.038683
0 0.731337 0.742774 0.041493 0.043275
0 0.844845 0.260801 0.031486 0.038699
0 0.127537 0.412706 0.026031 0.034107
0 0.653326 0.848743 0.040280 0.042895
0 0.353135 0.355397 0.043307 0.046726
0 0.297890 0.631493 0.040880 0.045966
0 0.768916 0.346232 0.029059 0.037939
0 0.326822 0.776656 0.038766 0.040979
0 0.864409 0.654861 0.041793 0.044811
0 0.111635 0.342527 0.026031 0.034107
0 0.384696 0.760550 0.039979 0.041359
0 0.706873 0.867956 0.039366 0.044051
0 0.844428 0.747218 0.037853 0.042135
0 0.274824 0.462903 0.039066 0.042515
0 0.479327 0.859456 0.039066 0.042515
0 0.316207 0.541060 0.038466 0.039443
0 0.834426 0.515074 0.037553 0.040599
0 0.416985 0.605217 0.037865 0.036371
0 0.262360 0.523384 0.039979 0.041359
0 0.817243 0.253787 0.030272 0.038319
0 0.266665 0.787973 0.042093 0.046346
0 0.244199 0.616311 0.039679 0.039823
0 0.671943 0.756775 0.039066 0.042515
0 0.830574 0.327236 0.029359 0.039475
0 0.133240 0.383523 0.026031 0.034107
0 0.795155 0.353634 0.032399 0.037543
0 0.608550 0.507912 0.039366 0.044051
0 0.403770 0.669538 0.037853 0.042135
0 0.401436 0.404751 0.040280 0.042895
0 0.790391 0.242934 0.028758 0.036403
0 0.680402 0.430168 0.037240 0.044826
0 0.841037 0.484544 0.038766 0.040979
0 0.817823 0.395776 0.030272 0.038319
0 0.802972 0.320222 0.029972 0.036783
0 0.741307 0.335957 0.030885 0.035627
0 0.394369 0.434323 0.039979 0.041359
0 0.255750 0.553913 0.038766 0.040979
0 0.322211 0.510341 0.038466 0.039443
0 0.498695 0.763647 0.043007 0.045191
0 0.396403 0.700646 0.039979 0.041359
0 0.230828 0.678137 0.042406 0.042119
0 0.847340 0.452289 0.041793 0.044811
0 0.593325 0.862554 0.039666 0.045586
0 0.838241 0.294592 0.031486 0.038699
0 0.776427 0.311095 0.027845 0.037559
0 0.379606 0.793185 0.040580 0.044431
0 0.528262 0.612354 0.037252 0.039063
0 0.541333 0.552063 0.037553 0.040599
0 0.179593 0.367067 0.040580 0.044431
0 0.618396 0.737561 0.039979 0.041359
0 0.285432 0.695236 0.040580 0.044431
0 0.832421 0.808657 0.040280 0.042895
0 0.441912 0.484255 0.039066 0.042515
0 0.291436 0.664516 0.039979 0.041359
0 0.447766 0.454304 0.038766 0.040979
0 0.762612 0.378488 0.028458 0.034867
0 0.646872 0.881766 0.040580 0.044431
0 0.523165 0.641727 0.039066 0.042515
0 0.768266 0.557110 0.040280 0.042895
0 0.362837 0.589077 0.037553 0.040599
0 0.081600 0.565394 0.039679 0.039823
0 0.408496 0.371918 0.041793 0.044811
0 0.627768 0.412871 0.040580 0.044431
0 0.381005 0.499412 0.038466 0.039443
0 0.547943 0.521533 0.036339 0.040219
0 0.155429 0.490714 0.038453 0.045206
0 0.238346 0.646262 0.037553 0.040599
0 0.654874 0.554202 0.038466 0.039443
0 0.828573 0.545026 0.037853 0.042135
0 0.620251 0.444747 0.039979 0.041359
0 0.677640 0.724329 0.040280 0.042895
0 0.634258 0.943016 0.041793 0.044811
0 0.625156 0.706265 0.039066 0.042515
0 0.662091 0.523862 0.039066 0.042515
0 0.409924 0.638051 0.038153 0.043671
0 0.166979 0.428317 0.039366 0.044051
0 0.239594 0.353257 0.038766 0.040979
0 0.173439 0.398555 0.039679 0.039823
0 0.746854 0.304279 0.032399 0.037543
0 0.076054 0.597071 0.041793 0.044811
0 0.643324 0.616599 0.037553 0.040599
0 0.535479 0.582014 0.040280 0.042895
0 0.376058 0.528017 0.039979 0.041359
0 0.160519 0.458078 0.037252 0.039063
0 0.788096 0.465522 0.042093 0.046346
0 0.088361 0.534096 0.041793 0.044811
0 0.782424 0.277113 0.029059 0.037939
0 0.246654 0.320424 0.038453 0.045206
0 0.327457 0.480199 0.040580 0.044431
0 0.369448 0.558547 0.038766 0.040979
0 0.649934 0.586070 0.038766 0.040979
0 0.093908 0.502419 0.040280 0.042895
0 0.762569 0.589556 0.039066 0.042515
0 0.727970 0.259247 0.031786 0.040235
0 0.102332 0.469197 0.042093 0.046346
0 0.764303 0.234765 0.030572 0.039855
0 0.703174 0.603557 0.039666 0.045586
0 0.300045 0.337142 0.040880 0.045966
0 0.423445 0.575456 0.040580 0.044431
0 0.821662 0.577091 0.039066 0.042515
0 0.734399 0.447077 0.040880 0.045966
0 0.233290 0.385513 0.041793 0.044811
0 0.435458 0.517278 0.039366 0.044051
0 0.350830 0.650516 0.038153 0.043671
0 0.454526 0.423006 0.040280 0.042895
0 0.388371 0.468305 0.039366 0.044051
0 0.554547 0.487741 0.039366 0.044051
0 0.461280 0.388447 0.041180 0.047503
