0 0.398939 0.284891 0.034823 0.051463
0 0.653929 0.281541 0.035898 0.046556
0 0.553143 0.325885 0.033626 0.039952
0 0.450602 0.284046 0.033688 0.048161
0 0.452580 0.622294 0.036997 0.044932
0 0.603696 0.325058 0.034762 0.043254
0 0.807802 0.278203 0.034774 0.044896
0 0.758137 0.323353 0.034749 0.041612
0 0.452912 0.666626 0.034749 0.041612
0 0.350990 0.707705 0.037021 0.048216
0 0.552256 0.281562 0.032564 0.046501
0 0.347595 0.328426 0.033638 0.041594
0 0.401786 0.665000 0.034762 0.043254
0 0.242855 0.289907 0.033651 0.043236
0 0.195482 0.715175 0.034799 0.048179
0 0.347281 0.286557 0.033675 0.046519
0 0.658678 0.618923 0.031417 0.041557
0 0.603454 0.366937 0.033663 0.044878
0 0.401454 0.620667 0.034786 0.046538
0 0.812521 0.611480 0.034774 0.044896
0 0.195373 0.626501 0.035910 0.048198
0 0.807579 0.322544 0.033638 0.041594
0 0.705351 0.322574 0.033638 0.041594
0 0.350901 0.621494 0.033700 0.049803
0 0.295388 0.330922 0.038108 0.044950
0 0.659535 0.659141 0.032515 0.039934
0 0.399566 0.368630 0.034823 0.051463
0 0.350677 0.665836 0.034737 0.039970
0 0.724531 0.658078 0.022491 0.036486
0 0.295081 0.289874 0.035837 0.038346
0 0.858923 0.279009 0.032527 0.041576
0 0.464947 0.493184 0.025825 0.036541
0 0.140072 0.289946 0.037009 0.046574
0 0.758438 0.363580 0.032515 0.039934
0 0.654804 0.324222 0.034762 0.043254
0 0.087840 0.289159 0.037034 0.049858
0 0.500835 0.240528 0.043613 0.038473
0 0.722616 0.699162 0.022467 0.033202
0 0.196646 0.573932 0.025788 0.031615
0 0.812334 0.660747 0.033589 0.035026
0 0.504584 0.370196 0.046922 0.035244
0 0.502720 0.343953 0.043613 0.038473
0 0.503241 0.487631 0.038095 0.043308
0 0.551803 0.369424 0.034774 0.044896
0 0.347908 0.370296 0.035898 0.046556
0 0.140143 0.373694 0.038120 0.046592
0 0.242051 0.330974 0.035849 0.039988
0 0.450921 0.326736 0.033614 0.038310
0 0.191167 0.287469 0.034786 0.046538
0 0.593266 0.490264 0.022454 0.031561
0 0.555984 0.705173 0.033700 0.049803
0 0.440746 0.451705 0.022479 0.034844
0 0.192054 0.331792 0.035874 0.043272
0 0.808454 0.365225 0.032552 0.044859
0 0.858674 0.320066 0.033638 0.041594
0 0.441354 0.532981 0.024713 0.036523
0 0.439883 0.410666 0.023590 0.034863
0 0.721989 0.615424 0.022491 0.036486
0 0.440504 0.493584 0.021356 0.033184
0 0.812617 0.698511 0.033638 0.041594
0 0.720475 0.487362 0.023602 0.036504
0 0.697540 0.615003 0.024725 0.038165
0 0.139281 0.332655 0.034737 0.039970
0 0.092143 0.715223 0.036997 0.044932
0 0.243470 0.372004 0.035874 0.043272
0 0.556764 0.660822 0.031380 0.036632
0 0.451216 0.366143 0.035886 0.044914
0 0.698409 0.656863 0.023578 0.033221
0 0.500337 0.174031 0.043625 0.040115
0 0.130063 0.585695 0.023651 0.043072
0 0.556438 0.617311 0.029244 0.048089
0 0.191825 0.375312 0.032552 0.044859
0 0.399259 0.327581 0.032478 0.035008
0 0.129666 0.458436 0.022479 0.034844
0 0.293644 0.246381 0.035874 0.043272
0 0.195156 0.671664 0.036985 0.043290
0 0.669378 0.489840 0.023602 0.036504
0 0.694318 0.407325 0.021356 0.033184
0 0.090941 0.629031 0.035874 0.043272
0 0.156813 0.670649 0.022467 0.033202
0 0.453774 0.707666 0.035861 0.041630
0 0.442965 0.748074 0.022467 0.033202
0 0.402093 0.706047 0.034762 0.043254
0 0.654001 0.365289 0.034762 0.043254
0 0.595035 0.578089 0.022467 0.033202
0 0.592084 0.406534 0.021343 0.031542
0 0.721663 0.571913 0.022479 0.034844
0 0.911111 0.274050 0.034712 0.036686
0 0.858420 0.360303 0.032515 0.039934
0 0.132128 0.712927 0.023614 0.038146
0 0.088740 0.335124 0.038071 0.040025
0 0.705652 0.362802 0.033651 0.043236
0 0.504092 0.527029 0.028047 0.036577
0 0.441705 0.579776 0.022479 0.034844
0 0.595898 0.619129 0.023578 0.033221
0 0.667085 0.406128 0.020245 0.033166
0 0.153807 0.417809 0.024713 0.036523
0 0.659848 0.701010 0.036997 0.044932
0 0.293842 0.198756 0.037083 0.056425
0 0.621127 0.575199 0.023565 0.031579
0 0.642720 0.491097 0.019122 0.031506
0 0.132187 0.795032 0.024725 0.038165
0 0.087924 0.374549 0.038120 0.046592
0 0.155273 0.539303 0.021380 0.036468
0 0.619375 0.489837 0.021343 0.031542
0 0.129411 0.498673 0.021356 0.033184
0 0.463522 0.451333 0.023590 0.034863
0 0.156481 0.626317 0.022491 0.036486
0 0.621453 0.618711 0.023578 0.033221
0 0.463776 0.411096 0.022467 0.033202
0 0.132436 0.753975 0.023590 0.034863
0 0.909934 0.191141 0.035935 0.051481
0 0.130383 0.628386 0.021380 0.036468
0 0.091261 0.671721 0.035874 0.043272
0 0.593006 0.529680 0.021368 0.034826
0 0.911998 0.318373 0.035898 0.046556
0 0.154422 0.499906 0.022467 0.033202
0 0.128803 0.417397 0.023590 0.034863
0 0.129719 0.539721 0.023602 0.036504
0 0.696122 0.573973 0.024676 0.031597
0 0.617945 0.447165 0.021343 0.031542
0 0.154658 0.457206 0.021356 0.033184
0 0.156571 0.712527 0.021343 0.031542
0 0.643179 0.404056 0.019097 0.028222
0 0.719316 0.406916 0.020245 0.033166
0 0.721912 0.530855 0.023614 0.038146
0 0.696907 0.530443 0.022516 0.039770
0 0.667393 0.447177 0.020269 0.036450
0 0.694601 0.445090 0.021331 0.029900
0 0.617088 0.406946 0.020220 0.029882
0 0.076578 0.417430 0.023578 0.033221
0 0.465792 0.531760 0.024676 0.031597
0 0.442687 0.785027 0.023590 0.034863
0 0.076355 0.461771 0.022491 0.036486
0 0.719593 0.443860 0.020232 0.031524
0 0.620269 0.534981 0.022491 0.036486
0 0.466136 0.577735 0.022528 0.041412
0 0.101588 0.418663 0.024713 0.036523
0 0.131252 0.670246 0.022454 0.031561
0 0.156872 0.752754 0.019134 0.033148
0 0.467945 0.745202 0.021343 0.031542
0 0.158598 0.834833 0.021356 0.033184
0 0.158296 0.794605 0.021368 0.034826
0 0.695489 0.489413 0.020220 0.029882
0 0.103001 0.458872 0.022454 0.031561
0 0.500640 0.140362 0.046898 0.031960
0 0.592397 0.448404 0.021380 0.036468
0 0.642388 0.446765 0.019122 0.031506
0 0.155605 0.583635 0.021405 0.039752
0 0.133038 0.834430 0.021343 0.031542
0 0.518492 0.743554 0.022417 0.026635
0 0.501150 0.208502 0.046886 0.030319
0 0.502438 0.306188 0.045861 0.041794
0 0.670254 0.532521 0.022491 0.036486
0 0.467680 0.783797 0.022442 0.029919
0 0.910266 0.235473 0.035837 0.038346
0 0.501648 0.275000 0.044675 0.031924
0 0.762071 0.700159 0.034786 0.046538
0 0.241962 0.244763 0.034799 0.048179
0 0.603364 0.280726 0.034786 0.046538
0 0.858597 0.235497 0.034786 0.046538
0 0.759752 0.613164 0.033675 0.046519
0 0.756139 0.279048 0.033663 0.044878
0 0.704475 0.279893 0.034774 0.044896
0 0.761202 0.658299 0.033638 0.041594
0 0.502927 0.445762 0.040330 0.044987
