0 0.755961 0.269776 0.023637 0.029920
0 0.911394 0.623323 0.042505 0.037828
0 0.523088 0.578783 0.025326 0.025913
0 0.758303 0.366110 0.035160 0.035904
0 0.822456 0.774261 0.041070 0.043384
0 0.842212 0.637401 0.025114 0.031791
0 0.700876 0.448203 0.026339 0.032111
0 0.729896 0.278217 0.024861 0.030240
0 0.818616 0.742950 0.041070 0.043384
0 0.838983 0.605931 0.026339 0.032111
0 0.275403 0.492570 0.037397 0.042423
0 0.814273 0.286820 0.025368 0.033340
0 0.270613 0.467163 0.039381 0.047392
0 0.502258 0.509911 0.031952 0.030615
0 0.812432 0.709023 0.039339 0.039965
0 0.828133 0.805089 0.041787 0.040606
0 0.835524 0.412942 0.026845 0.035210
0 0.726708 0.442246 0.024144 0.033019
0 0.279624 0.526204 0.037651 0.043972
0 0.798947 0.614799 0.038875 0.044292
0 0.472946 0.342275 0.034443 0.038683
0 0.829468 0.379789 0.022413 0.029599
0 0.871737 0.728232 0.039592 0.041515
0 0.833665 0.573392 0.026339 0.032111
0 0.763747 0.399424 0.041323 0.044933
0 0.299398 0.651096 0.037608 0.036545
0 0.808718 0.678488 0.039086 0.038415
0 0.865933 0.696628 0.035667 0.039004
0 0.484552 0.405482 0.035456 0.044881
0 0.708790 0.414623 0.040563 0.040286
0 0.176860 0.940095 0.038115 0.039645
0 0.479593 0.371234 0.035160 0.035904
0 0.329136 0.477690 0.039086 0.038415
0 0.875831 0.761091 0.040099 0.044613
0 0.704840 0.738006 0.039086 0.038415
0 0.861227 0.663929 0.034949 0.041782
0 0.806862 0.581219 0.026592 0.033660
0 0.101479 0.471061 0.038875 0.044292
0 0.144635 0.754640 0.037397 0.042423
0 0.171183 0.909266 0.036891 0.039324
0 0.209722 0.801419 0.034189 0.037133
0 0.599721 0.442378 0.038368 0.041194
0 0.845907 0.476471 0.023890 0.031470
0 0.793147 0.325477 0.023890 0.031470
0 0.902108 0.558699 0.040816 0.041835
0 0.850107 0.506071 0.025114 0.031791
0 0.828854 0.543951 0.026339 0.032111
0 0.656299 0.784650 0.039086 0.038415
0 0.285786 0.556097 0.036891 0.039324
0 0.865430 0.342095 0.035413 0.037454
0 0.774256 0.557442 0.025368 0.033340
0 0.824656 0.350349 0.025368 0.033340
0 0.114859 0.568543 0.040563 0.040286
0 0.897043 0.527711 0.040816 0.041835
0 0.804266 0.647338 0.038875 0.044292
0 0.906688 0.590624 0.042294 0.043705
0 0.160189 0.845898 0.038115 0.039645
0 0.660625 0.815025 0.040563 0.040286
0 0.887040 0.466507 0.033219 0.038363
0 0.801924 0.551004 0.026339 0.032111
0 0.796733 0.519240 0.026085 0.030561
0 0.713028 0.803725 0.039086 0.038415
0 0.176104 0.584013 0.035413 0.037454
0 0.165507 0.878437 0.038115 0.039645
0 0.486300 0.763729 0.038115 0.039645
0 0.693613 0.677123 0.039845 0.043064
0 0.651234 0.753661 0.039592 0.041515
0 0.254676 0.725015 0.039592 0.041515
0 0.447529 0.874061 0.039339 0.039965
0 0.393543 0.887391 0.039592 0.041515
0 0.595521 0.412777 0.039592 0.041515
0 0.507551 0.889851 0.037144 0.040873
0 0.398735 0.919155 0.041787 0.040606
0 0.160298 0.491205 0.037144 0.040873
0 0.679389 0.582285 0.039339 0.039965
0 0.427084 0.385793 0.038875 0.044292
0 0.860851 0.310171 0.039845 0.043064
0 0.185495 0.645377 0.036891 0.039324
0 0.327465 0.838448 0.038368 0.041194
0 0.245897 0.663491 0.039339 0.039965
0 0.433306 0.779223 0.038833 0.036866
0 0.634942 0.661788 0.036891 0.039324
0 0.269153 0.821403 0.039592 0.041515
0 0.165722 0.520484 0.037862 0.038095
0 0.481974 0.733354 0.036638 0.037774
0 0.319007 0.415711 0.040099 0.044613
0 0.388187 0.495349 0.036891 0.039324
0 0.472330 0.670440 0.038115 0.039645
0 0.452594 0.905050 0.041787 0.040606
0 0.140795 0.723330 0.039339 0.039965
0 0.382802 0.825572 0.041323 0.044933
0 0.876658 0.402978 0.038115 0.039645
0 0.653939 0.426563 0.036638 0.037774
0 0.639880 0.692002 0.039592 0.041515
0 0.170428 0.553183 0.037144 0.040873
0 0.362521 0.697581 0.039845 0.043064
0 0.204784 0.771204 0.039339 0.039965
0 0.603537 0.797659 0.036891 0.039324
0 0.669513 0.521855 0.034443 0.038683
0 0.349290 0.604906 0.038368 0.041194
0 0.318686 0.776924 0.038115 0.039645
0 0.624432 0.597484 0.036638 0.037774
0 0.572662 0.612658 0.035413 0.037454
0 0.402664 0.591737 0.036891 0.039324
0 0.219708 0.507155 0.038115 0.039645
0 0.592183 0.736001 0.036891 0.039324
0 0.451691 0.544158 0.038368 0.041194
0 0.438117 0.808662 0.039339 0.039965
0 0.732385 0.473076 0.027816 0.033981
0 0.628273 0.628795 0.039592 0.041515
0 0.546473 0.456322 0.036638 0.037774
0 0.131150 0.660416 0.040816 0.041835
0 0.881849 0.434742 0.040816 0.041835
0 0.620233 0.567885 0.037862 0.038095
0 0.649613 0.396189 0.038115 0.039645
0 0.703852 0.384408 0.038368 0.041194
0 0.645287 0.365813 0.039592 0.041515
0 0.344263 0.933420 0.043011 0.040927
0 0.597248 0.766990 0.036891 0.039324
0 0.214643 0.476165 0.038115 0.039645
0 0.411802 0.651552 0.037862 0.038095
0 0.496683 0.827257 0.041070 0.043384
0 0.699885 0.352324 0.038115 0.039645
0 0.353869 0.636831 0.039339 0.039965
0 0.224287 0.539079 0.037651 0.043972
0 0.303471 0.679921 0.039592 0.041515
0 0.406863 0.621338 0.038115 0.039645
0 0.590330 0.381014 0.039339 0.039965
0 0.476909 0.702365 0.039592 0.041515
0 0.337071 0.541859 0.039592 0.041515
0 0.343972 0.572367 0.038368 0.041194
0 0.639230 0.332660 0.038621 0.042743
0 0.240220 0.632661 0.038115 0.039645
0 0.417605 0.683156 0.037397 0.042423
0 0.373031 0.761883 0.039592 0.041515
0 0.309401 0.712300 0.038368 0.041194
0 0.195266 0.709065 0.035667 0.039004
0 0.338460 0.901816 0.039592 0.041515
0 0.372866 0.401607 0.040099 0.044613
0 0.663710 0.490252 0.035413 0.037454
0 0.689502 0.288795 0.038621 0.042743
0 0.382764 0.466070 0.040563 0.040286
0 0.608728 0.829423 0.037144 0.040873
0 0.428368 0.749008 0.037144 0.040873
0 0.368452 0.729960 0.040563 0.040286
0 0.290851 0.587087 0.039339 0.039965
0 0.377610 0.793808 0.040563 0.040286
0 0.441814 0.483730 0.038368 0.041194
0 0.576989 0.643033 0.037397 0.042423
0 0.259509 0.758489 0.038621 0.042743
0 0.190075 0.677302 0.038368 0.041194
0 0.392513 0.525725 0.035920 0.040553
0 0.536956 0.394183 0.037862 0.038095
0 0.442950 0.842136 0.041323 0.044933
0 0.609977 0.505131 0.038115 0.039645
0 0.314719 0.744839 0.038368 0.041194
0 0.378437 0.435695 0.039592 0.041515
0 0.582792 0.674637 0.038368 0.041194
0 0.658392 0.457713 0.035920 0.040553
0 0.694820 0.321334 0.038115 0.039645
0 0.296169 0.619625 0.039845 0.043064
0 0.551052 0.488246 0.035667 0.039004
0 0.604173 0.473527 0.039592 0.041515
0 0.561667 0.549290 0.036638 0.037774
0 0.542147 0.425947 0.038621 0.042743
0 0.397958 0.559038 0.038621 0.042743
0 0.615780 0.536735 0.039592 0.041515
0 0.234543 0.601833 0.037397 0.042423
0 0.584020 0.346311 0.041323 0.044933
0 0.556371 0.520785 0.035667 0.039004
0 0.462939 0.609076 0.037144 0.040873
0 0.457009 0.576697 0.038368 0.041194
0 0.432044 0.420041 0.039592 0.041515
0 0.437362 0.452580 0.036638 0.037774
0 0.531511 0.360869 0.041576 0.046484
0 0.567471 0.580894 0.038621 0.042743
0 0.264700 0.790253 0.037862 0.038095
0 0.324325 0.448250 0.039592 0.041515
0 0.765477 0.495917 0.026127 0.037988
0 0.689034 0.645199 0.037862 0.038095
0 0.214913 0.833183 0.039845 0.043064
0 0.708807 0.770091 0.039845 0.043064
0 0.891240 0.496107 0.036891 0.039324
0 0.768580 0.432897 0.038833 0.036866
0 0.180557 0.615162 0.037144 0.040873
0 0.501874 0.859021 0.037862 0.038095
0 0.220231 0.865721 0.039339 0.039965
0 0.528330 0.599223 0.023978 0.026272
0 0.534718 0.639092 0.022905 0.024152
0 0.538451 0.657043 0.021008 0.021505
0 0.334366 0.868956 0.037144 0.040873
0 0.699543 0.709501 0.038115 0.039645
0 0.264050 0.430911 0.037397 0.042423
0 0.224684 0.896871 0.040563 0.040286
0 0.490017 0.440084 0.037672 0.043384
0 0.229837 0.569134 0.035160 0.035904
0 0.110765 0.535685 0.041070 0.043384
0 0.154727 0.457116 0.037144 0.040873
0 0.850215 0.245093 0.039845 0.043064
0 0.209198 0.442852 0.038368 0.041194
0 0.149700 0.785629 0.036891 0.039324
0 0.250350 0.694640 0.038115 0.039645
0 0.819465 0.318585 0.025114 0.031791
0 0.755454 0.336963 0.034696 0.040232
0 0.506436 0.535477 0.035160 0.035904
0 0.531023 0.619523 0.023131 0.026822
0 0.749882 0.302875 0.039086 0.038415
0 0.547229 0.788976 0.036131 0.034676
0 0.236776 0.959144 0.042040 0.042156
0 0.154765 0.816619 0.039339 0.039965
0 0.824274 0.512028 0.025368 0.033340
0 0.125347 0.628812 0.041787 0.040606
0 0.841328 0.444546 0.025874 0.036439
0 0.388478 0.856401 0.039086 0.038415
0 0.773750 0.460628 0.037608 0.036545
0 0.770056 0.527842 0.026592 0.033660
0 0.789918 0.294007 0.025621 0.034889
0 0.704716 0.479514 0.026845 0.035210
0 0.119058 0.598144 0.041787 0.040606
0 0.291501 0.946429 0.040816 0.041835
0 0.491977 0.794558 0.039339 0.039965
0 0.182917 0.973248 0.044995 0.045895
0 0.587857 0.705626 0.035413 0.037454
0 0.274344 0.853167 0.039339 0.039965
0 0.200331 0.740055 0.038621 0.042743
0 0.665943 0.847563 0.041070 0.043384
0 0.674451 0.552071 0.036638 0.037774
0 0.323624 0.807138 0.035920 0.040553
0 0.803403 0.388230 0.026592 0.033660
0 0.105573 0.503920 0.040816 0.041835
0 0.421826 0.716790 0.034189 0.037133
0 0.285571 0.914050 0.039592 0.041515
0 0.856398 0.279021 0.038115 0.039645
0 0.358195 0.667205 0.037862 0.038095
0 0.279894 0.883221 0.037862 0.038095
0 0.332238 0.508386 0.041070 0.043384
0 0.646042 0.721896 0.036891 0.039324
0 0.446879 0.514719 0.037862 0.038095
0 0.870854 0.371375 0.037144 0.040873
0 0.808341 0.418445 0.024397 0.034568
0 0.613181 0.860572 0.035413 0.037454
0 0.793272 0.490255 0.029800 0.038950
0 0.468004 0.640066 0.036638 0.037774
0 0.818851 0.482747 0.026592 0.033660
0 0.684454 0.613274 0.039845 0.043064
0 0.719802 0.833459 0.035667 0.039004
0 0.798592 0.358790 0.023637 0.029920
0 0.813533 0.450209 0.026592 0.033660
0 0.231100 0.928315 0.040816 0.041835
0 0.136215 0.691406 0.038368 0.041194
