0 0.802961 0.193824 0.032817 0.040880
0 0.498350 0.488648 0.045808 0.035702
0 0.407895 0.460131 0.023795 0.036688
0 0.456301 0.918492 0.025934 0.035279
0 0.400207 0.544873 0.031863 0.044042
0 0.123736 0.233517 0.036529 0.049414
0 0.842154 0.186484 0.045164 0.045415
0 0.208259 0.902134 0.037561 0.047890
0 0.454094 0.871808 0.023795 0.036688
0 0.443805 0.147789 0.022764 0.038212
0 0.403867 0.374953 0.023795 0.036688
0 0.140878 0.572478 0.034003 0.042633
0 0.492925 0.338595 0.044777 0.037225
0 0.583613 0.902052 0.028306 0.038784
0 0.302887 0.724465 0.036452 0.047776
0 0.450581 0.785753 0.024670 0.031889
0 0.210867 0.945485 0.036374 0.046138
0 0.200398 0.735872 0.037174 0.039700
0 0.437301 0.540219 0.023717 0.035050
0 0.930155 0.822644 0.036142 0.041224
0 0.158342 0.906466 0.039855 0.049757
0 0.446348 0.708003 0.023795 0.036688
0 0.878372 0.869966 0.037638 0.049528
0 0.439752 0.580294 0.025058 0.040079
0 0.536393 0.445214 0.023795 0.036688
0 0.932130 0.864414 0.036529 0.049414
0 0.762689 0.590564 0.035111 0.042747
0 0.813044 0.583717 0.034003 0.042633
0 0.149333 0.739500 0.037328 0.042976
0 0.706012 0.510823 0.036374 0.046138
0 0.922090 0.699200 0.036219 0.042862
0 0.443780 0.665472 0.024903 0.036803
0 0.495544 0.370423 0.044854 0.038863
0 0.441766 0.622883 0.025058 0.040079
0 0.159956 0.952388 0.040963 0.049872
0 0.074957 0.285467 0.040886 0.048234
0 0.926517 0.781045 0.037483 0.046252
0 0.924503 0.738456 0.037483 0.046252
0 0.903128 0.321746 0.036452 0.047776
0 0.155336 0.866448 0.039623 0.044843
0 0.489195 0.271493 0.045730 0.034064
0 0.453188 0.829104 0.023949 0.039964
0 0.408723 0.501196 0.023795 0.036688
0 0.594952 0.352750 0.036374 0.046138
0 0.195815 0.650752 0.036219 0.042862
0 0.811903 0.500710 0.041839 0.045072
0 0.604038 0.521354 0.033848 0.039357
0 0.485426 0.203571 0.046762 0.032540
0 0.448207 0.747316 0.026011 0.036917
0 0.366294 0.157440 0.027198 0.038670
0 0.561294 0.441820 0.022919 0.041488
0 0.582192 0.860225 0.027275 0.040308
0 0.911583 0.488770 0.035033 0.041109
0 0.190444 0.525385 0.037561 0.047890
0 0.524282 0.725329 0.024482 0.022529
0 0.525658 0.746281 0.025190 0.025129
0 0.805825 0.419282 0.037073 0.037570
0 0.482118 0.133628 0.047118 0.040075
0 0.483784 0.168845 0.045133 0.044760
0 0.487545 0.236603 0.046303 0.046185
0 0.699532 0.385570 0.035343 0.047661
0 0.284440 0.346135 0.037561 0.047890
0 0.176338 0.274174 0.039700 0.046481
0 0.544004 0.358834 0.036297 0.044500
0 0.652534 0.475194 0.035111 0.042747
0 0.846927 0.240310 0.036452 0.047776
0 0.751473 0.376913 0.037406 0.044614
0 0.765811 0.633038 0.037483 0.046252
0 0.768692 0.717511 0.037561 0.047890
0 0.223979 0.174606 0.040087 0.054671
0 0.542029 0.317064 0.034157 0.045909
0 0.864507 0.576757 0.035266 0.046023
0 0.587411 0.181517 0.035343 0.047661
0 0.601509 0.479641 0.033127 0.047432
0 0.692382 0.257917 0.039932 0.051395
0 0.797049 0.245461 0.038824 0.051281
0 0.855537 0.410610 0.035188 0.044385
0 0.643409 0.305771 0.035188 0.044385
0 0.854155 0.369601 0.036452 0.047776
0 0.584573 0.133252 0.036839 0.055966
0 0.538001 0.231886 0.036529 0.049414
0 0.849096 0.286175 0.036452 0.047776
0 0.858105 0.453141 0.034235 0.047547
0 0.649692 0.391540 0.035266 0.046023
0 0.756132 0.463673 0.036297 0.044500
0 0.330922 0.257386 0.036452 0.047776
0 0.329346 0.212283 0.035266 0.046023
0 0.645384 0.347541 0.035421 0.049299
0 0.535316 0.186897 0.037561 0.047890
0 0.597713 0.399377 0.037561 0.047890
0 0.753525 0.420322 0.037638 0.049528
0 0.280451 0.261776 0.037638 0.049528
0 0.651152 0.434186 0.036374 0.046138
0 0.174247 0.229947 0.039700 0.046481
0 0.540054 0.275294 0.036297 0.044500
0 0.185463 0.443597 0.039777 0.048119
0 0.275521 0.169284 0.036916 0.057604
0 0.082896 0.453366 0.038592 0.046367
0 0.851626 0.327888 0.035111 0.042747
0 0.661659 0.644617 0.035343 0.047661
0 0.815019 0.625487 0.034080 0.044271
0 0.799968 0.330754 0.034080 0.044271
0 0.496812 0.444364 0.045474 0.051967
0 0.744323 0.249260 0.035498 0.050937
0 0.798548 0.288927 0.035111 0.042747
0 0.229026 0.269556 0.038979 0.054557
0 0.694989 0.301267 0.036219 0.042862
0 0.402457 0.627766 0.035266 0.046023
0 0.300084 0.641630 0.036529 0.049414
0 0.654509 0.516964 0.035188 0.044385
0 0.860119 0.495731 0.034080 0.044271
0 0.183372 0.399370 0.039777 0.048119
0 0.870549 0.704523 0.035266 0.046023
0 0.282542 0.306003 0.035111 0.042747
0 0.326107 0.167351 0.035343 0.047661
0 0.592422 0.311037 0.032817 0.040880
0 0.656446 0.557916 0.037406 0.044614
0 0.909054 0.447057 0.036374 0.046138
0 0.084988 0.497593 0.038592 0.046367
0 0.591002 0.269209 0.036374 0.046138
0 0.297360 0.595822 0.035266 0.046023
0 0.277173 0.216025 0.037328 0.042976
0 0.226858 0.223690 0.040886 0.048234
0 0.400229 0.333354 0.024980 0.038441
0 0.302059 0.683400 0.036142 0.041224
0 0.138349 0.530765 0.037561 0.047890
0 0.872563 0.747112 0.037483 0.046252
0 0.588949 0.225801 0.034080 0.044271
0 0.599572 0.438690 0.034879 0.037833
0 0.773080 0.798537 0.036374 0.046138
0 0.194433 0.609744 0.039855 0.049757
0 0.898391 0.233349 0.037716 0.051166
0 0.579585 0.816874 0.028616 0.045336
0 0.605975 0.562305 0.034312 0.049185
0 0.288467 0.431313 0.037406 0.044614
0 0.291075 0.474664 0.036529 0.049414
0 0.717550 0.719501 0.037716 0.051166
0 0.287086 0.390305 0.038514 0.044729
0 0.767193 0.674046 0.038592 0.046367
0 0.746053 0.297640 0.036529 0.049414
0 0.609252 0.608056 0.036529 0.049414
0 0.715459 0.675273 0.035188 0.044385
0 0.130410 0.362865 0.037483 0.046252
0 0.696925 0.342219 0.036374 0.046138
0 0.201779 0.776881 0.038747 0.049643
0 0.916126 0.573072 0.036374 0.046138
0 0.817033 0.668076 0.034235 0.047547
0 0.427824 0.328035 0.025058 0.040079
0 0.907632 0.405230 0.035033 0.041109
0 0.563900 0.485171 0.026166 0.040193
0 0.824066 0.793272 0.038592 0.046367
0 0.125390 0.280258 0.037561 0.047890
0 0.191865 0.567212 0.038437 0.043091
0 0.905181 0.365155 0.036374 0.046138
0 0.575751 0.735791 0.026166 0.040193
0 0.862532 0.534986 0.030600 0.040651
0 0.402105 0.585005 0.031786 0.042404
0 0.712530 0.636894 0.035266 0.046023
0 0.178828 0.315068 0.036219 0.042862
0 0.491299 0.304197 0.045087 0.043777
0 0.723476 0.844811 0.037483 0.046252
0 0.180842 0.357657 0.038592 0.046367
0 0.821499 0.750740 0.039855 0.049757
0 0.080368 0.411653 0.039623 0.044843
0 0.432406 0.413156 0.023795 0.036688
0 0.136850 0.487299 0.038437 0.043091
0 0.876913 0.827319 0.038592 0.046367
0 0.071641 0.238897 0.038902 0.052919
0 0.820077 0.708912 0.036142 0.041224
0 0.720907 0.802279 0.036529 0.049414
0 0.187953 0.484491 0.038359 0.041453
0 0.573776 0.694021 0.028306 0.038784
0 0.369171 0.206524 0.026089 0.038555
0 0.404812 0.418475 0.023717 0.035050
0 0.420080 0.199621 0.021655 0.038098
0 0.078431 0.370702 0.039623 0.044843
0 0.826635 0.835803 0.039700 0.046481
0 0.914112 0.530483 0.036529 0.049414
0 0.540382 0.529574 0.023872 0.038326
0 0.425887 0.287084 0.025058 0.040079
0 0.701468 0.426521 0.035188 0.044385
0 0.770590 0.757643 0.035111 0.042747
0 0.447315 0.198454 0.022764 0.038212
0 0.568882 0.566959 0.023795 0.036688
0 0.875093 0.788825 0.036142 0.041224
0 0.808781 0.458235 0.039777 0.048119
0 0.292418 0.514854 0.037096 0.038062
0 0.777069 0.882896 0.036761 0.054328
0 0.142737 0.611791 0.036374 0.046138
0 0.775016 0.839488 0.036219 0.042862
0 0.134438 0.448043 0.039545 0.043205
0 0.294277 0.554167 0.033127 0.047432
0 0.543350 0.568772 0.023717 0.035050
0 0.144275 0.656075 0.037638 0.049528
0 0.868613 0.663572 0.035111 0.042747
0 0.435957 0.500030 0.024903 0.036803
0 0.749059 0.337658 0.036142 0.041224
0 0.710555 0.595125 0.035188 0.044385
0 0.704037 0.469053 0.036452 0.047776
0 0.566352 0.525246 0.025135 0.041717
0 0.570264 0.607967 0.025058 0.040079
0 0.433827 0.454984 0.025135 0.041717
0 0.422804 0.245429 0.024825 0.035165
0 0.538330 0.486166 0.023949 0.039964
0 0.577687 0.776742 0.026011 0.036917
0 0.371262 0.250751 0.023717 0.035050
0 0.076379 0.327294 0.039855 0.049757
0 0.918179 0.616480 0.036297 0.044500
0 0.146920 0.700245 0.038592 0.046367
0 0.150162 0.780565 0.037483 0.046252
0 0.760198 0.549670 0.036374 0.046138
0 0.718971 0.761328 0.036219 0.042862
0 0.133016 0.406216 0.038824 0.051281
0 0.127842 0.320333 0.034003 0.042633
0 0.900044 0.280091 0.034003 0.042633
0 0.206207 0.858726 0.037483 0.046252
0 0.920669 0.657373 0.035188 0.044385
0 0.153284 0.823040 0.037483 0.046252
0 0.203793 0.819470 0.038437 0.043091
0 0.429838 0.370625 0.022686 0.036574
0 0.417242 0.151356 0.025058 0.040079
0 0.811030 0.541128 0.036374 0.046138
0 0.725528 0.888219 0.037561 0.047890
0 0.572239 0.649736 0.024980 0.038441
0 0.196759 0.694275 0.038824 0.051281
0 0.707987 0.552593 0.036452 0.047776
0 0.397185 0.292517 0.024825 0.035165
0 0.828610 0.877574 0.039623 0.044843
0 0.758145 0.506262 0.036452 0.047776
0 0.534256 0.140917 0.037716 0.051166
0 0.640841 0.263239 0.034080 0.044271
0 0.866638 0.621803 0.035343 0.047661
0 0.659529 0.599571 0.037483 0.046252
0 0.172515 0.181567 0.038979 0.054557
0 0.802653 0.375743 0.037638 0.049528
0 0.545979 0.400604 0.036374 0.046138
