0 0.853351 0.274090 0.041467 0.060183
0 0.304767 0.077360 0.040931 0.056991
0 0.681896 0.350833 0.039049 0.051805
0 0.282249 0.204658 0.040395 0.053798
0 0.296185 0.121656 0.040395 0.053798
0 0.413653 0.380107 0.038781 0.050209
0 0.383338 0.240152 0.039317 0.053401
0 0.391114 0.197254 0.040931 0.056991
0 0.172085 0.550537 0.041474 0.054195
0 0.646498 0.247988 0.037428 0.054204
0 0.354097 0.093813 0.042546 0.060580
0 0.117618 0.230526 0.040395 0.053798
0 0.376371 0.281653 0.041474 0.054195
0 0.152258 0.672046 0.040931 0.056991
0 0.631756 0.332387 0.037434 0.048216
0 0.225006 0.228511 0.038513 0.048613
0 0.410873 0.720579 0.040663 0.055394
0 0.289217 0.163157 0.040395 0.053798
0 0.165117 0.592039 0.039317 0.053401
0 0.420486 0.339404 0.039049 0.051805
0 0.845175 0.319383 0.039585 0.054998
0 0.178919 0.509836 0.041206 0.052598
0 0.743733 0.626949 0.040395 0.053798
0 0.136150 0.450885 0.038781 0.050209
0 0.243400 0.446277 0.038245 0.047016
0 0.769721 0.465339 0.037702 0.049813
0 0.712746 0.487595 0.036892 0.051011
0 0.091496 0.392936 0.041199 0.058586
0 0.818111 0.483988 0.037970 0.051408
0 0.749622 0.585052 0.037702 0.049813
0 0.077963 0.473543 0.040395 0.053798
0 0.593312 0.575003 0.038238 0.053005
0 0.507772 0.453711 0.046323 0.058974
0 0.331988 0.225499 0.039049 0.051805
0 0.700024 0.570196 0.038781 0.050209
0 0.192184 0.430824 0.038781 0.050209
0 0.111190 0.272226 0.038781 0.050209
0 0.579916 0.658202 0.042010 0.057388
0 0.881916 0.417638 0.041199 0.058586
0 0.718367 0.447294 0.034736 0.050218
0 0.215259 0.610485 0.040395 0.053798
0 0.586479 0.615704 0.040127 0.052201
0 0.825213 0.441689 0.040395 0.053798
0 0.185618 0.469930 0.039049 0.051805
0 0.222361 0.568186 0.040663 0.055394
0 0.913443 0.557191 0.040931 0.056991
0 0.128911 0.490591 0.040395 0.053798
0 0.231568 0.186013 0.041467 0.060183
0 0.346931 0.784337 0.038781 0.050209
0 0.497691 0.193245 0.042278 0.058983
0 0.387125 0.541519 0.040931 0.056991
0 0.900314 0.638794 0.039317 0.053401
0 0.189133 0.769503 0.041206 0.052598
0 0.863083 0.881008 0.041474 0.054195
0 0.161733 0.288277 0.037970 0.051408
0 0.813297 0.522891 0.036356 0.047820
0 0.114705 0.571798 0.037160 0.052608
0 0.806598 0.562796 0.039049 0.051805
0 0.693324 0.610100 0.039317 0.053401
0 0.506135 0.146355 0.041467 0.060183
0 0.354437 0.743035 0.040395 0.053798
0 0.953902 0.309386 0.043088 0.057784
0 0.831642 0.399990 0.036624 0.049416
0 0.195157 0.726807 0.042010 0.057388
0 0.402827 0.761683 0.037970 0.051408
0 0.367568 0.664822 0.040395 0.053798
0 0.157878 0.631745 0.037702 0.049813
0 0.856383 0.920912 0.040938 0.051003
0 0.121943 0.532091 0.038238 0.053005
0 0.094877 0.693306 0.043088 0.057784
0 0.300242 0.424818 0.039859 0.050606
0 0.339090 0.183199 0.042010 0.057388
0 0.600142 0.530908 0.037428 0.054204
0 0.680195 0.691704 0.040395 0.053798
0 0.098196 0.353031 0.039591 0.049009
0 0.373726 0.621328 0.038238 0.053005
0 0.276628 0.244959 0.039323 0.047413
0 0.666662 0.772311 0.043356 0.059380
0 0.489591 0.319914 0.028540 0.043446
0 0.152591 0.025159 0.042820 0.050319
0 0.380157 0.583019 0.037702 0.049813
0 0.396399 0.803382 0.039049 0.051805
0 0.085336 0.433038 0.038513 0.048613
0 0.687163 0.650202 0.040395 0.053798
0 0.724444 0.748656 0.039859 0.050606
0 0.674303 0.730210 0.038781 0.050209
0 0.685868 0.981589 0.043088 0.036823
0 0.394226 0.499221 0.037434 0.048216
0 0.138590 0.753451 0.040395 0.053798
0 0.445772 0.434292 0.029618 0.043843
0 0.219381 0.265421 0.039055 0.045817
0 0.905936 0.598493 0.038781 0.050209
0 0.838073 0.361682 0.039317 0.053401
0 0.932731 0.435484 0.039859 0.050606
0 0.339963 0.825838 0.042010 0.057388
0 0.625461 0.373288 0.039317 0.053401
0 0.925897 0.476187 0.040127 0.052201
0 0.182165 0.811004 0.041206 0.052598
0 0.737439 0.667851 0.041206 0.052598
0 0.699263 0.908870 0.038781 0.050209
0 0.731144 0.708752 0.039859 0.050606
0 0.882104 0.760897 0.042010 0.057388
0 0.208154 0.649393 0.040670 0.049406
0 0.711989 0.829660 0.037970 0.051408
0 0.849684 0.960816 0.041474 0.054195
0 0.145627 0.067116 0.041742 0.055791
0 0.705289 0.869565 0.040127 0.052201
0 0.619167 0.414190 0.035278 0.047423
0 0.145424 0.712749 0.039591 0.049009
0 0.361002 0.703928 0.037434 0.048216
0 0.383940 0.880996 0.039859 0.050606
0 0.940238 0.394182 0.042010 0.057388
0 0.390506 0.841889 0.040127 0.052201
0 0.131757 0.794154 0.040127 0.052201
0 0.157376 0.239220 0.028808 0.045043
0 0.138659 0.108617 0.041742 0.055791
0 0.889071 0.719397 0.039317 0.053401
0 0.496293 0.283400 0.024233 0.035871
0 0.195174 0.170930 0.026383 0.042653
0 0.894693 0.679096 0.038781 0.050209
0 0.439475 0.471802 0.027730 0.044646
0 0.874464 0.802998 0.040127 0.052201
0 0.869244 0.840905 0.039859 0.050606
0 0.452200 0.392593 0.028540 0.043446
0 0.400524 0.461710 0.037702 0.049813
0 0.691890 0.949374 0.040127 0.052201
0 0.717206 0.788363 0.037160 0.052608
0 0.102786 0.649610 0.039049 0.051805
0 0.149010 0.370877 0.039859 0.050606
0 0.613408 0.451898 0.038781 0.050209
0 0.201990 0.686105 0.041206 0.052598
0 0.477407 0.402713 0.027730 0.044646
0 0.473512 0.272477 0.022887 0.033879
0 0.470168 0.442420 0.026651 0.044249
0 0.188475 0.210834 0.025848 0.039461
0 0.842311 0.986812 0.040663 0.026376
0 0.182314 0.250938 0.024769 0.039064
0 0.108410 0.612699 0.037434 0.048216
0 0.540326 0.252993 0.047675 0.054978
0 0.124044 0.185436 0.043088 0.057784
0 0.436268 0.644336 0.028540 0.043446
0 0.921083 0.515090 0.039049 0.051805
0 0.463739 0.484118 0.024501 0.037468
0 0.162863 0.199717 0.028540 0.043446
0 0.169967 0.160809 0.025037 0.040660
0 0.426918 0.301095 0.039049 0.051805
0 0.429568 0.684240 0.030697 0.044240
0 0.483430 0.360018 0.028546 0.037458
0 0.725339 0.409184 0.037434 0.048216
0 0.607248 0.492000 0.037715 0.037836
0 0.947474 0.351085 0.038781 0.050209
0 0.473820 0.744585 0.026926 0.039858
0 0.501072 0.493615 0.047956 0.044598
0 0.236835 0.485383 0.041742 0.055791
0 0.306536 0.383916 0.039049 0.051805
0 0.523307 0.381636 0.044661 0.049077
0 0.532423 0.317115 0.046356 0.053145
0 0.555986 0.156306 0.046904 0.044362
0 0.526853 0.350290 0.047234 0.046325
0 0.551501 0.186433 0.046764 0.049551
0 0.130599 0.149801 0.041233 0.052759
0 0.546369 0.216999 0.047661 0.042843
0 0.536624 0.285272 0.044373 0.041334
0 0.638455 0.292483 0.040663 0.055394
0 0.588448 0.273238 0.041474 0.054195
0 0.255186 0.369263 0.039317 0.053401
0 0.312157 0.343615 0.039049 0.051805
0 0.269389 0.284665 0.042010 0.057388
0 0.198210 0.391519 0.042284 0.052995
0 0.776421 0.425434 0.040395 0.053798
0 0.142176 0.411580 0.040663 0.055394
0 0.325557 0.263806 0.039049 0.051805
0 0.653329 0.203895 0.041467 0.060183
0 0.763829 0.503845 0.038781 0.050209
0 0.346325 0.140102 0.041474 0.054195
0 0.104357 0.312928 0.039585 0.054998
0 0.204910 0.351615 0.040127 0.052201
0 0.732034 0.365889 0.040120 0.058189
0 0.318452 0.302714 0.037702 0.049813
0 0.249564 0.409564 0.038781 0.050209
0 0.582153 0.314139 0.040127 0.052201
0 0.212685 0.308717 0.040120 0.058189
0 0.604131 0.186643 0.042278 0.058983
0 0.687920 0.308138 0.037696 0.055801
0 0.229733 0.527681 0.039317 0.053401
0 0.757534 0.544746 0.038506 0.054601
0 0.155171 0.330775 0.039317 0.053401
0 0.595549 0.230940 0.039049 0.051805
0 0.702391 0.221944 0.042010 0.057388
0 0.262287 0.326964 0.039585 0.054998
0 0.801997 0.256045 0.042278 0.058983
0 0.407358 0.421007 0.038506 0.054601
0 0.781908 0.385931 0.037970 0.051408
0 0.434020 0.258797 0.042010 0.057388
0 0.490187 0.237938 0.039585 0.054998
0 0.695021 0.265839 0.039049 0.051805
0 0.788470 0.343434 0.039853 0.056594
0 0.706184 0.530092 0.038238 0.053005
0 0.796245 0.300535 0.040395 0.053798
