0 0.920526 0.392123 0.039354 0.049206
0 0.291075 0.511723 0.036824 0.043999
0 0.768423 0.327867 0.034506 0.042055
0 0.808253 0.540154 0.036824 0.043999
0 0.296964 0.429389 0.037825 0.042523
0 0.299711 0.386959 0.038037 0.045787
0 0.603524 0.512945 0.039248 0.047575
0 0.293217 0.470030 0.033823 0.048427
0 0.597581 0.596094 0.038142 0.047419
0 0.827097 0.206038 0.036246 0.052003
0 0.873482 0.299858 0.038248 0.049050
0 0.261304 0.169930 0.034140 0.053322
0 0.714137 0.364678 0.035824 0.045475
0 0.504618 0.454540 0.044095 0.054725
0 0.286292 0.594211 0.031400 0.044852
0 0.817819 0.375176 0.039037 0.044310
0 0.877494 0.255136 0.033929 0.050059
0 0.632129 0.889979 0.033400 0.041899
0 0.774418 0.243900 0.037508 0.037627
0 0.513705 0.314196 0.043461 0.044934
0 0.510084 0.378734 0.046462 0.040506
0 0.516932 0.247132 0.043672 0.048198
0 0.694833 0.895523 0.023023 0.033969
0 0.525036 0.147819 0.044355 0.041827
0 0.511486 0.348466 0.045250 0.038719
0 0.515212 0.282296 0.044038 0.036931
0 0.497187 0.741685 0.025341 0.035912
0 0.519087 0.213840 0.044912 0.033496
0 0.522232 0.182516 0.043556 0.046403
0 0.741919 0.780296 0.038248 0.049050
0 0.868040 0.383901 0.040354 0.047730
0 0.663864 0.356769 0.039037 0.044310
0 0.659080 0.439258 0.035824 0.045475
0 0.865898 0.425592 0.036930 0.045631
0 0.811983 0.456693 0.033717 0.046795
0 0.709961 0.446430 0.035824 0.045475
0 0.252351 0.299590 0.039143 0.045943
0 0.302195 0.348609 0.037931 0.044155
0 0.815178 0.415973 0.034612 0.043687
0 0.257740 0.216362 0.039354 0.049206
0 0.610184 0.392843 0.036718 0.042367
0 0.629329 0.933225 0.038354 0.050683
0 0.643125 0.685678 0.038037 0.045787
0 0.600223 0.555297 0.035718 0.043843
0 0.685202 0.854642 0.039354 0.049206
0 0.636859 0.808305 0.039354 0.049206
0 0.613484 0.350491 0.038459 0.052314
0 0.250763 0.341359 0.041460 0.047886
0 0.288540 0.550888 0.036824 0.043999
0 0.863310 0.465574 0.036824 0.043999
0 0.682632 0.937444 0.038776 0.057210
0 0.923327 0.348876 0.039248 0.047575
0 0.776929 0.196497 0.039882 0.057366
0 0.657545 0.480213 0.033400 0.041899
0 0.822497 0.294318 0.035824 0.045475
0 0.739118 0.823542 0.038142 0.047419
0 0.763534 0.411988 0.035718 0.043843
0 0.854297 0.630632 0.038354 0.050683
0 0.819249 0.335853 0.036824 0.043999
0 0.926232 0.303999 0.037141 0.048894
0 0.712154 0.403922 0.036930 0.045631
0 0.705335 0.526472 0.036930 0.045631
0 0.720844 0.278343 0.036035 0.048738
0 0.615284 0.305458 0.031505 0.046483
0 0.639001 0.766614 0.035718 0.043843
0 0.858527 0.548064 0.038248 0.049050
0 0.861274 0.505634 0.035824 0.045475
0 0.608754 0.432165 0.036930 0.045631
0 0.856439 0.588940 0.036930 0.045631
0 0.870181 0.342209 0.036930 0.045631
0 0.697858 0.650575 0.038248 0.049050
0 0.695663 0.693083 0.039143 0.045943
0 0.654403 0.520117 0.037035 0.047263
0 0.463541 0.287364 0.038142 0.047419
0 0.466841 0.245012 0.037035 0.047263
0 0.307848 0.261301 0.038459 0.052314
0 0.564747 0.301629 0.039248 0.047575
0 0.690433 0.773863 0.037035 0.047263
0 0.660722 0.396673 0.035824 0.045475
0 0.700553 0.608962 0.038142 0.047419
0 0.665400 0.315816 0.037247 0.050527
0 0.254993 0.258792 0.039354 0.049206
0 0.760893 0.452785 0.038142 0.047419
0 0.561947 0.344874 0.039354 0.049206
0 0.469247 0.199240 0.038565 0.053946
0 0.748685 0.658563 0.040354 0.047730
0 0.810342 0.499279 0.035929 0.047107
0 0.460899 0.328161 0.037931 0.044155
0 0.771064 0.287068 0.039354 0.049206
0 0.646979 0.643404 0.038248 0.049050
0 0.414461 0.235159 0.041094 0.059153
0 0.648619 0.600818 0.035824 0.045475
0 0.716831 0.323065 0.035929 0.047107
0 0.304942 0.306179 0.040354 0.047730
0 0.706871 0.485518 0.034718 0.045319
0 0.567152 0.255857 0.038565 0.053946
0 0.688450 0.813107 0.037931 0.044155
0 0.765675 0.370296 0.039354 0.049206
0 0.756215 0.533643 0.036930 0.045631
0 0.458811 0.369037 0.037035 0.047263
0 0.606113 0.472963 0.036930 0.045631
0 0.752090 0.614579 0.037035 0.047263
0 0.650550 0.562391 0.034612 0.043687
0 0.758804 0.493661 0.036824 0.043999
0 0.634560 0.852445 0.038037 0.045787
0 0.693075 0.733065 0.036824 0.043999
0 0.282439 0.636485 0.038248 0.049050
0 0.824638 0.252626 0.037035 0.047263
0 0.701588 0.567114 0.036930 0.045631
0 0.755180 0.575491 0.035718 0.043843
0 0.641643 0.725815 0.038142 0.047419
0 0.747149 0.699516 0.040354 0.047730
0 0.744007 0.739420 0.036930 0.045631
