0 0.675262 0.889737 0.032309 0.028769
0 0.742418 0.801779 0.036890 0.037262
0 0.879872 0.568902 0.038821 0.043750
0 0.670808 0.439194 0.036741 0.024945
0 0.792097 0.843334 0.036370 0.032561
0 0.370107 0.635958 0.035478 0.035475
0 0.343362 0.375586 0.035825 0.038610
0 0.300724 0.755475 0.037236 0.040396
0 0.126290 0.814839 0.037063 0.038829
0 0.614367 0.812643 0.025402 0.032154
0 0.484606 0.730537 0.024362 0.022752
0 0.469679 0.854111 0.025055 0.029020
0 0.494024 0.633948 0.022060 0.023881
0 0.882459 0.539803 0.036716 0.035695
0 0.633811 0.653921 0.023991 0.030368
0 0.468213 0.879925 0.027303 0.031784
0 0.651196 0.499100 0.021781 0.024876
0 0.648137 0.531160 0.023091 0.028933
0 0.644139 0.560064 0.020486 0.029624
0 0.640487 0.590237 0.020803 0.027007
0 0.638627 0.622700 0.021849 0.028345
0 0.677159 0.504299 0.020278 0.024993
0 0.673928 0.534938 0.017733 0.026463
0 0.512996 0.357934 0.031720 0.023441
0 0.507845 0.394807 0.033094 0.025989
0 0.497048 0.509854 0.036924 0.030431
0 0.493840 0.532828 0.033481 0.027839
0 0.491760 0.547526 0.033170 0.013835
0 0.501657 0.563091 0.023074 0.017470
0 0.501758 0.577816 0.026192 0.021079
0 0.480582 0.764414 0.023553 0.020919
0 0.487131 0.713410 0.020995 0.025228
0 0.491289 0.675802 0.023471 0.025667
0 0.492824 0.650510 0.020302 0.018960
0 0.683419 0.821681 0.037236 0.040396
0 0.253360 0.681577 0.034414 0.036824
0 0.348176 0.828589 0.037063 0.038829
0 0.325862 0.533853 0.033003 0.035037
0 0.237097 0.326402 0.039885 0.042401
0 0.697021 0.698673 0.039539 0.039268
0 0.565335 0.388553 0.038474 0.040615
0 0.413128 0.743436 0.034414 0.036824
0 0.620683 0.395962 0.037063 0.038829
0 0.453724 0.399134 0.037236 0.040396
0 0.247048 0.744367 0.038128 0.037482
0 0.595274 0.614340 0.036543 0.034128
0 0.556437 0.480442 0.035825 0.038610
0 0.402448 0.354900 0.036345 0.043311
0 0.205908 0.608463 0.034587 0.038391
0 0.694261 0.729338 0.038128 0.037482
0 0.243409 0.777274 0.035998 0.040177
0 0.584617 0.710711 0.039192 0.036133
0 0.587996 0.680155 0.036890 0.037262
0 0.599185 0.584677 0.038128 0.037482
0 0.191960 0.734606 0.037236 0.040396
0 0.417212 0.712206 0.035652 0.037043
0 0.690176 0.760569 0.036890 0.037262
0 0.198185 0.672600 0.035825 0.038610
0 0.213099 0.543432 0.034414 0.036824
0 0.311294 0.659888 0.036890 0.037262
0 0.570136 0.835961 0.038301 0.039049
0 0.226169 0.419529 0.035998 0.040177
0 0.263050 0.588231 0.035825 0.038610
0 0.432040 0.583821 0.036543 0.034128
0 0.421383 0.680192 0.037063 0.038829
0 0.202356 0.640587 0.036890 0.037262
0 0.188321 0.767513 0.036890 0.037262
0 0.567203 0.868195 0.036890 0.037262
0 0.622004 0.749289 0.029635 0.037513
0 0.766416 0.584749 0.034587 0.038391
0 0.144335 0.663059 0.039885 0.042401
0 0.616599 0.427193 0.035132 0.032342
0 0.634225 0.878472 0.024164 0.031935
0 0.551733 0.511562 0.035478 0.035475
0 0.394019 0.419711 0.037954 0.035914
0 0.834215 0.468146 0.035652 0.037043
0 0.376246 0.574735 0.033894 0.032123
0 0.631292 0.910705 0.028397 0.037294
0 0.568974 0.355646 0.035998 0.040177
0 0.458068 0.365553 0.038647 0.042182
0 0.387175 0.481607 0.038128 0.037482
0 0.390640 0.450268 0.038128 0.037482
0 0.127627 0.306208 0.036345 0.043311
0 0.817420 0.625739 0.034240 0.035256
0 0.779919 0.456929 0.038821 0.043750
0 0.820266 0.594290 0.033349 0.038171
0 0.215686 0.514333 0.035478 0.035475
0 0.321691 0.565868 0.032284 0.039519
0 0.872594 0.634716 0.040603 0.037920
0 0.488418 0.696063 0.021886 0.022313
0 0.290588 0.847145 0.034240 0.035256
0 0.836702 0.947898 0.038128 0.037482
0 0.332793 0.471173 0.033003 0.035037
0 0.281702 0.430967 0.038128 0.037482
0 0.462642 0.786480 0.035659 0.026136
0 0.500666 0.454024 0.037288 0.040866
0 0.515311 0.338708 0.037209 0.029176
0 0.461050 0.804020 0.034128 0.019428
0 0.293064 0.333921 0.037583 0.043530
0 0.438797 0.522708 0.034414 0.036824
0 0.573602 0.804622 0.038301 0.039049
0 0.402472 0.839807 0.033894 0.032123
0 0.355107 0.765909 0.037063 0.038829
0 0.846726 0.857247 0.037833 0.034818
0 0.513024 0.375370 0.035273 0.024839
0 0.842953 0.885656 0.038898 0.033469
0 0.157569 0.537668 0.035115 0.032185
0 0.726526 0.928377 0.040257 0.034786
0 0.480825 0.747602 0.025288 0.020151
0 0.399249 0.868953 0.036855 0.036949
0 0.505569 0.421101 0.037236 0.040396
0 0.576535 0.772388 0.039366 0.037701
0 0.608962 0.490547 0.037236 0.040396
0 0.335639 0.439724 0.037063 0.038829
0 0.729835 0.898447 0.038093 0.037168
0 0.853350 0.791636 0.036768 0.036165
0 0.782757 0.939219 0.039175 0.035977
0 0.849945 0.822427 0.037236 0.040396
0 0.856690 0.761424 0.036872 0.037105
0 0.351109 0.796356 0.037781 0.034347
0 0.298034 0.785514 0.037746 0.034034
0 0.380071 0.545855 0.035652 0.037043
0 0.606735 0.522107 0.034067 0.033689
0 0.363003 0.700204 0.038301 0.039049
0 0.270068 0.524767 0.035998 0.040177
0 0.304017 0.725701 0.036890 0.037262
0 0.231986 0.372629 0.039315 0.059200
0 0.651725 0.720205 0.023471 0.025667
0 0.124162 0.337548 0.035305 0.033909
0 0.796095 0.812886 0.038128 0.037482
0 0.758247 0.647210 0.037063 0.038829
0 0.769349 0.552516 0.032829 0.033470
0 0.129594 0.790660 0.038474 0.040615
0 0.839016 0.915555 0.038301 0.039049
0 0.869748 0.666167 0.036890 0.037262
0 0.810662 0.686853 0.037409 0.041963
0 0.800179 0.781657 0.036890 0.037262
0 0.089594 0.650165 0.035825 0.038610
0 0.672849 0.917269 0.037236 0.040396
0 0.714967 0.542082 0.029834 0.028330
0 0.737888 0.831332 0.039712 0.040835
0 0.784906 0.908364 0.039366 0.037701
0 0.339624 0.403683 0.034934 0.041524
0 0.147528 0.628475 0.038301 0.039049
0 0.831195 0.501163 0.034414 0.036824
0 0.318584 0.599668 0.035825 0.038610
0 0.179250 0.347308 0.034414 0.036824
0 0.744472 0.771787 0.036890 0.037262
0 0.424230 0.648742 0.035478 0.035475
0 0.161130 0.505465 0.036345 0.043311
0 0.314673 0.629331 0.036716 0.035695
0 0.140251 0.694290 0.037954 0.035914
0 0.611075 0.842416 0.025402 0.032154
0 0.807110 0.718977 0.039366 0.037701
0 0.644795 0.782885 0.023817 0.028800
0 0.629640 0.685935 0.025055 0.029020
0 0.636441 0.367600 0.026640 0.032373
0 0.690291 0.377141 0.025402 0.032154
0 0.070768 0.808996 0.038128 0.037482
0 0.704831 0.633751 0.035652 0.037043
0 0.865131 0.696503 0.039539 0.039268
0 0.548887 0.543012 0.034587 0.038391
0 0.813509 0.655403 0.033003 0.035037
0 0.277618 0.462196 0.039712 0.040835
0 0.641861 0.815118 0.022753 0.030149
0 0.092527 0.617932 0.037236 0.040396
0 0.747851 0.741229 0.037063 0.038829
0 0.701811 0.666768 0.036890 0.037262
0 0.080632 0.714083 0.034240 0.035256
0 0.862025 0.730304 0.038474 0.040615
0 0.665446 0.373537 0.027704 0.031026
0 0.752022 0.709216 0.035998 0.040177
0 0.274152 0.493537 0.036543 0.034128
0 0.827816 0.531719 0.037063 0.038829
0 0.788718 0.873890 0.040059 0.043969
0 0.544542 0.576593 0.033176 0.036604
0 0.120337 0.366427 0.037063 0.038829
0 0.328968 0.500053 0.034760 0.039957
0 0.602646 0.907227 0.025228 0.030587
0 0.107007 0.492681 0.035305 0.033909
0 0.095373 0.586482 0.038128 0.037482
0 0.137577 0.724172 0.039539 0.039268
0 0.773347 0.522068 0.034587 0.038391
0 0.754869 0.677766 0.039366 0.037701
0 0.655810 0.688974 0.025402 0.032154
0 0.169559 0.440655 0.035825 0.038610
0 0.618266 0.777386 0.024882 0.027453
0 0.446434 0.459355 0.035478 0.035475
0 0.803731 0.749533 0.039539 0.039268
0 0.666652 0.596631 0.023817 0.028800
0 0.182628 0.316752 0.034587 0.038391
0 0.239325 0.808505 0.034067 0.033689
0 0.607164 0.872080 0.023817 0.028800
0 0.150288 0.597810 0.036890 0.037262
0 0.558578 0.449665 0.035652 0.037043
0 0.659808 0.658527 0.024337 0.033501
0 0.256912 0.649454 0.034240 0.035256
0 0.674806 0.408748 0.037063 0.038829
0 0.823818 0.562166 0.035998 0.040177
0 0.885577 0.511597 0.039539 0.039268
0 0.664065 0.625730 0.022753 0.030149
0 0.078492 0.744859 0.036890 0.037262
0 0.085336 0.682963 0.037063 0.038829
0 0.734076 0.865807 0.037236 0.040396
0 0.668966 0.564288 0.023991 0.030368
0 0.688122 0.790561 0.036543 0.034128
0 0.427609 0.618186 0.036345 0.043311
0 0.708123 0.603978 0.035652 0.037043
0 0.288807 0.366719 0.035652 0.037043
0 0.624231 0.717729 0.026466 0.030807
0 0.134025 0.756296 0.039366 0.037701
0 0.776280 0.489836 0.035652 0.037043
0 0.116079 0.399225 0.035478 0.035475
0 0.293794 0.818155 0.037236 0.040396
0 0.374019 0.606294 0.037063 0.038829
0 0.112081 0.429672 0.034414 0.036824
0 0.722344 0.481078 0.034587 0.038391
0 0.285168 0.399626 0.035998 0.040177
0 0.180684 0.830868 0.037954 0.035914
0 0.875441 0.603266 0.039712 0.040835
0 0.667602 0.468183 0.038647 0.042182
0 0.648792 0.752437 0.025575 0.033721
0 0.358659 0.733785 0.034414 0.036824
0 0.365936 0.667971 0.039712 0.040835
0 0.074321 0.776873 0.038301 0.039049
0 0.398190 0.387698 0.036890 0.037262
0 0.763570 0.616198 0.035478 0.035475
0 0.166180 0.471211 0.038128 0.037482
0 0.409662 0.774777 0.034414 0.036824
0 0.718965 0.511634 0.034414 0.036824
0 0.450259 0.430474 0.036890 0.037262
0 0.638223 0.848024 0.025228 0.030587
0 0.347360 0.345140 0.036890 0.037262
0 0.098752 0.555925 0.035478 0.035475
0 0.561870 0.419893 0.035652 0.037043
0 0.613220 0.457749 0.033176 0.036604
0 0.344710 0.859930 0.036716 0.035695
0 0.194720 0.703940 0.035478 0.035475
0 0.153221 0.565576 0.038301 0.039049
0 0.171700 0.409878 0.035652 0.037043
0 0.103629 0.523237 0.038647 0.042182
0 0.442263 0.491368 0.032284 0.039519
0 0.259585 0.619571 0.035825 0.038610
0 0.890541 0.478126 0.037583 0.043530
0 0.184150 0.799528 0.035825 0.038610
0 0.175784 0.378648 0.036890 0.037262
0 0.726242 0.445821 0.039712 0.040835
0 0.223322 0.450979 0.036890 0.037262
0 0.109854 0.461231 0.034414 0.036824
0 0.236032 0.838277 0.037236 0.040396
0 0.563651 0.900318 0.039539 0.039268
0 0.581325 0.740483 0.039539 0.039268
0 0.308361 0.692121 0.038301 0.039049
0 0.383709 0.512948 0.038128 0.037482
0 0.602564 0.554120 0.038301 0.039049
0 0.209547 0.575556 0.034587 0.038391
0 0.266603 0.556107 0.035652 0.037043
0 0.591548 0.648031 0.037409 0.041963
0 0.405937 0.808467 0.037409 0.041963
0 0.679434 0.857723 0.037236 0.040396
0 0.712207 0.572748 0.037236 0.040396
0 0.219770 0.483103 0.037063 0.038829
0 0.435864 0.554942 0.035825 0.038610
0 0.249894 0.712917 0.037236 0.040396
