0 0.645091 0.278228 0.037199 0.047397
0 0.457026 0.671101 0.036152 0.048949
0 0.646111 0.319395 0.035837 0.040724
0 0.489545 0.183236 0.044648 0.039826
0 0.488191 0.147872 0.049023 0.038554
0 0.642931 0.236332 0.035774 0.039080
0 0.797619 0.221666 0.034665 0.038986
0 0.801321 0.303859 0.037867 0.035977
0 0.495167 0.315596 0.043602 0.041377
0 0.491017 0.250766 0.044648 0.039826
0 0.498795 0.381295 0.045569 0.034985
0 0.490898 0.218600 0.046679 0.035078
0 0.750418 0.311443 0.035648 0.035790
0 0.504064 0.533485 0.033555 0.038893
0 0.497661 0.351688 0.043350 0.034798
0 0.525195 0.751170 0.023068 0.024894
0 0.595730 0.326110 0.034790 0.042276
0 0.493417 0.284392 0.042241 0.034705
0 0.502585 0.494833 0.040400 0.044387
0 0.559543 0.660000 0.034979 0.047210
0 0.648302 0.362113 0.037199 0.047397
0 0.802341 0.345025 0.037262 0.049042
0 0.500948 0.452067 0.042745 0.047863
0 0.696057 0.272290 0.035105 0.050500
0 0.748322 0.271192 0.032635 0.043734
0 0.640122 0.192016 0.036403 0.055527
0 0.523853 0.730657 0.024240 0.026633
0 0.903934 0.295224 0.036506 0.029304
0 0.455848 0.625822 0.035105 0.050500
0 0.556671 0.614038 0.035105 0.050500
0 0.594125 0.284167 0.032635 0.043734
0 0.443847 0.341366 0.037199 0.047397
0 0.746591 0.225960 0.037262 0.049042
0 0.899614 0.211433 0.039480 0.049229
0 0.710250 0.599465 0.036214 0.050593
0 0.697883 0.319989 0.037325 0.050686
0 0.901932 0.257441 0.033807 0.045472
0 0.443194 0.295217 0.032761 0.047023
0 0.592425 0.239758 0.034979 0.047210
0 0.541337 0.286135 0.036152 0.048949
0 0.713646 0.644556 0.039354 0.045939
0 0.851922 0.302901 0.037136 0.045752
0 0.717348 0.726750 0.038371 0.049135
0 0.850222 0.258492 0.035168 0.052144
0 0.714696 0.686545 0.035963 0.044014
0 0.543592 0.330497 0.032698 0.045379
0 0.798670 0.263655 0.038308 0.047490
0 0.795333 0.176480 0.036466 0.057172
