0 0.136683 0.212282 0.037084 0.045165
0 0.500750 0.344624 0.042515 0.032287
0 0.501585 0.374050 0.043657 0.035600
0 0.499548 0.276303 0.043609 0.030501
0 0.858669 0.238418 0.035786 0.025407
0 0.499421 0.145536 0.043625 0.032146
0 0.501947 0.529567 0.032530 0.033561
0 0.498621 0.178451 0.045879 0.035481
0 0.498933 0.211343 0.045816 0.028904
0 0.913635 0.527602 0.029260 0.040070
0 0.499244 0.244234 0.043718 0.042013
0 0.601710 0.327642 0.033719 0.041806
0 0.910030 0.322887 0.034799 0.038540
0 0.500415 0.309184 0.042623 0.043635
0 0.550366 0.244818 0.032546 0.035204
0 0.240967 0.252885 0.033719 0.041806
0 0.084871 0.256125 0.034799 0.038540
0 0.293185 0.251801 0.033688 0.038517
0 0.755615 0.327737 0.034830 0.041829
0 0.652667 0.369352 0.034830 0.041829
0 0.652269 0.327415 0.034846 0.043474
0 0.805888 0.238692 0.034877 0.046763
0 0.292200 0.206587 0.034939 0.053342
0 0.344004 0.161921 0.034861 0.045118
0 0.241372 0.295644 0.035973 0.045142
0 0.602108 0.369579 0.033735 0.043451
0 0.602513 0.412338 0.033735 0.043451
0 0.600361 0.243780 0.034892 0.048407
0 0.911595 0.488167 0.037037 0.040231
0 0.500620 0.448173 0.040386 0.041944
0 0.449693 0.292142 0.034846 0.043474
0 0.345259 0.294309 0.032624 0.043428
0 0.396920 0.293237 0.035958 0.043497
0 0.085276 0.298884 0.037115 0.048453
0 0.448693 0.245283 0.033782 0.048384
0 0.395666 0.160849 0.038226 0.048476
0 0.651744 0.154712 0.034846 0.043474
0 0.911371 0.405927 0.035926 0.040208
0 0.394976 0.205276 0.035942 0.041852
0 0.909235 0.239014 0.034830 0.041829
0 0.703765 0.367469 0.037068 0.043520
0 0.137351 0.165389 0.037100 0.046809
0 0.188187 0.253158 0.034815 0.040185
0 0.652516 0.412122 0.035942 0.041852
0 0.911206 0.447052 0.037068 0.043520
0 0.344433 0.207147 0.034846 0.043474
0 0.293582 0.293738 0.035989 0.046786
0 0.704058 0.281105 0.034861 0.045118
0 0.703908 0.323876 0.035973 0.045142
0 0.753679 0.240598 0.037084 0.045165
0 0.188473 0.165972 0.037100 0.046809
0 0.857955 0.280378 0.036020 0.050075
0 0.084999 0.210888 0.036051 0.053365
0 0.137524 0.301089 0.034861 0.045118
0 0.652443 0.287111 0.035942 0.041852
0 0.501033 0.491754 0.038179 0.043543
0 0.652030 0.243531 0.035958 0.043497
0 0.651070 0.200782 0.034846 0.043474
0 0.189163 0.297549 0.035989 0.046786
0 0.909377 0.195421 0.035989 0.046786
0 0.601337 0.288172 0.035942 0.041852
0 0.550223 0.288411 0.035989 0.046786
0 0.806316 0.283917 0.034861 0.045118
0 0.755210 0.284978 0.034861 0.045118
0 0.548842 0.201260 0.034939 0.053342
0 0.755458 0.369685 0.035958 0.043497
0 0.910411 0.363180 0.037068 0.043520
0 0.753838 0.198649 0.035958 0.043497
0 0.857145 0.194861 0.036051 0.053365
0 0.908941 0.149373 0.038210 0.046833
0 0.753956 0.152590 0.037100 0.046809
0 0.188353 0.212032 0.035958 0.043497
0 0.909640 0.281773 0.037084 0.045165
0 0.137660 0.256674 0.038195 0.045188
0 0.345402 0.250717 0.035973 0.045142
0 0.396508 0.249656 0.038195 0.045188
