0 0.900556 0.657331 0.023333 0.029654
0 0.502778 0.374465 0.047778 0.038550
0 0.501667 0.277348 0.045556 0.034102
0 0.502222 0.342586 0.044444 0.026194
0 0.501667 0.207578 0.047778 0.029654
0 0.566667 0.869852 0.024444 0.032949
0 0.513889 0.744646 0.021111 0.032949
0 0.295000 0.702636 0.034444 0.044481
0 0.876111 0.784185 0.023333 0.036244
0 0.098889 0.747941 0.022222 0.036244
0 0.098889 0.788303 0.024444 0.037891
0 0.140000 0.367381 0.035556 0.042834
0 0.567222 0.911862 0.023333 0.028007
0 0.308889 0.869852 0.024444 0.036244
0 0.500556 0.241351 0.045556 0.041186
0 0.900000 0.700165 0.024444 0.036244
0 0.501111 0.140033 0.048889 0.036244
0 0.927222 0.700165 0.023333 0.032949
0 0.500556 0.174629 0.045556 0.039539
0 0.502222 0.308072 0.044444 0.039539
0 0.616667 0.621087 0.024444 0.036244
0 0.901111 0.742998 0.022222 0.032949
0 0.927222 0.658979 0.023333 0.032949
0 0.900556 0.618616 0.023333 0.034596
0 0.873889 0.411862 0.021111 0.032949
0 0.926111 0.616969 0.021111 0.031301
0 0.565556 0.785832 0.022222 0.036244
0 0.927222 0.742175 0.023333 0.034596
0 0.927222 0.783361 0.025556 0.037891
0 0.540556 0.743822 0.021111 0.034596
0 0.876111 0.745470 0.023333 0.031301
0 0.541111 0.910214 0.022222 0.034596
0 0.849444 0.745470 0.021111 0.034596
0 0.900000 0.410214 0.020000 0.032949
0 0.926111 0.576606 0.023333 0.032949
0 0.873333 0.535420 0.024444 0.036244
0 0.925000 0.411862 0.023333 0.032949
0 0.925556 0.532949 0.024444 0.031301
0 0.901111 0.575783 0.022222 0.034596
0 0.501111 0.530478 0.031111 0.036244
0 0.541111 0.870675 0.022222 0.031301
0 0.566111 0.745470 0.021111 0.034596
0 0.540000 0.785832 0.024444 0.032949
0 0.191111 0.242175 0.035556 0.032949
0 0.873889 0.451400 0.023333 0.036244
0 0.563889 0.410214 0.023333 0.032949
0 0.900556 0.451400 0.021111 0.036244
0 0.564444 0.535420 0.024444 0.039539
0 0.668333 0.412685 0.021111 0.031301
0 0.462778 0.282537 0.021111 0.037891
0 0.924444 0.451400 0.022222 0.032949
0 0.926111 0.492586 0.023333 0.036244
0 0.900556 0.491763 0.021111 0.031301
0 0.437778 0.283361 0.022222 0.036244
0 0.616111 0.411862 0.021111 0.032949
0 0.551111 0.704283 0.037778 0.041186
0 0.307778 0.783361 0.022222 0.034596
0 0.397778 0.327842 0.035556 0.036244
0 0.282222 0.785832 0.024444 0.036244
0 0.308333 0.828666 0.023333 0.036244
0 0.901111 0.532949 0.022222 0.034596
0 0.667778 0.452224 0.022222 0.034596
0 0.138889 0.324547 0.035556 0.039539
0 0.282222 0.827842 0.022222 0.034596
0 0.346667 0.663097 0.035556 0.037891
0 0.566667 0.830313 0.024444 0.036244
0 0.540556 0.831137 0.023333 0.034596
0 0.591111 0.578254 0.022222 0.032949
0 0.591111 0.452224 0.022222 0.031301
0 0.874444 0.491763 0.024444 0.034596
0 0.849444 0.491763 0.021111 0.034596
0 0.849444 0.411038 0.023333 0.034596
0 0.643333 0.453048 0.022222 0.032949
0 0.861111 0.700988 0.035556 0.044481
0 0.191667 0.281713 0.036667 0.039539
0 0.591111 0.410214 0.022222 0.036244
0 0.282222 0.744646 0.022222 0.032949
0 0.706111 0.615321 0.034444 0.044481
0 0.307778 0.746293 0.022222 0.032949
0 0.086667 0.662273 0.037778 0.039539
0 0.861111 0.615321 0.033333 0.044481
0 0.912222 0.369852 0.037778 0.041186
0 0.140000 0.285008 0.033333 0.042834
0 0.848889 0.451400 0.022222 0.036244
0 0.642778 0.411038 0.023333 0.037891
0 0.911111 0.327842 0.035556 0.042834
0 0.086667 0.284185 0.035556 0.047776
0 0.592778 0.538715 0.023333 0.032949
0 0.086111 0.703460 0.038889 0.046129
0 0.190556 0.196046 0.034444 0.056013
0 0.086667 0.327018 0.035556 0.041186
0 0.086667 0.617792 0.037778 0.049423
0 0.656111 0.662273 0.034444 0.039539
0 0.757778 0.368204 0.035556 0.041186
0 0.397778 0.369028 0.035556 0.046129
0 0.807778 0.242998 0.033333 0.041186
0 0.860556 0.658979 0.034444 0.042834
0 0.295000 0.663097 0.034444 0.037891
0 0.706111 0.705107 0.034444 0.046129
0 0.565000 0.453871 0.023333 0.037891
0 0.615556 0.495881 0.022222 0.032949
0 0.617222 0.579077 0.023333 0.037891
0 0.397778 0.618616 0.033333 0.044481
0 0.396667 0.705931 0.033333 0.044481
0 0.808333 0.196870 0.034444 0.051071
0 0.346111 0.702636 0.036667 0.044481
0 0.448889 0.662273 0.031111 0.039539
0 0.655000 0.327018 0.032222 0.041186
0 0.591667 0.494234 0.023333 0.036244
0 0.293889 0.616969 0.034444 0.051071
0 0.655556 0.703460 0.035556 0.046129
0 0.808333 0.285832 0.032222 0.041186
0 0.501111 0.446458 0.042222 0.042834
0 0.706667 0.659802 0.033333 0.044481
0 0.911667 0.283361 0.036667 0.046129
0 0.397778 0.661450 0.033333 0.044481
0 0.757778 0.325371 0.035556 0.044481
0 0.293889 0.369852 0.034444 0.041186
0 0.655000 0.618616 0.034444 0.047776
0 0.295000 0.282537 0.034444 0.044481
0 0.242778 0.704283 0.036667 0.044481
0 0.552778 0.617792 0.034444 0.046129
0 0.086667 0.369028 0.037778 0.046129
0 0.859444 0.371499 0.034444 0.041186
0 0.242222 0.282537 0.033333 0.044481
0 0.616667 0.453048 0.022222 0.032949
0 0.705556 0.368204 0.035556 0.051071
0 0.191111 0.325371 0.037778 0.044481
0 0.809444 0.327018 0.036667 0.044481
0 0.552778 0.663921 0.034444 0.042834
0 0.705000 0.285832 0.034444 0.047776
0 0.860556 0.284185 0.034444 0.044481
0 0.449444 0.706755 0.036667 0.046129
0 0.242778 0.661450 0.034444 0.041186
0 0.346667 0.372323 0.035556 0.042834
0 0.346111 0.617792 0.034444 0.049423
0 0.501111 0.490939 0.037778 0.042834
0 0.655000 0.282537 0.034444 0.047776
0 0.449444 0.616969 0.034444 0.047776
0 0.757778 0.285832 0.031111 0.041186
0 0.139444 0.240527 0.034444 0.046129
0 0.603889 0.369028 0.034444 0.042834
0 0.552778 0.328666 0.034444 0.037891
0 0.346111 0.282537 0.034444 0.044481
0 0.655000 0.369028 0.034444 0.046129
0 0.242778 0.616145 0.036667 0.049423
0 0.603889 0.283361 0.034444 0.042834
0 0.346111 0.327018 0.034444 0.044481
0 0.860000 0.327842 0.035556 0.042834
0 0.293889 0.326194 0.034444 0.042834
0 0.553333 0.369852 0.035556 0.044481
0 0.552778 0.284185 0.034444 0.047776
0 0.242222 0.326194 0.033333 0.042834
0 0.604444 0.327018 0.035556 0.041186
0 0.397778 0.283361 0.035556 0.049423
0 0.241667 0.369028 0.036667 0.046129
0 0.757222 0.241351 0.034444 0.047776
