0 0.756111 0.186985 0.038889 0.047776
0 0.910556 0.190280 0.036667 0.044481
0 0.295000 0.144152 0.036667 0.047776
0 0.451111 0.278418 0.033333 0.039539
0 0.758889 0.827842 0.035556 0.041186
0 0.758889 0.783361 0.035556 0.044481
0 0.653333 0.144975 0.035556 0.049423
0 0.192222 0.239703 0.035556 0.044481
0 0.810000 0.864909 0.035556 0.042834
0 0.400000 0.408567 0.035556 0.042834
0 0.757222 0.233937 0.034444 0.046129
0 0.705556 0.361614 0.035556 0.044481
0 0.707778 0.656507 0.035556 0.041186
0 0.399444 0.488468 0.032222 0.044481
0 0.604444 0.489292 0.033333 0.042834
0 0.703889 0.189456 0.032222 0.049423
0 0.654444 0.191928 0.033333 0.041186
0 0.706111 0.320428 0.034444 0.041186
0 0.398333 0.280890 0.034444 0.041186
0 0.706667 0.446458 0.033333 0.039539
0 0.604444 0.448929 0.033333 0.041186
0 0.706667 0.487644 0.035556 0.046129
0 0.398333 0.192751 0.036667 0.046129
0 0.860000 0.404448 0.035556 0.044481
0 0.808889 0.364086 0.033333 0.042834
0 0.857778 0.319605 0.033333 0.042834
0 0.807778 0.279242 0.033333 0.041186
0 0.707778 0.614498 0.035556 0.042834
0 0.707222 0.531301 0.034444 0.044481
0 0.451667 0.364909 0.034444 0.041186
0 0.757778 0.444811 0.033333 0.042834
0 0.810000 0.740527 0.035556 0.041186
0 0.296111 0.191104 0.034444 0.042834
0 0.758889 0.657331 0.035556 0.042834
0 0.758889 0.615321 0.035556 0.041186
0 0.296667 0.235585 0.033333 0.046129
0 0.552222 0.280066 0.033333 0.046129
0 0.398889 0.143328 0.037778 0.052718
0 0.603889 0.191928 0.034444 0.041186
0 0.192778 0.189456 0.036667 0.052718
0 0.603889 0.280066 0.034444 0.042834
0 0.758889 0.486820 0.033333 0.041186
0 0.809444 0.784185 0.036667 0.042834
0 0.243889 0.190280 0.032222 0.044481
0 0.243889 0.235585 0.034444 0.042834
0 0.553333 0.144152 0.035556 0.047776
0 0.706111 0.405272 0.032222 0.042834
0 0.502222 0.441516 0.042222 0.046129
0 0.604444 0.322076 0.035556 0.041186
0 0.758889 0.742175 0.035556 0.041186
0 0.654444 0.277595 0.033333 0.037891
0 0.347778 0.324547 0.033333 0.049423
0 0.451667 0.320428 0.034444 0.044481
0 0.347778 0.190280 0.033333 0.044481
0 0.707778 0.699341 0.035556 0.044481
0 0.859444 0.446458 0.036667 0.042834
0 0.243889 0.278418 0.034444 0.042834
0 0.757222 0.318781 0.034444 0.044481
0 0.808333 0.406096 0.034444 0.041186
0 0.808889 0.322076 0.033333 0.041186
0 0.858333 0.238056 0.034444 0.041186
0 0.807778 0.235585 0.033333 0.042834
0 0.450556 0.191104 0.034444 0.049423
0 0.758889 0.528007 0.033333 0.041186
0 0.450556 0.237232 0.034444 0.039539
0 0.858889 0.361614 0.033333 0.041186
0 0.758333 0.699341 0.036667 0.041186
0 0.757778 0.363262 0.035556 0.044481
0 0.810000 0.655684 0.035556 0.046129
0 0.858333 0.191104 0.034444 0.052718
0 0.347222 0.280066 0.032222 0.039539
0 0.398889 0.238056 0.035556 0.044481
0 0.603333 0.144152 0.035556 0.051071
0 0.347778 0.237232 0.031111 0.042834
0 0.655000 0.405272 0.034444 0.042834
0 0.552222 0.233937 0.035556 0.046129
0 0.603889 0.406096 0.034444 0.044481
0 0.808333 0.190280 0.034444 0.047776
0 0.603889 0.362438 0.034444 0.042834
0 0.654444 0.235585 0.033333 0.046129
0 0.603889 0.234761 0.036667 0.047776
0 0.552222 0.191104 0.033333 0.042834
0 0.503144 0.366474 0.044444 0.033608
0 0.503333 0.337479 0.042222 0.029160
0 0.514444 0.750412 0.026667 0.024712
0 0.515000 0.726524 0.027778 0.026359
0 0.911667 0.574135 0.034444 0.044481
0 0.502222 0.483526 0.040000 0.031301
0 0.398889 0.829489 0.033333 0.041186
0 0.655556 0.320428 0.033333 0.047776
0 0.398889 0.869028 0.033333 0.044481
0 0.089444 0.278418 0.034444 0.036244
0 0.399444 0.702636 0.034444 0.034596
0 0.912222 0.613674 0.035556 0.041186
0 0.400000 0.789127 0.035556 0.042834
0 0.088333 0.364909 0.038889 0.044481
0 0.088333 0.317957 0.036667 0.042834
0 0.503333 0.200988 0.044444 0.026359
0 0.912222 0.658155 0.035556 0.044481
0 0.192222 0.490939 0.035556 0.039539
0 0.860000 0.740527 0.035556 0.041186
0 0.810000 0.700165 0.035556 0.042834
0 0.911111 0.322076 0.035556 0.044481
0 0.859444 0.486820 0.034444 0.041186
0 0.450000 0.406919 0.033333 0.039539
0 0.707222 0.782537 0.034444 0.046129
0 0.911111 0.277595 0.035556 0.041186
0 0.243333 0.787479 0.035556 0.042834
0 0.243333 0.405272 0.033333 0.042834
0 0.756111 0.276771 0.034444 0.039539
0 0.141667 0.281713 0.034444 0.042834
0 0.758889 0.571664 0.035556 0.046129
0 0.705000 0.279242 0.034444 0.041186
0 0.504444 0.302306 0.042222 0.041186
0 0.808889 0.490939 0.033333 0.042834
0 0.243889 0.446458 0.034444 0.042834
0 0.860000 0.529654 0.035556 0.044481
0 0.860000 0.782537 0.035556 0.042834
0 0.911111 0.234761 0.033333 0.044481
0 0.243333 0.318781 0.033333 0.041186
0 0.295000 0.278418 0.032222 0.039539
0 0.502778 0.233937 0.043333 0.039539
0 0.450000 0.143328 0.033333 0.046129
0 0.400000 0.575783 0.037778 0.044481
0 0.604444 0.530478 0.035556 0.039539
0 0.244444 0.144975 0.035556 0.046129
0 0.399444 0.743822 0.036667 0.044481
0 0.808333 0.448105 0.034444 0.042834
0 0.243889 0.743822 0.038889 0.044481
0 0.243889 0.658979 0.036667 0.042834
0 0.191667 0.322076 0.034444 0.041186
0 0.243333 0.359967 0.033333 0.044481
0 0.243889 0.532125 0.034444 0.042834
0 0.399444 0.531301 0.036667 0.041186
0 0.244444 0.573311 0.035556 0.042834
0 0.704444 0.238880 0.033333 0.042834
0 0.655000 0.363262 0.034444 0.037891
0 0.707222 0.574135 0.034444 0.041186
0 0.758333 0.404448 0.032222 0.037891
0 0.912222 0.532949 0.035556 0.041186
0 0.090000 0.144152 0.035556 0.044481
0 0.089444 0.447282 0.034444 0.037891
0 0.088889 0.237232 0.037778 0.042834
0 0.089444 0.191104 0.036667 0.049423
0 0.912222 0.742175 0.037778 0.044481
0 0.090556 0.407743 0.038889 0.041186
0 0.911111 0.360791 0.035556 0.036244
0 0.759444 0.869852 0.036667 0.042834
0 0.912778 0.697694 0.036667 0.044481
0 0.398889 0.914333 0.035556 0.046129
0 0.243889 0.914333 0.036667 0.042834
0 0.913333 0.784185 0.037778 0.039539
0 0.910556 0.446458 0.034444 0.036244
0 0.860000 0.824547 0.033333 0.037891
0 0.502778 0.132619 0.045556 0.037891
0 0.502778 0.168040 0.043333 0.036244
0 0.399444 0.616145 0.036667 0.039539
0 0.861111 0.572488 0.035556 0.041186
0 0.400000 0.365733 0.035556 0.042834
0 0.141111 0.144152 0.037778 0.047776
0 0.913333 0.869028 0.037778 0.041186
0 0.604444 0.657331 0.033333 0.042834
0 0.089444 0.491763 0.036667 0.044481
0 0.707222 0.911862 0.036667 0.044481
0 0.502778 0.269357 0.043333 0.031301
0 0.913889 0.826194 0.036667 0.044481
0 0.912778 0.912685 0.038889 0.046129
0 0.604444 0.570016 0.035556 0.039539
0 0.604444 0.699341 0.035556 0.044481
0 0.243333 0.869852 0.037778 0.042834
0 0.604444 0.740527 0.035556 0.044481
0 0.911111 0.404448 0.035556 0.051071
0 0.243889 0.828666 0.034444 0.039539
0 0.192222 0.450577 0.035556 0.041186
0 0.758889 0.913509 0.035556 0.044481
0 0.191667 0.533773 0.034444 0.042834
0 0.808889 0.912685 0.035556 0.049423
0 0.399444 0.447282 0.034444 0.037891
0 0.860556 0.911862 0.036667 0.047776
0 0.911667 0.487644 0.036667 0.046129
0 0.398333 0.323723 0.032222 0.041186
0 0.707222 0.868204 0.034444 0.042834
0 0.141111 0.238056 0.035556 0.044481
0 0.398889 0.661450 0.035556 0.047776
0 0.706667 0.740527 0.033333 0.041186
0 0.860556 0.699341 0.034444 0.037891
0 0.860000 0.615321 0.035556 0.044481
0 0.141111 0.191928 0.037778 0.044481
0 0.192222 0.361614 0.035556 0.041186
0 0.809444 0.570840 0.036667 0.044481
0 0.192778 0.406919 0.036667 0.046129
0 0.243333 0.700988 0.035556 0.041186
0 0.708333 0.826194 0.034444 0.041186
0 0.810000 0.824547 0.033333 0.037891
0 0.860000 0.657331 0.033333 0.042834
0 0.910000 0.143328 0.035556 0.049423
0 0.860556 0.864909 0.036667 0.042834
0 0.809444 0.531301 0.034444 0.041186
0 0.243889 0.615321 0.034444 0.041186
0 0.243889 0.489292 0.034444 0.042834
0 0.605000 0.612850 0.036667 0.046129
0 0.191667 0.281713 0.034444 0.039539
0 0.809444 0.613674 0.034444 0.041186
0 0.858333 0.279242 0.032222 0.037891
