0 0.397778 0.415842 0.033333 0.042904
0 0.913333 0.579208 0.037778 0.033003
0 0.346667 0.663366 0.035556 0.023102
0 0.295000 0.332508 0.032222 0.041254
0 0.503889 0.345710 0.041111 0.031353
0 0.502222 0.181518 0.042222 0.033003
0 0.912778 0.540429 0.036667 0.044554
0 0.501667 0.212046 0.047778 0.028053
0 0.450556 0.830033 0.034444 0.036304
0 0.502778 0.500000 0.038889 0.036304
0 0.502222 0.147690 0.044444 0.034653
0 0.502778 0.279703 0.041111 0.031353
0 0.911667 0.498350 0.034444 0.039604
0 0.450000 0.868812 0.035556 0.044554
0 0.191111 0.500000 0.035556 0.042904
0 0.705556 0.333333 0.033333 0.046205
0 0.140000 0.287954 0.033333 0.037954
0 0.503889 0.312706 0.041111 0.034653
0 0.089444 0.200495 0.034444 0.044554
0 0.397778 0.455446 0.033333 0.029703
0 0.566111 0.415017 0.025556 0.037954
0 0.604444 0.788779 0.033333 0.039604
0 0.191667 0.328383 0.034444 0.039604
0 0.191667 0.288779 0.034444 0.042904
0 0.912222 0.419142 0.033333 0.036304
0 0.541667 0.154290 0.023333 0.037954
0 0.450000 0.914191 0.035556 0.046205
0 0.397778 0.332508 0.033333 0.037954
0 0.603333 0.748350 0.031111 0.041254
0 0.242778 0.705446 0.034444 0.041254
0 0.192222 0.245050 0.033333 0.044554
0 0.449444 0.788779 0.034444 0.042904
0 0.503333 0.377888 0.044444 0.036304
0 0.706111 0.160066 0.034444 0.046205
0 0.190556 0.538779 0.036667 0.041254
0 0.911111 0.334983 0.033333 0.039604
0 0.140556 0.245875 0.034444 0.046205
0 0.655556 0.376238 0.033333 0.042904
0 0.605000 0.830858 0.034444 0.044554
0 0.705556 0.374587 0.033333 0.039604
0 0.605000 0.873762 0.034444 0.041254
0 0.541111 0.372112 0.020000 0.037954
0 0.191667 0.579208 0.036667 0.039604
0 0.502778 0.245875 0.043333 0.039604
0 0.603889 0.707096 0.034444 0.044554
0 0.542222 0.202970 0.024444 0.036304
0 0.141667 0.202145 0.032222 0.041254
0 0.911111 0.249175 0.033333 0.039604
0 0.243333 0.663366 0.033333 0.042904
0 0.603333 0.581683 0.033333 0.037954
0 0.448889 0.746700 0.033333 0.041254
0 0.347778 0.869637 0.035556 0.039604
0 0.912222 0.458746 0.033333 0.042904
0 0.243889 0.456271 0.032222 0.037954
0 0.191111 0.620462 0.035556 0.042904
0 0.089444 0.289604 0.036667 0.044554
0 0.346667 0.292079 0.033333 0.042904
0 0.566111 0.332508 0.023333 0.034653
0 0.604444 0.664191 0.035556 0.041254
0 0.348333 0.829208 0.034444 0.041254
0 0.243333 0.495050 0.035556 0.039604
0 0.090000 0.244224 0.035556 0.042904
0 0.243333 0.620462 0.035556 0.042904
0 0.294444 0.288779 0.031111 0.042904
0 0.604444 0.622937 0.035556 0.044554
0 0.858889 0.334158 0.033333 0.041254
0 0.655000 0.333333 0.034444 0.046205
0 0.541667 0.246700 0.023333 0.034653
0 0.808333 0.338284 0.032222 0.042904
0 0.243333 0.535479 0.035556 0.044554
0 0.347778 0.789604 0.033333 0.037954
0 0.858889 0.248350 0.033333 0.047855
0 0.911667 0.292904 0.034444 0.044554
0 0.757778 0.333333 0.035556 0.042904
0 0.449444 0.704620 0.032222 0.042904
0 0.192778 0.156766 0.036667 0.046205
0 0.911667 0.206271 0.034444 0.046205
0 0.705556 0.292079 0.035556 0.042904
0 0.141667 0.155941 0.034444 0.047855
0 0.808333 0.380363 0.032222 0.041254
0 0.808889 0.160891 0.035556 0.051155
0 0.140556 0.372937 0.032222 0.039604
0 0.190556 0.667492 0.034444 0.047855
0 0.243333 0.746700 0.037778 0.044554
0 0.347222 0.246700 0.034444 0.044554
0 0.191667 0.202970 0.034444 0.042904
0 0.705000 0.248350 0.034444 0.041254
0 0.139444 0.413366 0.034444 0.044554
0 0.346667 0.372112 0.033333 0.037954
0 0.705556 0.206271 0.035556 0.042904
0 0.566111 0.288779 0.023333 0.039604
0 0.605000 0.915842 0.036667 0.042904
0 0.449444 0.665017 0.032222 0.039604
0 0.655000 0.419142 0.032222 0.042904
0 0.191667 0.413366 0.034444 0.041254
0 0.858889 0.292904 0.033333 0.041254
0 0.706667 0.415842 0.033333 0.042904
0 0.604444 0.499175 0.035556 0.041254
0 0.295000 0.373762 0.032222 0.037954
0 0.911667 0.159241 0.036667 0.047855
0 0.808333 0.249175 0.034444 0.042904
0 0.140556 0.329208 0.036667 0.044554
0 0.243333 0.579208 0.035556 0.042904
0 0.398333 0.495050 0.034444 0.046205
0 0.541111 0.289604 0.022222 0.034653
0 0.757778 0.375413 0.035556 0.044554
0 0.566111 0.374587 0.023333 0.033003
0 0.450000 0.159241 0.033333 0.047855
0 0.347222 0.915017 0.036667 0.047855
0 0.604444 0.335809 0.033333 0.041254
0 0.553333 0.538779 0.033333 0.041254
0 0.243889 0.157591 0.034444 0.047855
0 0.541111 0.330033 0.022222 0.036304
0 0.808333 0.207096 0.034444 0.041254
0 0.756667 0.288779 0.035556 0.046205
0 0.090000 0.154290 0.035556 0.047855
0 0.242222 0.289604 0.033333 0.041254
0 0.604444 0.160066 0.035556 0.049505
0 0.294444 0.415842 0.033333 0.046205
0 0.397778 0.542904 0.033333 0.046205
0 0.911667 0.377063 0.034444 0.044554
0 0.346667 0.538779 0.035556 0.037954
0 0.449444 0.497525 0.034444 0.037954
0 0.604444 0.541254 0.037778 0.042904
0 0.243333 0.371287 0.035556 0.042904
0 0.654444 0.292079 0.033333 0.039604
0 0.449444 0.538779 0.034444 0.044554
0 0.243889 0.203795 0.034444 0.044554
0 0.553889 0.623762 0.034444 0.042904
0 0.242222 0.330033 0.035556 0.042904
0 0.347222 0.203795 0.034444 0.041254
0 0.347222 0.702970 0.032222 0.046205
0 0.243333 0.414191 0.035556 0.046205
0 0.348889 0.156766 0.033333 0.046205
0 0.604444 0.376238 0.033333 0.039604
0 0.242778 0.246700 0.034444 0.044554
0 0.448889 0.580033 0.033333 0.041254
0 0.191667 0.371287 0.034444 0.046205
0 0.398333 0.372937 0.034444 0.039604
0 0.860000 0.377888 0.035556 0.046205
0 0.450556 0.331683 0.032222 0.036304
0 0.808333 0.294554 0.034444 0.044554
0 0.346667 0.332508 0.033333 0.041254
0 0.502222 0.451320 0.042222 0.044554
0 0.553889 0.580858 0.034444 0.042904
0 0.190556 0.456271 0.034444 0.041254
0 0.451111 0.249175 0.031111 0.039604
0 0.449444 0.622112 0.034444 0.042904
0 0.451111 0.206271 0.033333 0.042904
0 0.604444 0.457921 0.033333 0.041254
0 0.347222 0.578383 0.034444 0.041254
0 0.604444 0.205446 0.035556 0.041254
0 0.450000 0.415842 0.031111 0.039604
0 0.347778 0.748350 0.035556 0.044554
0 0.605000 0.415842 0.034444 0.039604
0 0.398889 0.290429 0.033333 0.046205
0 0.346667 0.624587 0.037778 0.047855
0 0.654444 0.249175 0.035556 0.046205
0 0.346111 0.413366 0.034444 0.044554
0 0.346667 0.456271 0.033333 0.041254
0 0.553333 0.497525 0.033333 0.041254
0 0.553889 0.455446 0.034444 0.042904
0 0.604444 0.249175 0.035556 0.046205
0 0.346667 0.498350 0.035556 0.042904
0 0.448889 0.457921 0.033333 0.041254
0 0.451111 0.373762 0.033333 0.044554
0 0.450556 0.291254 0.034444 0.044554
0 0.605000 0.294554 0.032222 0.041254
