0 0.265625 0.226266 0.021250 0.031646
0 0.663125 0.598101 0.033750 0.031646
0 0.553750 0.469146 0.032500 0.033228
0 0.278125 0.625000 0.028750 0.034810
0 0.222500 0.594146 0.035000 0.033228
0 0.388750 0.499209 0.032500 0.030063
0 0.553750 0.438291 0.032500 0.031646
0 0.663125 0.566456 0.033750 0.031646
0 0.609375 0.408228 0.033750 0.031646
0 0.112500 0.881329 0.037500 0.034810
0 0.775000 0.534810 0.035000 0.031646
0 0.210625 0.260285 0.023750 0.030063
0 0.663750 0.502373 0.032500 0.030063
0 0.718750 0.503165 0.032500 0.031646
0 0.445625 0.438291 0.031250 0.031646
0 0.663125 0.883703 0.036250 0.036392
0 0.223125 0.690665 0.033750 0.033228
0 0.266250 0.295095 0.025000 0.030063
0 0.773750 0.503165 0.032500 0.031646
0 0.553125 0.501582 0.033750 0.031646
0 0.551875 0.373418 0.033750 0.034810
0 0.609375 0.693038 0.036250 0.034810
0 0.388125 0.532437 0.031250 0.033228
0 0.553125 0.659810 0.033750 0.034810
0 0.662500 0.756329 0.035000 0.031646
0 0.609375 0.439082 0.036250 0.030063
0 0.265000 0.192247 0.025000 0.030063
0 0.210625 0.296677 0.023750 0.033228
0 0.278125 0.404272 0.036250 0.036392
0 0.718750 0.534810 0.032500 0.031646
0 0.828125 0.374209 0.033750 0.036392
0 0.551875 0.628165 0.033750 0.031646
0 0.718750 0.756329 0.035000 0.034810
0 0.610000 0.470728 0.035000 0.033228
0 0.552500 0.565665 0.032500 0.033228
0 0.663125 0.375791 0.033750 0.036392
0 0.718125 0.373418 0.033750 0.034810
0 0.663125 0.470728 0.033750 0.033228
0 0.719375 0.567247 0.033750 0.033228
0 0.333125 0.437500 0.036250 0.036392
0 0.774375 0.408228 0.033750 0.034810
0 0.445000 0.469937 0.032500 0.031646
0 0.553125 0.534019 0.031250 0.033228
0 0.223125 0.402690 0.036250 0.036392
0 0.552500 0.597310 0.035000 0.030063
0 0.719375 0.693038 0.036250 0.034810
0 0.444375 0.627373 0.033750 0.026899
0 0.111875 0.816456 0.033750 0.028481
0 0.871250 0.753956 0.020000 0.023734
0 0.829375 0.470728 0.033750 0.033228
0 0.112500 0.656646 0.035000 0.031646
0 0.293750 0.156646 0.020000 0.025316
0 0.883125 0.820411 0.033750 0.033228
0 0.182500 0.155854 0.022500 0.030063
0 0.552500 0.852848 0.032500 0.031646
0 0.126875 0.153481 0.021250 0.028481
0 0.663125 0.850475 0.033750 0.030063
0 0.608750 0.503165 0.030000 0.031646
0 0.278750 0.560918 0.035000 0.033228
0 0.183125 0.226266 0.023750 0.028481
0 0.608750 0.661392 0.035000 0.028481
0 0.553750 0.882911 0.035000 0.034810
0 0.443750 0.755538 0.032500 0.030063
0 0.111875 0.370253 0.031250 0.031646
0 0.099375 0.151899 0.023750 0.031646
0 0.883125 0.852848 0.036250 0.034810
0 0.126875 0.258703 0.023750 0.026899
0 0.884375 0.725475 0.036250 0.033228
0 0.775000 0.786392 0.035000 0.031646
0 0.112500 0.753165 0.035000 0.031646
0 0.332500 0.689082 0.032500 0.030063
0 0.183125 0.294304 0.021250 0.025316
0 0.278125 0.658228 0.031250 0.031646
0 0.293750 0.261076 0.020000 0.025316
0 0.111875 0.784810 0.036250 0.034810
0 0.553750 0.787184 0.032500 0.033228
0 0.774375 0.629747 0.036250 0.031646
0 0.112500 0.530063 0.032500 0.031646
0 0.884375 0.628956 0.036250 0.033228
0 0.111250 0.498418 0.035000 0.031646
0 0.443750 0.659019 0.035000 0.033228
0 0.830000 0.884494 0.035000 0.031646
0 0.183125 0.190665 0.021250 0.026899
0 0.829375 0.786392 0.033750 0.031646
0 0.830625 0.439873 0.031250 0.031646
0 0.606875 0.753165 0.036250 0.037975
0 0.441875 0.819620 0.033750 0.034810
0 0.293125 0.227057 0.021250 0.033228
0 0.349375 0.227057 0.023750 0.030063
0 0.829375 0.723101 0.033750 0.031646
0 0.389375 0.591772 0.033750 0.025316
0 0.098125 0.294304 0.023750 0.031646
0 0.154375 0.294304 0.023750 0.028481
0 0.885000 0.568038 0.035000 0.031646
0 0.278125 0.689082 0.036250 0.033228
0 0.126250 0.189082 0.022500 0.030063
0 0.442500 0.723892 0.032500 0.033228
0 0.278125 0.850475 0.036250 0.033228
0 0.348750 0.261076 0.025000 0.031646
0 0.278750 0.467563 0.035000 0.033228
0 0.774375 0.470728 0.033750 0.033228
0 0.333125 0.595728 0.033750 0.033228
0 0.884375 0.375791 0.033750 0.036392
0 0.349375 0.191456 0.026250 0.031646
0 0.111875 0.434335 0.036250 0.033228
0 0.663750 0.692247 0.035000 0.033228
0 0.167500 0.405063 0.035000 0.034810
0 0.210000 0.192247 0.022500 0.030063
0 0.663125 0.787184 0.033750 0.033228
0 0.663750 0.724684 0.035000 0.031646
0 0.663125 0.439082 0.033750 0.030063
0 0.608125 0.566456 0.033750 0.034810
0 0.238125 0.191456 0.023750 0.031646
0 0.167500 0.340190 0.037500 0.034810
0 0.211250 0.227057 0.022500 0.033228
0 0.664375 0.534019 0.033750 0.033228
0 0.499375 0.339636 0.033750 0.030538
0 0.511875 0.602848 0.021250 0.022152
0 0.513125 0.623339 0.021250 0.019146
0 0.500625 0.533307 0.033750 0.022310
0 0.500437 0.412358 0.035000 0.015158
0 0.500000 0.446835 0.032500 0.017089
0 0.500625 0.369146 0.033750 0.029430
0 0.499375 0.393671 0.036250 0.021203
0 0.511925 0.882785 0.019625 0.023734
0 0.500556 0.549881 0.028987 0.008655
0 0.500650 0.463370 0.032975 0.016930
0 0.499319 0.429217 0.032137 0.019415
0 0.333125 0.529272 0.033750 0.033228
0 0.896875 0.786392 0.023750 0.031646
0 0.443125 0.786392 0.031250 0.031646
0 0.511875 0.580696 0.021250 0.022152
0 0.278750 0.593354 0.027500 0.025316
0 0.883125 0.882911 0.036250 0.034810
0 0.871875 0.784810 0.021250 0.025316
0 0.155000 0.155063 0.022500 0.028481
0 0.387500 0.820411 0.032500 0.030063
0 0.608125 0.851266 0.036250 0.031646
0 0.111875 0.687500 0.033750 0.030063
0 0.278125 0.528481 0.036250 0.028481
0 0.211875 0.156646 0.021250 0.025316
0 0.608125 0.725475 0.033750 0.026899
0 0.500000 0.509494 0.032500 0.025316
0 0.501250 0.793513 0.030000 0.023734
0 0.898125 0.753956 0.021250 0.026899
0 0.608750 0.534019 0.030000 0.030063
0 0.510625 0.856804 0.021250 0.023734
0 0.512500 0.663766 0.020000 0.023734
0 0.333125 0.554589 0.038750 0.049051
0 0.828750 0.630538 0.032500 0.030063
0 0.386875 0.787975 0.033750 0.031646
0 0.512500 0.642405 0.020000 0.018987
0 0.279375 0.500791 0.036250 0.033228
0 0.830000 0.598892 0.035000 0.033228
0 0.332500 0.657437 0.032500 0.033228
0 0.098750 0.188291 0.022500 0.028481
0 0.222500 0.848892 0.032500 0.030063
0 0.223750 0.435127 0.032500 0.028481
0 0.608125 0.820411 0.036250 0.033228
0 0.828750 0.692247 0.032500 0.030063
0 0.099375 0.223892 0.023750 0.030063
0 0.113750 0.625791 0.035000 0.033228
0 0.884375 0.470728 0.033750 0.030063
0 0.883750 0.440665 0.035000 0.033228
0 0.773750 0.755538 0.035000 0.033228
0 0.774375 0.882911 0.033750 0.031646
0 0.238125 0.295886 0.021250 0.028481
0 0.333125 0.882911 0.033750 0.031646
0 0.389375 0.435918 0.031250 0.030063
0 0.386875 0.882911 0.031250 0.031646
0 0.125625 0.294304 0.023750 0.031646
0 0.098125 0.259494 0.023750 0.034810
0 0.608750 0.631329 0.037500 0.034810
0 0.885000 0.598101 0.035000 0.031646
0 0.277500 0.722310 0.035000 0.033228
0 0.278125 0.436709 0.033750 0.031646
0 0.332500 0.627373 0.032500 0.030063
0 0.718750 0.788766 0.035000 0.030063
0 0.387500 0.755538 0.035000 0.033228
0 0.111875 0.562500 0.033750 0.033228
0 0.321250 0.226266 0.022500 0.031646
0 0.389375 0.401899 0.031250 0.034810
0 0.238750 0.157437 0.025000 0.030063
0 0.387500 0.850475 0.035000 0.030063
0 0.126875 0.224684 0.023750 0.031646
0 0.718750 0.628165 0.032500 0.031646
0 0.222500 0.786392 0.035000 0.031646
0 0.276875 0.756329 0.033750 0.031646
0 0.222500 0.879747 0.035000 0.031646
0 0.388125 0.660601 0.036250 0.033228
0 0.718750 0.819620 0.035000 0.031646
0 0.553125 0.821994 0.033750 0.033228
0 0.221875 0.498418 0.033750 0.031646
0 0.445000 0.500791 0.032500 0.030063
0 0.113750 0.593354 0.035000 0.031646
0 0.828750 0.660601 0.032500 0.033228
0 0.168125 0.372627 0.033750 0.030063
0 0.111250 0.848101 0.035000 0.031646
0 0.719375 0.598101 0.033750 0.028481
0 0.333125 0.753956 0.033750 0.033228
0 0.155000 0.189082 0.022500 0.030063
0 0.332500 0.500000 0.035000 0.031646
0 0.388750 0.564082 0.032500 0.030063
0 0.222500 0.562500 0.032500 0.030063
0 0.321250 0.295886 0.022500 0.028481
0 0.718125 0.852057 0.033750 0.030063
0 0.774375 0.440665 0.033750 0.030063
0 0.332500 0.786392 0.032500 0.031646
0 0.278125 0.817247 0.033750 0.030063
0 0.830000 0.755538 0.035000 0.033228
0 0.332500 0.469937 0.035000 0.028481
0 0.829375 0.851266 0.033750 0.031646
0 0.608750 0.882911 0.035000 0.034810
0 0.828750 0.820411 0.035000 0.033228
0 0.155000 0.224684 0.022500 0.031646
0 0.885625 0.535601 0.036250 0.033228
0 0.223750 0.658228 0.032500 0.031646
0 0.442500 0.692247 0.032500 0.033228
0 0.236875 0.227057 0.023750 0.030063
0 0.154375 0.259494 0.023750 0.031646
0 0.112500 0.467563 0.037500 0.033228
0 0.388125 0.623418 0.036250 0.037975
0 0.388750 0.468354 0.030000 0.031646
0 0.608125 0.787184 0.036250 0.033228
0 0.321250 0.157437 0.025000 0.030063
0 0.774375 0.818829 0.036250 0.033228
0 0.266875 0.159019 0.023750 0.030063
0 0.608750 0.598101 0.035000 0.031646
0 0.718750 0.882911 0.037500 0.034810
0 0.884375 0.692247 0.033750 0.033228
0 0.444375 0.564082 0.033750 0.030063
0 0.265625 0.260285 0.021250 0.030063
0 0.663125 0.820411 0.033750 0.036392
0 0.718125 0.659810 0.033750 0.031646
0 0.830000 0.408228 0.032500 0.031646
0 0.553125 0.754747 0.033750 0.031646
0 0.828750 0.535601 0.035000 0.030063
0 0.718750 0.469937 0.032500 0.034810
0 0.333125 0.850475 0.033750 0.033228
0 0.237500 0.261076 0.022500 0.028481
0 0.111875 0.719937 0.036250 0.034810
0 0.112500 0.401899 0.035000 0.031646
0 0.774375 0.374209 0.031250 0.033228
0 0.183125 0.260285 0.023750 0.026899
0 0.223125 0.755538 0.033750 0.033228
0 0.553125 0.723101 0.033750 0.031646
0 0.334375 0.401108 0.036250 0.036392
0 0.293125 0.295095 0.023750 0.030063
0 0.277500 0.786392 0.035000 0.031646
0 0.773750 0.851266 0.035000 0.031646
0 0.883750 0.409810 0.032500 0.031646
0 0.445000 0.596519 0.035000 0.028481
0 0.223125 0.465981 0.033750 0.033228
0 0.277500 0.882120 0.035000 0.033228
0 0.719375 0.439082 0.033750 0.026899
0 0.663125 0.409810 0.033750 0.031646
0 0.223125 0.722310 0.033750 0.033228
0 0.223750 0.627373 0.032500 0.033228
0 0.775000 0.660601 0.035000 0.030063
0 0.349375 0.156646 0.026250 0.031646
0 0.222500 0.817247 0.035000 0.033228
0 0.332500 0.818038 0.035000 0.031646
0 0.773750 0.723892 0.035000 0.033228
0 0.333125 0.722310 0.036250 0.033228
0 0.293750 0.191456 0.022500 0.031646
0 0.553125 0.692247 0.033750 0.030063
0 0.221875 0.530063 0.031250 0.031646
0 0.321250 0.190665 0.022500 0.030063
0 0.774375 0.598892 0.036250 0.033228
0 0.388125 0.691456 0.033750 0.031646
0 0.718750 0.725475 0.035000 0.030063
0 0.773750 0.693038 0.035000 0.031646
0 0.774375 0.568038 0.036250 0.031646
0 0.884375 0.503165 0.033750 0.034810
0 0.387500 0.722310 0.035000 0.033228
0 0.321250 0.260285 0.022500 0.030063
0 0.884375 0.661392 0.033750 0.031646
0 0.663750 0.628165 0.030000 0.031646
0 0.663750 0.660601 0.035000 0.033228
0 0.348750 0.296677 0.025000 0.030063
0 0.830000 0.567247 0.035000 0.033228
0 0.828750 0.503956 0.035000 0.033228
0 0.553125 0.407437 0.033750 0.033228
0 0.445625 0.371835 0.036250 0.034810
0 0.445000 0.533228 0.035000 0.034810
0 0.608750 0.375000 0.035000 0.037975
0 0.445000 0.406646 0.035000 0.031646
0 0.718750 0.408228 0.035000 0.034810
