0 0.292667 0.378125 0.036000 0.037500
0 0.810000 0.814063 0.038667 0.037500
0 0.180667 0.524219 0.036000 0.032813
0 0.498000 0.255469 0.033333 0.035937
0 0.810000 0.378906 0.036000 0.035937
0 0.646000 0.524219 0.036000 0.035937
0 0.540000 0.379688 0.034667 0.034375
0 0.540000 0.559375 0.034667 0.031250
0 0.700000 0.740625 0.034667 0.034375
0 0.181333 0.778125 0.037333 0.040625
0 0.646667 0.705469 0.034667 0.035937
0 0.809333 0.671875 0.037333 0.034375
0 0.810000 0.706250 0.036000 0.034375
0 0.182000 0.452344 0.038667 0.039062
0 0.592667 0.631250 0.036000 0.034375
0 0.124667 0.300000 0.038667 0.037500
0 0.237333 0.850781 0.040000 0.039062
0 0.293333 0.341406 0.037333 0.035937
0 0.810000 0.561719 0.036000 0.032813
0 0.455333 0.303125 0.033333 0.040625
0 0.293333 0.451562 0.037333 0.034375
0 0.756000 0.379688 0.034667 0.034375
0 0.540667 0.343750 0.036000 0.037500
0 0.702000 0.344531 0.036000 0.039062
0 0.349333 0.196094 0.040000 0.042188
0 0.237333 0.886719 0.037333 0.032813
0 0.294000 0.267969 0.036000 0.035937
0 0.592000 0.707031 0.037333 0.035937
0 0.236667 0.743750 0.036000 0.037500
0 0.809333 0.778125 0.037333 0.034375
0 0.538000 0.776563 0.036000 0.037500
0 0.455333 0.449219 0.036000 0.039062
0 0.124667 0.888281 0.036000 0.039062
0 0.538000 0.631250 0.036000 0.037500
0 0.293333 0.415625 0.037333 0.037500
0 0.754667 0.888281 0.037333 0.035937
0 0.864667 0.561719 0.036000 0.032813
0 0.181333 0.853125 0.040000 0.037500
0 0.701333 0.632812 0.034667 0.031250
0 0.455333 0.413281 0.033333 0.029687
0 0.348000 0.453906 0.034667 0.039062
0 0.756000 0.776563 0.032000 0.034375
0 0.645333 0.888281 0.037333 0.035937
0 0.294000 0.226562 0.038667 0.040625
0 0.645333 0.850000 0.037333 0.037500
0 0.456667 0.559375 0.030667 0.031250
0 0.810667 0.305469 0.034667 0.039062
0 0.181333 0.815625 0.040000 0.037500
0 0.810000 0.637500 0.036000 0.034375
0 0.236667 0.375781 0.033333 0.032813
0 0.755333 0.740625 0.033333 0.034375
0 0.348000 0.489844 0.032000 0.032813
0 0.808000 0.886719 0.040000 0.035937
0 0.498667 0.289844 0.032000 0.032813
0 0.592000 0.847656 0.037333 0.035937
0 0.237333 0.339062 0.037333 0.037500
0 0.500000 0.412500 0.026667 0.025000
0 0.304000 0.485156 0.026667 0.029687
0 0.456000 0.739062 0.034667 0.031250
0 0.864667 0.633594 0.038667 0.042188
0 0.347333 0.230469 0.041333 0.023438
0 0.499333 0.368750 0.030667 0.021875
0 0.500000 0.389844 0.024000 0.020313
0 0.500000 0.349219 0.029333 0.023438
0 0.538000 0.668750 0.036000 0.034375
0 0.865333 0.307812 0.037333 0.037500
0 0.810667 0.489063 0.032000 0.037500
0 0.236667 0.815625 0.038667 0.034375
0 0.648667 0.379688 0.036000 0.034375
0 0.125333 0.666406 0.037333 0.035937
0 0.456000 0.704688 0.034667 0.037500
0 0.592667 0.452344 0.036000 0.039062
0 0.236000 0.521875 0.034667 0.034375
0 0.180000 0.670312 0.037333 0.034375
0 0.647333 0.415625 0.036000 0.037500
0 0.540000 0.522656 0.037333 0.039062
0 0.237333 0.412500 0.037333 0.037500
0 0.538667 0.595313 0.037333 0.037500
0 0.646667 0.560156 0.034667 0.035937
0 0.237333 0.559375 0.037333 0.037500
0 0.593333 0.415625 0.034667 0.034375
0 0.700667 0.560937 0.036000 0.034375
0 0.756667 0.453125 0.036000 0.034375
0 0.593333 0.303906 0.037333 0.039062
0 0.647333 0.488281 0.036000 0.035937
0 0.702000 0.417187 0.036000 0.034375
0 0.404000 0.302344 0.040000 0.042188
0 0.292667 0.560156 0.041333 0.035937
0 0.756667 0.489844 0.033333 0.035937
0 0.702000 0.489844 0.036000 0.035937
0 0.348667 0.267188 0.038667 0.040625
0 0.756667 0.526563 0.036000 0.034375
0 0.754667 0.669531 0.037333 0.035937
0 0.540667 0.303906 0.036000 0.039062
0 0.756000 0.597656 0.037333 0.035937
0 0.701333 0.597656 0.034667 0.035937
0 0.756000 0.562500 0.037333 0.037500
0 0.238000 0.267969 0.038667 0.035937
0 0.346667 0.524219 0.034667 0.032813
0 0.810000 0.742188 0.036000 0.037500
0 0.238667 0.192188 0.040000 0.037500
0 0.865333 0.527344 0.037333 0.035937
0 0.864000 0.777344 0.034667 0.029687
0 0.456000 0.525781 0.034667 0.035937
0 0.182000 0.342187 0.038667 0.037500
0 0.591333 0.812500 0.038667 0.037500
0 0.498667 0.218750 0.029333 0.028125
0 0.291333 0.742969 0.036000 0.032813
0 0.866000 0.417187 0.036000 0.031250
0 0.646000 0.741406 0.036000 0.035937
0 0.864000 0.813281 0.037333 0.039062
0 0.179333 0.739062 0.033333 0.034375
0 0.864667 0.851562 0.038667 0.037500
0 0.124667 0.850000 0.036000 0.034375
0 0.537333 0.883594 0.037333 0.035937
0 0.592000 0.885156 0.037333 0.032813
0 0.591333 0.778125 0.036000 0.031250
0 0.864000 0.707031 0.034667 0.035937
0 0.701333 0.846875 0.034667 0.034375
0 0.291333 0.707812 0.038667 0.040625
0 0.498667 0.190625 0.026667 0.028125
0 0.124667 0.812500 0.036000 0.037500
0 0.124667 0.778125 0.036000 0.031250
0 0.180667 0.632812 0.036000 0.037500
0 0.648000 0.342969 0.037333 0.039062
0 0.292000 0.847656 0.040000 0.032813
0 0.809333 0.850000 0.037333 0.034375
0 0.646667 0.632031 0.034667 0.035937
0 0.863333 0.744531 0.038667 0.039062
0 0.537333 0.848437 0.037333 0.034375
0 0.292000 0.668750 0.040000 0.037500
0 0.292000 0.813281 0.037333 0.035937
0 0.865333 0.345313 0.037333 0.037500
0 0.811333 0.453125 0.030667 0.031250
0 0.538667 0.813281 0.037333 0.032813
0 0.700667 0.775000 0.030667 0.031250
0 0.123333 0.449219 0.038667 0.035937
0 0.238000 0.230469 0.036000 0.035937
0 0.810667 0.343750 0.034667 0.031250
0 0.646000 0.777344 0.036000 0.035937
0 0.124667 0.375000 0.038667 0.037500
0 0.292000 0.632812 0.037333 0.037500
0 0.124667 0.412500 0.038667 0.034375
0 0.456667 0.886719 0.036000 0.039062
0 0.182000 0.892188 0.036000 0.037500
0 0.454667 0.774219 0.034667 0.035937
0 0.292000 0.885156 0.040000 0.039062
0 0.124667 0.631250 0.036000 0.034375
0 0.865333 0.450781 0.037333 0.035937
0 0.236667 0.632031 0.033333 0.032813
0 0.456000 0.850000 0.037333 0.034375
0 0.592000 0.743750 0.034667 0.037500
0 0.124000 0.742969 0.037333 0.039062
0 0.863333 0.889062 0.041333 0.037500
0 0.700667 0.882812 0.038667 0.034375
0 0.456000 0.632031 0.037333 0.035937
0 0.124667 0.337500 0.038667 0.037500
0 0.123333 0.557031 0.036000 0.032813
0 0.456667 0.342187 0.033333 0.034375
0 0.864667 0.595313 0.036000 0.031250
0 0.290667 0.776563 0.040000 0.034375
0 0.864000 0.671094 0.037333 0.032813
0 0.700667 0.810937 0.036000 0.037500
0 0.754000 0.852344 0.036000 0.032813
0 0.647333 0.812500 0.036000 0.034375
0 0.538000 0.739844 0.036000 0.035937
0 0.238667 0.303125 0.037333 0.034375
0 0.347333 0.559375 0.036000 0.034375
0 0.124000 0.485156 0.040000 0.035937
0 0.864667 0.382031 0.038667 0.035937
0 0.455333 0.489063 0.036000 0.037500
0 0.646667 0.596094 0.034667 0.035937
0 0.454667 0.812500 0.034667 0.037500
0 0.702000 0.382031 0.033333 0.035937
0 0.755333 0.634375 0.033333 0.034375
0 0.180000 0.705469 0.034667 0.032813
0 0.292667 0.303906 0.038667 0.035937
0 0.291333 0.596875 0.038667 0.037500
0 0.293333 0.520312 0.037333 0.040625
0 0.182000 0.378125 0.036000 0.034375
0 0.810000 0.525781 0.036000 0.035937
0 0.648000 0.452344 0.034667 0.035937
0 0.756000 0.304688 0.037333 0.037500
0 0.592667 0.522656 0.033333 0.032813
0 0.592667 0.489063 0.033333 0.031250
0 0.182000 0.414844 0.036000 0.035937
0 0.540667 0.452344 0.036000 0.035937
0 0.236000 0.450781 0.034667 0.035937
0 0.538667 0.704688 0.037333 0.037500
0 0.702667 0.305469 0.032000 0.039062
0 0.124000 0.522656 0.040000 0.035937
0 0.236000 0.704688 0.037333 0.037500
0 0.592667 0.557813 0.036000 0.037500
0 0.123333 0.593750 0.036000 0.034375
0 0.236000 0.486719 0.034667 0.035937
0 0.455333 0.594531 0.036000 0.035937
0 0.455333 0.667969 0.036000 0.035937
0 0.810667 0.417969 0.034667 0.035937
0 0.124667 0.704688 0.038667 0.037500
0 0.648667 0.301563 0.036000 0.040625
0 0.347333 0.339062 0.036000 0.037500
0 0.236667 0.779687 0.036000 0.037500
0 0.347333 0.632812 0.036000 0.037500
0 0.756000 0.707031 0.034667 0.032813
0 0.590667 0.596094 0.034667 0.035937
0 0.592000 0.668750 0.037333 0.040625
0 0.810000 0.598437 0.038667 0.040625
0 0.182667 0.301563 0.037333 0.040625
0 0.349333 0.376563 0.037333 0.037500
0 0.701333 0.525000 0.034667 0.034375
0 0.594000 0.342969 0.036000 0.035937
0 0.180667 0.489063 0.036000 0.034375
0 0.235333 0.667188 0.036000 0.034375
0 0.540000 0.486719 0.037333 0.032813
0 0.757333 0.342969 0.037333 0.039062
0 0.348667 0.304688 0.033333 0.031250
0 0.347333 0.415625 0.038667 0.037500
0 0.754667 0.814844 0.037333 0.039062
0 0.236000 0.596875 0.034667 0.034375
0 0.456000 0.378125 0.034667 0.037500
0 0.181333 0.559375 0.037333 0.034375
0 0.593333 0.379688 0.034667 0.034375
0 0.540000 0.416406 0.037333 0.035937
0 0.347333 0.595313 0.038667 0.037500
0 0.702000 0.453125 0.033333 0.034375
0 0.700667 0.703906 0.033333 0.035937
0 0.755333 0.416406 0.036000 0.035937
0 0.865333 0.489063 0.037333 0.037500
0 0.646667 0.667969 0.037333 0.035937
0 0.702000 0.667188 0.036000 0.034375
0 0.180667 0.595313 0.036000 0.037500
