0 0.265194 0.287468 0.039897 0.053891
0 0.217381 0.618266 0.040985 0.054231
0 0.818566 0.929135 0.025245 0.038576
0 0.151470 0.252835 0.026332 0.038915
0 0.048654 0.777932 0.027419 0.039254
0 0.175622 0.819213 0.025245 0.038576
0 0.799842 0.881339 0.026332 0.038915
0 0.829495 0.848633 0.026332 0.038915
0 0.180073 0.776129 0.026562 0.040522
0 0.793102 0.924549 0.028337 0.045681
0 0.149248 0.638130 0.025245 0.038576
0 0.199770 0.825067 0.027419 0.039254
0 0.518713 0.337176 0.048075 0.045697
0 0.023849 0.772712 0.026562 0.040522
0 0.144170 0.677663 0.023929 0.036630
0 0.096154 0.278375 0.025016 0.036969
0 0.196402 0.307966 0.023301 0.039504
0 0.030588 0.729502 0.028108 0.044074
0 0.317400 0.649464 0.043159 0.054909
0 0.824418 0.888165 0.028108 0.044074
0 0.185610 0.733383 0.025704 0.041789
0 0.042719 0.648536 0.026332 0.038915
0 0.514353 0.367703 0.050709 0.049589
0 0.268764 0.715687 0.025245 0.038576
0 0.246955 0.323735 0.026562 0.040522
0 0.822305 0.545152 0.027190 0.037648
0 0.217009 0.700383 0.026103 0.037308
0 0.036669 0.686926 0.027419 0.039254
0 0.191324 0.347499 0.021525 0.034346
0 0.090876 0.315328 0.028108 0.044074
0 0.206623 0.781054 0.027021 0.043735
0 0.492838 0.526296 0.033544 0.045770
0 0.241761 0.364070 0.028108 0.044074
0 0.164605 0.168826 0.026562 0.040522
0 0.055049 0.737132 0.029195 0.044413
0 0.117791 0.588041 0.040585 0.058711
0 0.048341 0.609173 0.026562 0.040522
0 0.134690 0.374306 0.025475 0.040183
0 0.200114 0.655675 0.027419 0.039254
0 0.777458 0.660385 0.025016 0.036969
0 0.565793 0.381230 0.040526 0.051018
0 0.921494 0.494697 0.040126 0.055498
0 0.244502 0.710636 0.027649 0.040861
0 0.671041 0.761448 0.040815 0.060318
0 0.139997 0.333167 0.024617 0.041450
0 0.212360 0.740888 0.026562 0.040522
0 0.222631 0.661020 0.024158 0.038237
0 0.061130 0.694556 0.026332 0.038915
0 0.802347 0.668988 0.024786 0.035363
0 0.548053 0.135713 0.049852 0.050856
0 0.193207 0.692119 0.026332 0.038915
0 0.342094 0.397044 0.026562 0.040522
0 0.297423 0.336120 0.026562 0.040522
0 0.071830 0.615661 0.027419 0.039254
0 0.815252 0.586585 0.025934 0.043396
0 0.543119 0.170256 0.049622 0.049250
0 0.795126 0.536674 0.025016 0.036969
0 0.309523 0.426322 0.024158 0.038237
0 0.158607 0.381767 0.025475 0.040183
0 0.065780 0.654051 0.026332 0.038915
0 0.819645 0.460411 0.042072 0.054570
0 0.365583 0.403531 0.025704 0.041789
0 0.773463 0.791717 0.037723 0.053213
0 0.172254 0.469095 0.022612 0.034685
0 0.189724 0.175822 0.024158 0.038237
0 0.207644 0.396223 0.025245 0.038576
0 0.926488 0.451782 0.041613 0.051357
0 0.284289 0.420130 0.026332 0.038915
0 0.146592 0.294947 0.026332 0.038915
0 0.782765 0.619246 0.026332 0.038915
0 0.801491 0.500060 0.025475 0.040183
0 0.822385 0.806977 0.044246 0.055248
0 0.788387 0.579884 0.029654 0.047626
0 0.522987 0.303268 0.050081 0.052463
0 0.176819 0.258225 0.026103 0.037308
0 0.321999 0.342947 0.024786 0.035363
0 0.339866 0.221815 0.023929 0.036630
0 0.250009 0.672077 0.027649 0.040861
0 0.621575 0.746019 0.041903 0.060657
0 0.171397 0.300167 0.025475 0.040183
0 0.879249 0.778563 0.042471 0.050089
0 0.482814 0.222769 0.040067 0.047804
0 0.831577 0.376866 0.039897 0.053891
0 0.195513 0.477189 0.023929 0.036630
0 0.219576 0.312677 0.027419 0.039254
0 0.869968 0.477786 0.038810 0.053552
0 0.177446 0.428759 0.021525 0.034346
0 0.676692 0.717900 0.038351 0.050339
0 0.274156 0.677931 0.025934 0.043396
0 0.829438 0.765544 0.039438 0.050678
0 0.183215 0.217425 0.027419 0.039254
0 0.570708 0.728475 0.040985 0.054231
0 0.885559 0.734380 0.043618 0.058122
0 0.202137 0.434782 0.024786 0.035363
0 0.212523 0.354111 0.025245 0.038576
0 0.315290 0.214988 0.025245 0.038576
0 0.066381 0.570328 0.040756 0.052624
0 0.302615 0.295784 0.025016 0.036969
0 0.130067 0.502087 0.038182 0.056426
0 0.683432 0.674691 0.040356 0.057105
0 0.728134 0.731428 0.038122 0.048732
0 0.072775 0.529529 0.039438 0.050678
0 0.371864 0.363535 0.024617 0.041450
0 0.826840 0.505450 0.027878 0.042467
0 0.290140 0.379160 0.026103 0.037308
0 0.327506 0.304387 0.023071 0.037898
0 0.157865 0.212035 0.025934 0.043396
0 0.229343 0.530534 0.040126 0.055498
0 0.876363 0.436986 0.039667 0.052285
0 0.348375 0.357048 0.027649 0.040861
0 0.722283 0.772397 0.039269 0.056766
0 0.786283 0.705933 0.041214 0.055837
0 0.333900 0.263587 0.026103 0.037308
0 0.123872 0.545466 0.037264 0.050000
0 0.314716 0.385987 0.025245 0.038576
0 0.478051 0.264078 0.038122 0.048732
0 0.576016 0.687337 0.039667 0.052285
0 0.308896 0.255788 0.026562 0.040522
0 0.270272 0.247936 0.038122 0.048732
0 0.627342 0.701667 0.039667 0.052285
0 0.774744 0.401094 0.039438 0.050678
0 0.825611 0.418638 0.039438 0.050678
0 0.882130 0.392634 0.040985 0.054231
0 0.835320 0.720388 0.041903 0.060657
0 0.280555 0.545669 0.039897 0.053891
0 0.769207 0.443840 0.041214 0.055837
0 0.167487 0.601864 0.038580 0.051946
0 0.782057 0.353868 0.043050 0.068690
0 0.730042 0.344356 0.039039 0.055159
0 0.578383 0.297051 0.037034 0.048393
0 0.120359 0.200336 0.036177 0.049661
0 0.330220 0.563679 0.042760 0.059390
0 0.573305 0.336584 0.040985 0.054231
0 0.632993 0.658119 0.041673 0.059051
0 0.933655 0.409545 0.044476 0.056855
0 0.277011 0.204726 0.042760 0.059390
0 0.583721 0.251726 0.040585 0.058711
0 0.173996 0.560261 0.037493 0.051607
0 0.724390 0.387905 0.039667 0.052285
0 0.078542 0.485177 0.041214 0.055837
0 0.266962 0.632892 0.042301 0.056176
0 0.323680 0.609468 0.039438 0.050678
0 0.779429 0.749946 0.039438 0.050678
0 0.504885 0.441947 0.047737 0.057872
0 0.734214 0.688852 0.039269 0.056766
0 0.668415 0.414079 0.042760 0.059390
0 0.222918 0.575520 0.039667 0.052285
0 0.164573 0.339994 0.030283 0.044752
0 0.275446 0.589388 0.037723 0.053213
0 0.471970 0.306654 0.040985 0.054231
0 0.623514 0.354762 0.039667 0.052285
0 0.364668 0.318496 0.040985 0.054231
0 0.673952 0.371333 0.040526 0.051018
0 0.421417 0.290885 0.039897 0.053891
0 0.499118 0.486299 0.044246 0.055248
0 0.179104 0.516543 0.037952 0.054820
0 0.415765 0.334434 0.038810 0.053552
0 0.114078 0.240333 0.037723 0.053213
0 0.377718 0.231104 0.037493 0.051607
0 0.581468 0.641207 0.042990 0.060996
0 0.489668 0.178756 0.041044 0.061924
0 0.214641 0.271700 0.040526 0.051018
0 0.427727 0.246703 0.040126 0.055498
0 0.679060 0.327615 0.039269 0.056766
0 0.125582 0.155815 0.039039 0.055159
0 0.372180 0.273849 0.038810 0.053552
0 0.628736 0.310240 0.040356 0.057105
0 0.220920 0.231703 0.037264 0.050000
0 0.228318 0.187860 0.041044 0.061924
0 0.617548 0.396535 0.042301 0.056176
0 0.534998 0.239046 0.048764 0.050517
0 0.538615 0.205771 0.050250 0.046376
0 0.805777 0.843752 0.025016 0.036969
0 0.787680 0.966491 0.028965 0.042806
0 0.529322 0.270840 0.047846 0.044090
0 0.718623 0.432257 0.041903 0.060657
0 0.451163 0.730625 0.028506 0.039593
0 0.807311 0.630259 0.028965 0.042806
0 0.872739 0.820166 0.042760 0.059390
