0 0.602558 0.661716 0.033333 0.039604
0 0.408669 0.452970 0.021111 0.037954
0 0.655891 0.659241 0.035556 0.041254
0 0.358669 0.412541 0.023333 0.033003
0 0.036447 0.373762 0.034444 0.044554
0 0.356447 0.287954 0.023333 0.034653
0 0.358114 0.455446 0.022222 0.033003
0 0.602558 0.704620 0.035556 0.046205
0 0.500336 0.617162 0.033333 0.046205
0 0.385891 0.412541 0.022222 0.033003
0 0.333114 0.455446 0.025556 0.036304
0 0.036447 0.290429 0.036667 0.042904
0 0.359225 0.537954 0.022222 0.036304
0 0.332003 0.287129 0.023333 0.036304
0 0.333114 0.539604 0.021111 0.033003
0 0.602558 0.617987 0.033333 0.047855
0 0.359225 0.495875 0.022222 0.031353
0 0.386447 0.827558 0.025556 0.037954
0 0.652558 0.286304 0.035556 0.047855
0 0.459780 0.452145 0.023333 0.036304
0 0.498669 0.329208 0.036667 0.037954
0 0.384780 0.454620 0.020000 0.034653
0 0.292558 0.245050 0.033333 0.034653
0 0.668669 0.784653 0.025556 0.034653
0 0.331447 0.328383 0.024444 0.033003
0 0.358114 0.578383 0.022222 0.034653
0 0.332003 0.411716 0.023333 0.031353
0 0.087003 0.246700 0.033333 0.034653
0 0.358669 0.370462 0.023333 0.031353
0 0.644225 0.741749 0.023333 0.037954
0 0.643114 0.783828 0.023333 0.036304
0 0.088114 0.330033 0.035556 0.033003
0 0.656447 0.700495 0.036667 0.044554
0 0.668669 0.742574 0.023333 0.036304
0 0.333669 0.497525 0.024444 0.037954
0 0.386447 0.745875 0.021111 0.036304
0 0.358114 0.330033 0.022222 0.029703
0 0.408669 0.414191 0.021111 0.036304
0 0.414225 0.914191 0.023333 0.039604
0 0.458669 0.413366 0.021111 0.034653
0 0.412003 0.746700 0.021111 0.031353
0 0.549780 0.330033 0.034444 0.042904
0 0.387558 0.869637 0.025556 0.036304
0 0.652003 0.330858 0.034444 0.041254
0 0.413114 0.827558 0.025556 0.034653
0 0.460891 0.533828 0.023333 0.034653
0 0.387558 0.914191 0.025556 0.036304
0 0.140336 0.332508 0.035556 0.041254
0 0.413669 0.870462 0.022222 0.037954
0 0.243669 0.534653 0.028889 0.039604
0 0.242558 0.142739 0.046667 0.037954
0 0.293669 0.329208 0.035556 0.024752
0 0.036447 0.328383 0.034444 0.036304
0 0.242558 0.180693 0.044444 0.037954
0 0.243114 0.376238 0.045556 0.036304
0 0.412003 0.785479 0.023333 0.036304
0 0.255336 0.741749 0.023333 0.031353
0 0.004057 0.415842 0.008113 0.029703
0 0.241447 0.242574 0.044444 0.046205
0 0.243114 0.343234 0.045556 0.036304
0 0.242558 0.208746 0.046667 0.031353
0 0.243669 0.317657 0.044444 0.034653
0 0.243114 0.287954 0.043333 0.041254
0 0.242003 0.450495 0.041111 0.042904
0 0.191447 0.376238 0.037778 0.042904
0 0.551447 0.661716 0.035556 0.039604
0 0.652003 0.372112 0.036667 0.041254
0 0.190891 0.330033 0.034444 0.039604
0 0.655891 0.614686 0.037778 0.047855
0 0.448669 0.700495 0.036667 0.047855
0 0.600336 0.331683 0.033333 0.039604
0 0.396447 0.702970 0.036667 0.049505
0 0.293114 0.287954 0.036667 0.044554
0 0.087558 0.287954 0.036667 0.044554
0 0.346447 0.706271 0.036667 0.049505
0 0.398114 0.618812 0.035556 0.056106
0 0.447003 0.287954 0.037778 0.047855
0 0.446447 0.369637 0.036667 0.049505
0 0.139780 0.288779 0.034444 0.046205
0 0.548669 0.284653 0.034444 0.047855
0 0.551447 0.617987 0.035556 0.047855
0 0.346447 0.622937 0.034444 0.047855
0 0.498114 0.286304 0.035556 0.047855
0 0.191447 0.290429 0.033333 0.042904
0 0.599780 0.372937 0.034444 0.042904
0 0.599780 0.287129 0.034444 0.046205
0 0.552558 0.702970 0.035556 0.042904
0 0.498114 0.371287 0.035556 0.046205
0 0.292558 0.198845 0.035556 0.054455
0 0.501447 0.706271 0.035556 0.049505
0 0.395336 0.368812 0.036667 0.047855
0 0.088669 0.372937 0.036667 0.049505
0 0.035891 0.244224 0.035556 0.049505
0 0.449225 0.622937 0.035556 0.051155
0 0.293669 0.369637 0.035556 0.049505
0 0.500891 0.661716 0.036667 0.042904
0 0.549225 0.374587 0.035556 0.046205
0 0.087003 0.199670 0.035556 0.056106
0 0.242558 0.495050 0.040000 0.042904
0 0.000723 0.289604 0.001447 0.047855
0 0.190891 0.245875 0.034444 0.049505
0 0.001279 0.374587 0.002558 0.042904
0 0.140891 0.375413 0.036667 0.044554
0 0.394225 0.289604 0.034444 0.051155
0 0.332558 0.371287 0.024444 0.039604
0 0.386447 0.784653 0.023333 0.037954
0 0.000723 0.334158 0.001447 0.037954
