0 0.669642 0.320568 0.039000 0.050673
0 0.436958 0.656839 0.038035 0.052104
0 0.665648 0.361334 0.037346 0.043929
0 0.528166 0.185619 0.046029 0.043928
0 0.531127 0.150471 0.050302 0.043110
0 0.672603 0.278780 0.037208 0.042295
0 0.826545 0.305632 0.036106 0.042091
0 0.820210 0.387471 0.039139 0.039434
0 0.517630 0.317317 0.045064 0.045359
0 0.521417 0.252439 0.046029 0.043928
0 0.513223 0.382911 0.046718 0.039228
0 0.525205 0.220766 0.047821 0.039432
0 0.769217 0.381347 0.036933 0.039025
0 0.499933 0.534023 0.035003 0.041886
0 0.515702 0.353486 0.044513 0.038819
0 0.494295 0.753792 0.023979 0.026970
0 0.615275 0.354496 0.036381 0.045360
0 0.519696 0.286156 0.043411 0.038615
0 0.503170 0.495607 0.042032 0.048016
0 0.539149 0.673276 0.036795 0.050264
0 0.662618 0.403940 0.039000 0.050673
0 0.816216 0.428237 0.039138 0.052308
0 0.506751 0.453103 0.044513 0.051694
0 0.720496 0.328327 0.037070 0.053534
0 0.772041 0.341194 0.034314 0.046586
0 0.675219 0.234437 0.038586 0.058642
0 0.495465 0.733255 0.025219 0.028810
0 0.922195 0.406360 0.037485 0.032690
0 0.441296 0.611986 0.037070 0.053534
0 0.541903 0.627299 0.037070 0.053534
0 0.618787 0.312810 0.034314 0.046586
0 0.464020 0.328972 0.039000 0.050673
0 0.775828 0.296239 0.039138 0.052308
0 0.928117 0.322784 0.041343 0.052716
0 0.694743 0.653947 0.038172 0.053738
0 0.716502 0.375734 0.039276 0.053942
0 0.924812 0.368659 0.035554 0.048426
0 0.468979 0.283402 0.034590 0.049856
0 0.622506 0.268672 0.036795 0.050264
0 0.566623 0.300658 0.038035 0.052104
0 0.692610 0.699208 0.041068 0.049447
0 0.870100 0.400032 0.038863 0.049038
0 0.686274 0.781048 0.040241 0.052512
0 0.873819 0.355894 0.037208 0.055168
0 0.688546 0.740792 0.037621 0.047199
0 0.563456 0.344898 0.034452 0.048221
0 0.822482 0.347216 0.040103 0.050877
0 0.829781 0.260574 0.038723 0.060277
