0 0.521687 0.587531 0.024665 0.038494
0 0.524543 0.623752 0.025523 0.032307
0 0.133519 0.789280 0.035881 0.039600
0 0.131439 0.765679 0.034247 0.033168
0 0.497517 0.388356 0.038374 0.039846
0 0.528985 0.665372 0.021105 0.020896
0 0.135509 0.821619 0.038665 0.044579
0 0.335742 0.459065 0.034344 0.034746
0 0.678670 0.642674 0.035396 0.031713
0 0.785028 0.567909 0.034441 0.036323
0 0.181403 0.660767 0.036933 0.036569
0 0.176896 0.597729 0.035687 0.036446
0 0.345880 0.613598 0.035396 0.031713
0 0.124554 0.663992 0.035590 0.034869
0 0.843940 0.628756 0.031754 0.032922
0 0.197706 0.915471 0.033097 0.034623
0 0.298288 0.746845 0.031851 0.034500
0 0.841998 0.597206 0.034441 0.036323
0 0.689795 0.833613 0.036836 0.034992
0 0.246666 0.814625 0.035687 0.036446
0 0.295674 0.714567 0.035687 0.036446
0 0.665918 0.455863 0.035493 0.033291
0 0.402033 0.639802 0.034344 0.034746
0 0.880917 0.343403 0.033097 0.034623
0 0.333800 0.427514 0.034344 0.034746
0 0.633642 0.807409 0.035784 0.038023
0 0.847727 0.690278 0.034247 0.033168
0 0.501886 0.459344 0.035881 0.039600
0 0.634961 0.839021 0.034344 0.034746
0 0.404549 0.670501 0.035687 0.036446
0 0.831593 0.407784 0.031754 0.032922
0 0.339723 0.523742 0.034344 0.034746
0 0.329722 0.361260 0.034344 0.034746
0 0.121439 0.603198 0.036933 0.036569
0 0.239570 0.689152 0.034538 0.037900
0 0.731659 0.607294 0.033097 0.034623
0 0.554980 0.435856 0.034344 0.034746
0 0.636951 0.871360 0.036739 0.033413
0 0.837443 0.533379 0.032903 0.031468
0 0.351228 0.710675 0.034635 0.039478
0 0.418288 0.893718 0.032903 0.031468
0 0.221422 0.404475 0.035881 0.039600
0 0.110411 0.413836 0.035687 0.036446
0 0.408481 0.734390 0.033097 0.034623
0 0.171216 0.505444 0.033097 0.034623
0 0.440733 0.351899 0.034538 0.037900
0 0.884008 0.373253 0.033097 0.034623
0 0.563346 0.592151 0.034344 0.034746
0 0.447902 0.448003 0.034149 0.031590
0 0.409849 0.766790 0.034441 0.036323
0 0.406491 0.702051 0.033195 0.036200
0 0.186055 0.726171 0.035784 0.038023
0 0.343412 0.583687 0.036836 0.034992
0 0.179412 0.628428 0.036836 0.034992
0 0.735494 0.669605 0.033000 0.033045
0 0.625923 0.681998 0.033195 0.036200
0 0.242734 0.750736 0.035590 0.034869
0 0.775610 0.414891 0.031754 0.032922
0 0.840008 0.564867 0.034344 0.034746
0 0.849717 0.722617 0.034344 0.034746
0 0.623310 0.649720 0.034344 0.034746
0 0.117652 0.541675 0.034441 0.036323
0 0.349141 0.676759 0.034344 0.034746
0 0.887794 0.434775 0.035590 0.034869
0 0.286636 0.557544 0.034538 0.037900
0 0.283497 0.526906 0.034247 0.033168
0 0.687327 0.803702 0.035590 0.034869
0 0.567804 0.654401 0.035493 0.033291
0 0.167955 0.442283 0.037030 0.038146
0 0.449124 0.478037 0.033097 0.034623
0 0.302867 0.841618 0.034344 0.034746
0 0.569795 0.686740 0.035784 0.038023
0 0.664745 0.426618 0.034344 0.034746
0 0.744871 0.832149 0.034441 0.036323
0 0.797400 0.758725 0.035687 0.036446
0 0.129878 0.730124 0.035590 0.034869
0 0.786396 0.600309 0.033097 0.034623
0 0.391822 0.453534 0.034344 0.034746
0 0.685337 0.771363 0.035687 0.036446
0 0.396256 0.545940 0.031948 0.036077
0 0.451114 0.510376 0.033195 0.036200
0 0.280883 0.494629 0.033097 0.034623
0 0.111301 0.448664 0.035687 0.036446
0 0.832960 0.440183 0.033292 0.037777
0 0.560134 0.529778 0.035493 0.033291
0 0.173829 0.537722 0.031754 0.032922
0 0.618204 0.556587 0.033097 0.034623
0 0.494466 0.348980 0.037322 0.042879
0 0.610437 0.430387 0.033097 0.034623
0 0.798815 0.791913 0.034441 0.036323
0 0.113817 0.479364 0.036836 0.034992
0 0.231180 0.563013 0.035784 0.038023
0 0.305432 0.873106 0.035590 0.034869
0 0.845833 0.659517 0.034344 0.034746
0 0.248130 0.848603 0.034538 0.037900
0 0.674932 0.581940 0.033000 0.033045
0 0.691688 0.864374 0.036739 0.033413
0 0.413684 0.829101 0.034344 0.034746
0 0.167065 0.407455 0.037225 0.041302
0 0.394985 0.515118 0.035396 0.031713
0 0.722047 0.451121 0.032903 0.031468
0 0.557019 0.468984 0.032045 0.037654
0 0.878781 0.308699 0.035978 0.041179
0 0.730389 0.576471 0.034247 0.033168
0 0.682602 0.706562 0.035687 0.036446
0 0.835598 0.503406 0.035590 0.034869
0 0.453007 0.541137 0.033097 0.034623
0 0.127839 0.696997 0.035784 0.038023
0 0.743407 0.798172 0.035978 0.041179
0 0.337109 0.491465 0.035687 0.036446
0 0.277720 0.433045 0.034344 0.034746
0 0.331761 0.394388 0.037030 0.038146
0 0.739426 0.733494 0.035784 0.038023
0 0.680612 0.674224 0.033097 0.034623
0 0.386595 0.388980 0.037030 0.038146
0 0.776832 0.444925 0.033195 0.036200
0 0.795458 0.727174 0.035687 0.036446
0 0.683346 0.739024 0.035590 0.034869
0 0.393715 0.484295 0.034441 0.036323
0 0.553564 0.402667 0.033292 0.037777
0 0.400139 0.609040 0.034247 0.033168
0 0.227393 0.501492 0.033097 0.034623
0 0.792941 0.696475 0.034344 0.034746
0 0.562076 0.561329 0.035687 0.036446
0 0.225354 0.468364 0.035784 0.038023
0 0.662083 0.393552 0.035784 0.038023
0 0.790951 0.664136 0.034441 0.036323
0 0.611804 0.462787 0.031948 0.036077
0 0.616886 0.524975 0.031851 0.034500
0 0.276304 0.399857 0.035784 0.038023
0 0.453031 0.572083 0.036933 0.036569
0 0.718114 0.387233 0.033195 0.036200
0 0.609070 0.397987 0.034441 0.036323
0 0.733601 0.638843 0.033097 0.034623
0 0.388634 0.422106 0.036836 0.034992
0 0.614272 0.492698 0.033000 0.033045
0 0.720153 0.420360 0.035687 0.036446
0 0.288481 0.587517 0.031657 0.031345
0 0.236908 0.656086 0.035590 0.034869
0 0.527772 0.645652 0.021008 0.019319
0 0.538241 0.856494 0.023791 0.024297
0 0.529673 0.686729 0.022642 0.025752
0 0.852452 0.787418 0.036836 0.034992
0 0.620098 0.587348 0.033000 0.033045
0 0.383933 0.355914 0.033097 0.034623
0 0.411693 0.796763 0.031754 0.032922
0 0.629758 0.744309 0.033292 0.037777
0 0.183393 0.693105 0.036836 0.034992
0 0.885852 0.403226 0.032903 0.031468
0 0.834999 0.473311 0.033097 0.034623
0 0.728544 0.546499 0.034441 0.036323
0 0.789009 0.632586 0.034441 0.036323
0 0.444091 0.416637 0.035784 0.038023
0 0.397623 0.578341 0.035590 0.034869
0 0.736141 0.700489 0.035590 0.034869
0 0.725930 0.514221 0.033097 0.034623
0 0.668434 0.486564 0.034344 0.034746
0 0.670376 0.518113 0.034344 0.034746
0 0.774194 0.381702 0.033389 0.039355
0 0.723891 0.481094 0.035590 0.034869
0 0.672415 0.551241 0.034344 0.034746
0 0.781290 0.507175 0.037030 0.038146
0 0.507847 0.532253 0.035052 0.028731
0 0.504896 0.508247 0.037597 0.027226
0 0.498967 0.422097 0.036962 0.037042
0 0.508369 0.554484 0.035894 0.019689
0 0.307374 0.904656 0.035590 0.034869
0 0.783281 0.539514 0.034441 0.036323
0 0.187422 0.758571 0.036739 0.033413
0 0.300877 0.809279 0.034441 0.036323
0 0.279613 0.463807 0.034247 0.033168
0 0.800757 0.823463 0.034247 0.033168
0 0.558386 0.501384 0.033000 0.033045
0 0.442723 0.384238 0.034247 0.033168
0 0.340896 0.552988 0.035493 0.033291
0 0.779923 0.474774 0.030508 0.032799
0 0.193199 0.852433 0.034538 0.037900
0 0.628391 0.711909 0.034247 0.033168
0 0.169274 0.473895 0.035590 0.034869
0 0.244627 0.781497 0.035493 0.033291
0 0.250024 0.879363 0.034247 0.033168
0 0.115662 0.509336 0.034149 0.031590
0 0.415674 0.861440 0.029262 0.032676
0 0.123332 0.633958 0.034149 0.031590
0 0.189218 0.787755 0.036836 0.034992
0 0.191160 0.819305 0.036836 0.034992
0 0.856958 0.850456 0.035590 0.034869
0 0.299558 0.777667 0.035687 0.036446
0 0.746716 0.862121 0.036351 0.027104
0 0.566534 0.623579 0.034344 0.034746
0 0.240889 0.720763 0.035396 0.031713
0 0.138414 0.858629 0.034441 0.036323
0 0.194567 0.884832 0.033000 0.033045
0 0.741320 0.764255 0.033000 0.033045
0 0.118874 0.571709 0.035493 0.033291
0 0.289080 0.617612 0.034538 0.037900
0 0.540272 0.879306 0.022642 0.025752
0 0.232498 0.594625 0.031657 0.031345
0 0.828834 0.373139 0.033195 0.036200
0 0.347150 0.644421 0.034441 0.036323
0 0.293732 0.683018 0.033195 0.036200
0 0.142921 0.921668 0.035687 0.036446
0 0.854296 0.817390 0.037030 0.038146
0 0.222740 0.436087 0.034247 0.033168
0 0.251965 0.910914 0.036739 0.033413
0 0.175674 0.567694 0.034247 0.033168
0 0.800781 0.854408 0.038082 0.035115
0 0.228566 0.530737 0.034052 0.030013
0 0.676202 0.612763 0.031851 0.034500
0 0.850461 0.755079 0.036933 0.036569
0 0.631603 0.774281 0.035396 0.031713
0 0.291167 0.651529 0.034441 0.036323
0 0.139684 0.889452 0.033097 0.034623
0 0.235638 0.625263 0.034441 0.036323
0 0.523238 0.796078 0.031851 0.034500
0 0.620745 0.618232 0.033097 0.034623
