0 0.497078 0.271775 0.043130 0.032614
0 0.650000 0.270812 0.035255 0.028772
0 0.499337 0.341711 0.045509 0.037708
0 0.500796 0.369646 0.046620 0.037787
0 0.521579 0.737622 0.022097 0.032762
0 0.821256 0.389775 0.023313 0.036132
0 0.494291 0.202701 0.046461 0.032851
0 0.134646 0.346988 0.034570 0.041858
0 0.830855 0.721435 0.023260 0.034487
0 0.301665 0.713652 0.035733 0.043582
0 0.857390 0.303094 0.034624 0.043503
0 0.766240 0.683964 0.034730 0.046794
0 0.494932 0.239765 0.045828 0.047582
0 0.832713 0.761711 0.026749 0.039660
0 0.392464 0.287449 0.035574 0.038645
0 0.158742 0.765858 0.024476 0.037857
0 0.292568 0.380307 0.037110 0.051888
0 0.084922 0.391752 0.037003 0.048598
0 0.161735 0.806878 0.025585 0.037936
0 0.493836 0.171395 0.045669 0.042646
0 0.498670 0.303824 0.044612 0.044212
0 0.503678 0.527778 0.033407 0.040133
0 0.083513 0.348145 0.034517 0.040212
0 0.492693 0.136016 0.047836 0.041157
0 0.600409 0.319690 0.033407 0.040133
0 0.551214 0.363593 0.034677 0.045149
0 0.137137 0.389694 0.034677 0.045149
0 0.392299 0.247877 0.035786 0.045228
0 0.649227 0.229634 0.034677 0.045149
0 0.560338 0.697759 0.035786 0.045228
0 0.091811 0.639488 0.036950 0.046952
0 0.342239 0.333899 0.032457 0.044991
0 0.647739 0.183559 0.034889 0.051730
0 0.764937 0.643648 0.034570 0.041858
0 0.817292 0.680340 0.034624 0.043503
0 0.549885 0.322453 0.034570 0.041858
0 0.906287 0.215506 0.033514 0.043424
0 0.548477 0.278846 0.032617 0.049928
0 0.763449 0.597572 0.034889 0.051730
0 0.908251 0.259074 0.034677 0.045149
0 0.083241 0.305281 0.036950 0.046952
0 0.299755 0.671729 0.034677 0.045149
0 0.756640 0.352305 0.034783 0.048440
0 0.291160 0.336700 0.034517 0.040212
0 0.144325 0.681116 0.034677 0.045149
0 0.560092 0.655718 0.035840 0.046873
0 0.855480 0.261171 0.033567 0.045070
0 0.248702 0.675354 0.036897 0.045307
0 0.197341 0.721059 0.035733 0.043582
0 0.798334 0.472220 0.023313 0.036132
0 0.823642 0.429190 0.023313 0.036132
0 0.798115 0.431002 0.023313 0.036132
0 0.815910 0.637555 0.034730 0.046794
0 0.341411 0.291074 0.033567 0.045070
0 0.599583 0.276867 0.034730 0.046794
0 0.825552 0.471112 0.024476 0.037857
0 0.250111 0.718961 0.036950 0.046952
0 0.558022 0.608860 0.034783 0.048440
0 0.300487 0.625496 0.034889 0.051730
0 0.905354 0.169390 0.034942 0.053377
0 0.093246 0.683918 0.036950 0.046952
0 0.754677 0.308737 0.035733 0.043582
0 0.143444 0.636647 0.035893 0.048519
0 0.094681 0.728348 0.039170 0.047109
0 0.239552 0.340365 0.033514 0.043424
0 0.145760 0.725546 0.037003 0.048598
0 0.188216 0.386892 0.034730 0.046794
0 0.446009 0.326531 0.035680 0.041937
0 0.699943 0.267266 0.033673 0.048361
0 0.445182 0.283706 0.034889 0.051730
0 0.447391 0.369315 0.035999 0.051809
0 0.854600 0.216702 0.032564 0.048283
0 0.702285 0.356989 0.034836 0.050085
0 0.803793 0.262368 0.034730 0.046794
0 0.240352 0.382366 0.034677 0.045149
0 0.341139 0.248210 0.033673 0.048361
0 0.815031 0.593085 0.033620 0.046715
0 0.701378 0.311696 0.033567 0.045070
0 0.185955 0.299638 0.035840 0.046873
0 0.289143 0.291487 0.035999 0.051809
0 0.652465 0.312696 0.035946 0.050164
0 0.807746 0.350326 0.032457 0.044991
0 0.194524 0.633844 0.035840 0.046873
0 0.390758 0.200155 0.036105 0.055100
0 0.753269 0.265130 0.035893 0.048519
0 0.195959 0.678274 0.035840 0.046873
0 0.393819 0.329411 0.038166 0.050322
0 0.247241 0.630101 0.036950 0.046952
0 0.502957 0.488245 0.041283 0.043976
0 0.186808 0.343285 0.034677 0.045149
0 0.500994 0.444677 0.042552 0.048992
0 0.134320 0.302479 0.037003 0.048598
0 0.238144 0.296757 0.035893 0.048519
0 0.598649 0.230751 0.035946 0.050164
0 0.805201 0.305975 0.034677 0.045149
