0 0.881853 0.218599 0.041804 0.053943
0 0.302144 0.599694 0.038975 0.048481
0 0.723649 0.221450 0.036579 0.046235
0 0.803097 0.407943 0.038975 0.048481
0 0.291770 0.518330 0.039849 0.047192
0 0.286149 0.476521 0.040282 0.050409
0 0.601687 0.468566 0.041588 0.052335
0 0.296086 0.558848 0.036354 0.052348
0 0.612168 0.550734 0.040498 0.052016
0 0.756158 0.079903 0.038966 0.056202
0 0.818841 0.150135 0.040714 0.053624
0 0.207142 0.284885 0.037003 0.057172
0 0.678807 0.279700 0.038101 0.049770
0 0.495581 0.454497 0.046811 0.060043
0 0.313607 0.680738 0.033742 0.048495
0 0.780170 0.245854 0.041155 0.049119
0 0.813985 0.105596 0.036570 0.053956
0 0.702428 0.817627 0.035489 0.045916
0 0.713059 0.138478 0.039201 0.042368
0 0.476987 0.316209 0.045514 0.050395
0 0.486072 0.379566 0.048135 0.046528
0 0.467033 0.250599 0.045947 0.053611
0 0.763572 0.796388 0.024816 0.036614
0 0.455478 0.152033 0.046172 0.047498
0 0.481528 0.349977 0.046829 0.044601
0 0.472226 0.285012 0.045523 0.042674
0 0.544317 0.732709 0.027211 0.038859
0 0.462622 0.217796 0.046137 0.039455
0 0.459541 0.186458 0.045709 0.051843
0 0.786264 0.666071 0.040714 0.053624
0 0.829975 0.232947 0.042677 0.052654
0 0.629110 0.293410 0.041155 0.049119
0 0.640573 0.374455 0.038101 0.049770
0 0.836033 0.273792 0.039191 0.050089
0 0.790436 0.326413 0.036138 0.050740
0 0.690708 0.359781 0.038101 0.049770
0 0.223786 0.412881 0.041371 0.050728
0 0.281068 0.438733 0.040065 0.048800
0 0.785575 0.286054 0.036795 0.047843
0 0.212760 0.330872 0.041804 0.053943
0 0.584706 0.350696 0.038758 0.046873
0 0.708157 0.860240 0.040930 0.055233
0 0.673221 0.617264 0.040282 0.050409
0 0.606763 0.510534 0.037885 0.048162
0 0.746395 0.761304 0.041804 0.053943
0 0.691072 0.737386 0.041804 0.053943
0 0.579629 0.308729 0.041146 0.056840
0 0.230389 0.453566 0.043767 0.052973
0 0.307333 0.638285 0.038975 0.048481
0 0.841330 0.313188 0.038975 0.048481
0 0.760038 0.841711 0.041795 0.061664
0 0.876123 0.175986 0.041588 0.052335
0 0.706244 0.092005 0.042885 0.061983
0 0.647069 0.414336 0.035489 0.045916
0 0.768923 0.166416 0.038101 0.049770
0 0.791993 0.708683 0.040498 0.052016
0 0.735329 0.304103 0.037885 0.048162
0 0.864803 0.475118 0.040930 0.055233
0 0.773891 0.207580 0.038975 0.048481
0 0.870177 0.131766 0.039623 0.053305
0 0.684541 0.318132 0.039191 0.050089
0 0.701847 0.438414 0.039191 0.050089
0 0.668439 0.194156 0.038533 0.052986
0 0.572593 0.264827 0.033958 0.050102
0 0.685014 0.696542 0.037885 0.048162
0 0.852794 0.394233 0.040714 0.053624
0 0.847173 0.352425 0.038101 0.049770
0 0.590985 0.388969 0.039191 0.050089
0 0.858745 0.434274 0.039191 0.050089
0 0.823917 0.192103 0.039191 0.050089
0 0.718824 0.560463 0.040714 0.053624
0 0.724990 0.602112 0.041371 0.050728
0 0.651821 0.453892 0.039407 0.051697
0 0.423713 0.311746 0.040498 0.052016
0 0.418637 0.269778 0.039407 0.051697
0 0.269501 0.352704 0.041146 0.056840
0 0.523437 0.282558 0.041588 0.052335
0 0.735692 0.681709 0.039407 0.051697
0 0.633862 0.332966 0.038101 0.049770
0 0.713311 0.519459 0.040498 0.052016
0 0.622615 0.253529 0.039840 0.054913
0 0.218381 0.372680 0.041804 0.053943
0 0.740734 0.344303 0.040498 0.052016
0 0.529167 0.325169 0.041804 0.053943
0 0.412038 0.224913 0.041363 0.058448
0 0.769066 0.546593 0.042677 0.052654
0 0.797147 0.367903 0.038317 0.051378
0 0.429119 0.351946 0.040065 0.048800
0 0.718244 0.181250 0.041804 0.053943
0 0.668690 0.575137 0.040714 0.053624
0 0.366544 0.282519 0.044191 0.063910
0 0.661978 0.533648 0.038101 0.049770
0 0.673294 0.238696 0.038317 0.051378
0 0.275446 0.396925 0.042677 0.052654
0 0.695352 0.398532 0.037011 0.049451
0 0.516838 0.237693 0.041363 0.058448
0 0.741427 0.720141 0.040065 0.048800
0 0.729270 0.263259 0.041804 0.053943
0 0.751981 0.423740 0.039191 0.050089
0 0.435069 0.391987 0.039407 0.051697
0 0.596390 0.429170 0.039191 0.050089
0 0.763773 0.503018 0.039407 0.051697
0 0.656353 0.496019 0.036795 0.047843
0 0.746684 0.384344 0.038975 0.048481
0 0.697455 0.780643 0.040282 0.050409
0 0.730287 0.641508 0.038975 0.048481
0 0.318139 0.722865 0.040714 0.053624
0 0.762864 0.125572 0.039407 0.051697
0 0.706162 0.478934 0.039191 0.050089
0 0.759129 0.464266 0.037885 0.048162
0 0.679609 0.656341 0.040498 0.052016
0 0.775561 0.586474 0.042677 0.052654
0 0.780313 0.626030 0.039191 0.050089
