0 0.809205 0.430814 0.024163 0.030586
0 0.829967 0.834566 0.042973 0.039276
0 0.494192 0.583707 0.025705 0.026723
0 0.778711 0.519126 0.035686 0.037030
0 0.698515 0.922706 0.041726 0.044677
0 0.762693 0.809761 0.025674 0.032499
0 0.699034 0.562153 0.026888 0.032873
0 0.782797 0.424303 0.025378 0.030961
0 0.705643 0.892332 0.041726 0.044677
0 0.770429 0.779576 0.026888 0.032873
0 0.299582 0.371467 0.038083 0.043554
0 0.856123 0.477842 0.025969 0.034036
0 0.303854 0.345912 0.040184 0.048540
0 0.498685 0.510180 0.032369 0.031669
0 0.711541 0.858323 0.039921 0.041228
0 0.693208 0.953640 0.042350 0.041977
0 0.832631 0.603325 0.027480 0.035947
0 0.724391 0.570782 0.024755 0.033661
0 0.292010 0.404146 0.038378 0.045091
0 0.731252 0.765873 0.039593 0.045465
0 0.528946 0.342814 0.035062 0.039731
0 0.838382 0.570085 0.022949 0.030212
0 0.758623 0.907845 0.040216 0.042765
0 0.776638 0.747291 0.026888 0.032873
0 0.772354 0.552179 0.042022 0.046214
0 0.267599 0.527717 0.038115 0.037779
0 0.718522 0.828719 0.039625 0.039690
0 0.764077 0.876142 0.036277 0.040105
0 0.518037 0.406220 0.036245 0.045880
0 0.717552 0.536105 0.041135 0.041602
0 0.059053 0.722377 0.038706 0.040854
0 0.525150 0.372585 0.035686 0.037030
0 0.353169 0.387166 0.039625 0.039690
0 0.751199 0.939756 0.040808 0.045839
0 0.604515 0.826153 0.039625 0.039690
0 0.770894 0.844045 0.035654 0.042805
0 0.749771 0.739825 0.027184 0.034410
0 0.149714 0.257697 0.039593 0.045465
0 0.092714 0.537331 0.038083 0.043554
0 0.064359 0.691443 0.037492 0.040479
0 0.135688 0.614901 0.034767 0.038193
0 0.609608 0.502024 0.039002 0.042391
0 0.820508 0.666358 0.024459 0.032124
0 0.823949 0.501311 0.024459 0.032124
0 0.843453 0.771139 0.041431 0.043139
0 0.814283 0.695381 0.025674 0.032499
0 0.782257 0.718080 0.026888 0.032873
0 0.544867 0.841969 0.039625 0.039690
0 0.287459 0.434498 0.037492 0.040479
0 0.883635 0.555532 0.035981 0.038567
0 0.728358 0.700656 0.025969 0.034036
0 0.844000 0.540875 0.025969 0.034036
0 0.128805 0.353034 0.041135 0.041602
0 0.849367 0.740392 0.041431 0.043139
0 0.725043 0.798158 0.039593 0.045465
0 0.836784 0.802468 0.042941 0.045051
0 0.075876 0.628223 0.038706 0.040854
0 0.538493 0.871762 0.041135 0.041602
0 0.861047 0.679666 0.033848 0.039357
0 0.755537 0.709846 0.026888 0.032873
0 0.761599 0.678330 0.026592 0.031335
0 0.589667 0.889975 0.039625 0.039690
0 0.178907 0.400230 0.035981 0.038567
0 0.069666 0.660508 0.038706 0.040854
0 0.398347 0.730861 0.038706 0.040854
0 0.614981 0.765053 0.040512 0.044302
0 0.550781 0.811223 0.040216 0.042765
0 0.202169 0.570249 0.040216 0.042765
0 0.325968 0.809521 0.039921 0.041228
0 0.272677 0.792284 0.040216 0.042765
0 0.615833 0.473000 0.040216 0.042765
0 0.374855 0.856344 0.037787 0.042017
0 0.266615 0.823800 0.042350 0.041977
0 0.196041 0.307801 0.037787 0.042017
0 0.634233 0.671648 0.039921 0.041228
0 0.472777 0.357259 0.039593 0.045465
0 0.890304 0.524204 0.040512 0.044302
0 0.166619 0.460769 0.037492 0.040479
0 0.229539 0.712222 0.039002 0.042391
0 0.215063 0.509898 0.039921 0.041228
0 0.345220 0.716116 0.039329 0.038153
0 0.567160 0.719374 0.037492 0.040479
0 0.182622 0.665192 0.040216 0.042765
0 0.191030 0.337198 0.038410 0.039316
0 0.404721 0.701069 0.037196 0.038941
0 0.364997 0.325671 0.040808 0.045839
0 0.400546 0.435151 0.037492 0.040479
0 0.417303 0.638992 0.038706 0.040854
0 0.320054 0.840269 0.042350 0.041977
0 0.099843 0.506958 0.039921 0.041228
0 0.283897 0.730602 0.042022 0.046214
0 0.873170 0.616633 0.038706 0.040854
0 0.663950 0.517142 0.037196 0.038941
0 0.561394 0.749353 0.040216 0.042765
0 0.184213 0.369295 0.037787 0.042017
0 0.308899 0.603956 0.040512 0.044302
0 0.141454 0.584922 0.039921 0.041228
0 0.492790 0.825106 0.037492 0.040479
0 0.645765 0.611690 0.035062 0.039731
0 0.328315 0.513043 0.039002 0.042391
0 0.242434 0.651870 0.038706 0.040854
0 0.579431 0.655573 0.037196 0.038941
0 0.527518 0.641204 0.035981 0.038567
0 0.380999 0.530094 0.037492 0.040479
0 0.244321 0.354436 0.038706 0.040854
0 0.503403 0.763237 0.037492 0.040479
0 0.441402 0.513696 0.039002 0.042391
0 0.339602 0.745326 0.039921 0.041228
0 0.719084 0.601717 0.028398 0.034784
0 0.572303 0.685947 0.040216 0.042765
0 0.556776 0.485742 0.037196 0.038941
0 0.112425 0.444882 0.041431 0.043139
0 0.867108 0.648149 0.041431 0.043139
0 0.585657 0.626550 0.038410 0.039316
0 0.670323 0.487351 0.038706 0.040854
0 0.723318 0.506125 0.039002 0.042391
0 0.676696 0.457559 0.040216 0.042765
0 0.212569 0.807144 0.043564 0.042351
0 0.497490 0.793984 0.037492 0.040479
0 0.250235 0.323688 0.038706 0.040854
0 0.369007 0.589096 0.038410 0.039316
0 0.386224 0.793893 0.041726 0.044677
0 0.730595 0.474984 0.038706 0.040854
0 0.321646 0.544373 0.039921 0.041228
0 0.237652 0.385764 0.038378 0.045091
0 0.261522 0.555971 0.040216 0.042765
0 0.374773 0.559117 0.038706 0.040854
0 0.621895 0.441485 0.039921 0.041228
0 0.410634 0.670322 0.040216 0.042765
0 0.338616 0.449450 0.040216 0.042765
0 0.334524 0.480759 0.039002 0.042391
0 0.682446 0.424318 0.039297 0.043928
0 0.220370 0.478963 0.038706 0.040854
0 0.363553 0.620799 0.038083 0.043554
0 0.296628 0.667756 0.040216 0.042765
0 0.255920 0.588443 0.039002 0.042391
0 0.153889 0.523614 0.036277 0.040105
0 0.218023 0.775441 0.040216 0.042765
0 0.418436 0.342140 0.040808 0.045839
0 0.651219 0.579988 0.035981 0.038567
0 0.742718 0.411952 0.039297 0.043928
0 0.405557 0.405755 0.041135 0.041602
0 0.486728 0.856623 0.037787 0.042017
0 0.350986 0.686138 0.037787 0.042017
0 0.303297 0.636428 0.041135 0.041602
0 0.281545 0.465246 0.039921 0.041228
0 0.289959 0.699086 0.041135 0.041602
0 0.452934 0.453740 0.039002 0.042391
0 0.521145 0.670995 0.038083 0.043554
0 0.195204 0.603116 0.039297 0.043928
0 0.159950 0.492099 0.039002 0.042391
0 0.394173 0.464944 0.036573 0.041642
0 0.569211 0.424434 0.038410 0.039316
0 0.332637 0.778192 0.042022 0.046214
0 0.597632 0.564287 0.038706 0.040854
0 0.249710 0.620728 0.039002 0.042391
0 0.411930 0.375962 0.040216 0.042765
0 0.515690 0.702698 0.039002 0.042391
0 0.657429 0.547703 0.036573 0.041642
0 0.736508 0.444236 0.038706 0.040854
0 0.275335 0.497530 0.040512 0.044302
0 0.550107 0.517070 0.036277 0.040105
0 0.603087 0.532584 0.040216 0.042765
0 0.539034 0.577984 0.037196 0.038941
0 0.563149 0.455950 0.039297 0.043928
0 0.387815 0.497997 0.039297 0.043928
0 0.592178 0.595991 0.040216 0.042765
0 0.225677 0.448029 0.038083 0.043554
0 0.627941 0.406706 0.042022 0.046214
0 0.543897 0.549355 0.036277 0.040105
0 0.429590 0.578453 0.037787 0.042017
0 0.435193 0.545981 0.039002 0.042391
0 0.465665 0.390894 0.040216 0.042765
0 0.459455 0.423179 0.037196 0.038941
0 0.575568 0.391380 0.042318 0.047752
0 0.533580 0.609687 0.039297 0.043928
0 0.189143 0.634631 0.038410 0.039316
0 0.358787 0.357956 0.040216 0.042765
0 0.741252 0.640304 0.026856 0.038648
0 0.621650 0.733725 0.038410 0.039316
0 0.129626 0.646417 0.040512 0.044302
0 0.597239 0.857296 0.040512 0.044302
0 0.854821 0.708688 0.037492 0.040479
0 0.765389 0.585046 0.039329 0.038153
0 0.172386 0.430790 0.037787 0.042017
0 0.380162 0.825409 0.038410 0.039316
0 0.123417 0.678701 0.039921 0.041228
0 0.492010 0.605018 0.024390 0.027012
0 0.484286 0.644507 0.023270 0.024873
0 0.481582 0.662751 0.021324 0.022177
0 0.225447 0.743530 0.037787 0.042017
0 0.609378 0.797525 0.038706 0.040854
0 0.310195 0.309597 0.038083 0.043554
0 0.116895 0.709262 0.041135 0.041602
0 0.511262 0.440448 0.038382 0.044513
0 0.232493 0.415931 0.035686 0.037030
0 0.136229 0.321124 0.041726 0.044677
0 0.202546 0.273979 0.037787 0.042017
0 0.902723 0.459634 0.040512 0.044302
0 0.256592 0.290635 0.039002 0.042391
0 0.086800 0.568078 0.037492 0.040479
0 0.208542 0.540457 0.038706 0.040854
0 0.850061 0.509359 0.025674 0.032499
0 0.786003 0.491245 0.035358 0.041268
0 0.493806 0.535546 0.035686 0.037030
0 0.487571 0.624821 0.023572 0.027512
0 0.792509 0.457423 0.039625 0.039690
0 0.444853 0.786720 0.036604 0.035867
0 0.106742 0.772087 0.042645 0.043514
0 0.080886 0.598826 0.039921 0.041228
0 0.788925 0.686752 0.025969 0.034036
0 0.117880 0.413178 0.042350 0.041977
0 0.827177 0.635029 0.026561 0.037111
0 0.278591 0.761536 0.039625 0.039690
0 0.760674 0.612906 0.038115 0.037779
0 0.734583 0.671633 0.027184 0.034410
0 0.831685 0.471126 0.026265 0.035573
0 0.691905 0.592526 0.027480 0.035947
0 0.122579 0.382057 0.042350 0.041977
0 0.160492 0.790281 0.041431 0.043139
0 0.393041 0.761795 0.039921 0.041228
0 0.053303 0.755618 0.045666 0.047337
0 0.509777 0.733445 0.035981 0.038567
0 0.176560 0.696708 0.039921 0.041228
0 0.147975 0.554362 0.039297 0.043928
0 0.532284 0.904046 0.041726 0.044677
0 0.639999 0.641669 0.037196 0.038941
0 0.236668 0.681848 0.036573 0.041642
0 0.811974 0.563574 0.027184 0.034410
0 0.142290 0.289608 0.041431 0.043139
0 0.355981 0.653478 0.034767 0.038193
0 0.166094 0.757809 0.040216 0.042765
0 0.896826 0.493643 0.038706 0.040854
0 0.315273 0.574164 0.038410 0.039316
0 0.171401 0.726874 0.038410 0.039316
0 0.345581 0.416584 0.041726 0.044677
0 0.556842 0.779706 0.037492 0.040479
0 0.447020 0.484487 0.038410 0.039316
0 0.878624 0.584930 0.037787 0.042017
0 0.806208 0.593554 0.025050 0.035198
0 0.480207 0.887182 0.035981 0.038567
0 0.768283 0.650263 0.030500 0.039771
0 0.423676 0.609201 0.037196 0.038941
0 0.793936 0.657354 0.027184 0.034410
0 0.628319 0.702396 0.040512 0.044302
0 0.585723 0.920515 0.036277 0.040105
0 0.817592 0.534365 0.024163 0.030586
0 0.800146 0.625070 0.027184 0.034410
0 0.112048 0.741153 0.041431 0.043139
0 0.106511 0.475630 0.039002 0.042391
