0 0.391841 0.434217 0.036489 0.048411
0 0.916735 0.506709 0.040122 0.039352
0 0.360618 0.688932 0.037134 0.029132
0 0.283194 0.369349 0.035256 0.046579
0 0.491685 0.346097 0.043302 0.038294
0 0.477071 0.183327 0.044536 0.040126
0 0.913123 0.468294 0.039931 0.050630
0 0.478929 0.213741 0.049663 0.036177
0 0.476944 0.836365 0.037072 0.042050
0 0.502759 0.499516 0.041486 0.042824
0 0.474401 0.149732 0.046873 0.042151
0 0.485372 0.280738 0.043302 0.038294
0 0.908699 0.426698 0.037332 0.045327
0 0.479453 0.874974 0.038827 0.050436
0 0.193240 0.553772 0.038697 0.048798
0 0.690985 0.298699 0.036750 0.051689
0 0.125746 0.352085 0.036099 0.043495
0 0.489080 0.313320 0.043563 0.041571
0 0.068636 0.274030 0.037723 0.050243
0 0.394966 0.473548 0.035448 0.035301
0 0.558948 0.404094 0.028375 0.042141
0 0.626516 0.768607 0.036229 0.045134
0 0.180248 0.383241 0.037332 0.045327
0 0.177122 0.343910 0.037593 0.048604
0 0.902999 0.347939 0.035968 0.041856
0 0.514095 0.149420 0.026168 0.041754
0 0.483034 0.920040 0.038958 0.052076
0 0.385263 0.351457 0.036099 0.043495
0 0.622222 0.728650 0.034152 0.046385
0 0.260766 0.748807 0.037463 0.046966
0 0.174222 0.300386 0.036620 0.050050
0 0.472584 0.795589 0.037593 0.048604
0 0.493672 0.378150 0.047003 0.043791
0 0.677861 0.126529 0.037853 0.051883
0 0.195750 0.592380 0.039670 0.047353
0 0.895253 0.264554 0.036229 0.045134
0 0.122977 0.310199 0.037853 0.051883
0 0.644716 0.350012 0.036489 0.048411
0 0.630389 0.810299 0.037723 0.050243
0 0.694241 0.339668 0.036229 0.045134
0 0.633775 0.852907 0.037463 0.046966
0 0.530734 0.365837 0.022858 0.041174
0 0.200044 0.632337 0.039540 0.045714
0 0.482702 0.247143 0.046160 0.046874
0 0.619518 0.687583 0.037723 0.050243
0 0.518488 0.197667 0.027141 0.040309
0 0.120629 0.266577 0.035256 0.046579
0 0.888481 0.179337 0.036229 0.045134
0 0.257996 0.706921 0.036489 0.048411
0 0.609067 0.563132 0.036099 0.043495
0 0.468712 0.753897 0.036359 0.046772
0 0.378001 0.893588 0.038437 0.045521
0 0.906124 0.387270 0.036489 0.048411
0 0.242203 0.501156 0.034995 0.043302
0 0.202748 0.673403 0.038697 0.048798
0 0.075669 0.362524 0.039931 0.050630
0 0.331314 0.320205 0.036489 0.048411
0 0.552436 0.322154 0.025907 0.038476
0 0.616683 0.644877 0.038567 0.047159
0 0.375361 0.853341 0.037463 0.046966
0 0.244712 0.539765 0.038437 0.045521
0 0.072639 0.317360 0.038697 0.048798
0 0.254610 0.664312 0.038697 0.048798
0 0.279190 0.326018 0.034283 0.048024
0 0.613427 0.603908 0.038827 0.050436
0 0.843326 0.272825 0.036359 0.046772
0 0.640777 0.307499 0.037853 0.051883
0 0.521388 0.241193 0.025907 0.038476
0 0.793444 0.285724 0.035386 0.048217
0 0.247902 0.579915 0.038827 0.050436
0 0.371684 0.814107 0.036099 0.043495
0 0.836554 0.187609 0.036880 0.053328
0 0.892484 0.222668 0.037723 0.050243
0 0.742847 0.289608 0.038697 0.048798
0 0.465942 0.712010 0.035386 0.048217
0 0.167806 0.212614 0.040061 0.052270
0 0.885647 0.136632 0.037853 0.051883
0 0.687729 0.257729 0.038697 0.048798
0 0.116982 0.220692 0.037983 0.053521
0 0.796765 0.327513 0.035256 0.046579
0 0.779996 0.109457 0.039348 0.056992
0 0.133005 0.436385 0.035126 0.044940
0 0.205908 0.720206 0.037983 0.053521
0 0.264573 0.789680 0.041034 0.050823
0 0.328284 0.275042 0.037723 0.050243
0 0.170350 0.258692 0.037593 0.048604
0 0.683726 0.214398 0.037463 0.046966
0 0.135092 0.476729 0.037723 0.050243
0 0.337630 0.399686 0.036099 0.043495
0 0.680957 0.172512 0.038697 0.048798
0 0.548985 0.278726 0.026298 0.043393
0 0.637096 0.894697 0.039800 0.048991
0 0.462816 0.672680 0.035126 0.044940
0 0.647550 0.392717 0.035386 0.048217
0 0.186955 0.467638 0.037463 0.046966
0 0.840070 0.231856 0.036359 0.046772
0 0.698600 0.380445 0.036489 0.048411
0 0.603659 0.480999 0.038567 0.047159
0 0.286450 0.410319 0.034995 0.043302
0 0.881935 0.089927 0.040191 0.053908
0 0.786411 0.197229 0.037593 0.048604
0 0.129554 0.392958 0.039931 0.050630
0 0.251354 0.623343 0.038697 0.048798
0 0.398643 0.512782 0.037853 0.051883
0 0.524222 0.283898 0.024804 0.038283
0 0.746168 0.331398 0.038827 0.050436
0 0.555757 0.363943 0.025777 0.036837
0 0.423450 0.170294 0.036880 0.053328
0 0.381030 0.938752 0.040191 0.053908
0 0.590765 0.318759 0.036359 0.046772
0 0.556026 0.529227 0.036359 0.046772
0 0.218630 0.204535 0.037983 0.053521
0 0.527413 0.324048 0.024934 0.039922
0 0.783090 0.155440 0.037463 0.046966
0 0.738227 0.245554 0.038958 0.052076
0 0.065541 0.228046 0.039088 0.053715
0 0.227394 0.335929 0.036359 0.046772
0 0.576895 0.144228 0.039218 0.055353
0 0.289219 0.452206 0.036750 0.051689
0 0.401869 0.560403 0.036750 0.051689
0 0.899126 0.306247 0.037723 0.050243
0 0.350785 0.565204 0.038306 0.043882
0 0.449597 0.506343 0.037202 0.043688
0 0.606980 0.522788 0.040904 0.049185
0 0.234944 0.416855 0.038697 0.048798
0 0.636969 0.266627 0.036229 0.045134
0 0.452853 0.547313 0.037723 0.050243
0 0.222277 0.250421 0.037723 0.050243
0 0.563285 0.613528 0.037593 0.048604
0 0.230584 0.376079 0.038697 0.048798
0 0.324897 0.232433 0.037463 0.046966
0 0.364294 0.728167 0.035647 0.051496
0 0.238330 0.459463 0.038958 0.052076
0 0.322841 0.185438 0.036750 0.051689
0 0.593956 0.358909 0.036229 0.045134
0 0.224560 0.293224 0.037723 0.050243
0 0.455558 0.588379 0.036359 0.046772
0 0.183634 0.425849 0.037853 0.051883
0 0.389005 0.391511 0.037332 0.045327
0 0.847881 0.316061 0.038958 0.052076
0 0.437613 0.341451 0.034865 0.041663
0 0.789993 0.242295 0.037723 0.050243
0 0.334505 0.360355 0.036359 0.046772
0 0.498365 0.451269 0.045447 0.051597
0 0.559899 0.570920 0.037593 0.048604
0 0.189238 0.510441 0.037463 0.046966
0 0.431652 0.259415 0.034022 0.044747
0 0.459430 0.630071 0.037593 0.048604
0 0.428266 0.216806 0.036489 0.048411
0 0.600403 0.440029 0.036359 0.046772
0 0.354461 0.604438 0.037463 0.046966
0 0.580477 0.189295 0.038567 0.047159
0 0.443703 0.425126 0.034022 0.044747
0 0.368428 0.773137 0.038827 0.050436
0 0.597634 0.398144 0.037332 0.045327
0 0.383046 0.309475 0.036750 0.051689
0 0.357557 0.650421 0.041295 0.054102
0 0.633583 0.224018 0.038958 0.052076
0 0.340334 0.440752 0.037723 0.050243
0 0.344273 0.483265 0.036359 0.046772
0 0.552770 0.488258 0.036359 0.046772
0 0.550001 0.446372 0.037593 0.048604
0 0.583928 0.232722 0.038958 0.052076
0 0.347594 0.525054 0.038697 0.048798
0 0.445920 0.467109 0.036359 0.046772
0 0.441485 0.383143 0.036620 0.050050
0 0.434422 0.301300 0.037723 0.050243
0 0.588061 0.277692 0.035256 0.046579
