0 0.198448 0.084352 0.042839 0.056226
0 0.527560 0.350071 0.046103 0.045609
0 0.523285 0.378835 0.047719 0.049199
0 0.538197 0.283566 0.046886 0.044252
0 0.891927 0.382843 0.038533 0.036678
0 0.560659 0.157096 0.047155 0.045848
0 0.496776 0.529322 0.036643 0.043463
0 0.554201 0.188615 0.049849 0.049836
0 0.548822 0.220531 0.048774 0.043454
0 0.895122 0.683218 0.034485 0.048652
0 0.543442 0.252447 0.048768 0.055423
0 0.628098 0.371861 0.039066 0.051839
0 0.926993 0.483942 0.039606 0.049046
0 0.533356 0.315682 0.047959 0.056621
0 0.592764 0.272358 0.036912 0.045058
0 0.292254 0.163070 0.039066 0.051839
0 0.140786 0.107130 0.039606 0.049046
0 0.342923 0.181783 0.038528 0.048648
0 0.776872 0.430195 0.040144 0.052237
0 0.670157 0.431467 0.040144 0.052237
0 0.677016 0.390774 0.040413 0.053834
0 0.840853 0.363134 0.040951 0.057026
0 0.349781 0.137699 0.042027 0.063409
0 0.407577 0.114122 0.040682 0.055430
0 0.285261 0.204561 0.041761 0.055828
0 0.621239 0.412554 0.039335 0.053435
0 0.614246 0.454045 0.039335 0.053435
0 0.641277 0.290274 0.041220 0.058621
0 0.899961 0.644322 0.042032 0.051439
0 0.509550 0.450130 0.045535 0.054228
0 0.487264 0.280011 0.040413 0.053834
0 0.385925 0.242585 0.038257 0.053037
0 0.436056 0.261099 0.041492 0.054232
0 0.133793 0.148621 0.043377 0.059417
0 0.494390 0.234331 0.040142 0.058223
0 0.457708 0.132636 0.044454 0.059815
0 0.706336 0.223611 0.040413 0.053834
0 0.913948 0.564730 0.040954 0.051041
0 0.449367 0.175325 0.041223 0.052636
0 0.940710 0.402555 0.040144 0.052237
0 0.719882 0.448985 0.042570 0.054630
0 0.207192 0.039270 0.043108 0.057822
0 0.241181 0.143361 0.039875 0.050642
0 0.662625 0.472759 0.041223 0.052636
0 0.906685 0.604426 0.042570 0.054630
0 0.400181 0.158007 0.040413 0.053834
0 0.336065 0.222477 0.042030 0.057424
0 0.735081 0.365602 0.040682 0.055430
0 0.727550 0.406894 0.041761 0.055828
0 0.790050 0.345219 0.042839 0.056226
0 0.256514 0.059179 0.043108 0.057822
0 0.883990 0.423139 0.042568 0.060615
0 0.148722 0.063445 0.043106 0.063807
0 0.183923 0.170526 0.040682 0.055430
0 0.684144 0.351875 0.041223 0.052636
0 0.502423 0.492419 0.043648 0.055028
0 0.691272 0.309587 0.041492 0.054232
0 0.697727 0.267896 0.040413 0.053834
0 0.234457 0.186646 0.042030 0.057424
0 0.948376 0.360465 0.042030 0.057424
0 0.634553 0.333561 0.041223 0.052636
0 0.585097 0.314448 0.042030 0.057424
0 0.833456 0.407019 0.040682 0.055430
0 0.783865 0.388704 0.040682 0.055430
0 0.598814 0.229671 0.042027 0.063409
0 0.769475 0.470690 0.041492 0.054232
0 0.920403 0.523040 0.042570 0.054630
0 0.797448 0.304724 0.041492 0.054232
0 0.897976 0.340157 0.043106 0.063807
0 0.955907 0.315782 0.044186 0.058220
0 0.805517 0.260241 0.043108 0.057822
0 0.248444 0.103663 0.041492 0.054232
0 0.933717 0.444047 0.042839 0.056226
0 0.191725 0.127638 0.043917 0.056624
0 0.393592 0.200496 0.041761 0.055828
0 0.443183 0.218811 0.043917 0.056624
