0 0.503637 0.495409 0.042842 0.044253
0 0.792427 0.980261 0.041222 0.039478
0 0.694324 0.954005 0.042300 0.053032
0 0.475699 0.746145 0.026133 0.035091
0 0.411030 0.766339 0.031519 0.049051
0 0.103402 0.352712 0.041222 0.052634
0 0.530804 0.351183 0.046076 0.045448
0 0.879422 0.467195 0.042569 0.054628
0 0.131101 0.188341 0.039065 0.051838
0 0.550834 0.222122 0.046885 0.044250
0 0.540482 0.286952 0.043920 0.044652
0 0.719867 0.792229 0.041760 0.055826
0 0.798747 0.949337 0.038796 0.050242
0 0.440331 0.561876 0.038527 0.048646
0 0.154852 0.672595 0.042029 0.057422
0 0.231092 0.223566 0.039067 0.045852
0 0.331114 0.346951 0.024515 0.037486
0 0.525560 0.382303 0.049039 0.051031
0 0.556482 0.192000 0.046883 0.050235
0 0.817838 0.829251 0.039334 0.053434
0 0.707231 0.874014 0.041222 0.052634
0 0.594913 0.273147 0.035293 0.047452
0 0.700508 0.913911 0.041222 0.052634
0 0.831687 0.743675 0.039605 0.049044
0 0.151672 0.062868 0.043107 0.057820
0 0.742701 0.969326 0.043647 0.055026
0 0.733178 0.709844 0.039874 0.050640
0 0.544916 0.253839 0.047421 0.053427
0 0.788953 0.688060 0.039334 0.053434
0 0.812193 0.869545 0.040953 0.051039
0 0.805739 0.907845 0.041491 0.054230
0 0.320034 0.256407 0.027209 0.041473
0 0.809122 0.568372 0.038258 0.047050
0 0.310781 0.382668 0.035562 0.049048
0 0.749021 0.931824 0.040684 0.049443
0 0.851452 0.626381 0.039874 0.050640
0 0.434147 0.601972 0.037987 0.051440
0 0.825504 0.787161 0.041219 0.058619
0 0.337299 0.306856 0.026131 0.041075
0 0.162517 0.630505 0.037987 0.051440
0 0.561860 0.156692 0.045267 0.046646
0 0.844864 0.665479 0.040143 0.052236
0 0.872429 0.505296 0.038258 0.047050
0 0.350341 0.229457 0.026400 0.042672
0 0.779160 0.430174 0.037718 0.049844
0 0.536317 0.318469 0.047421 0.053427
0 0.643831 0.292058 0.036640 0.049446
0 0.686927 0.983494 0.043647 0.033013
0 0.319498 0.646938 0.033946 0.045458
0 0.216300 0.307946 0.038527 0.048646
0 0.886009 0.424706 0.039603 0.055030
0 0.313044 0.685238 0.035022 0.051842
0 0.299867 0.766824 0.039336 0.047448
0 0.303116 0.424759 0.037447 0.054234
0 0.735441 0.992649 0.041491 0.014702
0 0.325140 0.219305 0.027746 0.044666
0 0.344156 0.266161 0.028555 0.043468
0 0.828617 0.445893 0.041760 0.055826
0 0.906982 0.293450 0.042835 0.062210
0 0.510763 0.453120 0.045800 0.061808
0 0.742609 0.327683 0.037987 0.051440
0 0.427290 0.642666 0.042569 0.054628
0 0.815576 0.530072 0.040953 0.051039
0 0.180558 0.207449 0.038796 0.050242
0 0.089553 0.434898 0.041491 0.054230
0 0.306590 0.726929 0.040412 0.053832
0 0.144546 0.105158 0.040143 0.052236
0 0.755878 0.891130 0.041491 0.054230
0 0.189275 0.471719 0.042569 0.054628
0 0.312502 0.297700 0.030981 0.045860
0 0.137958 0.147647 0.042029 0.057422
0 0.415056 0.722058 0.042300 0.053032
0 0.287812 0.206369 0.037718 0.049844
0 0.468838 0.396109 0.040143 0.052236
0 0.431480 0.298405 0.039874 0.050640
0 0.750273 0.282202 0.041488 0.060215
0 0.159202 0.023547 0.043107 0.047095
0 0.740170 0.668353 0.042569 0.054628
0 0.707539 0.219806 0.042298 0.059017
0 0.786287 0.387884 0.038525 0.054632
0 0.259598 0.057798 0.040141 0.058221
0 0.223831 0.266654 0.041219 0.058619
0 0.836686 0.404799 0.041760 0.055826
0 0.454180 0.479692 0.041491 0.054230
0 0.758182 0.547868 0.039874 0.050640
0 0.437934 0.260106 0.040412 0.053832
0 0.482015 0.317913 0.040143 0.052236
0 0.650418 0.249569 0.036369 0.053836
0 0.110799 0.312217 0.040412 0.053832
0 0.210276 0.037891 0.042298 0.059017
0 0.775912 0.768850 0.040143 0.052236
0 0.116308 0.269330 0.039065 0.051838
0 0.145866 0.409922 0.042569 0.054628
0 0.344799 0.180795 0.040681 0.055428
0 0.610108 0.186374 0.040410 0.059817
0 0.096006 0.393206 0.040412 0.053832
0 0.424757 0.338302 0.038256 0.053036
0 0.686027 0.354255 0.042298 0.059017
0 0.821895 0.489180 0.040681 0.055428
0 0.765983 0.508370 0.040412 0.053832
0 0.459986 0.129247 0.043107 0.057820
0 0.762332 0.849439 0.040412 0.053832
0 0.195862 0.429230 0.041760 0.055826
0 0.752672 0.587364 0.040143 0.052236
0 0.166304 0.288639 0.039874 0.050640
0 0.347062 0.483364 0.039065 0.051838
0 0.736022 0.370173 0.042029 0.057422
0 0.333481 0.563955 0.039334 0.053434
0 0.496269 0.236724 0.039065 0.051838
0 0.152050 0.369827 0.040953 0.051039
0 0.792740 0.346194 0.041222 0.052634
0 0.446920 0.522778 0.042029 0.057422
0 0.381753 0.280892 0.037987 0.051440
0 0.202343 0.084968 0.039872 0.056626
0 0.603388 0.233051 0.042029 0.057422
0 0.659833 0.200496 0.041756 0.061811
0 0.353651 0.444266 0.038796 0.050242
0 0.461846 0.437601 0.042838 0.056224
0 0.174509 0.246747 0.042838 0.056224
0 0.799730 0.301312 0.043375 0.059415
0 0.303008 0.119595 0.039603 0.055030
0 0.409855 0.114127 0.040412 0.053832
0 0.294534 0.163083 0.039872 0.056626
0 0.395333 0.196912 0.039334 0.053434
0 0.700144 0.267083 0.038794 0.056228
0 0.159581 0.328534 0.042569 0.054628
0 0.402325 0.155420 0.039334 0.053434
0 0.360912 0.404569 0.038256 0.053036
0 0.503260 0.195232 0.041760 0.055826
0 0.452860 0.174927 0.041760 0.055826
0 0.360264 0.095816 0.043107 0.057820
0 0.309191 0.076109 0.042298 0.059017
0 0.351925 0.138506 0.040412 0.053832
0 0.411043 0.423080 0.039334 0.053434
0 0.388611 0.240198 0.038256 0.053036
0 0.374761 0.322384 0.040143 0.052236
0 0.510521 0.148754 0.043375 0.059415
0 0.488199 0.277817 0.041222 0.052634
0 0.445061 0.217816 0.040681 0.055428
0 0.418169 0.380790 0.039603 0.055030
0 0.693152 0.308574 0.040412 0.053832
0 0.782770 0.728156 0.040412 0.053832
0 0.746354 0.628257 0.039334 0.053434
0 0.713684 0.832324 0.042300 0.053032
0 0.421511 0.683757 0.040143 0.052236
0 0.295989 0.467049 0.042029 0.057422
0 0.305779 0.337596 0.028287 0.041872
0 0.340474 0.522462 0.038796 0.050242
0 0.801995 0.607271 0.037987 0.051440
0 0.209173 0.346846 0.035562 0.049048
0 0.838141 0.705375 0.040143 0.052236
0 0.769189 0.808745 0.040143 0.052236
0 0.292741 0.809115 0.043913 0.062608
0 0.726455 0.749740 0.040412 0.053832
0 0.202988 0.386941 0.038796 0.050242
0 0.728088 0.413859 0.043375 0.059415
0 0.368578 0.362479 0.036371 0.047850
0 0.123705 0.228836 0.040412 0.053832
0 0.892192 0.381220 0.039065 0.051838
0 0.187686 0.168551 0.037987 0.051440
0 0.795676 0.648164 0.039334 0.053434
0 0.849727 0.320620 0.037716 0.055830
0 0.169779 0.590807 0.036909 0.051042
0 0.326221 0.607041 0.039872 0.056626
0 0.194138 0.126860 0.039603 0.055030
0 0.244538 0.143774 0.040681 0.055428
0 0.237007 0.185067 0.038527 0.048646
0 0.843679 0.363307 0.039065 0.051838
0 0.176368 0.551709 0.041491 0.054230
0 0.859388 0.586085 0.040143 0.052236
0 0.899049 0.340527 0.039334 0.053434
0 0.865167 0.544993 0.040412 0.053832
0 0.948910 0.357242 0.045798 0.067793
0 0.475427 0.357011 0.038256 0.053036
0 0.182418 0.512412 0.040143 0.052236
0 0.251799 0.100686 0.040681 0.055428
0 0.772706 0.468475 0.035562 0.049048
