0 0.570995 0.907104 0.039633 0.053838
0 0.499905 0.453215 0.042838 0.050837
0 0.928155 0.831810 0.038154 0.043926
0 0.877157 0.881149 0.034886 0.045289
0 0.929760 0.874368 0.040619 0.050655
0 0.489226 0.184822 0.043453 0.037834
0 0.494782 0.317359 0.042467 0.041017
0 0.619375 0.862085 0.037044 0.043835
0 0.928246 0.789935 0.037106 0.045472
0 0.673028 0.897907 0.039572 0.052201
0 0.620887 0.902187 0.037106 0.045472
0 0.827265 0.886066 0.037168 0.047108
0 0.566644 0.821264 0.039572 0.052201
0 0.617708 0.817892 0.039510 0.050564
0 0.721346 0.851251 0.037106 0.045472
0 0.825629 0.842690 0.037106 0.045472
0 0.776819 0.891029 0.038339 0.048837
0 0.874994 0.794307 0.037230 0.048746
0 0.774594 0.802549 0.036119 0.048654
0 0.824517 0.798451 0.038339 0.048837
0 0.669788 0.811975 0.037291 0.050382
0 0.724153 0.896173 0.039386 0.047290
0 0.720295 0.808650 0.036243 0.051927
0 0.670837 0.854577 0.035811 0.040470
0 0.730370 0.765954 0.023484 0.036194
0 0.678752 0.769371 0.022313 0.034467
0 0.490586 0.250386 0.045795 0.041290
0 0.498298 0.381104 0.042220 0.034470
0 0.834622 0.756575 0.021204 0.034376
0 0.493578 0.285441 0.042282 0.036106
0 0.937766 0.747286 0.023484 0.036194
0 0.488516 0.151223 0.044501 0.036288
0 0.886178 0.751521 0.022375 0.036103
0 0.627751 0.774378 0.024593 0.036285
0 0.497249 0.353278 0.042220 0.034470
0 0.522942 0.739473 0.022313 0.034467
0 0.876138 0.839365 0.036057 0.047017
0 0.575579 0.777841 0.024532 0.034649
0 0.490430 0.216740 0.043268 0.032923
0 0.775737 0.847607 0.037168 0.047108
0 0.781927 0.760901 0.024532 0.034649
