0 0.619895 0.755241 0.042724 0.056082
0 0.350803 0.360501 0.027928 0.040199
0 0.508704 0.453970 0.048121 0.058030
0 0.876871 0.464825 0.042198 0.052880
0 0.777156 0.431363 0.042461 0.054481
0 0.677298 0.395306 0.039222 0.053312
0 0.533838 0.635149 0.040273 0.059714
0 0.324675 0.265439 0.044329 0.059673
0 0.633158 0.671011 0.041908 0.057293
0 0.627637 0.377375 0.038696 0.050110
0 0.345981 0.400301 0.027112 0.041410
0 0.546575 0.223394 0.049785 0.043423
0 0.180968 0.510279 0.041090 0.058503
0 0.382963 0.578975 0.042433 0.060494
0 0.933103 0.442739 0.041090 0.058503
0 0.432900 0.598702 0.040827 0.056903
0 0.319106 0.647481 0.039748 0.056513
0 0.325270 0.606469 0.037880 0.051321
0 0.377034 0.284345 0.037880 0.051321
0 0.869890 0.503845 0.040856 0.050890
0 0.670579 0.432727 0.040038 0.052100
0 0.883615 0.761445 0.041908 0.057293
0 0.175024 0.212252 0.039776 0.050500
0 0.833008 0.742324 0.039485 0.054912
0 0.424998 0.643325 0.038696 0.050110
0 0.582286 0.653490 0.040011 0.058113
0 0.476893 0.320402 0.038433 0.048509
0 0.167165 0.594314 0.042461 0.054481
0 0.919826 0.523573 0.042461 0.054481
0 0.825909 0.785542 0.038959 0.051711
0 0.827079 0.447694 0.040301 0.053701
0 0.869259 0.841889 0.041645 0.055692
0 0.143844 0.067889 0.043776 0.062484
0 0.332314 0.222416 0.040038 0.052100
0 0.280523 0.210499 0.040038 0.052100
0 0.173329 0.553302 0.038959 0.051711
0 0.338623 0.184000 0.039513 0.048899
0 0.570498 0.735709 0.041090 0.058503
0 0.375470 0.624595 0.038959 0.051711
0 0.775842 0.766616 0.039776 0.050500
0 0.926136 0.485156 0.039776 0.050500
0 0.771255 0.470775 0.041119 0.052490
0 0.738060 0.328228 0.040564 0.055302
0 0.130187 0.154520 0.043804 0.056471
0 0.917608 0.606703 0.030877 0.045781
0 0.376712 0.369856 0.025244 0.036218
0 0.875700 0.802672 0.038696 0.050110
0 0.847014 0.576975 0.025770 0.039420
0 0.852113 0.538969 0.027665 0.038598
0 0.370679 0.410068 0.024690 0.039030
0 0.819967 0.487516 0.039222 0.053312
0 0.426708 0.305672 0.038433 0.048509
0 0.818666 0.826164 0.038143 0.052922
0 0.418017 0.682347 0.038405 0.054522
0 0.532144 0.321700 0.048149 0.052017
0 0.769283 0.810029 0.041908 0.057293
0 0.368489 0.663616 0.040301 0.053701
0 0.870371 0.587951 0.027665 0.038598
0 0.732450 0.372831 0.041908 0.057293
0 0.136614 0.111907 0.039250 0.047299
0 0.419187 0.344498 0.041908 0.057293
0 0.557077 0.159448 0.050863 0.049986
0 0.911707 0.646115 0.028482 0.037387
0 0.552228 0.192457 0.050046 0.051197
0 0.536862 0.289492 0.048177 0.046004
0 0.493968 0.540212 0.036246 0.053743
0 0.924181 0.566686 0.030351 0.042579
0 0.522154 0.382525 0.047623 0.048816
0 0.474890 0.750359 0.025535 0.031806
0 0.124403 0.189734 0.040649 0.037264
0 0.877760 0.549925 0.027665 0.038598
0 0.478557 0.724553 0.024981 0.034618
0 0.527294 0.354709 0.045755 0.043624
0 0.541579 0.253807 0.049255 0.052567
0 0.501605 0.497188 0.045963 0.057251
0 0.433266 0.262259 0.043776 0.062484
0 0.585484 0.317222 0.040564 0.055302
0 0.633787 0.332967 0.042696 0.062095
0 0.569917 0.398077 0.040564 0.055302
0 0.383199 0.243333 0.039748 0.056513
0 0.231519 0.188565 0.040827 0.056903
0 0.469649 0.361024 0.040827 0.056903
0 0.181860 0.170634 0.040827 0.056903
0 0.684804 0.353084 0.040564 0.055302
0 0.369922 0.324167 0.039485 0.054912
0 0.785334 0.388535 0.042987 0.057683
0 0.484005 0.280580 0.040564 0.055302
0 0.345181 0.140587 0.042696 0.062095
0 0.620394 0.417997 0.042724 0.056082
0 0.578109 0.358644 0.038959 0.051711
0 0.333172 0.561845 0.042696 0.062095
0 0.217849 0.271800 0.040827 0.056903
0 0.883575 0.424007 0.040827 0.056903
0 0.526608 0.679167 0.038959 0.051711
0 0.167518 0.254475 0.044855 0.062874
0 0.225224 0.230378 0.041382 0.054092
0 0.116633 0.233558 0.045672 0.061663
0 0.833914 0.406076 0.040827 0.056903
0 0.288555 0.165074 0.042959 0.063695
0 0.625928 0.715030 0.038959 0.051711
0 0.519365 0.719790 0.042987 0.057683
0 0.782809 0.724198 0.041090 0.058503
