0 0.842138 0.735759 0.036762 0.046192
0 0.670017 0.488477 0.024505 0.041998
0 0.895172 0.744484 0.039119 0.048291
0 0.624358 0.437976 0.026235 0.037562
0 0.309042 0.332073 0.038332 0.051325
0 0.633993 0.314170 0.026391 0.039195
0 0.619732 0.480336 0.025135 0.037329
0 0.838062 0.778234 0.039590 0.053193
0 0.745170 0.670233 0.037389 0.052727
0 0.651307 0.443680 0.025135 0.037329
0 0.594982 0.475098 0.028749 0.041295
0 0.316958 0.249573 0.040376 0.050157
0 0.612995 0.562251 0.025448 0.040597
0 0.609871 0.308232 0.026548 0.040830
0 0.586988 0.558414 0.024035 0.037096
0 0.846291 0.692468 0.037545 0.054360
0 0.616992 0.520593 0.024978 0.035695
0 0.612434 0.854663 0.028906 0.042929
0 0.927299 0.374578 0.039746 0.054826
0 0.720695 0.498369 0.026548 0.040830
0 0.770873 0.384810 0.039906 0.045257
0 0.646210 0.485105 0.023092 0.038497
0 0.574818 0.258309 0.036291 0.041290
0 0.895909 0.871318 0.028592 0.039661
0 0.605402 0.348956 0.027335 0.037794
0 0.608054 0.602043 0.025292 0.038962
0 0.598037 0.431572 0.026078 0.035928
0 0.371162 0.216874 0.036291 0.041290
0 0.628355 0.396318 0.026078 0.035928
0 0.875785 0.823722 0.026705 0.042463
0 0.870688 0.865147 0.026548 0.040830
0 0.086538 0.329154 0.025448 0.040597
0 0.364346 0.299606 0.038335 0.040123
0 0.891804 0.785441 0.040533 0.051791
0 0.899906 0.829660 0.026548 0.040830
0 0.591535 0.516872 0.027805 0.042696
0 0.620193 0.773797 0.024348 0.040364
0 0.631646 0.356177 0.024821 0.034062
0 0.673701 0.450086 0.024348 0.040364
0 0.631705 0.946249 0.026862 0.044097
0 0.210189 0.268647 0.038649 0.043391
0 0.723279 0.459745 0.024192 0.038730
0 0.218027 0.186965 0.040535 0.040588
0 0.082776 0.368362 0.027648 0.041062
0 0.645415 0.779968 0.023878 0.035463
0 0.821395 0.396335 0.038175 0.049692
0 0.160062 0.258872 0.039279 0.038722
0 0.609537 0.896554 0.028749 0.041295
0 0.922517 0.418570 0.038018 0.048058
0 0.638834 0.860250 0.028592 0.039661
0 0.714036 0.579468 0.026391 0.039195
0 0.605305 0.940662 0.028749 0.041295
0 0.112389 0.334625 0.025921 0.034295
0 0.415811 0.312998 0.039119 0.048291
0 0.635308 0.902841 0.025605 0.042230
0 0.498908 0.534772 0.032362 0.045261
0 0.078700 0.410837 0.027648 0.041062
0 0.535037 0.146545 0.049806 0.047352
0 0.567924 0.341858 0.037552 0.031954
0 0.313353 0.287147 0.037548 0.043158
0 0.531432 0.184119 0.047605 0.046886
0 0.513407 0.377825 0.048549 0.045486
0 0.641732 0.818359 0.026548 0.040830
0 0.490786 0.742241 0.026078 0.035928
0 0.076039 0.450278 0.027648 0.041062
0 0.265445 0.365351 0.025921 0.034295
0 0.524454 0.245149 0.048389 0.055055
0 0.516542 0.345151 0.048549 0.045486
0 0.528767 0.211892 0.049179 0.040817
0 0.519521 0.319946 0.047291 0.043618
0 0.521793 0.290424 0.046818 0.049921
0 0.505253 0.451107 0.044775 0.051089
0 0.462257 0.367000 0.041476 0.050390
0 0.791538 0.725050 0.038962 0.046658
0 0.918598 0.459412 0.040219 0.048524
0 0.466095 0.321140 0.037862 0.046425
0 0.899405 0.700374 0.041946 0.055292
0 0.686104 0.741907 0.040846 0.055059
0 0.871288 0.408562 0.036762 0.046192
0 0.634169 0.733416 0.041003 0.056692
0 0.571293 0.300900 0.040533 0.051791
0 0.367793 0.257832 0.040533 0.051791
0 0.584356 0.726208 0.041003 0.056692
0 0.643814 0.650449 0.040530 0.062995
0 0.723643 0.333143 0.041946 0.055292
0 0.715333 0.413893 0.041003 0.056692
0 0.419414 0.269590 0.038489 0.052960
0 0.824606 0.351177 0.038645 0.054593
0 0.155120 0.298663 0.040689 0.053425
0 0.795692 0.681759 0.039746 0.054826
0 0.592272 0.643707 0.038645 0.054593
0 0.774399 0.342219 0.039746 0.054826
0 0.470408 0.282049 0.037075 0.049459
0 0.866819 0.449286 0.038175 0.049692
0 0.874970 0.364337 0.038489 0.052960
0 0.206821 0.309605 0.042889 0.053891
0 0.107655 0.249447 0.041319 0.048757
0 0.788719 0.766125 0.039276 0.049925
0 0.766327 0.426352 0.039590 0.053193
0 0.213637 0.226873 0.040533 0.051791
0 0.579207 0.212566 0.040373 0.061360
0 0.737805 0.758684 0.039903 0.056460
0 0.664812 0.402367 0.040846 0.055059
0 0.360820 0.342197 0.041003 0.056692
0 0.320797 0.203714 0.039903 0.056460
0 0.694022 0.665242 0.040060 0.058093
0 0.104364 0.289588 0.042576 0.050623
0 0.564083 0.381882 0.039903 0.056460
0 0.741487 0.714458 0.040376 0.050157
0 0.816613 0.440328 0.039590 0.053193
0 0.375630 0.170314 0.040530 0.062995
0 0.501570 0.495332 0.043676 0.050856
0 0.222338 0.142038 0.040373 0.061360
0 0.163980 0.218030 0.038332 0.051325
0 0.264786 0.237698 0.039746 0.054826
0 0.474090 0.237824 0.038802 0.056227
0 0.257813 0.322064 0.039276 0.049925
0 0.168448 0.171471 0.038802 0.056227
0 0.112515 0.204638 0.043203 0.057158
0 0.412285 0.355590 0.040533 0.051791
0 0.671236 0.323719 0.038959 0.057860
0 0.602427 0.391664 0.027962 0.044329
0 0.616510 0.812187 0.026705 0.042463
0 0.260554 0.281806 0.038806 0.045024
