0 0.553399 0.487804 0.031875 0.039716
0 0.538706 0.239163 0.036753 0.048458
0 0.540993 0.281036 0.036663 0.046816
0 0.335510 0.304879 0.035645 0.048325
0 0.594643 0.314263 0.035556 0.046683
0 0.330292 0.219558 0.036753 0.048458
0 0.691449 0.219172 0.036753 0.048458
0 0.332624 0.262251 0.034359 0.044907
0 0.328380 0.174334 0.037951 0.050233
0 0.433243 0.206372 0.036663 0.046816
0 0.550738 0.449282 0.035466 0.045040
0 0.387606 0.299451 0.035556 0.046683
0 0.548960 0.406521 0.036753 0.048458
0 0.345719 0.471417 0.035556 0.046683
0 0.743456 0.212103 0.036843 0.050100
0 0.437906 0.291759 0.036843 0.050100
0 0.443079 0.376260 0.038041 0.051875
0 0.597019 0.357778 0.037861 0.048591
0 0.738105 0.124318 0.038041 0.051875
0 0.528927 0.733710 0.024871 0.032349
0 0.494803 0.343605 0.046003 0.036517
0 0.501946 0.494808 0.043967 0.039536
0 0.872580 0.657742 0.036484 0.043532
0 0.307716 0.724731 0.036753 0.048458
0 0.882235 0.824346 0.037682 0.045306
0 0.111900 0.966414 0.039897 0.045572
0 0.485789 0.209154 0.046932 0.033367
0 0.400039 0.547537 0.037772 0.046949
0 0.109524 0.922900 0.040166 0.050499
0 0.483996 0.176312 0.045075 0.039669
0 0.497525 0.373029 0.048577 0.043352
0 0.073775 0.247876 0.035735 0.049967
0 0.879440 0.783361 0.034000 0.038339
0 0.491082 0.275459 0.041663 0.037628
0 0.853313 0.325355 0.034359 0.044907
0 0.875464 0.700370 0.030947 0.042867
0 0.104217 0.835936 0.036484 0.043532
0 0.850562 0.285191 0.037772 0.046949
0 0.676243 0.849077 0.035645 0.048325
0 0.107102 0.878564 0.037772 0.046949
0 0.863523 0.491893 0.036484 0.043532
0 0.667320 0.685690 0.035376 0.043399
0 0.678155 0.894300 0.034448 0.046550
0 0.244411 0.524900 0.034269 0.043266
0 0.894422 0.149352 0.035735 0.049967
0 0.910447 0.401964 0.035376 0.043399
0 0.357018 0.678318 0.030947 0.042867
0 0.147211 0.663838 0.036484 0.043532
0 0.906499 0.360291 0.038969 0.048724
0 0.482621 0.140941 0.048667 0.044994
0 0.697667 0.343216 0.032982 0.039849
0 0.896798 0.192866 0.037861 0.048591
0 0.674599 0.808780 0.034269 0.043266
0 0.669428 0.724279 0.035466 0.045040
0 0.672822 0.766019 0.035556 0.046683
0 0.279258 0.224032 0.036573 0.045173
0 0.078528 0.334905 0.035376 0.043399
0 0.645678 0.309789 0.035556 0.046683
0 0.885808 0.869370 0.037951 0.050233
0 0.899130 0.235561 0.037861 0.048591
0 0.904168 0.317597 0.038789 0.045439
0 0.076241 0.293032 0.035466 0.045040
0 0.298196 0.560590 0.038041 0.051875
0 0.095579 0.667557 0.035287 0.041756
0 0.144461 0.623674 0.037682 0.045306
0 0.149453 0.704889 0.038700 0.043798
0 0.643810 0.265387 0.032413 0.049568
0 0.857842 0.408280 0.036484 0.043532
0 0.901417 0.277433 0.037772 0.046949
0 0.305564 0.685322 0.034179 0.041623
0 0.855046 0.367295 0.037772 0.046949
0 0.354776 0.637266 0.033162 0.043133
0 0.100840 0.753700 0.038879 0.047082
0 0.103127 0.795573 0.036573 0.045173
0 0.809139 0.455448 0.032054 0.043000
0 0.124809 0.243401 0.037951 0.050233
0 0.814221 0.538307 0.033072 0.041490
0 0.176352 0.238040 0.036573 0.045173
0 0.702793 0.426894 0.034269 0.043266
0 0.182150 0.364612 0.034179 0.041623
0 0.847722 0.243385 0.036753 0.048458
0 0.655887 0.476327 0.030857 0.041224
0 0.876733 0.744017 0.035645 0.048325
0 0.084280 0.460657 0.035287 0.041756
0 0.088899 0.545223 0.033162 0.043133
0 0.842460 0.157243 0.035556 0.046683
0 0.295355 0.518784 0.036484 0.043532
0 0.657485 0.515802 0.034359 0.044907
0 0.912823 0.445480 0.037861 0.048591
0 0.173752 0.190419 0.036932 0.051742
0 0.891821 0.101732 0.035914 0.053251
0 0.143327 0.582489 0.038041 0.051875
0 0.641015 0.224402 0.030768 0.039583
0 0.860682 0.450086 0.035466 0.045040
0 0.071219 0.201076 0.038041 0.051875
0 0.599351 0.400472 0.033251 0.044775
0 0.080859 0.377599 0.037772 0.046949
0 0.393733 0.421852 0.036394 0.041889
0 0.093980 0.628081 0.036573 0.045173
0 0.309120 0.770842 0.036753 0.048458
0 0.231405 0.317378 0.035466 0.045040
0 0.082083 0.420425 0.035556 0.046683
0 0.123870 0.195581 0.039238 0.053650
0 0.177531 0.280045 0.032234 0.046284
0 0.799064 0.291374 0.034269 0.043266
0 0.844792 0.199937 0.037772 0.046949
0 0.811426 0.497321 0.034538 0.048192
0 0.818376 0.624581 0.034448 0.046550
0 0.544342 0.321955 0.031875 0.039716
0 0.839949 0.111265 0.038130 0.053517
0 0.805326 0.416238 0.033341 0.046417
0 0.635618 0.135796 0.034807 0.053118
0 0.493474 0.309054 0.043219 0.045971
0 0.301125 0.604039 0.034269 0.043266
0 0.685964 0.128925 0.038041 0.051875
0 0.130696 0.371616 0.035376 0.043399
0 0.091738 0.587029 0.038969 0.048724
0 0.815955 0.580245 0.034628 0.049834
0 0.097956 0.711072 0.037772 0.046949
0 0.488735 0.242684 0.047560 0.044861
0 0.151785 0.747584 0.039238 0.053650
0 0.127230 0.287737 0.037772 0.046949
0 0.140351 0.538220 0.036573 0.045173
0 0.276792 0.178875 0.036843 0.050100
0 0.663255 0.601058 0.036753 0.048458
0 0.136377 0.455229 0.037772 0.046949
0 0.129562 0.330431 0.035556 0.046683
0 0.869320 0.618465 0.036484 0.043532
0 0.086612 0.503350 0.035645 0.048325
0 0.745788 0.254796 0.031875 0.039716
0 0.865255 0.533832 0.035466 0.045040
0 0.358795 0.721078 0.036843 0.050100
0 0.499899 0.447122 0.045613 0.049521
0 0.638683 0.181707 0.035735 0.049967
0 0.242169 0.483849 0.038700 0.043798
0 0.293757 0.479307 0.035556 0.046683
0 0.750915 0.338475 0.033162 0.043133
0 0.395466 0.463791 0.037772 0.046949
0 0.302769 0.644336 0.035645 0.048325
0 0.866989 0.575772 0.036663 0.046816
0 0.665079 0.644639 0.037772 0.046949
0 0.290871 0.436681 0.034269 0.043266
0 0.440193 0.333632 0.036394 0.041889
0 0.138199 0.498810 0.036573 0.045173
0 0.801261 0.331604 0.034538 0.048192
0 0.534882 0.148716 0.036932 0.051742
0 0.402924 0.590165 0.038879 0.047082
0 0.246098 0.566018 0.037772 0.046949
0 0.431242 0.159506 0.038041 0.051875
0 0.705634 0.468701 0.037861 0.048591
0 0.380342 0.166444 0.035914 0.053251
0 0.660326 0.557609 0.035556 0.046683
0 0.338439 0.348327 0.034269 0.043266
0 0.557463 0.572437 0.037861 0.048591
0 0.347916 0.511647 0.035466 0.045040
0 0.555596 0.528035 0.034538 0.048192
0 0.592910 0.272324 0.034359 0.044907
0 0.753292 0.381990 0.037861 0.048591
0 0.229253 0.277967 0.033251 0.044775
0 0.701061 0.384955 0.035645 0.048325
0 0.349765 0.596547 0.036663 0.046816
0 0.689118 0.176479 0.036573 0.045173
0 0.602191 0.442278 0.034448 0.046550
0 0.803592 0.374299 0.034359 0.044907
0 0.740616 0.170296 0.035466 0.045040
0 0.647276 0.349266 0.034269 0.043266
0 0.398261 0.504776 0.036484 0.043532
0 0.239462 0.444505 0.037772 0.046949
0 0.342968 0.431252 0.034359 0.044907
0 0.340636 0.388559 0.036753 0.048458
0 0.693826 0.262688 0.036663 0.046816
0 0.384122 0.256069 0.035645 0.048325
0 0.224741 0.185125 0.037022 0.053383
0 0.797197 0.246972 0.035735 0.049967
0 0.227341 0.232744 0.036843 0.050100
0 0.546539 0.362185 0.036753 0.048458
0 0.696667 0.304494 0.035466 0.045040
0 0.134045 0.412534 0.037772 0.046949
0 0.282949 0.312016 0.036484 0.043532
0 0.748584 0.295781 0.035735 0.049967
0 0.248385 0.607891 0.037682 0.045306
0 0.435022 0.249132 0.035376 0.043399
0 0.653091 0.435341 0.034359 0.044907
0 0.234201 0.358363 0.036573 0.045173
0 0.536240 0.194006 0.036663 0.046816
0 0.388785 0.341457 0.035466 0.045040
0 0.289139 0.394741 0.035466 0.045040
0 0.286253 0.352113 0.036573 0.045173
0 0.349050 0.552832 0.037861 0.048591
0 0.382943 0.214063 0.035556 0.046683
0 0.391580 0.382442 0.034359 0.044907
0 0.179354 0.323627 0.035645 0.048325
0 0.281724 0.269189 0.036843 0.050100
0 0.650759 0.392647 0.034538 0.048192
0 0.236533 0.401057 0.036753 0.048458
