0 0.622330 0.931695 0.039319 0.031006
0 0.547076 0.268633 0.038250 0.037906
0 0.527871 0.367829 0.040770 0.044358
0 0.740895 0.962034 0.033059 0.036472
0 0.769601 0.969158 0.033975 0.041042
0 0.749065 0.928116 0.030157 0.034231
0 0.541616 0.299279 0.036952 0.037547
0 0.789757 0.936945 0.042068 0.044716
0 0.693077 0.582270 0.043365 0.045075
0 0.795712 0.975567 0.033670 0.039519
0 0.672460 0.685095 0.040465 0.042834
0 0.797243 0.831297 0.033670 0.039519
0 0.555360 0.230729 0.036341 0.034500
0 0.724559 0.920544 0.033670 0.039519
0 0.822705 0.837526 0.032678 0.040683
0 0.520693 0.403627 0.034662 0.038354
0 0.802548 0.869739 0.042754 0.042028
0 0.817209 0.796620 0.040770 0.044358
0 0.511721 0.438126 0.036571 0.041759
0 0.777013 0.788732 0.033059 0.036472
0 0.728966 0.403279 0.034662 0.038354
0 0.640819 0.566227 0.040846 0.038623
0 0.819469 0.576989 0.033059 0.036472
0 0.795981 0.902491 0.040465 0.042834
0 0.791712 0.718838 0.031761 0.036113
0 0.559561 0.202951 0.036952 0.037547
0 0.895783 0.411576 0.040770 0.044358
0 0.830305 0.727890 0.038861 0.040952
0 0.651079 0.791728 0.040465 0.042834
0 0.656654 0.757095 0.038174 0.043641
0 0.823585 0.761403 0.039472 0.043999
0 0.827719 0.467533 0.041762 0.043193
0 0.834016 0.507857 0.032067 0.037637
0 0.800727 0.537247 0.035273 0.041400
0 0.834744 0.432496 0.041762 0.043193
0 0.703643 0.806247 0.036571 0.041759
0 0.806913 0.499567 0.032372 0.039160
0 0.593982 0.516313 0.037563 0.040594
0 0.757432 0.746346 0.032372 0.039160
0 0.637335 0.860278 0.037869 0.042117
0 0.606342 0.741590 0.037563 0.040594
0 0.628248 0.898764 0.041381 0.047405
0 0.791944 0.642536 0.037869 0.042117
0 0.826341 0.542714 0.033975 0.041042
0 0.708235 0.510091 0.035960 0.038712
0 0.757505 0.821124 0.041076 0.045881
0 0.700561 0.544948 0.041076 0.045881
0 0.587300 0.553052 0.043290 0.050810
0 0.732699 0.664756 0.041076 0.045881
0 0.682283 0.352603 0.042679 0.047763
0 0.753277 0.558705 0.039472 0.043999
0 0.773856 0.452655 0.038480 0.045164
0 0.626921 0.635539 0.042984 0.049286
0 0.767175 0.489394 0.037182 0.044806
0 0.736793 0.367660 0.042679 0.047763
0 0.746099 0.594504 0.039777 0.045523
0 0.615858 0.410621 0.042373 0.046240
0 0.634252 0.598979 0.041762 0.043193
0 0.717846 0.735412 0.039472 0.043999
0 0.675944 0.391044 0.042068 0.044716
0 0.647042 0.531773 0.041687 0.048928
0 0.664633 0.720714 0.039472 0.043999
0 0.725368 0.701317 0.040465 0.042834
0 0.709866 0.771793 0.038174 0.043641
0 0.629871 0.337322 0.041076 0.045881
0 0.837827 0.693795 0.041076 0.045881
0 0.609330 0.446599 0.040770 0.044358
0 0.879977 0.483576 0.040465 0.042834
0 0.644054 0.826765 0.040465 0.042834
0 0.720644 0.437957 0.038480 0.045164
0 0.679791 0.648535 0.040465 0.042834
0 0.668919 0.426081 0.039472 0.043999
0 0.654372 0.495213 0.040465 0.042834
0 0.687160 0.615201 0.041151 0.040146
0 0.761104 0.523087 0.037258 0.039071
0 0.690548 0.874977 0.040465 0.042834
0 0.623036 0.374822 0.039472 0.043999
0 0.590841 0.812066 0.041687 0.048928
0 0.619591 0.672099 0.041762 0.043193
0 0.872455 0.517671 0.038861 0.040952
0 0.851686 0.621257 0.042068 0.044716
0 0.612718 0.706374 0.042068 0.044716
0 0.739074 0.629540 0.035960 0.038712
0 0.788556 0.382761 0.039777 0.045523
0 0.784038 0.753695 0.036877 0.043282
0 0.601656 0.481456 0.039472 0.043999
0 0.798969 0.607500 0.041076 0.045881
0 0.765258 0.710727 0.033975 0.041042
0 0.696924 0.839760 0.039166 0.042476
0 0.842723 0.396115 0.043671 0.046598
0 0.750633 0.855399 0.040159 0.041311
0 0.866385 0.551364 0.037563 0.040594
0 0.584160 0.848805 0.041762 0.043193
0 0.784766 0.678335 0.043365 0.045075
0 0.682874 0.909833 0.039166 0.042476
0 0.845157 0.657234 0.040465 0.042834
0 0.859513 0.585638 0.040465 0.042834
0 0.713313 0.474516 0.040465 0.042834
0 0.578585 0.883439 0.042068 0.044716
0 0.887002 0.448539 0.041076 0.045881
0 0.571560 0.918475 0.042068 0.044716
0 0.677146 0.945228 0.039777 0.045523
0 0.782332 0.417215 0.037563 0.040594
0 0.743455 0.891197 0.043060 0.043551
0 0.598821 0.775685 0.039166 0.042476
0 0.661245 0.460939 0.040770 0.044358
