0 0.313375 0.295026 0.038163 0.048185
0 0.531514 0.728120 0.038327 0.049812
0 0.624411 0.452620 0.021959 0.036658
0 0.775684 0.484333 0.027781 0.041123
0 0.442825 0.705226 0.028880 0.041366
0 0.421062 0.915770 0.025419 0.039011
0 0.066613 0.787677 0.025419 0.039011
0 0.405099 0.823283 0.026682 0.040881
0 0.061092 0.831358 0.027617 0.039496
0 0.766695 0.607068 0.027781 0.041123
0 0.037932 0.827079 0.027781 0.041123
0 0.400455 0.863831 0.027781 0.041123
0 0.428727 0.828496 0.028108 0.044377
0 0.538467 0.162603 0.047235 0.042235
0 0.435101 0.787499 0.027617 0.039496
0 0.318569 0.254600 0.035965 0.047701
0 0.531694 0.224299 0.047679 0.035970
0 0.438344 0.744146 0.025583 0.040638
0 0.425567 0.871035 0.025583 0.040638
0 0.774557 0.528983 0.027781 0.041123
0 0.210646 0.400404 0.027173 0.045761
0 0.486207 0.759696 0.027125 0.034616
0 0.611880 0.577067 0.028717 0.039739
0 0.883770 0.336902 0.039754 0.053309
0 0.569271 0.353150 0.038163 0.048185
0 0.502887 0.504794 0.041788 0.052167
0 0.181545 0.561105 0.040082 0.056562
0 0.572595 0.308985 0.038818 0.054693
0 0.473220 0.286228 0.039754 0.053309
0 0.222563 0.655795 0.039918 0.054935
0 0.679911 0.291922 0.038654 0.053066
0 0.828024 0.366175 0.035030 0.049085
0 0.941108 0.302992 0.040082 0.056562
0 0.734256 0.259847 0.040573 0.061442
0 0.565012 0.395446 0.038818 0.054693
0 0.130058 0.548082 0.037555 0.052824
0 0.506761 0.460751 0.042887 0.052410
0 0.266286 0.243895 0.039754 0.053309
0 0.468166 0.330843 0.038490 0.051439
0 0.824151 0.410219 0.038327 0.049812
0 0.322910 0.211490 0.038982 0.056320
0 0.463907 0.373138 0.038163 0.048185
0 0.171847 0.646268 0.039590 0.051682
0 0.528500 0.256020 0.046627 0.046872
0 0.624633 0.322130 0.037719 0.054450
0 0.155564 0.305937 0.037228 0.049570
0 0.210844 0.275730 0.037835 0.044932
0 0.387766 0.604943 0.038982 0.056320
0 0.176656 0.604094 0.037835 0.044932
0 0.769421 0.440547 0.042559 0.049155
0 0.261478 0.286071 0.040525 0.050298
0 0.728488 0.305967 0.036573 0.043063
0 0.103199 0.296045 0.041181 0.056805
0 0.382080 0.650250 0.035801 0.046074
0 0.079423 0.537742 0.039590 0.051682
0 0.725024 0.345944 0.038818 0.054693
0 0.124454 0.592576 0.039590 0.051682
0 0.936358 0.350168 0.036900 0.046317
0 0.616582 0.407657 0.038327 0.049812
0 0.205731 0.315343 0.040525 0.050298
0 0.600316 0.446471 0.024320 0.038769
0 0.772885 0.400570 0.039099 0.046802
0 0.378984 0.178965 0.039310 0.059574
0 0.120744 0.634993 0.038490 0.051439
0 0.232566 0.573195 0.038818 0.054693
0 0.368876 0.268194 0.038654 0.053066
0 0.820056 0.450888 0.040198 0.047045
0 0.931631 0.391530 0.040689 0.051925
0 0.074369 0.582356 0.040853 0.053552
0 0.164082 0.221345 0.037555 0.052824
0 0.069643 0.623718 0.041460 0.048913
0 0.587203 0.693845 0.039754 0.053309
0 0.776757 0.356526 0.036784 0.055835
0 0.523350 0.323895 0.043494 0.047772
0 0.215266 0.231807 0.039146 0.057947
0 0.592561 0.651792 0.037228 0.049570
0 0.378371 0.692667 0.037555 0.052824
0 0.108721 0.252366 0.038327 0.049812
0 0.434674 0.278554 0.026074 0.045518
0 0.444177 0.451931 0.025747 0.042265
0 0.373603 0.226832 0.034866 0.047458
0 0.540441 0.639461 0.038490 0.051439
0 0.498628 0.547090 0.032668 0.046973
0 0.596549 0.483887 0.024320 0.038769
0 0.256669 0.328245 0.039426 0.050055
0 0.471105 0.418794 0.023385 0.040153
0 0.620210 0.366053 0.037064 0.047943
0 0.158724 0.263399 0.037228 0.049570
0 0.875334 0.420681 0.034539 0.044205
0 0.671311 0.377328 0.035965 0.047701
0 0.620398 0.492475 0.024648 0.042023
0 0.447559 0.412767 0.024320 0.038769
0 0.464095 0.499561 0.025747 0.042265
0 0.786942 0.785309 0.039590 0.051682
0 0.535223 0.685703 0.039754 0.053309
0 0.455438 0.579965 0.027009 0.044135
0 0.045982 0.741552 0.029044 0.042993
0 0.582698 0.738582 0.039590 0.051682
0 0.515534 0.390350 0.045037 0.041750
0 0.675407 0.336658 0.035965 0.047701
0 0.796886 0.697707 0.035194 0.050712
0 0.078267 0.666362 0.024484 0.040396
0 0.182678 0.438300 0.027781 0.041123
0 0.421422 0.655605 0.027781 0.041123
0 0.430957 0.572069 0.025747 0.042265
0 0.440550 0.493535 0.024156 0.037143
0 0.074558 0.708779 0.027781 0.041123
0 0.190950 0.356148 0.027944 0.042750
0 0.467174 0.457837 0.025583 0.040638
0 0.417794 0.697208 0.026846 0.042508
0 0.524896 0.291809 0.043774 0.039880
0 0.124480 0.720625 0.029044 0.042993
0 0.215209 0.360669 0.025255 0.037385
0 0.426616 0.615178 0.027781 0.041123
0 0.450875 0.619699 0.025747 0.042265
0 0.408809 0.780865 0.027781 0.041123
0 0.112980 0.210069 0.036129 0.049328
0 0.185838 0.395762 0.028108 0.044377
0 0.048264 0.702146 0.025747 0.042265
0 0.041336 0.782100 0.027944 0.042750
0 0.414716 0.738933 0.027009 0.044135
0 0.534338 0.192455 0.045528 0.046630
0 0.053622 0.660093 0.025419 0.039011
0 0.435052 0.531400 0.026074 0.045518
0 0.178033 0.478848 0.026682 0.040881
0 0.518262 0.357693 0.043938 0.041507
0 0.409947 0.273098 0.026846 0.042508
0 0.880446 0.381067 0.035030 0.049085
0 0.446616 0.661995 0.027944 0.042750
0 0.459918 0.541043 0.025583 0.040638
0 0.791997 0.740695 0.038654 0.053066
0 0.129206 0.679264 0.025255 0.037385
0 0.396581 0.907875 0.026682 0.040881
