0 0.764913 0.797766 0.032977 0.030417
0 0.806175 0.687155 0.037830 0.039077
0 0.877214 0.410715 0.039993 0.045590
0 0.646309 0.372935 0.037188 0.026937
0 0.863769 0.706296 0.037128 0.034414
0 0.411515 0.681586 0.036368 0.037226
0 0.320085 0.445906 0.036836 0.040335
0 0.376156 0.822988 0.038297 0.042185
0 0.226046 0.950163 0.038064 0.040631
0 0.687675 0.749534 0.026311 0.033305
0 0.543952 0.724571 0.024908 0.023978
0 0.561191 0.847661 0.025843 0.030195
0 0.528348 0.629273 0.022686 0.024941
0 0.872276 0.382107 0.037596 0.037522
0 0.665791 0.591322 0.024849 0.031455
0 0.566356 0.872702 0.028168 0.033063
0 0.642947 0.437641 0.022452 0.025904
0 0.648190 0.469245 0.023905 0.029983
0 0.651742 0.498242 0.021367 0.030495
0 0.655944 0.528300 0.021575 0.027939
0 0.662424 0.559798 0.022659 0.029324
0 0.668852 0.432003 0.020976 0.025922
0 0.673572 0.462331 0.018529 0.027205
0 0.476238 0.360183 0.032182 0.025132
0 0.480722 0.397196 0.033638 0.027730
0 0.499707 0.510532 0.037588 0.032352
0 0.502501 0.533593 0.034093 0.029577
0 0.504263 0.548357 0.033223 0.015765
0 0.517587 0.559070 0.023427 0.018693
0 0.521421 0.572973 0.026643 0.022449
0 0.548742 0.758287 0.024037 0.022121
0 0.541995 0.707325 0.021692 0.026200
0 0.536384 0.670020 0.024148 0.026791
0 0.531416 0.645445 0.020757 0.019982
0 0.755359 0.730002 0.038297 0.042185
0 0.312543 0.772278 0.035374 0.038485
0 0.439653 0.872921 0.038064 0.040631
0 0.343694 0.602897 0.033912 0.036634
0 0.206970 0.442560 0.040987 0.044331
0 0.737009 0.607986 0.040519 0.041223
0 0.533575 0.367887 0.039525 0.042481
0 0.479541 0.765862 0.035374 0.038485
0 0.587868 0.352387 0.038064 0.040631
0 0.430571 0.423310 0.038297 0.042185
0 0.322507 0.834305 0.039058 0.039373
0 0.619249 0.569518 0.037362 0.035968
0 0.548477 0.458521 0.036836 0.040335
0 0.370784 0.402281 0.037537 0.044998
0 0.249046 0.722346 0.035608 0.040039
0 0.742181 0.638147 0.039058 0.039373
0 0.327416 0.866946 0.037069 0.041889
0 0.633625 0.665111 0.040052 0.038114
0 0.629066 0.634801 0.037830 0.039077
0 0.615421 0.539837 0.039058 0.039373
0 0.267863 0.847472 0.038297 0.042185
0 0.475480 0.734627 0.036602 0.038781
0 0.746242 0.669383 0.037830 0.039077
0 0.258016 0.786222 0.036836 0.040335
0 0.239345 0.657839 0.035374 0.038485
0 0.361897 0.728172 0.037830 0.039077
0 0.651711 0.789608 0.039291 0.040927
0 0.220264 0.535192 0.037069 0.041889
0 0.298020 0.679942 0.036836 0.040335
0 0.456926 0.607021 0.037362 0.035968
0 0.471302 0.702615 0.038064 0.040631
0 0.253838 0.754211 0.037830 0.039077
0 0.272772 0.880114 0.037830 0.039077
0 0.657117 0.821325 0.037830 0.039077
0 0.678822 0.686434 0.030696 0.038856
0 0.773800 0.471876 0.035608 0.040039
0 0.204600 0.799094 0.040987 0.044331
0 0.591929 0.383623 0.035901 0.034118
0 0.723193 0.803792 0.025083 0.033009
0 0.551924 0.489904 0.036368 0.037226
0 0.379257 0.467083 0.038824 0.037818
0 0.808399 0.333877 0.036602 0.038781
0 0.401785 0.621113 0.034673 0.033822
0 0.728599 0.835509 0.029468 0.038560
0 0.528666 0.335245 0.037069 0.041889
0 0.426159 0.389743 0.039759 0.044035
0 0.388490 0.528480 0.039058 0.039373
0 0.383815 0.497394 0.039058 0.039373
0 0.098180 0.467970 0.037537 0.044998
0 0.832505 0.489943 0.035140 0.036930
0 0.754135 0.345342 0.039993 0.045590
0 0.827216 0.459004 0.034380 0.039743
0 0.234406 0.629231 0.036368 0.037226
0 0.347872 0.634910 0.033385 0.041001
0 0.887032 0.475999 0.041514 0.039965
0 0.538809 0.690375 0.022452 0.023386
0 0.389831 0.913918 0.035140 0.036930
0 0.932555 0.787168 0.039058 0.039373
0 0.334344 0.540723 0.033912 0.036634
0 0.275756 0.523432 0.039058 0.039373
0 0.537357 0.786480 0.036170 0.028040
0 0.488958 0.456192 0.038367 0.042652
0 0.473549 0.341036 0.037819 0.031134
0 0.540302 0.803737 0.034392 0.021336
0 0.261877 0.426913 0.038765 0.045294
0 0.447809 0.546401 0.035374 0.038485
0 0.647036 0.758521 0.039291 0.040927
0 0.493917 0.861455 0.034673 0.033822
0 0.430303 0.810746 0.038064 0.040631
0 0.919032 0.697248 0.038660 0.036730
0 0.480691 0.376683 0.035738 0.026738
0 0.922672 0.725685 0.039654 0.035471
0 0.185297 0.674970 0.035877 0.033962
0 0.823267 0.813502 0.041046 0.036855
0 0.544705 0.742268 0.025715 0.021476
0 0.498265 0.890367 0.037783 0.038765
0 0.485242 0.423021 0.038297 0.042185
0 0.641630 0.726804 0.040286 0.039669
0 0.600782 0.446723 0.038297 0.042185
0 0.329055 0.509784 0.038064 0.040631
0 0.818803 0.783814 0.039011 0.039061
0 0.908647 0.632424 0.037666 0.037988
0 0.879268 0.800894 0.040028 0.037958
0 0.913240 0.662966 0.038297 0.042185
0 0.904140 0.602455 0.037806 0.038921
0 0.434247 0.841204 0.038590 0.036264
0 0.381235 0.852528 0.038543 0.035953
0 0.398074 0.592210 0.036602 0.038781
0 0.606685 0.477514 0.034906 0.035376
0 0.421099 0.745314 0.039291 0.040927
0 0.288553 0.616989 0.037069 0.041889
0 0.371715 0.793455 0.037830 0.039077
0 0.213866 0.488414 0.041102 0.060837
0 0.699583 0.646802 0.024148 0.026791
0 0.102855 0.499056 0.036134 0.035672
0 0.859825 0.675837 0.039058 0.039373
0 0.781922 0.534346 0.038064 0.040631
0 0.768394 0.440159 0.033678 0.035080
0 0.223037 0.925923 0.039525 0.042481
0 0.926535 0.755599 0.039291 0.040927
0 0.892321 0.506939 0.037830 0.039077
0 0.841621 0.550563 0.038531 0.043739
0 0.855764 0.644603 0.037830 0.039077
0 0.149489 0.809153 0.036836 0.040335
0 0.769618 0.824819 0.038297 0.042185
0 0.714248 0.452401 0.030521 0.029825
0 0.809389 0.716983 0.040753 0.042777
0 0.873470 0.770802 0.040286 0.039669
0 0.323678 0.474033 0.036075 0.043147
0 0.198843 0.765046 0.039291 0.040927
0 0.813921 0.366371 0.035374 0.038485
0 0.353512 0.668181 0.036836 0.040335
0 0.157498 0.485889 0.035374 0.038485
0 0.800506 0.657918 0.037830 0.039077
0 0.466013 0.671675 0.036368 0.037226
0 0.180494 0.643028 0.037537 0.044998
0 0.357339 0.697861 0.037596 0.037522
0 0.208661 0.830329 0.038824 0.037818
0 0.692116 0.779066 0.026311 0.033305
0 0.846413 0.582428 0.040286 0.039669
0 0.708933 0.708976 0.024615 0.029900
0 0.669969 0.623334 0.025843 0.030195
0 0.595589 0.319119 0.027539 0.033601
0 0.649005 0.306247 0.026311 0.033305
0 0.171987 0.967216 0.039058 0.039373
0 0.727922 0.543331 0.036602 0.038781
0 0.895651 0.537544 0.040519 0.041223
0 0.557214 0.520843 0.035608 0.040039
0 0.836332 0.519624 0.033912 0.036634
0 0.279817 0.554667 0.040753 0.042777
0 0.714339 0.740693 0.023621 0.031159
0 0.144083 0.777436 0.038297 0.042185
0 0.795948 0.627607 0.038064 0.040631
0 0.733445 0.575825 0.037830 0.039077
0 0.157231 0.873325 0.035140 0.036930
0 0.901291 0.570815 0.039525 0.042481
0 0.624563 0.312942 0.028533 0.032342
0 0.791770 0.595595 0.037069 0.041889
0 0.284492 0.585755 0.037362 0.035968
0 0.818480 0.396681 0.038064 0.040631
0 0.868327 0.736606 0.041221 0.045886
0 0.561625 0.554410 0.034146 0.038189
0 0.106565 0.527960 0.038064 0.040631
0 0.338054 0.569626 0.035841 0.041593
0 0.700589 0.843869 0.026077 0.031751
0 0.125996 0.652939 0.036134 0.035672
0 0.138794 0.746497 0.039058 0.039373
0 0.213716 0.859714 0.040519 0.041223
0 0.764450 0.409700 0.035608 0.040039
0 0.786481 0.564656 0.040286 0.039669
0 0.695522 0.615566 0.026311 0.033305
0 0.172021 0.578226 0.036836 0.040335
0 0.682416 0.714561 0.025609 0.028641
0 0.438956 0.483301 0.036368 0.037226
0 0.850972 0.612738 0.040519 0.041223
0 0.682345 0.523711 0.024615 0.029900
0 0.152940 0.455579 0.035608 0.040039
0 0.331477 0.898182 0.034906 0.035376
0 0.695944 0.808748 0.024615 0.029900
0 0.193671 0.734884 0.037830 0.039077
0 0.542691 0.428506 0.036602 0.038781
0 0.691578 0.585108 0.025316 0.034563
0 0.307751 0.740414 0.035140 0.036930
0 0.642365 0.342477 0.038064 0.040631
0 0.822424 0.427139 0.037069 0.041889
0 0.868068 0.354129 0.040519 0.041223
0 0.687283 0.552318 0.023621 0.031159
0 0.163017 0.903340 0.037830 0.039077
0 0.153784 0.841942 0.038064 0.040631
0 0.814531 0.751180 0.038297 0.042185
0 0.676325 0.492142 0.024849 0.031455
0 0.751912 0.698620 0.037362 0.035968
0 0.461454 0.641365 0.037537 0.044998
0 0.723481 0.513798 0.036602 0.038781
0 0.266172 0.459703 0.036602 0.038781
0 0.672919 0.655642 0.027305 0.032046
0 0.218508 0.891579 0.040286 0.039669
0 0.759044 0.377984 0.036602 0.038781
0 0.110860 0.560750 0.036368 0.037226
0 0.385507 0.885163 0.038297 0.042185
0 0.407688 0.651904 0.038064 0.040631
0 0.114804 0.591208 0.035374 0.038485
0 0.705745 0.391633 0.035608 0.040039
0 0.271081 0.492344 0.037069 0.041889
0 0.281625 0.943214 0.038824 0.037818
0 0.881743 0.445059 0.040753 0.042777
0 0.650634 0.401691 0.039759 0.044035
0 0.704989 0.678517 0.026544 0.034859
0 0.425511 0.778881 0.035374 0.038485
0 0.415693 0.713598 0.040753 0.042777
0 0.167195 0.935352 0.039291 0.040927
0 0.375079 0.435071 0.037830 0.039077
0 0.779089 0.502814 0.036368 0.037226
0 0.176579 0.608536 0.039058 0.039373
0 0.484216 0.796950 0.035374 0.038485
0 0.710303 0.421942 0.035374 0.038485
0 0.435246 0.454397 0.037830 0.039077
0 0.719248 0.773334 0.026077 0.031751
0 0.316141 0.415449 0.037830 0.039077
0 0.134236 0.716186 0.036368 0.037226
0 0.538250 0.398974 0.036602 0.038781
0 0.596487 0.413933 0.034146 0.038189
0 0.444328 0.904008 0.037596 0.037522
0 0.262691 0.817310 0.036368 0.037226
0 0.188265 0.703167 0.039291 0.040927
0 0.166235 0.548211 0.036602 0.038781
0 0.130555 0.683249 0.039759 0.044035
0 0.443134 0.515313 0.033385 0.041001
0 0.302695 0.711029 0.036836 0.040335
0 0.864270 0.320414 0.038765 0.045294
0 0.276950 0.912126 0.036836 0.040335
0 0.162173 0.516977 0.037830 0.039077
0 0.700486 0.356660 0.040753 0.042777
0 0.225553 0.566132 0.037830 0.039077
0 0.120707 0.621999 0.035374 0.038485
0 0.335918 0.927715 0.038297 0.042185
0 0.661909 0.853189 0.040519 0.041223
0 0.638066 0.694644 0.040519 0.041223
0 0.367303 0.759888 0.039291 0.040927
0 0.393166 0.559568 0.039058 0.039373
0 0.610863 0.509526 0.039291 0.040927
0 0.244137 0.689704 0.035608 0.040039
0 0.293228 0.648077 0.036602 0.038781
0 0.624274 0.602936 0.038531 0.043739
0 0.489242 0.830369 0.038531 0.043739
0 0.760735 0.765753 0.038297 0.042185
0 0.719420 0.482563 0.038297 0.042185
0 0.230345 0.597997 0.038064 0.040631
0 0.453215 0.578118 0.036836 0.040335
0 0.317218 0.803366 0.038297 0.042185
