0 0.627694 0.255836 0.040055 0.052639
0 0.470027 0.677089 0.039144 0.053989
0 0.631772 0.296584 0.038219 0.045866
0 0.466026 0.186883 0.046799 0.046437
0 0.462048 0.151957 0.050996 0.045910
0 0.622428 0.214550 0.038034 0.044242
0 0.775079 0.174656 0.036938 0.043968
0 0.784877 0.255740 0.039856 0.041542
0 0.481468 0.317514 0.045888 0.047787
0 0.472517 0.253760 0.046799 0.046437
0 0.489964 0.382217 0.047339 0.041837
0 0.470004 0.221809 0.048435 0.042112
0 0.734850 0.271609 0.037664 0.040993
0 0.506532 0.532616 0.035843 0.043694
0 0.486634 0.352977 0.045148 0.041289
0 0.543741 0.745511 0.024502 0.028229
0 0.582199 0.311504 0.037308 0.047217
0 0.477405 0.286787 0.044052 0.041015
0 0.502184 0.494441 0.042972 0.050213
0 0.571091 0.649276 0.037863 0.052090
0 0.637130 0.338683 0.040055 0.052639
0 0.788956 0.296488 0.040240 0.054264
0 0.497373 0.452205 0.045533 0.054010
0 0.677906 0.241593 0.038233 0.055339
0 0.729770 0.231948 0.035302 0.048292
0 0.616337 0.170964 0.039884 0.060486
0 0.540879 0.725343 0.025783 0.030128
0 0.886220 0.230364 0.038020 0.034770
0 0.465486 0.632280 0.038233 0.055339
0 0.564815 0.604066 0.038233 0.055339
0 0.577481 0.270081 0.035302 0.048292
0 0.432380 0.351526 0.040055 0.052639
0 0.724682 0.187275 0.040240 0.054264
0 0.875689 0.147792 0.042431 0.054813
0 0.716370 0.564446 0.039329 0.055613
0 0.683272 0.288702 0.040425 0.055888
0 0.881418 0.193139 0.036583 0.050192
0 0.428295 0.305766 0.035672 0.051541
0 0.572486 0.226221 0.037863 0.052090
0 0.525163 0.280676 0.039144 0.053989
0 0.723102 0.608705 0.042061 0.051564
0 0.835098 0.246507 0.039870 0.051015
0 0.732901 0.689791 0.041336 0.054538
0 0.830102 0.202647 0.038418 0.056963
0 0.727272 0.650266 0.038589 0.049115
0 0.530707 0.324398 0.035487 0.049917
0 0.779249 0.216216 0.041151 0.052913
0 0.769442 0.130120 0.040069 0.062111
