0 0.787156 0.726357 0.037062 0.046641
0 0.484476 0.349315 0.050199 0.042891
0 0.480823 0.313661 0.046803 0.047634
0 0.487932 0.380769 0.046184 0.041785
0 0.500958 0.493118 0.045908 0.039185
0 0.095413 0.593080 0.037987 0.045271
0 0.463542 0.150524 0.044057 0.041925
0 0.078576 0.428840 0.039086 0.045526
0 0.197498 0.569384 0.036136 0.048011
0 0.478496 0.281071 0.043541 0.037051
0 0.758594 0.440807 0.035792 0.044761
0 0.514843 0.746281 0.027247 0.034853
0 0.744791 0.315820 0.037709 0.032527
0 0.466898 0.182208 0.044574 0.046800
0 0.470975 0.215391 0.047006 0.039439
0 0.137863 0.988587 0.036825 0.022825
0 0.783660 0.688044 0.038331 0.048520
0 0.235474 0.938487 0.037987 0.045271
0 0.799484 0.853352 0.039946 0.053651
0 0.795816 0.813415 0.037987 0.045271
0 0.226696 0.855617 0.038676 0.051770
0 0.132204 0.961626 0.037815 0.043646
0 0.336462 0.915046 0.036136 0.048011
0 0.600151 0.436797 0.040291 0.056900
0 0.383101 0.357321 0.041044 0.053905
0 0.222478 0.815808 0.038159 0.046896
0 0.922320 0.489376 0.036481 0.051261
0 0.392051 0.441815 0.035620 0.043136
0 0.387419 0.902385 0.036717 0.043391
0 0.103847 0.672699 0.037987 0.045271
0 0.475515 0.247634 0.045843 0.048680
0 0.180199 0.406084 0.038504 0.050145
0 0.107515 0.712636 0.037406 0.049891
0 0.111818 0.753258 0.034867 0.046132
0 0.868275 0.499423 0.038504 0.050145
0 0.774246 0.604490 0.037062 0.046641
0 0.218724 0.775059 0.037406 0.049891
0 0.790706 0.770484 0.040291 0.056900
0 0.374972 0.779579 0.037987 0.045271
0 0.890583 0.200402 0.037987 0.045271
0 0.092293 0.553016 0.038504 0.050145
0 0.240703 0.976485 0.038331 0.047031
0 0.766103 0.522306 0.038331 0.048520
0 0.882730 0.115653 0.041216 0.055530
0 0.120220 0.837880 0.040011 0.044156
0 0.723684 0.105955 0.038267 0.058015
0 0.824963 0.079949 0.038504 0.050145
0 0.476972 0.755071 0.033769 0.045877
0 0.315871 0.710056 0.036136 0.048011
0 0.299584 0.545688 0.036481 0.051261
0 0.124523 0.878502 0.038848 0.053396
0 0.205556 0.650755 0.037234 0.048265
0 0.887635 0.161962 0.042895 0.051165
0 0.770492 0.563741 0.038504 0.050145
0 0.087183 0.510084 0.037234 0.048265
0 0.210117 0.693815 0.037062 0.046641
0 0.269045 0.761713 0.039258 0.047151
0 0.585626 0.310312 0.034867 0.046132
0 0.099716 0.633702 0.038331 0.048520
0 0.231257 0.898677 0.038504 0.050145
0 0.860852 0.418737 0.038331 0.048520
0 0.285968 0.926766 0.038331 0.048520
0 0.060503 0.258227 0.039774 0.052025
0 0.214797 0.732685 0.038504 0.050145
0 0.778172 0.646865 0.038848 0.053396
0 0.276812 0.845650 0.037578 0.051516
0 0.494874 0.924058 0.040700 0.050655
0 0.352821 0.575783 0.034178 0.039632
0 0.864057 0.459614 0.036136 0.048011
0 0.903030 0.323207 0.039602 0.050400
0 0.340851 0.956480 0.038504 0.050145
0 0.163051 0.233591 0.036653 0.052886
0 0.305823 0.625817 0.033941 0.047501
0 0.332794 0.875109 0.039258 0.047151
0 0.323552 0.793180 0.038331 0.048520
0 0.432960 0.344915 0.036890 0.045016
0 0.789423 0.222218 0.034285 0.050751
0 0.129806 0.923058 0.039430 0.048775
0 0.877276 0.069471 0.042142 0.054160
0 0.345140 0.492660 0.036373 0.040142
0 0.282199 0.381575 0.038331 0.048520
0 0.916456 0.449948 0.037062 0.046641
0 0.370120 0.739084 0.037922 0.054765
0 0.728245 0.149014 0.034522 0.042881
0 0.595589 0.393738 0.035039 0.047756
0 0.830708 0.123566 0.041044 0.053905
0 0.383374 0.864200 0.039430 0.048775
0 0.201338 0.610946 0.037062 0.046641
0 0.115368 0.797385 0.039946 0.053651
0 0.852159 0.336680 0.038504 0.050145
0 0.414165 0.172805 0.039020 0.055020
0 0.282299 0.886829 0.037062 0.046641
0 0.424817 0.262731 0.036653 0.052886
0 0.117753 0.289056 0.039946 0.053651
0 0.473853 0.715006 0.036136 0.048011
0 0.486385 0.838624 0.039086 0.045526
0 0.491238 0.879119 0.038676 0.051770
0 0.260816 0.678717 0.038504 0.050145
0 0.183953 0.446833 0.034867 0.046132
0 0.189817 0.486260 0.038331 0.048520
0 0.617875 0.126353 0.037750 0.053141
0 0.125692 0.374617 0.035039 0.047756
0 0.847770 0.295246 0.036136 0.048011
0 0.590478 0.350806 0.034113 0.049126
0 0.289894 0.969140 0.041969 0.052535
0 0.741671 0.275756 0.037406 0.049891
0 0.074531 0.390655 0.039258 0.047151
0 0.366279 0.697523 0.038159 0.046896
0 0.336996 0.410477 0.038331 0.048520
0 0.235718 0.436482 0.037062 0.046641
0 0.762262 0.480744 0.037406 0.049891
0 0.749008 0.355629 0.039946 0.053651
0 0.252382 0.599097 0.038504 0.050145
0 0.255963 0.638222 0.037062 0.046641
0 0.320347 0.752302 0.038331 0.048520
0 0.396010 0.479187 0.033769 0.045877
0 0.171969 0.323087 0.039602 0.050400
0 0.265841 0.720837 0.039602 0.050400
0 0.908140 0.366140 0.038676 0.051770
0 0.669639 0.116002 0.039946 0.053651
0 0.567552 0.139698 0.039946 0.053651
0 0.912153 0.409326 0.039602 0.050400
0 0.855999 0.378242 0.039430 0.048775
0 0.429001 0.307544 0.037234 0.048265
0 0.632194 0.256217 0.035964 0.046387
0 0.121217 0.332371 0.039430 0.048775
0 0.112471 0.244499 0.038676 0.051770
0 0.496569 0.451683 0.043411 0.056039
0 0.139118 0.501359 0.037922 0.054765
0 0.176358 0.364522 0.039430 0.048775
0 0.302155 0.585880 0.036717 0.043391
0 0.835065 0.170002 0.039774 0.052025
0 0.379361 0.821014 0.041044 0.053905
0 0.311482 0.668621 0.036308 0.049636
0 0.843295 0.252999 0.038331 0.048520
0 0.193195 0.528762 0.036481 0.051261
0 0.628526 0.216280 0.037234 0.048265
0 0.895435 0.240896 0.039774 0.052025
0 0.064860 0.304664 0.040700 0.050655
0 0.328595 0.325855 0.037922 0.054765
0 0.463050 0.634272 0.038331 0.048520
0 0.327942 0.834613 0.038504 0.050145
0 0.071239 0.348966 0.039774 0.052025
0 0.391895 0.944632 0.042486 0.057409
0 0.295281 0.505066 0.035792 0.044761
0 0.082793 0.468649 0.039602 0.050400
0 0.467817 0.673954 0.037406 0.049891
0 0.535939 0.324342 0.036481 0.051261
0 0.244066 0.515288 0.039430 0.048775
0 0.732635 0.190449 0.037578 0.051516
0 0.899448 0.284082 0.038504 0.050145
0 0.274070 0.803833 0.040700 0.050655
0 0.838991 0.212377 0.038331 0.048520
0 0.377905 0.313577 0.037750 0.053141
0 0.167494 0.280841 0.037406 0.049891
0 0.446386 0.471656 0.037234 0.048265
0 0.239849 0.475479 0.039258 0.047151
0 0.481534 0.798130 0.040872 0.052280
0 0.693920 0.329292 0.038676 0.051770
0 0.637132 0.297523 0.037578 0.051516
0 0.129533 0.416179 0.038504 0.050145
0 0.454821 0.551275 0.037234 0.048265
0 0.362062 0.657713 0.038676 0.051770
0 0.572372 0.185195 0.039602 0.050400
0 0.418985 0.218302 0.038676 0.051770
0 0.286416 0.421384 0.035964 0.046387
0 0.247820 0.556039 0.038331 0.048520
0 0.451153 0.511338 0.038159 0.046896
0 0.134385 0.456674 0.037406 0.049891
0 0.754291 0.400186 0.038676 0.051770
0 0.332607 0.369042 0.038504 0.050145
0 0.459759 0.592583 0.038504 0.050145
0 0.674545 0.162311 0.039774 0.052025
0 0.226595 0.350364 0.035555 0.052631
0 0.577946 0.227187 0.039602 0.050400
0 0.231329 0.395048 0.037578 0.051516
0 0.291355 0.462692 0.037578 0.051516
0 0.358050 0.614526 0.039602 0.050400
0 0.530657 0.279785 0.037750 0.053141
0 0.641780 0.341395 0.037234 0.048265
0 0.386651 0.401448 0.041044 0.053905
0 0.277551 0.337703 0.036825 0.054510
0 0.437350 0.386350 0.035211 0.049381
0 0.679020 0.204559 0.039430 0.048775
0 0.688982 0.287986 0.039602 0.050400
0 0.737196 0.233508 0.037406 0.049891
0 0.623965 0.173220 0.039946 0.053651
0 0.349530 0.534095 0.040118 0.055275
0 0.645620 0.382957 0.038848 0.053396
0 0.683495 0.246806 0.041969 0.052535
0 0.580774 0.269816 0.038504 0.050145
0 0.341471 0.452724 0.038676 0.051770
0 0.442546 0.430094 0.036308 0.049636
