0 0.537326 0.916741 0.039931 0.054326
0 0.503716 0.453537 0.043113 0.051373
0 0.898030 0.905311 0.038390 0.044404
0 0.843383 0.945251 0.035135 0.045721
0 0.896158 0.947845 0.040896 0.051160
0 0.514973 0.185196 0.043646 0.038392
0 0.509694 0.317757 0.042681 0.041557
0 0.589021 0.880625 0.037282 0.044298
0 0.901530 0.863756 0.037354 0.045934
0 0.639369 0.925699 0.039859 0.052690
0 0.587257 0.920705 0.037354 0.045934
0 0.793452 0.941288 0.037426 0.047569
0 0.539997 0.830751 0.039859 0.052690
0 0.590966 0.836456 0.039787 0.051054
0 0.691136 0.887947 0.037354 0.045934
0 0.795360 0.897936 0.037354 0.045934
0 0.742967 0.937271 0.038607 0.049312
0 0.848309 0.858655 0.037498 0.049206
0 0.747965 0.849038 0.036388 0.049100
0 0.797860 0.853820 0.038607 0.049312
0 0.643150 0.839815 0.037570 0.050841
0 0.690264 0.933041 0.039643 0.047782
0 0.693562 0.845468 0.036532 0.052371
0 0.640722 0.882295 0.036028 0.040920
0 0.707042 0.804868 0.023688 0.036479
0 0.655519 0.799109 0.022507 0.034737
0 0.510983 0.250526 0.046007 0.041876
0 0.507994 0.381664 0.042393 0.035014
0 0.811302 0.814039 0.021398 0.034631
0 0.511098 0.285857 0.042465 0.036650
0 0.914455 0.823103 0.023688 0.036479
0 0.517004 0.151714 0.044682 0.036862
0 0.862896 0.818162 0.022579 0.036373
0 0.604480 0.795038 0.024796 0.036585
0 0.509218 0.353853 0.042393 0.035014
0 0.503273 0.741805 0.022507 0.034737
0 0.845774 0.903589 0.036316 0.047463
0 0.552403 0.789227 0.024724 0.034950
0 0.513568 0.217096 0.043430 0.033484
0 0.745430 0.893972 0.037426 0.047569
0 0.758636 0.808992 0.024724 0.034950
