0 0.885625 0.534810 0.033750 0.034810
0 0.830000 0.598101 0.032500 0.031646
0 0.885000 0.819620 0.032500 0.031646
0 0.831250 0.623418 0.035000 0.041139
0 0.512500 0.600475 0.022500 0.023734
0 0.774375 0.503165 0.033750 0.028481
0 0.885625 0.596519 0.033750 0.034810
0 0.513125 0.697785 0.018750 0.022152
0 0.513750 0.879747 0.020000 0.025316
0 0.830000 0.724684 0.032500 0.031646
0 0.885000 0.659019 0.035000 0.036392
0 0.830625 0.753165 0.031250 0.031646
0 0.389375 0.474684 0.033750 0.028481
0 0.111250 0.409810 0.032500 0.031646
0 0.830625 0.471519 0.033750 0.031646
0 0.885625 0.883703 0.033750 0.033228
0 0.511875 0.678006 0.021250 0.020570
0 0.886250 0.626582 0.035000 0.031646
0 0.510625 0.580696 0.023750 0.018987
0 0.885000 0.785601 0.035000 0.033228
0 0.883750 0.850475 0.035000 0.036392
0 0.886250 0.754747 0.035000 0.028481
0 0.719375 0.354430 0.036250 0.044304
0 0.774375 0.438291 0.033750 0.031646
0 0.775000 0.474684 0.035000 0.037975
0 0.885000 0.691456 0.035000 0.031646
0 0.111875 0.442247 0.028750 0.026899
0 0.831875 0.786392 0.033750 0.034810
0 0.111875 0.629747 0.033750 0.028481
0 0.885625 0.469146 0.031250 0.030063
0 0.388750 0.500000 0.032500 0.034810
0 0.280000 0.598101 0.032500 0.031646
0 0.223125 0.693038 0.028750 0.022152
0 0.513125 0.855222 0.021250 0.023734
0 0.830625 0.819620 0.033750 0.031646
0 0.885000 0.723892 0.035000 0.036392
0 0.113125 0.659810 0.033750 0.031646
0 0.277500 0.726266 0.032500 0.031646
0 0.885625 0.439082 0.031250 0.030063
0 0.112500 0.851266 0.032500 0.031646
0 0.223750 0.631329 0.032500 0.025316
0 0.111875 0.821203 0.031250 0.031646
0 0.831250 0.501582 0.032500 0.031646
0 0.664375 0.819620 0.033750 0.025316
0 0.885625 0.405854 0.036250 0.036392
0 0.168750 0.410601 0.030000 0.026899
0 0.830000 0.882911 0.035000 0.031646
0 0.830625 0.693038 0.036250 0.034810
0 0.830000 0.660601 0.035000 0.033228
0 0.775000 0.596519 0.032500 0.028481
0 0.443750 0.819620 0.030000 0.025316
0 0.830000 0.851266 0.035000 0.031646
0 0.665000 0.376582 0.030000 0.034810
0 0.720625 0.503165 0.031250 0.028481
0 0.278125 0.695411 0.033750 0.036392
0 0.444375 0.472310 0.033750 0.033228
0 0.280000 0.505538 0.030000 0.030063
0 0.111875 0.788766 0.031250 0.033228
0 0.279375 0.819620 0.031250 0.031646
0 0.280000 0.788766 0.030000 0.033228
0 0.720625 0.473101 0.031250 0.031646
0 0.665625 0.501582 0.033750 0.028481
0 0.112500 0.757911 0.032500 0.031646
0 0.168750 0.787975 0.032500 0.031646
0 0.279375 0.568038 0.031250 0.031646
0 0.388750 0.851266 0.032500 0.031646
0 0.334375 0.660601 0.033750 0.033228
0 0.334375 0.884494 0.036250 0.031646
0 0.665000 0.473101 0.032500 0.031646
0 0.278750 0.661392 0.035000 0.034810
0 0.389375 0.443829 0.036250 0.036392
0 0.335000 0.818038 0.035000 0.031646
0 0.664375 0.787184 0.033750 0.030063
0 0.610625 0.629747 0.033750 0.031646
0 0.335000 0.723101 0.032500 0.031646
0 0.278750 0.884494 0.035000 0.034810
0 0.224375 0.724684 0.033750 0.037975
0 0.611250 0.409019 0.032500 0.030063
0 0.610625 0.819620 0.033750 0.031646
0 0.555000 0.629747 0.030000 0.031646
0 0.111875 0.536392 0.033750 0.031646
0 0.168125 0.507120 0.033750 0.030063
0 0.389375 0.883703 0.033750 0.033228
0 0.223750 0.820411 0.032500 0.033228
0 0.223125 0.566456 0.033750 0.028481
0 0.664375 0.754747 0.033750 0.031646
0 0.333750 0.471519 0.032500 0.028481
0 0.610000 0.597310 0.032500 0.033228
0 0.334375 0.501582 0.033750 0.031646
0 0.720000 0.564873 0.035000 0.037975
0 0.665000 0.849684 0.035000 0.034810
0 0.388750 0.755538 0.032500 0.033228
0 0.445000 0.693829 0.032500 0.030063
0 0.223125 0.504747 0.033750 0.031646
0 0.444375 0.723892 0.033750 0.030063
0 0.168125 0.757120 0.033750 0.033228
0 0.334375 0.693038 0.033750 0.031646
0 0.334375 0.851266 0.033750 0.034810
0 0.111250 0.505538 0.032500 0.033228
0 0.775000 0.566456 0.035000 0.034810
0 0.333750 0.568038 0.035000 0.031646
0 0.389375 0.660601 0.031250 0.030063
0 0.279375 0.442247 0.033750 0.030063
0 0.334375 0.409810 0.033750 0.031646
0 0.665000 0.628956 0.032500 0.030063
0 0.390000 0.376582 0.032500 0.031646
0 0.554375 0.854430 0.033750 0.034810
0 0.665000 0.531646 0.035000 0.034810
0 0.279375 0.411392 0.031250 0.031646
0 0.334375 0.376582 0.036250 0.034810
0 0.389375 0.629747 0.031250 0.034810
0 0.223125 0.473892 0.033750 0.030063
0 0.112500 0.725475 0.035000 0.036392
0 0.665000 0.660601 0.032500 0.033228
0 0.554375 0.787975 0.033750 0.037975
0 0.610625 0.469937 0.033750 0.031646
0 0.554375 0.822785 0.033750 0.031646
0 0.168125 0.723892 0.033750 0.033228
0 0.167500 0.477848 0.032500 0.031646
0 0.611250 0.659810 0.035000 0.031646
0 0.223125 0.662184 0.033750 0.036392
0 0.445000 0.409019 0.030000 0.030063
0 0.333125 0.441456 0.033750 0.031646
0 0.610000 0.692247 0.032500 0.033228
0 0.555000 0.532437 0.030000 0.030063
0 0.388750 0.409019 0.035000 0.033228
0 0.554375 0.596519 0.031250 0.031646
0 0.388750 0.693038 0.032500 0.034810
0 0.610625 0.503165 0.033750 0.034810
0 0.445000 0.565665 0.032500 0.033228
0 0.334375 0.535601 0.033750 0.033228
0 0.168125 0.444620 0.033750 0.037975
0 0.555000 0.564082 0.032500 0.033228
0 0.611250 0.375791 0.035000 0.036392
0 0.223125 0.599684 0.036250 0.037975
0 0.554375 0.377373 0.036250 0.036392
0 0.389375 0.595728 0.033750 0.033228
0 0.512500 0.658782 0.022500 0.018513
0 0.499375 0.507516 0.038750 0.027690
0 0.511875 0.621123 0.021250 0.020728
0 0.499375 0.376820 0.033750 0.016297
0 0.499375 0.790585 0.031250 0.024209
0 0.499375 0.348339 0.036250 0.038449
0 0.499375 0.456329 0.031250 0.033544
0 0.512500 0.640902 0.022500 0.018829
0 0.499375 0.423259 0.033750 0.033228
0 0.886250 0.501345 0.035000 0.031171
0 0.885687 0.565973 0.030175 0.028750
0 0.499994 0.395491 0.029862 0.021266
0 0.500769 0.531527 0.030787 0.020870
0 0.500775 0.547864 0.028300 0.008671
0 0.498900 0.806361 0.031800 0.007373
0 0.445000 0.788766 0.032500 0.033228
0 0.112500 0.886076 0.035000 0.034810
0 0.443750 0.503165 0.032500 0.031646
0 0.610625 0.564873 0.033750 0.031646
0 0.277500 0.757120 0.032500 0.030063
0 0.223750 0.409810 0.032500 0.025316
0 0.721250 0.533228 0.032500 0.028481
0 0.168125 0.820411 0.033750 0.030063
0 0.389375 0.817247 0.033750 0.033228
0 0.775000 0.627373 0.035000 0.039557
0 0.830625 0.439873 0.031250 0.031646
0 0.111875 0.690665 0.031250 0.030063
0 0.443125 0.755538 0.031250 0.033228
0 0.444375 0.629747 0.031250 0.031646
0 0.278750 0.851266 0.030000 0.031646
0 0.831250 0.408228 0.032500 0.034810
0 0.775625 0.408228 0.033750 0.034810
0 0.775625 0.533228 0.033750 0.031646
0 0.224375 0.758703 0.033750 0.030063
0 0.224375 0.886076 0.036250 0.034810
0 0.111250 0.473101 0.032500 0.031646
0 0.389375 0.786392 0.033750 0.031646
0 0.443750 0.884494 0.035000 0.031646
0 0.334375 0.630538 0.031250 0.030063
0 0.554375 0.723101 0.033750 0.031646
0 0.554375 0.885285 0.033750 0.026899
0 0.719375 0.442247 0.033750 0.030063
0 0.334375 0.786392 0.031250 0.031646
0 0.168125 0.598101 0.031250 0.031646
0 0.553750 0.754747 0.027500 0.028481
0 0.665625 0.443829 0.031250 0.030063
0 0.555625 0.501582 0.031250 0.031646
0 0.610625 0.534810 0.031250 0.031646
0 0.279375 0.534019 0.033750 0.033228
0 0.112500 0.565665 0.032500 0.030063
0 0.223750 0.853639 0.032500 0.033228
0 0.388750 0.564082 0.032500 0.026899
0 0.555625 0.471519 0.033750 0.031646
0 0.663750 0.723101 0.032500 0.031646
0 0.335000 0.755538 0.032500 0.033228
0 0.223750 0.788766 0.032500 0.033228
0 0.444375 0.534810 0.031250 0.031646
0 0.168125 0.853639 0.033750 0.036392
0 0.168125 0.567247 0.028750 0.030063
0 0.167500 0.628956 0.032500 0.033228
0 0.830625 0.533228 0.033750 0.031646
0 0.610000 0.884494 0.032500 0.031646
0 0.555000 0.409810 0.035000 0.028481
0 0.111875 0.598892 0.033750 0.033228
0 0.278750 0.629747 0.032500 0.031646
0 0.554375 0.695411 0.033750 0.030063
0 0.445625 0.376582 0.036250 0.034810
0 0.611250 0.439082 0.030000 0.030063
0 0.443125 0.851266 0.033750 0.034810
0 0.555000 0.661392 0.032500 0.034810
0 0.830625 0.566456 0.033750 0.034810
0 0.664375 0.692247 0.031250 0.033228
0 0.168750 0.693829 0.030000 0.030063
0 0.388750 0.725475 0.032500 0.030063
0 0.664375 0.884494 0.033750 0.031646
0 0.609375 0.723892 0.031250 0.030063
0 0.609375 0.789557 0.033750 0.031646
0 0.610000 0.852848 0.032500 0.034810
0 0.167500 0.381329 0.032500 0.031646
0 0.444375 0.439873 0.031250 0.031646
0 0.168125 0.662184 0.031250 0.033228
0 0.665625 0.564873 0.033750 0.031646
0 0.719375 0.409810 0.033750 0.037975
0 0.223125 0.535601 0.033750 0.033228
0 0.445000 0.662975 0.032500 0.034810
0 0.665000 0.409019 0.032500 0.036392
0 0.279375 0.473892 0.033750 0.033228
0 0.665000 0.596519 0.032500 0.031646
0 0.555000 0.440665 0.035000 0.033228
0 0.224375 0.378165 0.033750 0.037975
0 0.388750 0.534019 0.032500 0.033228
0 0.333750 0.598892 0.035000 0.033228
0 0.609375 0.756329 0.031250 0.034810
0 0.280000 0.376582 0.035000 0.034810
0 0.223750 0.441456 0.032500 0.034810
0 0.444375 0.598101 0.033750 0.031646
0 0.167500 0.536392 0.032500 0.031646
