0 0.257412 0.349784 0.0786653 0.0473211
0 0.369728 0.9004 0.0789154 0.0439217
0 0.153079 0.888165 0.0770779 0.0445541
0 0.581371 0.494711 0.0768179 0.0453031
0 0.156645 0.397339 0.0659063 0.0472339
0 0.801969 0.500199 0.0732278 0.0439773
0 0.477261 0.499261 0.0746844 0.0553472
0 0.15795 0.349595 0.0642382 0.0441598
0 0.911035 0.109799 0.0767948 0.04829
0 0.692111 0.395856 0.0746622 0.0476977
0 0.0600522 0.79274 0.0773855 0.0465049
0 0.0546294 0.599173 0.074063 0.0444101
0 0.370834 0.448145 0.0770097 0.0525949
0 0.0545043 0.68721 0.0718245 0.0427344
0 0.911864 0.746552 0.0742041 0.0499769
0 0.69243 0.938473 0.0797707 0.0478497
0 0.258872 0.592412 0.0776588 0.0492782
0 0.263598 0.889882 0.076894 0.0419636
0 0.151734 0.544625 0.0828058 0.0480002
0 0.695176 0.353365 0.0650497 0.0354649
0 0.36527 0.59509 0.0679958 0.0403088
0 0.370471 0.203976 0.0818844 0.0448186
0 0.800937 0.254642 0.0754882 0.0438088
0 0.157143 0.253771 0.075812 0.0453035
0 0.471269 0.797045 0.0740803 0.0389162
0 0.0559061 0.154618 0.0709799 0.0475694
0 0.154375 0.841863 0.0670264 0.0445713
0 0.474433 0.752036 0.0769557 0.0488396
0 0.587635 0.749163 0.0787434 0.0479437
0 0.368973 0.293842 0.0804352 0.0458835
0 0.803819 0.40319 0.0731256 0.0510034
0 0.801189 0.106897 0.0804362 0.0511812
0 0.583157 0.0610925 0.0835104 0.0473364
0 0.694587 0.309026 0.0785668 0.0503343
0 0.908645 0.309171 0.0785879 0.042251
0 0.584707 0.357023 0.0830146 0.0461536
0 0.907826 0.650091 0.0729181 0.0511228
0 0.584477 0.310674 0.0783521 0.0451705
0 0.260118 0.301218 0.0785351 0.0483155
0 0.69468 0.845827 0.0761469 0.0478165
0 0.581947 0.448867 0.0784938 0.0429807
0 0.155769 0.79672 0.066796 0.0357574
0 0.695228 0.542009 0.0739208 0.0501623
0 0.79898 0.849652 0.0802491 0.0456297
0 0.910245 0.842039 0.0736839 0.0421799
0 0.479202 0.89612 0.0832323 0.0422487
0 0.156479 0.592846 0.0739045 0.0478914
0 0.798883 0.593983 0.0760371 0.0445019
0 0.0560369 0.491716 0.0618866 0.0525735
0 0.79963 0.301987 0.0735472 0.0482875
0 0.158664 0.206489 0.0736091 0.0467248
0 0.259742 0.441019 0.0750473 0.0471403
0 0.154801 0.302236 0.0716318 0.0446016
0 0.804339 0.750264 0.0768409 0.0532847
0 0.477671 0.701484 0.0752191 0.0482924
0 0.0595479 0.841975 0.0752376 0.0463676
0 0.474302 0.594415 0.074098 0.0467645
0 0.476826 0.344569 0.0755224 0.0494135
0 0.36861 0.396938 0.0792232 0.0504697
0 0.0545576 0.54419 0.0695838 0.0473417
0 0.909426 0.0598929 0.0775574 0.0433149
0 0.797782 0.157905 0.0811057 0.0477458
0 0.799231 0.648529 0.0772699 0.0451889
0 0.585055 0.54563 0.0804306 0.0476899
0 0.472979 0.0609832 0.0741759 0.0519564
0 0.909 0.596251 0.0788421 0.0474558
0 0.0537772 0.64503 0.0690382 0.0357826
0 0.911346 0.798054 0.0768364 0.0432262
0 0.910055 0.354628 0.0737175 0.0465431
0 0.0544733 0.251242 0.070268 0.0454092
0 0.476714 0.443496 0.0744687 0.0510864
0 0.264655 0.939385 0.0741924 0.0456196
0 0.155999 0.941067 0.0820881 0.0503699
0 0.368581 0.546645 0.0791928 0.050429
0 0.800563 0.937751 0.0810259 0.0459295
0 0.478913 0.395139 0.073416 0.0437999
0 0.582973 0.261223 0.0780198 0.0522464
0 0.692333 0.260115 0.0763564 0.0479655
0 0.585663 0.595601 0.0652467 0.0433553
0 0.0593639 0.347002 0.0718102 0.0433352
0 0.369827 0.499002 0.074852 0.0421318
0 0.582694 0.208497 0.0727363 0.0500555
0 0.47319 0.111823 0.0804703 0.044051
0 0.587428 0.647784 0.0816012 0.0478891
0 0.151551 0.494917 0.0813637 0.0469746
0 0.481402 0.253184 0.0741973 0.0418584
0 0.476448 0.29832 0.0766574 0.0415368
0 0.695513 0.494988 0.0763652 0.0413244
0 0.155236 0.104729 0.0779612 0.0477192
0 0.910884 0.260362 0.0787809 0.0495821
0 0.257933 0.205335 0.0804463 0.0513786
0 0.0580089 0.88941 0.0695239 0.0439541
0 0.25967 0.847261 0.0799032 0.0393684
0 0.584528 0.11032 0.0865224 0.0487505
0 0.47713 0.548604 0.0683617 0.0385723
0 0.802497 0.546238 0.0727445 0.041898
0 0.909839 0.549294 0.0794788 0.0445135
0 0.0539231 0.940463 0.0734061 0.0462385
0 0.260268 0.541957 0.0785749 0.0443905
0 0.697668 0.746275 0.0837561 0.0483878
0 0.698178 0.891801 0.0737237 0.0388704
0 0.913221 0.945845 0.0837827 0.0464443
0 0.47458 0.64732 0.0786295 0.0416958
0 0.261313 0.697423 0.0829252 0.0472228
0 0.799823 0.207735 0.0852197 0.0451552
0 0.0552493 0.300115 0.0744104 0.0487598
0 0.060289 0.394181 0.0733142 0.0454532
0 0.260468 0.394302 0.0738836 0.0378482
0 0.0560185 0.0563766 0.0728706 0.0457318
0 0.259009 0.745863 0.0768579 0.0401225
0 0.48038 0.206071 0.0753406 0.0475703
0 0.799649 0.892993 0.0778259 0.0363673
0 0.365263 0.696476 0.0723144 0.0393387
0 0.48034 0.940918 0.0822434 0.0471842
0 0.693443 0.446315 0.0776962 0.0493281
0 0.366881 0.799542 0.080193 0.0507748
0 0.583132 0.939203 0.0791531 0.0492294
0 0.585214 0.158118 0.080878 0.0450545
0 0.371702 0.152906 0.0823246 0.0494736
0 0.58237 0.796086 0.0820916 0.0429758
0 0.153728 0.0564052 0.0799689 0.0446373
0 0.800196 0.697852 0.0782179 0.0460032
0 0.26352 0.490771 0.0836871 0.0476431
0 0.693693 0.15669 0.0794855 0.0434003
0 0.914395 0.452287 0.0787074 0.0457653
0 0.154162 0.693354 0.0668668 0.0385357
0 0.365567 0.745946 0.0825523 0.05127
0 0.57635 0.847886 0.0825744 0.0514893
0 0.257651 0.796037 0.0802355 0.0536108
0 0.911077 0.402375 0.0793795 0.0458838
0 0.803484 0.801611 0.0786158 0.0419924
0 0.153156 0.641061 0.0664526 0.0444378
0 0.367535 0.343739 0.0765798 0.0494416
0 0.585308 0.699313 0.0794435 0.0472007
0 0.473323 0.846355 0.0777995 0.0503136
0 0.153931 0.747357 0.0796437 0.0583265
0 0.582367 0.401921 0.0762185 0.0448301
0 0.805663 0.352502 0.0796683 0.0479078
0 0.913183 0.160039 0.0854442 0.0481662
0 0.25703 0.058575 0.0855499 0.0453066
0 0.366366 0.645164 0.0800494 0.0480566
0 0.700097 0.797771 0.0832154 0.0442372
0 0.691111 0.199617 0.0816588 0.0356283
0 0.803882 0.452253 0.0786527 0.0455381
0 0.261184 0.109259 0.0796333 0.0452377
0 0.911695 0.210316 0.0768486 0.0435266
0 0.696919 0.109393 0.0800767 0.042715
0 0.258036 0.252696 0.0817553 0.0405918
0 0.801252 0.0594072 0.0787088 0.0398518
0 0.906984 0.892243 0.0794747 0.0527652
0 0.15794 0.154238 0.0812044 0.0473798
0 0.25635 0.154475 0.0752922 0.0419784
0 0.370235 0.249268 0.0678457 0.0361102
0 0.690077 0.0597346 0.0819658 0.0445143
0 0.478709 0.157056 0.0787228 0.0447696
0 0.054809 0.739536 0.0754159 0.0457626
0 0.0574692 0.439898 0.0582216 0.0369869
0 0.909895 0.697348 0.084517 0.0434069
0 0.0589723 0.104089 0.0741711 0.0417834
0 0.694536 0.595535 0.0777161 0.0388714
0 0.153965 0.446409 0.0772052 0.0466058
0 0.692486 0.643539 0.0833038 0.0508086
0 0.370017 0.102692 0.0795362 0.0455021
0 0.368679 0.0570185 0.0801889 0.0411245
0 0.36923 0.8507 0.084118 0.0500704
0 0.0563246 0.203541 0.0681285 0.0437537
0 0.585372 0.894929 0.0784535 0.0359611
0 0.370572 0.945175 0.079842 0.0421461
0 0.260874 0.64003 0.0809525 0.0441225
0 0.910254 0.500971 0.0872613 0.0470253
0 0.694408 0.695806 0.0864578 0.0422241
