0 0.393819 0.300884 0.0714675 0.047316
0 0.290116 0.765854 0.0658379 0.0422531
0 0.39428 0.436812 0.0677949 0.046105
0 0.0982728 0.680712 0.0731495 0.043619
0 0.600157 0.8439 0.0691864 0.0393465
0 0.195193 0.812089 0.0685382 0.0422416
0 0.0992971 0.632288 0.0760999 0.0483113
0 0.686058 0.386842 0.0656868 0.0500819
0 0.691805 0.711088 0.0648564 0.0431268
0 0.891285 0.437369 0.0683648 0.0474906
0 0.0983246 0.289173 0.0713666 0.0508876
0 0.190584 0.677913 0.0663811 0.0449583
0 0.392411 0.757095 0.0725564 0.0437492
0 0.196279 0.856741 0.0697194 0.0452435
0 0.290448 0.676524 0.0702101 0.0476715
0 0.190886 0.533019 0.0664588 0.0480104
0 0.691828 0.84712 0.066724 0.0385532
0 0.191746 0.436239 0.0691544 0.0439481
0 0.693395 0.891812 0.0648634 0.0452028
0 0.203695 0.94989 0.0743335 0.0430642
0 0.393259 0.942536 0.066363 0.04217
0 0.29053 0.721805 0.0692589 0.0403052
0 0.200163 0.904317 0.0690165 0.0452496
0 0.790794 0.755488 0.0658859 0.0468632
0 0.0975938 0.437859 0.0735111 0.0453885
0 0.683909 0.250988 0.0680039 0.0424504
0 0.0949046 0.484523 0.0688255 0.0429416
0 0.188298 0.483446 0.0615745 0.0478157
0 0.592844 0.297897 0.0678407 0.0423752
0 0.596666 0.482943 0.0731449 0.044346
0 0.69 0.75859 0.066586 0.0462971
0 0.590832 0.250666 0.0703651 0.0451104
0 0.199217 0.631196 0.0583034 0.0451525
0 0.491976 0.846526 0.0637513 0.0404758
0 0.488375 0.432297 0.0670406 0.040679
0 0.193637 0.389079 0.0658768 0.0437479
0 0.0975295 0.386621 0.0687067 0.049707
0 0.0962728 0.531873 0.0733766 0.0464676
0 0.59744 0.708881 0.0688786 0.0492091
0 0.494015 0.800425 0.0680968 0.0463993
0 0.0977605 0.581824 0.0697043 0.0455944
0 0.0964325 0.726623 0.0645058 0.0421505
0 0.489365 0.295653 0.0672497 0.0417998
0 0.60344 0.932391 0.0743854 0.0500938
0 0.690357 0.575261 0.064626 0.0485995
0 0.195207 0.342842 0.0620872 0.0439883
0 0.787604 0.571627 0.0636015 0.0379916
0 0.292216 0.809174 0.0714886 0.042872
0 0.690165 0.624225 0.0670524 0.0432096
0 0.295241 0.897066 0.0736228 0.0476164
0 0.490153 0.577882 0.0626802 0.0465836
0 0.885984 0.338953 0.0743875 0.0386664
0 0.19115 0.583389 0.0711175 0.0463953
0 0.890707 0.485 0.072636 0.0440851
0 0.289385 0.532079 0.0721958 0.0466387
0 0.893531 0.756617 0.0717501 0.0437097
0 0.88979 0.572392 0.0698905 0.042445
0 0.194803 0.294914 0.0657649 0.0457243
0 0.491478 0.479836 0.0707509 0.0452053
0 0.397546 0.894877 0.0668508 0.0486192
0 0.592902 0.433761 0.0696369 0.0468977
0 0.291638 0.297668 0.0700184 0.0390995
0 0.493012 0.708862 0.0658907 0.0405374
0 0.296628 0.851023 0.0721228 0.0402183
0 0.393064 0.392798 0.0686756 0.0414213
0 0.886665 0.297452 0.0720904 0.0397136
0 0.595394 0.346928 0.0732745 0.0504427
0 0.287302 0.626817 0.0689597 0.0483105
0 0.599106 0.799891 0.0672974 0.0444107
0 0.783612 0.297704 0.0682154 0.0363807
0 0.386494 0.626238 0.0621823 0.038888
0 0.488982 0.531185 0.0638457 0.0394191
0 0.786525 0.666033 0.0573078 0.0443269
0 0.495592 0.890576 0.0681828 0.0458755
0 0.296741 0.946474 0.0693216 0.0422026
0 0.885244 0.386854 0.0694865 0.0454127
0 0.596423 0.529569 0.072318 0.0432848
0 0.106844 0.858263 0.0671837 0.0460933
0 0.490194 0.389018 0.0660521 0.0432518
0 0.787656 0.384177 0.0657165 0.0376321
0 0.28729 0.343137 0.0648579 0.0450743
0 0.891015 0.709509 0.0717876 0.043672
0 0.495845 0.935693 0.0698399 0.0406555
0 0.194846 0.24417 0.0666466 0.0512677
0 0.785404 0.253456 0.0680276 0.047233
0 0.890216 0.618605 0.0722016 0.0475407
0 0.692039 0.803824 0.0671253 0.0399065
0 0.286318 0.441791 0.0728828 0.0432152
0 0.785527 0.528749 0.0661387 0.0399168
0 0.690333 0.666817 0.0632551 0.0375603
0 0.494449 0.752288 0.0682358 0.0428572
0 0.390866 0.347513 0.0685268 0.0436953
0 0.0974894 0.238008 0.0646878 0.0447478
0 0.395306 0.803377 0.068599 0.0400257
0 0.390848 0.4854 0.0655716 0.0447176
0 0.287987 0.393452 0.0733825 0.0456123
0 0.487965 0.621667 0.0646607 0.0332806
0 0.598494 0.665763 0.0665101 0.0369025
0 0.599536 0.577025 0.0726455 0.0407137
0 0.489515 0.66427 0.0686995 0.0379332
0 0.594762 0.755367 0.0675515 0.0429436
0 0.10268 0.811024 0.0665824 0.0392904
0 0.789391 0.802913 0.0610868 0.0421674
0 0.39483 0.846444 0.0719985 0.0421005
0 0.194163 0.769991 0.0642701 0.0372786
0 0.602383 0.885276 0.0730528 0.0388565
0 0.885166 0.253722 0.0712804 0.0382766
0 0.289273 0.577 0.0696744 0.0381884
0 0.786952 0.427939 0.0654567 0.0371921
0 0.194538 0.726826 0.0687795 0.0453909
0 0.0996935 0.769275 0.0626029 0.0387792
0 0.287977 0.249966 0.0629698 0.0527378
0 0.394092 0.246249 0.0694115 0.0490057
0 0.390785 0.67124 0.0699763 0.0449343
0 0.282222 0.486434 0.0816177 0.0407816
0 0.0997434 0.336812 0.0749375 0.0396991
0 0.489967 0.250406 0.0632556 0.0418229
0 0.891343 0.528985 0.0651644 0.0405252
0 0.492578 0.343805 0.0683066 0.0413773
0 0.785327 0.479028 0.0646915 0.05416
0 0.597178 0.622785 0.0698116 0.0458025
0 0.686076 0.338086 0.0705921 0.0381918
0 0.690459 0.5251 0.0623508 0.0407984
0 0.685862 0.433262 0.0653944 0.0405311
0 0.688963 0.476275 0.0686248 0.0419867
0 0.888106 0.66519 0.0695185 0.0384711
0 0.684105 0.294761 0.0566468 0.0343375
0 0.785641 0.617112 0.064169 0.0399202
0 0.790264 0.711063 0.0637456 0.0391043
0 0.389728 0.530883 0.0683879 0.0399252
0 0.389592 0.713262 0.0575415 0.0359327
0 0.39107 0.578463 0.0673636 0.0480135
0 0.693017 0.936342 0.053677 0.034354
0 0.594566 0.390469 0.0652178 0.0342255
0 0.128702 0.902805 0.0447083 0.0415392
0 0.886139 0.80061 0.0593325 0.0407915
0 0.0870633 0.905694 0.0456463 0.0377449
0 0.0896036 0.947591 0.0432215 0.0372208
0 0.785371 0.340312 0.0656304 0.0434576
0 0.13337 0.948756 0.0482375 0.0350975
