0 0.468194 0.875307 0.0751674 0.0432904
0 0.766727 0.37391 0.0687093 0.0473871
0 0.769971 0.468593 0.0723057 0.0418188
0 0.385993 0.874139 0.0761988 0.0430351
0 0.305004 0.745797 0.0655771 0.0419774
0 0.770386 0.782601 0.0773671 0.0417382
0 0.772576 0.608909 0.0676631 0.047016
0 0.228978 0.751763 0.0709828 0.0450643
0 0.61558 0.422828 0.0698886 0.0503832
0 0.304161 0.8739 0.0678726 0.048608
0 0.22348 0.325832 0.072814 0.0457663
0 0.45151 0.324092 0.0755567 0.0454412
0 0.232078 0.874043 0.0693931 0.0430359
0 0.619676 0.785255 0.0698333 0.0422845
0 0.535579 0.656889 0.0716673 0.0428384
0 0.690245 0.280812 0.0718116 0.0436814
0 0.295998 0.419555 0.0628265 0.0494082
0 0.617296 0.827758 0.0651529 0.0380325
0 0.766263 0.228127 0.0697656 0.0466899
0 0.378586 0.699294 0.0702826 0.0410383
0 0.690936 0.696787 0.0706415 0.0398693
0 0.454681 0.419377 0.0715357 0.0471559
0 0.149006 0.278603 0.068929 0.041336
0 0.151838 0.794407 0.0764024 0.045427
0 0.767476 0.277708 0.0683956 0.0499657
0 0.612675 0.471614 0.0708608 0.0446163
0 0.150009 0.660704 0.0694953 0.0443544
0 0.54357 0.783929 0.0805326 0.048988
0 0.611817 0.231629 0.070796 0.0468219
0 0.223405 0.372014 0.0692537 0.0427392
0 0.295295 0.470049 0.0745855 0.0535606
0 0.548208 0.872439 0.0700219 0.0457725
0 0.376764 0.610062 0.0696642 0.0471804
0 0.0779545 0.611586 0.0682969 0.0452953
0 0.221896 0.276621 0.0705807 0.0506085
0 0.534028 0.325409 0.0732294 0.0462895
0 0.149557 0.749103 0.0704799 0.0448516
0 0.0822789 0.566171 0.0680212 0.0412973
0 0.14926 0.612425 0.0728977 0.0461647
0 0.222832 0.473295 0.0669065 0.048792
0 0.14751 0.706526 0.0675845 0.0413231
0 0.145975 0.326362 0.0698492 0.0415185
0 0.611096 0.279662 0.0692859 0.0483384
0 0.147445 0.370758 0.0695377 0.0482004
0 0.075063 0.231475 0.0777788 0.0517975
0 0.462887 0.789062 0.0640908 0.0467482
0 0.613488 0.374959 0.0683805 0.0432434
0 0.293243 0.277481 0.0640473 0.0489264
0 0.541804 0.741892 0.0735867 0.0374775
0 0.22415 0.419978 0.0719673 0.0492736
0 0.454811 0.370924 0.0698752 0.0477207
0 0.769483 0.560661 0.0780005 0.0437497
0 0.154976 0.83805 0.0752655 0.037829
0 0.370272 0.276938 0.0805014 0.0492433
0 0.079577 0.701316 0.0702894 0.0431464
0 0.615162 0.611424 0.0709912 0.0498285
0 0.614624 0.657292 0.076211 0.0427795
0 0.303669 0.702056 0.0688091 0.0476708
0 0.227036 0.705591 0.0738248 0.0454461
0 0.38245 0.744707 0.0675356 0.047273
0 0.227348 0.658561 0.0722353 0.0459322
0 0.457245 0.611779 0.0732991 0.0460577
0 0.147658 0.419671 0.0745127 0.0442942
0 0.454851 0.229792 0.0718181 0.048346
0 0.766253 0.422242 0.0738067 0.0460212
0 0.617945 0.869816 0.0706968 0.0462187
0 0.224895 0.612781 0.0748308 0.0444393
0 0.371208 0.327316 0.077031 0.0494948
0 0.535223 0.472624 0.0786407 0.0461083
0 0.689818 0.465341 0.0776519 0.0543015
0 0.293408 0.327232 0.0648244 0.0406077
0 0.771576 0.738739 0.0778667 0.043099
0 0.54084 0.422543 0.072904 0.0539935
0 0.463185 0.833015 0.070075 0.0433471
0 0.772604 0.824561 0.0799549 0.0436386
0 0.293821 0.370198 0.062579 0.0423454
0 0.378221 0.656479 0.0728422 0.0441235
0 0.535918 0.611572 0.0757927 0.0455685
0 0.77089 0.326374 0.0667855 0.0424539
0 0.694383 0.655 0.0744071 0.0422179
0 0.61485 0.326535 0.0718479 0.0437943
0 0.384508 0.789554 0.0756702 0.0425129
0 0.307359 0.787577 0.0589049 0.0400002
0 0.690817 0.611098 0.0777515 0.0433504
0 0.689295 0.418349 0.0697039 0.0365619
0 0.621571 0.741059 0.0738823 0.0449734
0 0.543448 0.829124 0.0724252 0.0416832
0 0.687934 0.376883 0.0751427 0.0457272
0 0.230803 0.792919 0.0739345 0.0382219
0 0.537187 0.373418 0.0733293 0.0439254
0 0.373966 0.471583 0.0813735 0.0463629
0 0.23116 0.832954 0.0635322 0.0388737
0 0.0797305 0.27989 0.0620654 0.0434441
0 0.45964 0.657746 0.0713403 0.0442604
0 0.371657 0.424094 0.0781359 0.0455687
0 0.539158 0.700647 0.0633715 0.0439773
0 0.077282 0.656998 0.0656577 0.0434642
0 0.536622 0.229332 0.0753034 0.0474203
0 0.0805596 0.874542 0.0705693 0.0471008
0 0.0787523 0.371769 0.0592962 0.0490522
0 0.079346 0.325597 0.0600264 0.0404078
0 0.455198 0.468167 0.0727915 0.0480386
0 0.225843 0.56715 0.0693535 0.043401
0 0.691434 0.866603 0.0712788 0.0488686
0 0.691773 0.741992 0.0675012 0.0443756
0 0.0807901 0.746136 0.0701118 0.0435093
0 0.773256 0.696097 0.0757973 0.0389439
0 0.150097 0.23002 0.0717653 0.0495307
0 0.461392 0.743447 0.0779632 0.0457903
0 0.304818 0.829447 0.0621671 0.039378
0 0.300063 0.568354 0.068261 0.0438188
0 0.450332 0.277773 0.0716135 0.0433468
0 0.144828 0.470224 0.0733847 0.0467432
0 0.375586 0.564893 0.0604287 0.0368908
0 0.689147 0.327951 0.0728756 0.0475343
0 0.538002 0.567513 0.0780916 0.0404693
0 0.459195 0.700046 0.0724577 0.0374235
0 0.617649 0.697585 0.0739671 0.0364325
0 0.612183 0.565987 0.064896 0.0382741
0 0.370589 0.230845 0.0787536 0.0434295
0 0.769124 0.656158 0.0623462 0.0432586
0 0.153952 0.881141 0.0783081 0.0417512
0 0.293178 0.229183 0.069645 0.0439797
0 0.385018 0.830435 0.0755042 0.0373858
0 0.152948 0.565898 0.0720541 0.0422895
0 0.532963 0.279156 0.0770464 0.0467563
0 0.454683 0.568032 0.0763956 0.0432815
0 0.368772 0.37495 0.0783464 0.0467079
0 0.299563 0.611415 0.0580928 0.0341631
0 0.685814 0.782901 0.0581767 0.0353399
0 0.0776812 0.419262 0.0619739 0.0428161
0 0.301158 0.654282 0.0643024 0.0473306
0 0.689113 0.567205 0.0761037 0.042588
0 0.692095 0.230079 0.0775376 0.049339
0 0.687491 0.82092 0.0706331 0.0419088
0 0.0775735 0.467909 0.0643312 0.0545302
0 0.777706 0.866194 0.0757045 0.0408959
0 0.222045 0.227283 0.0646051 0.0437429
0 0.0798257 0.789896 0.0673808 0.0432453
0 0.0751377 0.831438 0.0631918 0.0371548
0 0.36257 0.471676 0.0568305 0.0438749
