0 0.295000 0.337993 0.034444 0.041118
0 0.553889 0.718750 0.034444 0.042763
0 0.618333 0.425987 0.018889 0.032895
0 0.771111 0.424342 0.024444 0.036184
0 0.463889 0.715461 0.025556 0.036184
0 0.463333 0.928454 0.022222 0.034539
0 0.100000 0.879112 0.022222 0.034539
0 0.438333 0.840461 0.023333 0.036184
0 0.098889 0.923520 0.024444 0.034539
0 0.774444 0.547697 0.024444 0.036184
0 0.075556 0.924342 0.024444 0.036184
0 0.437778 0.881579 0.024444 0.036184
0 0.462222 0.840461 0.024444 0.039474
0 0.504444 0.157895 0.044444 0.032895
0 0.464444 0.798520 0.024444 0.034539
0 0.296111 0.296875 0.032222 0.041118
0 0.503889 0.220395 0.045556 0.026316
0 0.463333 0.754934 0.022222 0.036184
0 0.463333 0.883224 0.022222 0.036184
0 0.774444 0.468750 0.024444 0.036184
0 0.203889 0.464638 0.023333 0.041118
0 0.512222 0.759868 0.024444 0.029605
0 0.618333 0.551809 0.025556 0.034539
0 0.863333 0.254934 0.035556 0.046053
0 0.553889 0.339638 0.034444 0.041118
0 0.503333 0.504112 0.037778 0.044408
0 0.191111 0.629934 0.035556 0.049342
0 0.552778 0.295230 0.034444 0.047697
0 0.452222 0.294408 0.035556 0.046053
0 0.241111 0.714638 0.035556 0.047697
0 0.657222 0.254934 0.034444 0.046053
0 0.811111 0.296053 0.031111 0.042763
0 0.916667 0.208882 0.035556 0.049342
0 0.707778 0.211349 0.035556 0.054276
0 0.553889 0.382401 0.034444 0.047697
0 0.138889 0.628289 0.033333 0.046053
0 0.502778 0.459704 0.038889 0.044408
0 0.243333 0.297697 0.035556 0.046053
0 0.451667 0.339638 0.034444 0.044408
0 0.811667 0.340461 0.034444 0.042763
0 0.296111 0.253289 0.034444 0.049342
0 0.451667 0.382401 0.034444 0.041118
0 0.190000 0.716283 0.035556 0.044408
0 0.503889 0.252467 0.043333 0.037829
0 0.605556 0.296875 0.033333 0.047697
0 0.140000 0.383224 0.033333 0.042763
0 0.191667 0.341283 0.034444 0.037829
0 0.399444 0.628289 0.034444 0.049342
0 0.190556 0.673520 0.034444 0.037829
0 0.760556 0.382401 0.038889 0.041118
0 0.242778 0.340461 0.036667 0.042763
0 0.706667 0.258224 0.033333 0.036184
0 0.087222 0.384868 0.036667 0.049342
0 0.398333 0.674342 0.032222 0.039474
0 0.087778 0.629112 0.035556 0.044408
0 0.707222 0.298520 0.034444 0.047697
0 0.137778 0.673520 0.035556 0.044408
0 0.916667 0.256579 0.033333 0.039474
0 0.606111 0.383224 0.034444 0.042763
0 0.190556 0.381579 0.036667 0.042763
0 0.593889 0.425164 0.021111 0.034539
0 0.760000 0.342105 0.035556 0.039474
0 0.348333 0.208882 0.034444 0.052632
0 0.138333 0.716283 0.034444 0.044408
0 0.242778 0.630757 0.034444 0.047697
0 0.347222 0.299342 0.034444 0.046053
0 0.811667 0.381579 0.036667 0.039474
0 0.916111 0.298520 0.036667 0.044408
0 0.087222 0.674342 0.036667 0.046053
0 0.140000 0.297697 0.033333 0.046053
0 0.086667 0.716283 0.037778 0.041118
0 0.605556 0.672697 0.035556 0.046053
0 0.759444 0.297697 0.032222 0.049342
0 0.505556 0.320724 0.040000 0.039474
0 0.191667 0.296875 0.034444 0.050987
0 0.606667 0.629934 0.033333 0.042763
0 0.398889 0.717105 0.033333 0.046053
0 0.088333 0.340461 0.034444 0.042763
0 0.413333 0.295230 0.022222 0.041118
0 0.440000 0.464638 0.022222 0.037829
0 0.347778 0.257401 0.031111 0.041118
0 0.553889 0.629112 0.034444 0.044408
0 0.503333 0.546875 0.028889 0.041118
0 0.593889 0.462993 0.021111 0.034539
0 0.242222 0.383224 0.035556 0.042763
0 0.463333 0.425987 0.020000 0.036184
0 0.605556 0.341283 0.033333 0.041118
0 0.138889 0.340461 0.033333 0.042763
0 0.863333 0.339638 0.031111 0.037829
0 0.657222 0.341283 0.032222 0.041118
0 0.618333 0.466283 0.021111 0.037829
0 0.439444 0.425164 0.021111 0.034539
0 0.464444 0.507401 0.022222 0.037829
0 0.812222 0.719572 0.035556 0.044408
0 0.553333 0.675987 0.035556 0.046053
0 0.463889 0.588816 0.023333 0.039474
0 0.075000 0.837993 0.025556 0.037829
0 0.605556 0.717928 0.035556 0.044408
0 0.504444 0.388158 0.042222 0.032895
0 0.657222 0.300164 0.032222 0.041118
0 0.813333 0.630757 0.031111 0.044408
0 0.099444 0.756579 0.021111 0.036184
0 0.180000 0.508224 0.024444 0.036184
0 0.437778 0.671053 0.024444 0.036184
0 0.438889 0.586349 0.022222 0.037829
0 0.440556 0.506579 0.021111 0.032895
0 0.100000 0.799342 0.024444 0.036184
0 0.180000 0.425164 0.024444 0.037829
0 0.463333 0.465461 0.022222 0.036184
0 0.438333 0.712993 0.023333 0.037829
0 0.503889 0.288651 0.041111 0.031250
0 0.150556 0.800164 0.025556 0.037829
0 0.204444 0.424342 0.022222 0.032895
0 0.438889 0.629934 0.024444 0.036184
0 0.463333 0.629112 0.022222 0.037829
0 0.437778 0.797697 0.024444 0.036184
0 0.088333 0.297697 0.032222 0.042763
0 0.178889 0.465461 0.024444 0.039474
0 0.073333 0.798520 0.022222 0.037829
0 0.074444 0.879112 0.024444 0.037829
0 0.439444 0.754934 0.023333 0.039474
0 0.503333 0.188322 0.042222 0.037829
0 0.074444 0.755757 0.022222 0.034539
0 0.438889 0.545230 0.022222 0.041118
0 0.179444 0.549342 0.023333 0.036184
0 0.503889 0.355263 0.041111 0.032895
0 0.388333 0.295230 0.023333 0.037829
0 0.864444 0.299342 0.031111 0.042763
0 0.463333 0.671875 0.024444 0.037829
0 0.464444 0.549342 0.022222 0.036184
0 0.812778 0.674342 0.034444 0.046053
0 0.151111 0.758224 0.022222 0.032895
0 0.438333 0.925987 0.023333 0.036184
