0 0.191667 0.494262 0.038889 0.050820
0 0.398889 0.453279 0.035556 0.047541
0 0.553889 0.309016 0.034444 0.044262
0 0.863333 0.545902 0.037778 0.049180
0 0.555000 0.423770 0.032222 0.047541
0 0.400000 0.670492 0.035556 0.049180
0 0.452222 0.614754 0.035556 0.049180
0 0.815556 0.914754 0.033333 0.039344
0 0.610000 0.830328 0.035556 0.044262
0 0.451667 0.831148 0.034444 0.042623
0 0.659444 0.645082 0.032222 0.044262
0 0.192778 0.681967 0.034444 0.049180
0 0.657778 0.414754 0.033333 0.045902
0 0.296667 0.449180 0.033333 0.052459
0 0.451667 0.365574 0.032222 0.045902
0 0.760000 0.349180 0.031111 0.042623
0 0.608333 0.748361 0.036667 0.047541
0 0.660556 0.749180 0.036667 0.049180
0 0.607222 0.413934 0.032222 0.047541
0 0.606111 0.308197 0.032222 0.042623
0 0.812222 0.421311 0.033333 0.045902
0 0.865556 0.829508 0.033333 0.042623
0 0.657222 0.307377 0.032222 0.044262
0 0.244444 0.347541 0.033333 0.042623
0 0.450556 0.872951 0.034444 0.040984
0 0.349444 0.750820 0.036667 0.052459
0 0.348889 0.875410 0.033333 0.039344
0 0.297222 0.750820 0.036667 0.049180
0 0.348889 0.917213 0.033333 0.044262
0 0.556667 0.682787 0.035556 0.050820
0 0.505000 0.332787 0.041111 0.042623
0 0.813889 0.830328 0.032222 0.044262
0 0.296667 0.379508 0.035556 0.050820
0 0.864444 0.677869 0.033333 0.047541
0 0.452222 0.481148 0.033333 0.047541
0 0.555556 0.551639 0.035556 0.050820
0 0.556111 0.613934 0.038889 0.054098
0 0.400000 0.750000 0.035556 0.047541
0 0.195000 0.919672 0.038889 0.045902
0 0.400556 0.917213 0.038889 0.047541
0 0.712778 0.831148 0.036667 0.045902
0 0.401111 0.594262 0.031111 0.050820
0 0.452778 0.750820 0.036667 0.049180
0 0.451667 0.681967 0.036667 0.049180
0 0.607778 0.532787 0.031111 0.049180
0 0.760000 0.304918 0.033333 0.045902
0 0.452222 0.423770 0.031111 0.047541
0 0.813333 0.612295 0.033333 0.050820
0 0.813333 0.674590 0.033333 0.047541
0 0.401111 0.525410 0.033333 0.047541
0 0.812222 0.483607 0.033333 0.045902
0 0.555556 0.483607 0.033333 0.049180
0 0.505000 0.372131 0.041111 0.039344
0 0.462778 0.793443 0.023333 0.032787
0 0.516111 0.754098 0.021111 0.029508
0 0.557778 0.751639 0.035556 0.050820
0 0.711667 0.748361 0.034444 0.047541
0 0.192778 0.363934 0.036667 0.049180
0 0.401111 0.831967 0.037778 0.044262
0 0.348333 0.449180 0.034444 0.049180
0 0.811111 0.364754 0.035556 0.047541
0 0.707778 0.307377 0.033333 0.047541
0 0.862222 0.477869 0.037778 0.047541
0 0.861667 0.419672 0.034444 0.045902
0 0.567778 0.791803 0.022222 0.029508
0 0.201667 0.791803 0.027778 0.036066
0 0.504444 0.299180 0.040000 0.031148
0 0.504444 0.395082 0.042222 0.039344
0 0.877222 0.790164 0.021111 0.032787
0 0.672222 0.792623 0.020000 0.027869
0 0.620000 0.790984 0.020000 0.031148
0 0.349444 0.306557 0.032222 0.049180
0 0.192778 0.620492 0.036667 0.050820
0 0.192222 0.425410 0.035556 0.050820
0 0.401111 0.308197 0.035556 0.045902
0 0.912222 0.348361 0.035556 0.040984
0 0.347778 0.605738 0.035556 0.047541
0 0.710000 0.612295 0.035556 0.047541
0 0.711111 0.679508 0.035556 0.050820
0 0.813333 0.548361 0.033333 0.050820
0 0.451111 0.309836 0.033333 0.045902
0 0.192778 0.306557 0.034444 0.049180
0 0.452778 0.549180 0.036667 0.052459
0 0.861667 0.360656 0.036667 0.045902
0 0.810556 0.306557 0.034444 0.045902
0 0.861111 0.307377 0.033333 0.047541
0 0.296111 0.525410 0.034444 0.047541
0 0.297778 0.671311 0.037778 0.050820
0 0.911667 0.303279 0.032222 0.042623
0 0.245556 0.306557 0.033333 0.042623
0 0.399444 0.382787 0.034444 0.050820
0 0.607222 0.645902 0.034444 0.049180
0 0.296111 0.307377 0.034444 0.047541
0 0.708333 0.364754 0.032222 0.044262
0 0.815556 0.746721 0.037778 0.047541
0 0.349444 0.831148 0.034444 0.045902
0 0.503333 0.465574 0.037778 0.049180
0 0.864444 0.610656 0.035556 0.047541
0 0.192222 0.564754 0.035556 0.050820
0 0.309444 0.794262 0.021111 0.031148
0 0.825556 0.789344 0.022222 0.031148
0 0.360000 0.793443 0.022222 0.029508
0 0.412222 0.792623 0.020000 0.031148
0 0.557222 0.914754 0.034444 0.049180
0 0.723333 0.790164 0.020000 0.029508
0 0.503889 0.169672 0.043333 0.034426
0 0.502778 0.247541 0.043333 0.049180
0 0.194444 0.833607 0.037778 0.047541
0 0.712778 0.912295 0.036667 0.047541
0 0.610000 0.913934 0.035556 0.047541
0 0.558333 0.832787 0.036667 0.052459
0 0.193333 0.747541 0.035556 0.049180
0 0.609444 0.872131 0.034444 0.039344
0 0.866111 0.871311 0.034444 0.040984
0 0.193333 0.877049 0.033333 0.042623
0 0.661667 0.829508 0.036667 0.042623
0 0.708333 0.543443 0.030000 0.044262
0 0.658889 0.527869 0.031111 0.045902
0 0.452222 0.914754 0.035556 0.042623
0 0.867222 0.913934 0.036667 0.044262
0 0.400556 0.873770 0.034444 0.039344
0 0.815556 0.873770 0.033333 0.042623
0 0.661111 0.910656 0.035556 0.047541
0 0.297778 0.599180 0.033333 0.047541
0 0.503333 0.203279 0.042222 0.039344
0 0.298333 0.832787 0.034444 0.042623
0 0.555000 0.367213 0.030000 0.045902
0 0.297222 0.914754 0.038889 0.045902
0 0.865000 0.747541 0.036667 0.045902
0 0.708333 0.477869 0.032222 0.047541
0 0.708333 0.418852 0.036667 0.047541
