0 0.172000 0.893077 0.037333 0.035385
0 0.590000 0.671538 0.036000 0.038462
0 0.397333 0.856154 0.037333 0.035385
0 0.755333 0.887692 0.036000 0.033846
0 0.284667 0.856154 0.038667 0.038462
0 0.700667 0.886154 0.036000 0.033846
0 0.535333 0.889231 0.036000 0.030769
0 0.396667 0.747692 0.036000 0.033846
0 0.284000 0.710769 0.037333 0.033846
0 0.866667 0.709231 0.040000 0.040000
0 0.339333 0.308462 0.033333 0.038462
0 0.754667 0.670000 0.034667 0.032308
0 0.112000 0.495385 0.032000 0.030769
0 0.534000 0.780769 0.036000 0.038462
0 0.754667 0.814615 0.037333 0.032308
0 0.450667 0.710000 0.034667 0.029231
0 0.339333 0.639231 0.033333 0.032308
0 0.699333 0.816154 0.036000 0.029231
0 0.866667 0.570769 0.040000 0.040000
0 0.285333 0.784615 0.037333 0.033846
0 0.700000 0.706154 0.037333 0.030769
0 0.810667 0.673077 0.037333 0.035385
0 0.170667 0.639231 0.037333 0.035385
0 0.285333 0.818462 0.037333 0.033846
0 0.491333 0.222308 0.028000 0.029231
0 0.534000 0.383077 0.038667 0.040000
0 0.535333 0.817692 0.033333 0.032308
0 0.534667 0.673846 0.034667 0.033846
0 0.112000 0.458462 0.037333 0.040000
0 0.589333 0.888462 0.040000 0.038462
0 0.170667 0.605385 0.037333 0.032308
0 0.700667 0.850000 0.036000 0.035385
0 0.451333 0.783077 0.036000 0.033846
0 0.451333 0.744615 0.036000 0.036923
0 0.283333 0.383846 0.036000 0.032308
0 0.753333 0.270000 0.037333 0.041538
0 0.534667 0.566154 0.037333 0.043077
0 0.284000 0.676154 0.037333 0.035385
0 0.700000 0.781538 0.037333 0.036923
0 0.809333 0.383846 0.037333 0.035385
0 0.865333 0.492308 0.040000 0.036923
0 0.283333 0.458462 0.036000 0.033846
0 0.536000 0.603077 0.034667 0.030769
0 0.865333 0.455385 0.040000 0.036923
0 0.810000 0.636923 0.038667 0.036923
0 0.284000 0.567692 0.037333 0.040000
0 0.112667 0.568462 0.038667 0.035385
0 0.644667 0.781538 0.036000 0.036923
0 0.590000 0.782308 0.038667 0.035385
0 0.396667 0.567692 0.036000 0.033846
0 0.534000 0.744615 0.036000 0.033846
0 0.341333 0.820769 0.037333 0.038462
0 0.397333 0.781538 0.034667 0.033846
0 0.754000 0.850769 0.036000 0.036923
0 0.866667 0.608462 0.042667 0.035385
0 0.589333 0.819231 0.037333 0.035385
0 0.810667 0.709231 0.040000 0.036923
0 0.340667 0.713077 0.036000 0.032308
0 0.809333 0.418462 0.037333 0.036923
0 0.754667 0.707692 0.037333 0.040000
0 0.397333 0.893846 0.037333 0.036923
0 0.283333 0.496154 0.033333 0.032308
0 0.340667 0.384615 0.036000 0.033846
0 0.112000 0.347692 0.037333 0.033846
0 0.448667 0.347692 0.033333 0.030769
0 0.534667 0.638462 0.034667 0.036923
0 0.699333 0.638462 0.033333 0.033846
0 0.864667 0.419231 0.038667 0.035385
0 0.395333 0.385385 0.036000 0.035385
0 0.808667 0.311538 0.038667 0.035385
0 0.700000 0.743077 0.037333 0.036923
0 0.170000 0.496154 0.036000 0.032308
0 0.283333 0.530769 0.036000 0.033846
0 0.644667 0.818462 0.036000 0.036923
0 0.284000 0.639231 0.037333 0.038462
0 0.864667 0.307692 0.038667 0.040000
0 0.170000 0.310769 0.036000 0.036923
0 0.699333 0.343846 0.033333 0.035385
0 0.754000 0.382308 0.036000 0.035385
0 0.340000 0.676154 0.034667 0.038462
0 0.450000 0.637692 0.036000 0.035385
0 0.589333 0.744615 0.037333 0.040000
0 0.169333 0.570000 0.040000 0.041538
0 0.340667 0.783846 0.038667 0.035385
0 0.534667 0.494615 0.032000 0.032308
0 0.809333 0.455385 0.037333 0.033846
0 0.170667 0.347692 0.037333 0.033846
0 0.753333 0.348462 0.037333 0.032308
0 0.396667 0.675385 0.036000 0.036923
0 0.449333 0.563846 0.034667 0.032308
0 0.589333 0.636923 0.034667 0.030769
0 0.865333 0.530769 0.040000 0.036923
0 0.284000 0.603846 0.037333 0.032308
0 0.114000 0.606154 0.038667 0.040000
0 0.753333 0.311538 0.037333 0.038462
0 0.450000 0.674615 0.036000 0.038462
0 0.699333 0.383077 0.036000 0.040000
0 0.339333 0.460000 0.036000 0.033846
0 0.589333 0.707692 0.037333 0.033846
0 0.170000 0.531538 0.038667 0.035385
0 0.448667 0.420769 0.036000 0.035385
0 0.451333 0.820000 0.036000 0.036923
0 0.112667 0.417692 0.038667 0.038462
0 0.534667 0.528462 0.034667 0.032308
0 0.754667 0.636923 0.037333 0.033846
0 0.754667 0.776923 0.037333 0.040000
0 0.112000 0.530000 0.040000 0.035385
0 0.340667 0.347692 0.033333 0.036923
0 0.645333 0.745385 0.037333 0.035385
0 0.755333 0.454615 0.036000 0.032308
0 0.227333 0.272308 0.038667 0.040000
0 0.398667 0.820000 0.037333 0.036923
0 0.644667 0.710000 0.036000 0.032308
0 0.450000 0.494615 0.036000 0.032308
0 0.396000 0.458462 0.037333 0.033846
0 0.448667 0.310000 0.033333 0.038462
0 0.396667 0.601538 0.036000 0.033846
0 0.809333 0.270769 0.040000 0.043077
0 0.810000 0.600769 0.038667 0.035385
0 0.340000 0.603846 0.034667 0.038462
0 0.699333 0.456923 0.036000 0.033846
0 0.396000 0.348462 0.034667 0.038462
0 0.395333 0.494615 0.033333 0.035385
0 0.535333 0.710000 0.036000 0.035385
0 0.644000 0.456154 0.037333 0.035385
0 0.397333 0.712308 0.037333 0.036923
0 0.644667 0.673077 0.038667 0.038462
0 0.449333 0.527692 0.037333 0.033846
0 0.808000 0.349231 0.037333 0.036923
0 0.755333 0.601538 0.036000 0.036923
0 0.226667 0.461538 0.037333 0.036923
0 0.492000 0.302231 0.026667 0.017077
0 0.491133 0.261923 0.032933 0.032769
0 0.493633 0.286231 0.026067 0.017877
0 0.588667 0.456154 0.038667 0.038462
0 0.396000 0.309231 0.037333 0.040000
0 0.396000 0.531538 0.034667 0.035385
0 0.283333 0.420769 0.036000 0.038462
0 0.644000 0.528462 0.037333 0.035385
0 0.754667 0.528462 0.037333 0.038462
0 0.588000 0.530000 0.037333 0.035385
0 0.810000 0.561538 0.038667 0.043077
0 0.754667 0.419231 0.037333 0.035385
0 0.225333 0.312308 0.037333 0.036923
0 0.534667 0.309231 0.037333 0.040000
0 0.644000 0.383846 0.037333 0.035385
0 0.699333 0.492308 0.036000 0.036923
0 0.644000 0.346154 0.037333 0.036923
0 0.282000 0.307692 0.038667 0.043077
0 0.449333 0.458462 0.040000 0.036923
0 0.643333 0.419231 0.038667 0.035385
0 0.700000 0.565385 0.037333 0.035385
0 0.588667 0.346923 0.033333 0.032308
0 0.534667 0.421538 0.034667 0.033846
0 0.448667 0.383846 0.036000 0.038462
0 0.396000 0.639231 0.037333 0.035385
0 0.588000 0.420769 0.034667 0.035385
0 0.588667 0.493846 0.036000 0.036923
0 0.340000 0.422308 0.034667 0.038462
0 0.226667 0.386923 0.040000 0.038462
0 0.644000 0.491538 0.037333 0.035385
0 0.699333 0.530000 0.036000 0.035385
0 0.644667 0.600769 0.036000 0.035385
0 0.644000 0.565385 0.034667 0.035385
0 0.491333 0.413154 0.028000 0.044462
0 0.490667 0.369154 0.032000 0.043231
0 0.644667 0.637692 0.036000 0.035385
0 0.754667 0.566154 0.037333 0.033846
0 0.754000 0.489231 0.036000 0.036923
0 0.589333 0.309231 0.037333 0.036923
0 0.450000 0.599231 0.036000 0.038462
0 0.110667 0.310000 0.040000 0.038462
0 0.396000 0.423077 0.037333 0.036923
0 0.170667 0.420769 0.037333 0.041538
0 0.282667 0.348462 0.037333 0.035385
0 0.587333 0.382308 0.036000 0.035385
0 0.644000 0.307692 0.034667 0.040000
0 0.700000 0.600769 0.037333 0.035385
0 0.170667 0.273077 0.037333 0.041538
0 0.339333 0.530000 0.036000 0.035385
0 0.589333 0.603077 0.037333 0.033846
0 0.339333 0.495385 0.036000 0.033846
0 0.226000 0.348462 0.036000 0.035385
0 0.226667 0.424615 0.037333 0.036923
0 0.700667 0.422308 0.036000 0.035385
0 0.588667 0.565385 0.038667 0.038462
0 0.864667 0.346923 0.038667 0.035385
0 0.534000 0.456923 0.036000 0.040000
0 0.809333 0.491538 0.037333 0.041538
0 0.644000 0.854615 0.037333 0.035385
0 0.340667 0.892308 0.038667 0.036923
0 0.699333 0.672308 0.036000 0.033846
0 0.450667 0.854615 0.032000 0.029231
0 0.114667 0.820769 0.037333 0.038462
0 0.171333 0.711538 0.036000 0.038462
0 0.340000 0.566154 0.034667 0.033846
0 0.114667 0.859231 0.040000 0.038462
0 0.114000 0.677692 0.036000 0.035385
0 0.114000 0.713077 0.038667 0.035385
0 0.588667 0.853077 0.036000 0.032308
0 0.864667 0.383846 0.036000 0.035385
0 0.492667 0.193846 0.028000 0.024615
0 0.644667 0.889231 0.036000 0.030769
0 0.340667 0.747692 0.036000 0.033846
0 0.114000 0.896154 0.038667 0.035385
0 0.114667 0.782308 0.040000 0.035385
0 0.341333 0.857692 0.037333 0.035385
0 0.170667 0.785385 0.037333 0.038462
0 0.114667 0.643077 0.037333 0.033846
0 0.112667 0.382308 0.036000 0.032308
0 0.284667 0.747692 0.038667 0.036923
0 0.866667 0.670769 0.037333 0.036923
0 0.172667 0.853077 0.038667 0.038462
0 0.810000 0.525385 0.036000 0.020000
0 0.170667 0.673846 0.037333 0.033846
0 0.534667 0.345385 0.037333 0.020000
0 0.171333 0.461538 0.036000 0.036923
0 0.535333 0.853846 0.036000 0.040000
0 0.451333 0.888462 0.033333 0.038462
0 0.171333 0.746923 0.036000 0.032308
0 0.754667 0.743077 0.037333 0.021538
0 0.874667 0.640000 0.037333 0.030769
0 0.115333 0.747692 0.036000 0.030769
0 0.170000 0.382308 0.033333 0.032308
0 0.698667 0.309231 0.037333 0.024615
0 0.171333 0.820000 0.038667 0.021538
