0 0.851008 0.502373 0.032500 0.030063
0 0.465383 0.882120 0.038750 0.030063
0 0.576570 0.453481 0.033875 0.032911
0 0.464758 0.692089 0.035000 0.032911
0 0.464758 0.850475 0.035000 0.033228
0 0.588508 0.623259 0.027500 0.018671
0 0.586633 0.857199 0.021250 0.021361
0 0.575383 0.507516 0.033750 0.024525
0 0.906633 0.439082 0.033750 0.030063
0 0.961633 0.565665 0.033750 0.033228
0 0.794758 0.566456 0.035000 0.028481
0 0.794758 0.660601 0.032500 0.030063
0 0.850383 0.470728 0.033750 0.030063
0 0.684133 0.818038 0.033750 0.028481
0 0.410383 0.530854 0.036250 0.033228
0 0.466008 0.530854 0.032500 0.033228
0 0.301008 0.626582 0.032500 0.028481
0 0.299758 0.657437 0.035000 0.033228
0 0.739133 0.756329 0.033750 0.031646
0 0.685383 0.405854 0.033750 0.030063
0 0.410383 0.785601 0.033750 0.030063
0 0.411633 0.817247 0.033750 0.033228
0 0.905383 0.502373 0.031250 0.030063
0 0.796633 0.374209 0.033750 0.033228
0 0.794133 0.629747 0.036250 0.034810
0 0.959758 0.757120 0.035000 0.033228
0 0.905383 0.568038 0.033750 0.028481
0 0.244758 0.848892 0.035000 0.033228
0 0.739133 0.787184 0.033750 0.033228
0 0.905383 0.595728 0.033750 0.033228
0 0.959133 0.821994 0.033750 0.033228
0 0.796633 0.341772 0.036250 0.031646
0 0.356008 0.465190 0.035000 0.031646
0 0.301008 0.433544 0.035000 0.031646
0 0.850383 0.373418 0.033750 0.034810
0 0.959758 0.788766 0.035000 0.033228
0 0.795383 0.467563 0.036250 0.036392
0 0.299133 0.785601 0.033750 0.033228
0 0.738508 0.819620 0.032500 0.028481
0 0.411008 0.883703 0.032500 0.026899
0 0.851008 0.407437 0.030000 0.033228
0 0.299758 0.817247 0.037500 0.033228
0 0.740383 0.660601 0.031250 0.026899
0 0.245383 0.880538 0.033750 0.030063
0 0.244758 0.786392 0.035000 0.031646
0 0.189133 0.400316 0.031250 0.034810
0 0.961008 0.469937 0.035000 0.028481
0 0.961633 0.409019 0.033750 0.036392
0 0.576008 0.340190 0.037500 0.037975
0 0.411008 0.692247 0.032500 0.033228
0 0.245383 0.434335 0.033750 0.033228
0 0.796008 0.418513 0.035000 0.052215
0 0.465383 0.499209 0.031250 0.030063
0 0.465383 0.628165 0.033750 0.028481
0 0.960383 0.725475 0.033750 0.033228
0 0.467258 0.369462 0.032500 0.036392
0 0.906633 0.407437 0.033750 0.033228
0 0.849133 0.789557 0.036250 0.031646
0 0.411008 0.625000 0.032500 0.028481
0 0.244133 0.754984 0.036250 0.031171
0 0.684758 0.597152 0.032500 0.030380
0 0.300383 0.723339 0.033750 0.032120
0 0.300383 0.754035 0.033750 0.029905
0 0.684758 0.565237 0.032500 0.032753
0 0.244133 0.723315 0.036250 0.031535
0 0.740383 0.438291 0.033750 0.031646
0 0.961008 0.500791 0.035000 0.030063
0 0.300383 0.880538 0.033750 0.033228
0 0.299758 0.849684 0.035000 0.031646
0 0.588777 0.679201 0.022838 0.017579
0 0.589121 0.641487 0.021150 0.017722
0 0.588558 0.601574 0.020150 0.022674
0 0.577989 0.407579 0.033212 0.017943
0 0.577614 0.389620 0.034713 0.020791
0 0.465383 0.722864 0.033750 0.029905
0 0.577883 0.368354 0.038750 0.021519
0 0.587883 0.881725 0.023750 0.024525
0 0.587883 0.580142 0.023750 0.021044
0 0.589133 0.660047 0.023750 0.019462
0 0.961008 0.441377 0.035000 0.028639
0 0.578195 0.426345 0.035625 0.023892
0 0.576008 0.530142 0.035000 0.021361
0 0.576633 0.550791 0.033750 0.018671
0 0.410383 0.595728 0.033750 0.033228
0 0.684758 0.788766 0.035000 0.030063
0 0.587258 0.701741 0.025000 0.030063
0 0.629758 0.818829 0.032500 0.033228
0 0.576008 0.795095 0.032500 0.030063
0 0.522258 0.503956 0.032500 0.030063
0 0.189133 0.434335 0.033750 0.033228
0 0.521633 0.530854 0.028750 0.030063
0 0.738508 0.880538 0.030000 0.033228
0 0.245383 0.405063 0.033750 0.034810
0 0.959758 0.886076 0.035000 0.031646
0 0.850383 0.341772 0.036250 0.031646
0 0.961008 0.696203 0.035000 0.031646
0 0.410383 0.721519 0.033750 0.028481
0 0.738508 0.852057 0.030000 0.026899
0 0.465383 0.404272 0.031250 0.026899
0 0.355383 0.436709 0.036250 0.028481
0 0.959133 0.855222 0.036250 0.033228
0 0.465383 0.658228 0.033750 0.034810
0 0.629133 0.788766 0.033750 0.033228
0 0.244758 0.815665 0.032500 0.033228
0 0.466008 0.467563 0.030000 0.033228
0 0.189133 0.465981 0.033750 0.030063
0 0.245383 0.531646 0.033750 0.028481
0 0.961008 0.629747 0.035000 0.031646
0 0.850383 0.440665 0.033750 0.030063
0 0.794133 0.756329 0.033750 0.031646
0 0.848508 0.885285 0.032500 0.030063
0 0.685383 0.371835 0.033750 0.041139
0 0.521633 0.437500 0.033750 0.033228
0 0.684133 0.757120 0.033750 0.033228
0 0.411008 0.498418 0.035000 0.031646
0 0.961633 0.597310 0.036250 0.033228
0 0.631008 0.468354 0.032500 0.028481
0 0.411008 0.658228 0.032500 0.034810
0 0.521633 0.471519 0.033750 0.031646
0 0.301008 0.690665 0.035000 0.033228
0 0.961633 0.375000 0.033750 0.034810
0 0.518508 0.689873 0.030000 0.031646
0 0.906008 0.470728 0.032500 0.033228
0 0.741008 0.371835 0.035000 0.034810
0 0.189758 0.597310 0.032500 0.033228
0 0.629133 0.850475 0.036250 0.033228
0 0.244133 0.657437 0.036250 0.033228
0 0.245383 0.690665 0.036250 0.033228
0 0.848508 0.820411 0.037500 0.033228
0 0.848508 0.853639 0.035000 0.033228
0 0.464133 0.817247 0.036250 0.033228
0 0.740383 0.628956 0.036250 0.036392
0 0.245383 0.465190 0.033750 0.031646
0 0.904758 0.757911 0.035000 0.034810
0 0.410383 0.754747 0.033750 0.034810
0 0.411008 0.851266 0.032500 0.034810
0 0.520383 0.627373 0.033750 0.033228
0 0.245383 0.625791 0.033750 0.033228
0 0.961008 0.662975 0.035000 0.034810
0 0.465383 0.752373 0.033750 0.033228
0 0.519758 0.659019 0.032500 0.033228
0 0.906008 0.373418 0.035000 0.037975
0 0.466008 0.434335 0.032500 0.033228
0 0.795383 0.595728 0.036250 0.033228
0 0.411633 0.564082 0.033750 0.033228
0 0.355383 0.497627 0.036250 0.033228
0 0.795383 0.502373 0.036250 0.033228
0 0.905383 0.659810 0.033750 0.031646
0 0.739758 0.724684 0.032500 0.034810
0 0.794133 0.725475 0.033750 0.033228
0 0.189133 0.496835 0.033750 0.031646
0 0.685383 0.628956 0.036250 0.036392
0 0.739758 0.564873 0.032500 0.031646
0 0.521008 0.596519 0.032500 0.031646
0 0.244758 0.594146 0.035000 0.030063
0 0.354758 0.369462 0.035000 0.036392
0 0.739758 0.690665 0.032500 0.036392
0 0.960383 0.533228 0.036250 0.031646
0 0.629133 0.628165 0.033750 0.031646
0 0.740383 0.595728 0.033750 0.030063
0 0.411633 0.403481 0.033750 0.028481
0 0.522258 0.404272 0.032500 0.033228
0 0.519758 0.882120 0.032500 0.030063
0 0.741008 0.468354 0.035000 0.031646
0 0.905383 0.535601 0.033750 0.036392
0 0.355383 0.405854 0.036250 0.036392
0 0.686008 0.469937 0.032500 0.031646
0 0.464758 0.785601 0.035000 0.033228
0 0.630383 0.564873 0.033750 0.031646
0 0.631008 0.368671 0.032500 0.034810
0 0.684133 0.884494 0.033750 0.031646
0 0.685383 0.439082 0.033750 0.033228
0 0.411008 0.466772 0.035000 0.031646
0 0.849758 0.628956 0.035000 0.033228
0 0.628508 0.882120 0.035000 0.033228
0 0.630383 0.691456 0.036250 0.031646
0 0.302258 0.398734 0.037500 0.041139
0 0.520383 0.753165 0.033750 0.031646
0 0.905383 0.692247 0.033750 0.033228
0 0.849758 0.725475 0.032500 0.033228
0 0.299758 0.530063 0.035000 0.031646
0 0.851008 0.533228 0.032500 0.031646
0 0.521633 0.368671 0.036250 0.037975
0 0.904758 0.628165 0.035000 0.034810
0 0.189758 0.529272 0.035000 0.030063
0 0.685383 0.661392 0.033750 0.028481
0 0.300383 0.499209 0.036250 0.033228
0 0.904133 0.725475 0.036250 0.033228
0 0.245383 0.500000 0.036250 0.037975
0 0.684133 0.724684 0.033750 0.031646
0 0.684133 0.851266 0.033750 0.034810
0 0.520383 0.722310 0.031250 0.033228
0 0.684758 0.692247 0.032500 0.033228
0 0.849133 0.757911 0.033750 0.034810
0 0.629758 0.659019 0.035000 0.033228
0 0.520383 0.784810 0.033750 0.031646
0 0.849758 0.693829 0.032500 0.033228
0 0.300383 0.562500 0.033750 0.033228
0 0.686008 0.500000 0.032500 0.031646
0 0.189758 0.563291 0.032500 0.034810
0 0.411633 0.368671 0.033750 0.037975
0 0.411633 0.434335 0.036250 0.033228
0 0.300383 0.466772 0.036250 0.034810
0 0.849758 0.661392 0.032500 0.031646
0 0.741008 0.407437 0.035000 0.036392
0 0.465383 0.563291 0.033750 0.031646
0 0.629758 0.755538 0.035000 0.033228
0 0.741008 0.500791 0.032500 0.033228
0 0.741008 0.534019 0.032500 0.033228
0 0.299758 0.594146 0.035000 0.033228
0 0.629133 0.723101 0.036250 0.031646
0 0.630383 0.499209 0.033750 0.033228
0 0.520383 0.850475 0.031250 0.033228
0 0.631008 0.438291 0.035000 0.031646
0 0.519758 0.817247 0.032500 0.033228
0 0.851008 0.597310 0.035000 0.033228
0 0.850383 0.565665 0.033750 0.033228
0 0.244758 0.561709 0.035000 0.034810
0 0.630383 0.534019 0.033750 0.033228
0 0.794758 0.693038 0.035000 0.034810
0 0.795383 0.535601 0.036250 0.033228
0 0.464758 0.596519 0.035000 0.034810
0 0.685383 0.534019 0.033750 0.033228
0 0.521633 0.564082 0.033750 0.033228
0 0.631008 0.405063 0.035000 0.034810
0 0.629758 0.595728 0.035000 0.033228
