0 0.059424 0.337993 0.034444 0.041118
0 0.318313 0.718750 0.034444 0.042763
0 0.382757 0.425987 0.018889 0.032895
0 0.535535 0.424342 0.024444 0.036184
0 0.228313 0.715461 0.025556 0.036184
0 0.227757 0.928454 0.022222 0.034539
0 0.202757 0.840461 0.023333 0.036184
0 0.538868 0.547697 0.024444 0.036184
0 0.202202 0.881579 0.024444 0.036184
0 0.226646 0.840461 0.024444 0.039474
0 0.268868 0.157895 0.044444 0.032895
0 0.228868 0.798520 0.024444 0.034539
0 0.060535 0.296875 0.032222 0.041118
0 0.268313 0.220395 0.045556 0.026316
0 0.227757 0.754934 0.022222 0.036184
0 0.227757 0.883224 0.022222 0.036184
0 0.538868 0.468750 0.024444 0.036184
0 0.276646 0.759868 0.024444 0.029605
0 0.382757 0.551809 0.025556 0.034539
0 0.627757 0.254934 0.035556 0.046053
0 0.318313 0.339638 0.034444 0.041118
0 0.267757 0.504112 0.037778 0.044408
0 0.317202 0.295230 0.034444 0.047697
0 0.216646 0.294408 0.035556 0.046053
0 0.011656 0.714638 0.023313 0.047697
0 0.421646 0.254934 0.034444 0.046053
0 0.575535 0.296053 0.031111 0.042763
0 0.681091 0.208882 0.035556 0.049342
0 0.472202 0.211349 0.035556 0.054276
0 0.318313 0.382401 0.034444 0.047697
0 0.267202 0.459704 0.038889 0.044408
0 0.012767 0.297697 0.025535 0.046053
0 0.216091 0.339638 0.034444 0.044408
0 0.576091 0.340461 0.034444 0.042763
0 0.060535 0.253289 0.034444 0.049342
0 0.216091 0.382401 0.034444 0.041118
0 0.268313 0.252467 0.043333 0.037829
0 0.369980 0.296875 0.033333 0.047697
0 0.163868 0.628289 0.034444 0.049342
0 0.524980 0.382401 0.038889 0.041118
0 0.012768 0.340461 0.025535 0.042763
0 0.471091 0.258224 0.033333 0.036184
0 0.162757 0.674342 0.032222 0.039474
0 0.471646 0.298520 0.034444 0.047697
0 0.681091 0.256579 0.033333 0.039474
0 0.370535 0.383224 0.034444 0.042763
0 0.358313 0.425164 0.021111 0.034539
0 0.524424 0.342105 0.035556 0.039474
0 0.112757 0.208882 0.034444 0.052632
0 0.012212 0.630757 0.024424 0.047697
0 0.111646 0.299342 0.034444 0.046053
0 0.576091 0.381579 0.036667 0.039474
0 0.680535 0.298520 0.036667 0.044408
0 0.369980 0.672697 0.035556 0.046053
0 0.523868 0.297697 0.032222 0.049342
0 0.269980 0.320724 0.040000 0.039474
0 0.371091 0.629934 0.033333 0.042763
0 0.163313 0.717105 0.033333 0.046053
0 0.177757 0.295230 0.022222 0.041118
0 0.204424 0.464638 0.022222 0.037829
0 0.112202 0.257401 0.031111 0.041118
0 0.318313 0.629112 0.034444 0.044408
0 0.267757 0.546875 0.028889 0.041118
0 0.358313 0.462993 0.021111 0.034539
0 0.012212 0.383224 0.024424 0.042763
0 0.227757 0.425987 0.020000 0.036184
0 0.369980 0.341283 0.033333 0.041118
0 0.627757 0.339638 0.031111 0.037829
0 0.421646 0.341283 0.032222 0.041118
0 0.382757 0.466283 0.021111 0.037829
0 0.203868 0.425164 0.021111 0.034539
0 0.228868 0.507401 0.022222 0.037829
0 0.576646 0.719572 0.035556 0.044408
0 0.317757 0.675987 0.035556 0.046053
0 0.228313 0.588816 0.023333 0.039474
0 0.369980 0.717928 0.035556 0.044408
0 0.268868 0.388158 0.042222 0.032895
0 0.421646 0.300164 0.032222 0.041118
0 0.577757 0.630757 0.031111 0.044408
0 0.202202 0.671053 0.024444 0.036184
0 0.203313 0.586349 0.022222 0.037829
0 0.204980 0.506579 0.021111 0.032895
0 0.227757 0.465461 0.022222 0.036184
0 0.202757 0.712993 0.023333 0.037829
0 0.268313 0.288651 0.041111 0.031250
0 0.203313 0.629934 0.024444 0.036184
0 0.227757 0.629112 0.022222 0.037829
0 0.202202 0.797697 0.024444 0.036184
0 0.203868 0.754934 0.023333 0.039474
0 0.267757 0.188322 0.042222 0.037829
0 0.203313 0.545230 0.022222 0.041118
0 0.268313 0.355263 0.041111 0.032895
0 0.152757 0.295230 0.023333 0.037829
0 0.628868 0.299342 0.031111 0.042763
0 0.227757 0.671875 0.024444 0.037829
0 0.228868 0.549342 0.022222 0.036184
0 0.577202 0.674342 0.034444 0.046053
0 0.202757 0.925987 0.023333 0.036184
