0 0.579522 0.340190 0.020000 0.025316
0 0.675147 0.726266 0.038750 0.028481
0 0.302022 0.583070 0.022500 0.020570
0 0.566397 0.435127 0.031250 0.028481
0 0.563897 0.851266 0.036250 0.034810
0 0.605147 0.722310 0.021250 0.026899
0 0.497022 0.500791 0.022500 0.026899
0 0.552647 0.341772 0.021250 0.025316
0 0.565147 0.819620 0.036250 0.034810
0 0.607022 0.690665 0.022500 0.026899
0 0.073272 0.435127 0.032500 0.034810
0 0.633897 0.371835 0.021250 0.028481
0 0.072647 0.409019 0.033750 0.039557
0 0.292647 0.510285 0.028750 0.023734
0 0.564522 0.784810 0.035000 0.031646
0 0.564522 0.882911 0.037500 0.031646
0 0.634522 0.500791 0.022500 0.030063
0 0.523272 0.501582 0.020000 0.028481
0 0.072022 0.469146 0.032500 0.036392
0 0.566397 0.689082 0.033750 0.036392
0 0.290772 0.338608 0.030000 0.031646
0 0.633897 0.466772 0.018750 0.025316
0 0.619522 0.818829 0.035000 0.033228
0 0.607022 0.657437 0.022500 0.026899
0 0.566397 0.469146 0.036250 0.036392
0 0.071397 0.596519 0.033750 0.028481
0 0.565772 0.753956 0.035000 0.030063
0 0.618897 0.786392 0.031250 0.031646
0 0.292022 0.403481 0.030000 0.037975
0 0.510147 0.469937 0.036250 0.031646
0 0.292647 0.368671 0.031250 0.028481
0 0.128272 0.434335 0.035000 0.030063
0 0.618272 0.852057 0.035000 0.036392
0 0.454522 0.785601 0.035000 0.030063
0 0.619522 0.753165 0.030000 0.034810
0 0.579522 0.658228 0.022500 0.028481
0 0.398897 0.469146 0.033750 0.033228
0 0.634522 0.565665 0.020000 0.026899
0 0.607022 0.404272 0.020000 0.026899
0 0.676397 0.660601 0.036250 0.033228
0 0.633897 0.595728 0.021250 0.026899
0 0.607022 0.627373 0.022500 0.026899
0 0.399522 0.818829 0.035000 0.030063
0 0.073272 0.500000 0.032500 0.031646
0 0.675147 0.439082 0.031250 0.030063
0 0.551397 0.626582 0.021250 0.028481
0 0.633897 0.436709 0.021250 0.028481
0 0.676397 0.628956 0.036250 0.033228
0 0.566397 0.722310 0.033750 0.036392
0 0.675772 0.693038 0.037500 0.034810
0 0.398897 0.849684 0.036250 0.031646
0 0.676397 0.566456 0.028750 0.031646
0 0.579522 0.627373 0.022500 0.026899
0 0.579522 0.594937 0.022500 0.025316
0 0.452022 0.852057 0.035000 0.030063
0 0.236397 0.754747 0.033750 0.031646
0 0.453272 0.723101 0.035000 0.034810
0 0.399522 0.787184 0.035000 0.033228
0 0.016636 0.657437 0.033272 0.033228
0 0.180772 0.852848 0.035000 0.031646
0 0.125772 0.852057 0.035000 0.033228
0 0.399522 0.439082 0.035000 0.033228
0 0.237022 0.883703 0.032500 0.033228
0 0.125772 0.884494 0.037500 0.031646
0 0.454522 0.626582 0.035000 0.031646
0 0.238897 0.369462 0.033750 0.036392
0 0.675772 0.406646 0.035000 0.034810
0 0.068897 0.787184 0.033750 0.033228
0 0.017261 0.594937 0.034522 0.031646
0 0.182022 0.756329 0.035000 0.028481
0 0.398272 0.693038 0.032500 0.031646
0 0.016011 0.755538 0.032022 0.033228
0 0.237022 0.723892 0.032500 0.030063
0 0.128272 0.371044 0.035000 0.036392
0 0.183272 0.466772 0.032500 0.031646
0 0.237647 0.659810 0.033750 0.031646
0 0.180772 0.884494 0.037500 0.031646
0 0.125147 0.788766 0.036250 0.036392
0 0.676397 0.501582 0.033750 0.031646
0 0.454522 0.467563 0.032500 0.030063
0 0.398272 0.723892 0.035000 0.033228
0 0.125772 0.658228 0.035000 0.034810
0 0.345772 0.818038 0.032500 0.031646
0 0.454522 0.564873 0.030000 0.031646
0 0.127647 0.564082 0.033750 0.033228
0 0.070147 0.724684 0.033750 0.031646
0 0.398272 0.627373 0.032500 0.030063
0 0.345147 0.628956 0.031250 0.030063
0 0.182022 0.564873 0.032500 0.031646
0 0.016636 0.435127 0.033272 0.031646
0 0.344522 0.754747 0.032500 0.031646
0 0.237647 0.530854 0.033750 0.033228
0 0.182022 0.786392 0.035000 0.031646
0 0.523897 0.533228 0.023750 0.028481
0 0.397022 0.659019 0.035000 0.033228
0 0.344522 0.469146 0.032500 0.030063
0 0.676397 0.534019 0.036250 0.033228
0 0.398897 0.597310 0.033750 0.030063
0 0.455147 0.436709 0.033750 0.031646
0 0.510147 0.439082 0.033750 0.033228
0 0.455772 0.405854 0.035000 0.033228
0 0.070147 0.884494 0.038750 0.031646
0 0.344522 0.786392 0.032500 0.031646
0 0.016636 0.403481 0.033272 0.031646
0 0.181397 0.625791 0.033750 0.030063
0 0.236397 0.819620 0.036250 0.034810
0 0.511397 0.406646 0.033750 0.031646
0 0.127022 0.596519 0.035000 0.031646
0 0.016011 0.467563 0.032022 0.036392
0 0.070772 0.625791 0.035000 0.033228
0 0.181397 0.594937 0.033750 0.031646
0 0.399522 0.406646 0.035000 0.031646
0 0.237022 0.692247 0.035000 0.033228
0 0.125772 0.499209 0.035000 0.033228
0 0.127647 0.530854 0.033750 0.033228
0 0.455147 0.371835 0.033750 0.034810
0 0.016636 0.563291 0.033272 0.031646
0 0.182022 0.658228 0.032500 0.034810
0 0.125772 0.723892 0.035000 0.033228
0 0.071397 0.659019 0.033750 0.033228
0 0.069522 0.852057 0.035000 0.033228
0 0.183272 0.371044 0.035000 0.036392
0 0.453897 0.532437 0.031250 0.030063
0 0.511397 0.341772 0.033750 0.034810
0 0.182647 0.436709 0.036250 0.031646
0 0.345772 0.850475 0.032500 0.033228
0 0.182022 0.725475 0.032500 0.033228
0 0.126397 0.691456 0.036250 0.031646
0 0.073272 0.531646 0.035000 0.031646
0 0.125147 0.756329 0.036250 0.031646
0 0.237647 0.469146 0.033750 0.033228
0 0.344522 0.659810 0.032500 0.034810
0 0.016011 0.691456 0.032022 0.034810
0 0.182647 0.497627 0.031250 0.033228
0 0.345147 0.405854 0.033750 0.030063
0 0.181397 0.820411 0.036250 0.036392
0 0.398897 0.533228 0.033750 0.031646
0 0.071397 0.692247 0.033750 0.033228
0 0.183272 0.405854 0.035000 0.033228
0 0.345147 0.692247 0.033750 0.033228
0 0.453897 0.499209 0.031250 0.033228
0 0.511397 0.375000 0.033750 0.031646
0 0.073272 0.564873 0.035000 0.034810
0 0.343897 0.501582 0.031250 0.031646
0 0.398272 0.500791 0.035000 0.033228
0 0.344522 0.564082 0.032500 0.030063
0 0.345147 0.438291 0.033750 0.034810
0 0.182647 0.531646 0.033750 0.034810
0 0.399522 0.565665 0.035000 0.033228
0 0.016011 0.531646 0.032022 0.034810
0 0.398897 0.371044 0.036250 0.036392
0 0.343897 0.534810 0.031250 0.031646
0 0.238272 0.597310 0.032500 0.033228
0 0.237647 0.564082 0.033750 0.033228
0 0.238272 0.404272 0.035000 0.033228
0 0.238272 0.437500 0.032500 0.030063
0 0.345147 0.371835 0.036250 0.037975
0 0.345147 0.596519 0.033750 0.034810
0 0.016011 0.723892 0.032022 0.030063
0 0.128272 0.404272 0.035000 0.033228
0 0.552647 0.564082 0.021250 0.033228
0 0.453897 0.690665 0.033750 0.030063
0 0.453272 0.818038 0.035000 0.034810
0 0.675772 0.596519 0.032500 0.031646
0 0.565772 0.503165 0.035000 0.028481
0 0.236397 0.852057 0.033750 0.030063
0 0.303884 0.604430 0.021000 0.021329
0 0.303759 0.645111 0.020225 0.019367
0 0.304541 0.663647 0.018663 0.017073
0 0.070772 0.818829 0.032500 0.033228
0 0.453897 0.756329 0.033750 0.031646
0 0.072022 0.371835 0.032500 0.034810
0 0.291835 0.438766 0.032625 0.035759
0 0.016397 0.498418 0.031250 0.028481
0 0.675772 0.340190 0.035000 0.034810
0 0.016636 0.369462 0.033272 0.033228
0 0.016636 0.626582 0.033272 0.031646
0 0.633897 0.404272 0.021250 0.026899
0 0.568272 0.405854 0.030000 0.033228
0 0.292647 0.536392 0.031250 0.028481
0 0.303272 0.625000 0.020000 0.022152
0 0.568272 0.371044 0.035000 0.030063
0 0.292022 0.795095 0.032500 0.026899
0 0.607647 0.594937 0.021250 0.028481
0 0.635147 0.533228 0.021250 0.031646
0 0.125772 0.820411 0.035000 0.030063
0 0.566397 0.531646 0.033750 0.028481
0 0.552022 0.596519 0.022500 0.028481
0 0.608897 0.372627 0.021250 0.030063
0 0.495772 0.532437 0.022500 0.030063
0 0.017261 0.883703 0.034522 0.033228
0 0.237022 0.786392 0.035000 0.031646
0 0.345147 0.723892 0.031250 0.030063
0 0.016011 0.787975 0.032022 0.031646
0 0.398897 0.882911 0.036250 0.034810
0 0.454522 0.595728 0.032500 0.030063
0 0.070147 0.755538 0.031250 0.033228
0 0.607022 0.468354 0.022500 0.028481
0 0.180772 0.692247 0.030000 0.030063
0 0.016636 0.850475 0.033272 0.033228
0 0.676397 0.375000 0.033750 0.031646
0 0.126397 0.627373 0.033750 0.030063
0 0.016011 0.818829 0.032022 0.030063
0 0.126397 0.465190 0.036250 0.034810
0 0.399522 0.754747 0.032500 0.031646
0 0.237647 0.500791 0.033750 0.030063
0 0.675772 0.469146 0.032500 0.033228
0 0.607022 0.499209 0.020000 0.030063
0 0.345147 0.882120 0.031250 0.030063
0 0.580772 0.565665 0.025000 0.033228
0 0.238272 0.628956 0.032500 0.030063
0 0.607022 0.564873 0.022500 0.028481
0 0.454522 0.658228 0.035000 0.034810
0 0.453897 0.882911 0.031250 0.031646
0 0.607022 0.438291 0.020000 0.025316
0 0.607022 0.531646 0.022500 0.028481
