0 0.701126 0.600475 0.022500 0.023734
0 0.963001 0.503165 0.033750 0.028481
0 0.701751 0.697785 0.018750 0.022152
0 0.702376 0.879747 0.020000 0.025316
0 0.578001 0.474684 0.033750 0.028481
0 0.299876 0.409810 0.032500 0.031646
0 0.700501 0.678006 0.021250 0.020570
0 0.699251 0.580696 0.023750 0.018987
0 0.908001 0.354430 0.036250 0.044304
0 0.963001 0.438291 0.033750 0.031646
0 0.963626 0.474684 0.035000 0.037975
0 0.300501 0.442247 0.028750 0.026899
0 0.300501 0.629747 0.033750 0.028481
0 0.577376 0.500000 0.032500 0.034810
0 0.468626 0.598101 0.032500 0.031646
0 0.411751 0.693038 0.028750 0.022152
0 0.701751 0.855222 0.021250 0.023734
0 0.301751 0.659810 0.033750 0.031646
0 0.466126 0.726266 0.032500 0.031646
0 0.301126 0.851266 0.032500 0.031646
0 0.412376 0.631329 0.032500 0.025316
0 0.300501 0.821203 0.031250 0.031646
0 0.853001 0.819620 0.033750 0.025316
0 0.357376 0.410601 0.030000 0.026899
0 0.963626 0.596519 0.032500 0.028481
0 0.632376 0.819620 0.030000 0.025316
0 0.853626 0.376582 0.030000 0.034810
0 0.909251 0.503165 0.031250 0.028481
0 0.466751 0.695411 0.033750 0.036392
0 0.633001 0.472310 0.033750 0.033228
0 0.468626 0.505538 0.030000 0.030063
0 0.300501 0.788766 0.031250 0.033228
0 0.468001 0.819620 0.031250 0.031646
0 0.468626 0.788766 0.030000 0.033228
0 0.909251 0.473101 0.031250 0.031646
0 0.854251 0.501582 0.033750 0.028481
0 0.301126 0.757911 0.032500 0.031646
0 0.357376 0.787975 0.032500 0.031646
0 0.468001 0.568038 0.031250 0.031646
0 0.577376 0.851266 0.032500 0.031646
0 0.523001 0.660601 0.033750 0.033228
0 0.523001 0.884494 0.036250 0.031646
0 0.853626 0.473101 0.032500 0.031646
0 0.467376 0.661392 0.035000 0.034810
0 0.578001 0.443829 0.036250 0.036392
0 0.523626 0.818038 0.035000 0.031646
0 0.853001 0.787184 0.033750 0.030063
0 0.799251 0.629747 0.033750 0.031646
0 0.523626 0.723101 0.032500 0.031646
0 0.467376 0.884494 0.035000 0.034810
0 0.413001 0.724684 0.033750 0.037975
0 0.799876 0.409019 0.032500 0.030063
0 0.799251 0.819620 0.033750 0.031646
0 0.743626 0.629747 0.030000 0.031646
0 0.300501 0.536392 0.033750 0.031646
0 0.356751 0.507120 0.033750 0.030063
0 0.578001 0.883703 0.033750 0.033228
0 0.412376 0.820411 0.032500 0.033228
0 0.411751 0.566456 0.033750 0.028481
0 0.853001 0.754747 0.033750 0.031646
0 0.522376 0.471519 0.032500 0.028481
0 0.798626 0.597310 0.032500 0.033228
0 0.523001 0.501582 0.033750 0.031646
0 0.908626 0.564873 0.035000 0.037975
0 0.853626 0.849684 0.035000 0.034810
0 0.577376 0.755538 0.032500 0.033228
0 0.633626 0.693829 0.032500 0.030063
0 0.411751 0.504747 0.033750 0.031646
0 0.633001 0.723892 0.033750 0.030063
0 0.356751 0.757120 0.033750 0.033228
0 0.523001 0.693038 0.033750 0.031646
0 0.523001 0.851266 0.033750 0.034810
0 0.299876 0.505538 0.032500 0.033228
0 0.963626 0.566456 0.035000 0.034810
0 0.522376 0.568038 0.035000 0.031646
0 0.578001 0.660601 0.031250 0.030063
0 0.468001 0.442247 0.033750 0.030063
0 0.523001 0.409810 0.033750 0.031646
0 0.853626 0.628956 0.032500 0.030063
0 0.578626 0.376582 0.032500 0.031646
0 0.743001 0.854430 0.033750 0.034810
0 0.853626 0.531646 0.035000 0.034810
0 0.468001 0.411392 0.031250 0.031646
0 0.523001 0.376582 0.036250 0.034810
0 0.578001 0.629747 0.031250 0.034810
0 0.411751 0.473892 0.033750 0.030063
0 0.301126 0.725475 0.035000 0.036392
0 0.853626 0.660601 0.032500 0.033228
0 0.743001 0.787975 0.033750 0.037975
0 0.799251 0.469937 0.033750 0.031646
0 0.743001 0.822785 0.033750 0.031646
0 0.356751 0.723892 0.033750 0.033228
0 0.356126 0.477848 0.032500 0.031646
0 0.799876 0.659810 0.035000 0.031646
0 0.411751 0.662184 0.033750 0.036392
0 0.633626 0.409019 0.030000 0.030063
0 0.521751 0.441456 0.033750 0.031646
0 0.798626 0.692247 0.032500 0.033228
0 0.743626 0.532437 0.030000 0.030063
0 0.577376 0.409019 0.035000 0.033228
0 0.743001 0.596519 0.031250 0.031646
0 0.577376 0.693038 0.032500 0.034810
0 0.799251 0.503165 0.033750 0.034810
0 0.633626 0.565665 0.032500 0.033228
0 0.523001 0.535601 0.033750 0.033228
0 0.356751 0.444620 0.033750 0.037975
0 0.743626 0.564082 0.032500 0.033228
0 0.799876 0.375791 0.035000 0.036392
0 0.411751 0.599684 0.036250 0.037975
0 0.743001 0.377373 0.036250 0.036392
0 0.578001 0.595728 0.033750 0.033228
0 0.701126 0.658782 0.022500 0.018513
0 0.688001 0.507516 0.038750 0.027690
0 0.700501 0.621123 0.021250 0.020728
0 0.688001 0.376820 0.033750 0.016297
0 0.688001 0.790585 0.031250 0.024209
0 0.688001 0.348339 0.036250 0.038449
0 0.688001 0.456329 0.031250 0.033544
0 0.701126 0.640902 0.022500 0.018829
0 0.688001 0.423259 0.033750 0.033228
0 0.688620 0.395491 0.029862 0.021266
0 0.689395 0.531527 0.030787 0.020870
0 0.689401 0.547864 0.028300 0.008671
0 0.687526 0.806361 0.031800 0.007373
0 0.633626 0.788766 0.032500 0.033228
0 0.301126 0.886076 0.035000 0.034810
0 0.632376 0.503165 0.032500 0.031646
0 0.799251 0.564873 0.033750 0.031646
0 0.466126 0.757120 0.032500 0.030063
0 0.412376 0.409810 0.032500 0.025316
0 0.909876 0.533228 0.032500 0.028481
0 0.356751 0.820411 0.033750 0.030063
0 0.578001 0.817247 0.033750 0.033228
0 0.963626 0.627373 0.035000 0.039557
0 0.300501 0.690665 0.031250 0.030063
0 0.631751 0.755538 0.031250 0.033228
0 0.633001 0.629747 0.031250 0.031646
0 0.467376 0.851266 0.030000 0.031646
0 0.964251 0.408228 0.033750 0.034810
0 0.964251 0.533228 0.033750 0.031646
0 0.413001 0.758703 0.033750 0.030063
0 0.413001 0.886076 0.036250 0.034810
0 0.299876 0.473101 0.032500 0.031646
0 0.578001 0.786392 0.033750 0.031646
0 0.632376 0.884494 0.035000 0.031646
0 0.523001 0.630538 0.031250 0.030063
0 0.743001 0.723101 0.033750 0.031646
0 0.743001 0.885285 0.033750 0.026899
0 0.908001 0.442247 0.033750 0.030063
0 0.523001 0.786392 0.031250 0.031646
0 0.356751 0.598101 0.031250 0.031646
0 0.742376 0.754747 0.027500 0.028481
0 0.854251 0.443829 0.031250 0.030063
0 0.744251 0.501582 0.031250 0.031646
0 0.799251 0.534810 0.031250 0.031646
0 0.468001 0.534019 0.033750 0.033228
0 0.301126 0.565665 0.032500 0.030063
0 0.412376 0.853639 0.032500 0.033228
0 0.577376 0.564082 0.032500 0.026899
0 0.744251 0.471519 0.033750 0.031646
0 0.852376 0.723101 0.032500 0.031646
0 0.523626 0.755538 0.032500 0.033228
0 0.412376 0.788766 0.032500 0.033228
0 0.633001 0.534810 0.031250 0.031646
0 0.356751 0.853639 0.033750 0.036392
0 0.356751 0.567247 0.028750 0.030063
0 0.356126 0.628956 0.032500 0.033228
0 0.798626 0.884494 0.032500 0.031646
0 0.743626 0.409810 0.035000 0.028481
0 0.300501 0.598892 0.033750 0.033228
0 0.467376 0.629747 0.032500 0.031646
0 0.743001 0.695411 0.033750 0.030063
0 0.634251 0.376582 0.036250 0.034810
0 0.799876 0.439082 0.030000 0.030063
0 0.631751 0.851266 0.033750 0.034810
0 0.743626 0.661392 0.032500 0.034810
0 0.853001 0.692247 0.031250 0.033228
0 0.357376 0.693829 0.030000 0.030063
0 0.577376 0.725475 0.032500 0.030063
0 0.853001 0.884494 0.033750 0.031646
0 0.798001 0.723892 0.031250 0.030063
0 0.798001 0.789557 0.033750 0.031646
0 0.798626 0.852848 0.032500 0.034810
0 0.356126 0.381329 0.032500 0.031646
0 0.633001 0.439873 0.031250 0.031646
0 0.356751 0.662184 0.031250 0.033228
0 0.854251 0.564873 0.033750 0.031646
0 0.908001 0.409810 0.033750 0.037975
0 0.411751 0.535601 0.033750 0.033228
0 0.633626 0.662975 0.032500 0.034810
0 0.853626 0.409019 0.032500 0.036392
0 0.468001 0.473892 0.033750 0.033228
0 0.853626 0.596519 0.032500 0.031646
0 0.743626 0.440665 0.035000 0.033228
0 0.413001 0.378165 0.033750 0.037975
0 0.577376 0.534019 0.032500 0.033228
0 0.522376 0.598892 0.035000 0.033228
0 0.798001 0.756329 0.031250 0.034810
0 0.468626 0.376582 0.035000 0.034810
0 0.412376 0.441456 0.032500 0.034810
0 0.633001 0.598101 0.033750 0.031646
0 0.356126 0.536392 0.032500 0.031646
