0 0.477818 0.587332 0.024858 0.038677
0 0.474756 0.623526 0.025679 0.032505
0 0.864831 0.792602 0.036067 0.039885
0 0.867045 0.769021 0.034398 0.033444
0 0.503116 0.388381 0.038558 0.040153
0 0.470078 0.665104 0.021200 0.021066
0 0.862658 0.824922 0.038876 0.044883
0 0.664486 0.460558 0.034504 0.035022
0 0.320526 0.641047 0.035537 0.032002
0 0.214594 0.565317 0.034610 0.036598
0 0.817678 0.663657 0.037101 0.036866
0 0.822542 0.600662 0.035855 0.036732
0 0.653472 0.614995 0.035537 0.032002
0 0.874507 0.667399 0.035749 0.035156
0 0.155339 0.625628 0.031907 0.033176
0 0.799930 0.918207 0.033258 0.034887
0 0.700308 0.748671 0.032013 0.034753
0 0.157460 0.594096 0.034610 0.036598
0 0.308318 0.831880 0.036995 0.035290
0 0.751544 0.816918 0.035855 0.036732
0 0.703104 0.716418 0.035855 0.036732
0 0.334337 0.454357 0.035643 0.033579
0 0.597172 0.640688 0.034504 0.035022
0 0.119981 0.339947 0.033258 0.034887
0 0.666607 0.429026 0.034504 0.035022
0 0.364618 0.806187 0.035961 0.038309
0 0.151204 0.687114 0.034398 0.033444
0 0.498345 0.459328 0.036067 0.039885
0 0.363120 0.837786 0.034504 0.035022
0 0.594482 0.671364 0.035855 0.036732
0 0.168938 0.404773 0.031907 0.033176
0 0.660139 0.525197 0.034504 0.035022
0 0.671060 0.362811 0.034504 0.035022
0 0.877966 0.606634 0.037101 0.036866
0 0.759351 0.691514 0.034716 0.038174
0 0.267739 0.605187 0.033258 0.034887
0 0.445385 0.435359 0.034504 0.035022
0 0.360946 0.870106 0.036888 0.033713
0 0.162377 0.530312 0.033046 0.031734
0 0.647573 0.712021 0.034822 0.039751
0 0.579478 0.894450 0.033046 0.031734
0 0.779113 0.407008 0.036067 0.039885
0 0.890068 0.417378 0.035855 0.036732
0 0.590187 0.735216 0.033258 0.034887
0 0.828745 0.508431 0.033258 0.034887
0 0.560105 0.352441 0.034716 0.038174
0 0.116721 0.369767 0.033258 0.034887
0 0.436133 0.591573 0.034504 0.035022
0 0.552392 0.448478 0.034291 0.031868
0 0.588636 0.767602 0.034610 0.036598
0 0.592361 0.702896 0.033364 0.036464
0 0.812655 0.729017 0.035961 0.038309
0 0.656109 0.585107 0.036995 0.035290
0 0.819851 0.631337 0.036995 0.035290
0 0.263550 0.667461 0.033152 0.033310
0 0.373048 0.680849 0.033364 0.036464
0 0.755838 0.753067 0.035749 0.035156
0 0.224880 0.412390 0.031907 0.033176
0 0.159633 0.561776 0.034504 0.035022
0 0.149030 0.719434 0.034504 0.035022
0 0.375844 0.648596 0.034504 0.035022
0 0.882102 0.545148 0.034610 0.036598
0 0.649853 0.678125 0.034504 0.035022
0 0.112586 0.431254 0.035749 0.035156
0 0.713032 0.559481 0.034716 0.038174
0 0.716345 0.528873 0.034398 0.033444
0 0.310956 0.801992 0.035749 0.035156
0 0.431322 0.653781 0.035643 0.033579
0 0.832364 0.445301 0.037207 0.038443
0 0.551000 0.478500 0.033258 0.034887
0 0.695191 0.843400 0.034504 0.035022
0 0.429148 0.686101 0.035961 0.038309
0 0.335676 0.425123 0.034504 0.035022
0 0.253252 0.829916 0.034610 0.036598
0 0.201141 0.756016 0.035855 0.036732
0 0.868808 0.733481 0.035749 0.035156
0 0.213043 0.597704 0.033258 0.034887
0 0.608439 0.454518 0.034504 0.035022
0 0.313130 0.769672 0.035855 0.036732
0 0.603481 0.546882 0.032119 0.036330
0 0.548826 0.510820 0.033364 0.036464
0 0.719141 0.496620 0.033258 0.034887
0 0.888981 0.452196 0.035855 0.036732
0 0.167387 0.437159 0.033470 0.038040
0 0.439699 0.529231 0.035643 0.033579
0 0.825948 0.540684 0.031907 0.033176
0 0.381478 0.555511 0.033258 0.034887
0 0.506390 0.349034 0.037525 0.043173
0 0.389961 0.429386 0.033258 0.034887
0 0.199537 0.789190 0.034610 0.036598
0 0.886290 0.482873 0.036995 0.035290
0 0.768456 0.565454 0.035961 0.038309
0 0.692447 0.874864 0.035749 0.035156
0 0.153271 0.656371 0.034504 0.035022
0 0.749887 0.850882 0.034716 0.038174
0 0.324608 0.580349 0.033152 0.033310
0 0.306251 0.862623 0.036888 0.033713
0 0.584448 0.829877 0.034504 0.035022
0 0.833451 0.410482 0.037419 0.041596
0 0.604926 0.516072 0.035537 0.032002
0 0.278236 0.449105 0.033046 0.031734
0 0.443158 0.468467 0.032225 0.037906
0 0.122314 0.305262 0.036173 0.041462
0 0.269184 0.574376 0.034398 0.033444
0 0.316232 0.704898 0.035855 0.036732
0 0.164391 0.500357 0.035749 0.035156
0 0.546758 0.541563 0.033258 0.034887
0 0.871035 0.700373 0.035961 0.038309
0 0.254909 0.795952 0.036173 0.041462
0 0.662935 0.492945 0.035855 0.036732
0 0.722654 0.435066 0.034504 0.035022
0 0.668833 0.395919 0.037207 0.038443
0 0.259256 0.731312 0.035961 0.038309
0 0.318405 0.672579 0.033258 0.034887
0 0.614032 0.390013 0.037207 0.038443
0 0.223488 0.442411 0.033364 0.036464
0 0.203262 0.724484 0.035855 0.036732
0 0.315303 0.737352 0.035749 0.035156
0 0.606371 0.485261 0.034610 0.036598
0 0.446989 0.402183 0.033470 0.038040
0 0.599240 0.609944 0.034398 0.033444
0 0.772592 0.503968 0.033258 0.034887
0 0.205952 0.693808 0.034504 0.035022
0 0.437578 0.560763 0.035855 0.036732
0 0.774818 0.470860 0.035961 0.038309
0 0.338525 0.392082 0.035961 0.038309
0 0.208126 0.661488 0.034610 0.036598
0 0.388410 0.461772 0.032119 0.036330
0 0.382976 0.523912 0.032013 0.034753
0 0.724258 0.401892 0.035961 0.038309
0 0.546559 0.572508 0.037101 0.036866
0 0.282531 0.385254 0.033364 0.036464
0 0.391512 0.396999 0.034610 0.036598
0 0.265618 0.636717 0.033258 0.034887
0 0.611805 0.423120 0.036995 0.035290
0 0.385772 0.491660 0.033152 0.033310
0 0.280304 0.418362 0.035855 0.036732
0 0.711017 0.589437 0.031800 0.031600
0 0.762200 0.658473 0.035749 0.035156
0 0.471403 0.645396 0.021094 0.019490
0 0.459739 0.856138 0.023903 0.024488
0 0.469269 0.686454 0.022764 0.025930
0 0.145928 0.784208 0.036995 0.035290
0 0.379410 0.586254 0.033152 0.033310
0 0.616881 0.356972 0.033258 0.034887
0 0.586622 0.797558 0.031907 0.033176
0 0.368860 0.743124 0.033470 0.038040
0 0.815504 0.695976 0.036995 0.035290
0 0.114706 0.399723 0.033046 0.031734
0 0.165161 0.470268 0.033258 0.034887
0 0.271198 0.544421 0.034610 0.036598
0 0.210247 0.629956 0.034610 0.036598
0 0.556381 0.417147 0.035961 0.038309
0 0.601930 0.579269 0.035749 0.035156
0 0.262728 0.698338 0.035749 0.035156
0 0.273995 0.512168 0.033258 0.034887
0 0.331646 0.485034 0.034504 0.035022
0 0.329525 0.516565 0.034504 0.035022
0 0.226484 0.379214 0.033576 0.039616
0 0.276222 0.479061 0.035749 0.035156
0 0.327299 0.549673 0.034504 0.035022
0 0.218676 0.504619 0.037207 0.038443
0 0.491970 0.532181 0.035176 0.029021
0 0.495058 0.508202 0.037710 0.027541
0 0.501475 0.422109 0.037132 0.037340
0 0.491323 0.554406 0.035966 0.019996
0 0.690327 0.906396 0.035749 0.035156
0 0.216503 0.536939 0.034610 0.036598
0 0.811104 0.761405 0.036888 0.033713
0 0.697365 0.811080 0.034610 0.036598
0 0.720586 0.465810 0.034398 0.033444
0 0.197416 0.820722 0.034398 0.033444
0 0.441607 0.500853 0.033152 0.033310
0 0.557931 0.384761 0.034398 0.033444
0 0.658800 0.554432 0.035643 0.033579
0 0.220227 0.472232 0.030661 0.033042
0 0.804794 0.855211 0.034716 0.038174
0 0.370411 0.710737 0.034398 0.033444
0 0.830866 0.476900 0.035749 0.035156
0 0.753770 0.783810 0.035643 0.033579
0 0.747819 0.881625 0.034398 0.033444
0 0.884275 0.512828 0.034291 0.031868
0 0.582274 0.862197 0.029416 0.032908
0 0.875899 0.637377 0.034291 0.031868
0 0.809142 0.790571 0.036995 0.035290
0 0.807021 0.822103 0.036995 0.035290
0 0.141064 0.847204 0.035749 0.035156
0 0.698863 0.779481 0.035855 0.036732
0 0.251237 0.859871 0.036464 0.027407
0 0.432767 0.622971 0.034504 0.035022
0 0.757853 0.723112 0.035537 0.032002
0 0.859543 0.861905 0.034610 0.036598
0 0.803243 0.887598 0.033152 0.033310
0 0.257188 0.762056 0.033152 0.033310
0 0.880710 0.575170 0.035643 0.033579
0 0.710248 0.619526 0.034716 0.038174
0 0.457578 0.878931 0.022764 0.025930
0 0.766958 0.597053 0.031800 0.031600
0 0.171894 0.370155 0.033364 0.036464
0 0.652027 0.645806 0.034610 0.036598
0 0.705225 0.684887 0.033364 0.036464
0 0.854679 0.924901 0.035855 0.036732
0 0.143913 0.814163 0.037207 0.038443
0 0.777615 0.438607 0.034398 0.033444
0 0.745698 0.913157 0.036888 0.033713
0 0.823934 0.570639 0.034398 0.033444
0 0.197217 0.851667 0.038240 0.035424
0 0.771253 0.533202 0.034185 0.030292
0 0.323163 0.611159 0.032013 0.034753
0 0.148102 0.751888 0.037101 0.036866
0 0.366845 0.773078 0.035537 0.032002
0 0.707968 0.653422 0.034610 0.036598
0 0.858098 0.892715 0.033258 0.034887
0 0.763645 0.627662 0.034610 0.036598
0 0.475083 0.795859 0.032013 0.034753
0 0.378588 0.617132 0.033258 0.034887
