0 0.635071 0.926430 0.038949 0.029729
0 0.540179 0.266848 0.037634 0.036793
0 0.523930 0.366769 0.039982 0.043238
0 0.754465 0.951901 0.032403 0.035572
0 0.783365 0.957848 0.033183 0.040177
0 0.761623 0.917671 0.029527 0.033427
0 0.535632 0.297699 0.036326 0.036488
0 0.802553 0.924830 0.041290 0.043543
0 0.695402 0.574324 0.042597 0.043848
0 0.809650 0.963185 0.032923 0.038642
0 0.677850 0.677930 0.039722 0.041703
0 0.806898 0.818940 0.032923 0.038642
0 0.547333 0.228629 0.035806 0.033418
0 0.736907 0.911105 0.032923 0.038642
0 0.832529 0.824124 0.031876 0.039872
0 0.517819 0.402839 0.033970 0.037412
0 0.813341 0.857142 0.042077 0.040779
0 0.825822 0.783467 0.039982 0.043238
0 0.509877 0.437684 0.035799 0.040788
0 0.785416 0.777228 0.032403 0.035572
0 0.725956 0.393974 0.033970 0.037412
0 0.642699 0.560428 0.040249 0.037403
0 0.821561 0.563877 0.032403 0.035572
0 0.807750 0.890143 0.039722 0.041703
0 0.798032 0.706775 0.031096 0.035267
0 0.550706 0.200696 0.036326 0.036488
0 0.892918 0.395444 0.039982 0.043238
0 0.836870 0.714244 0.038154 0.039863
0 0.659648 0.785372 0.039722 0.041703
0 0.664191 0.750532 0.037366 0.042628
0 0.831149 0.748011 0.038674 0.042933
0 0.826556 0.454151 0.041029 0.042008
0 0.834046 0.494192 0.031356 0.036802
0 0.801650 0.524926 0.034490 0.040482
0 0.832536 0.418848 0.041029 0.042008
0 0.712611 0.797733 0.035799 0.040788
0 0.806714 0.487016 0.031616 0.038337
0 0.594409 0.512460 0.036846 0.039558
0 0.764589 0.735669 0.031616 0.038337
0 0.647947 0.854443 0.037106 0.041093
0 0.613450 0.737094 0.036846 0.039558
0 0.640008 0.893278 0.040502 0.046308
0 0.795998 0.630510 0.037106 0.041093
0 0.827411 0.529342 0.033183 0.040177
0 0.708408 0.501569 0.035279 0.037718
0 0.766882 0.810399 0.040242 0.044773
0 0.701773 0.536719 0.040242 0.044773
0 0.588822 0.549450 0.042330 0.049683
0 0.737448 0.655140 0.040242 0.044773
0 0.677796 0.345238 0.041810 0.046613
0 0.754866 0.548312 0.038674 0.042933
0 0.772284 0.441485 0.037626 0.044163
0 0.630868 0.630266 0.042070 0.048148
0 0.766698 0.478474 0.036319 0.043858
0 0.732721 0.358057 0.041810 0.046613
0 0.748755 0.584383 0.038934 0.044468
0 0.613135 0.405938 0.041550 0.045078
0 0.637109 0.593428 0.041029 0.042008
0 0.724703 0.726360 0.038674 0.042933
0 0.672603 0.383915 0.041290 0.043543
0 0.647896 0.525741 0.040762 0.047843
0 0.671085 0.713847 0.038674 0.042933
0 0.731207 0.691978 0.039722 0.041703
0 0.717808 0.763045 0.037366 0.042628
0 0.624963 0.332109 0.040242 0.044773
0 0.843375 0.679861 0.040242 0.044773
0 0.607678 0.442160 0.039982 0.043238
0 0.879259 0.468046 0.039722 0.041703
0 0.653667 0.820675 0.039722 0.041703
0 0.718668 0.428971 0.037626 0.044163
0 0.684091 0.641092 0.039722 0.041703
0 0.666622 0.419218 0.038674 0.042933
0 0.654137 0.488903 0.039722 0.041703
0 0.690466 0.607477 0.040509 0.038938
0 0.761631 0.512395 0.036586 0.038023
0 0.701564 0.866956 0.039722 0.041703
0 0.619246 0.369867 0.038674 0.042933
0 0.600050 0.808162 0.040762 0.047843
0 0.624627 0.667104 0.041029 0.042008
0 0.872754 0.502428 0.038154 0.039863
0 0.855072 0.606801 0.041290 0.043543
0 0.618776 0.701639 0.041290 0.043543
0 0.742775 0.619685 0.035279 0.037718
0 0.784900 0.371031 0.038934 0.044468
0 0.791397 0.741925 0.036059 0.042323
0 0.601043 0.477310 0.038674 0.042933
0 0.801979 0.595208 0.040242 0.044773
0 0.771353 0.699751 0.033183 0.040177
0 0.706890 0.831501 0.038414 0.041398
0 0.839430 0.382162 0.042857 0.045383
0 0.761031 0.844933 0.039462 0.040168
0 0.867687 0.536349 0.036846 0.039558
0 0.594463 0.845151 0.041029 0.042008
0 0.789887 0.666581 0.042597 0.043848
0 0.694929 0.902105 0.038414 0.041398
0 0.849615 0.643024 0.039722 0.041703
0 0.861837 0.570884 0.039722 0.041703
0 0.712427 0.465808 0.039722 0.041703
0 0.589920 0.879992 0.041290 0.043543
0 0.885240 0.432743 0.040242 0.044773
0 0.583939 0.915294 0.041290 0.043543
0 0.690256 0.937713 0.038934 0.044468
0 0.779703 0.405719 0.036846 0.039558
0 0.754920 0.881003 0.042337 0.042313
0 0.606945 0.771477 0.038414 0.041398
0 0.659987 0.454368 0.039982 0.043238
