0 0.447033 0.484191 0.032847 0.041571
0 0.469392 0.236809 0.037957 0.050574
0 0.465814 0.278482 0.037816 0.048940
0 0.670345 0.316255 0.036854 0.050366
0 0.411194 0.308030 0.036714 0.048732
0 0.678193 0.231377 0.037957 0.050574
0 0.317427 0.206465 0.037957 0.050574
0 0.674545 0.273868 0.035472 0.046889
0 0.681500 0.186331 0.039200 0.052417
0 0.575757 0.211213 0.037816 0.048940
0 0.450882 0.445890 0.036574 0.047097
0 0.618471 0.307295 0.036714 0.048732
0 0.453979 0.403294 0.037957 0.050574
0 0.655002 0.481924 0.036714 0.048732
0 0.265693 0.195872 0.038097 0.052209
0 0.568461 0.296194 0.038097 0.052209
0 0.560684 0.380255 0.039340 0.054051
0 0.407476 0.351339 0.039060 0.050782
0 0.273750 0.108542 0.039340 0.054051
0 0.463884 0.731500 0.025672 0.033785
0 0.510023 0.344122 0.046754 0.039372
0 0.498217 0.494682 0.044830 0.042224
0 0.122939 0.632274 0.037536 0.045671
0 0.685140 0.737553 0.037957 0.050574
0 0.108147 0.798048 0.038779 0.047513
0 0.873285 0.984158 0.040983 0.031684
0 0.523180 0.210424 0.047577 0.036312
0 0.598387 0.554275 0.038919 0.049148
0 0.877003 0.948973 0.041404 0.052833
0 0.525987 0.177739 0.045933 0.042432
0 0.506395 0.373330 0.049520 0.046325
0 0.933566 0.277085 0.036995 0.052001
0 0.112205 0.757296 0.034910 0.040352
0 0.515845 0.276300 0.042486 0.040174
0 0.152452 0.301545 0.035472 0.046889
0 0.118740 0.674662 0.032025 0.044631
0 0.884991 0.862461 0.037536 0.045671
0 0.156441 0.261610 0.038919 0.049148
0 0.313159 0.836742 0.036854 0.050366
0 0.880791 0.904848 0.038919 0.049148
0 0.137109 0.467214 0.037536 0.045671
0 0.327119 0.674133 0.036434 0.045463
0 0.309852 0.881788 0.035612 0.048524
0 0.754552 0.542231 0.035331 0.045255
0 0.116824 0.122934 0.036995 0.052001
0 0.093013 0.374194 0.036434 0.045463
0 0.637324 0.687840 0.032025 0.044631
0 0.847357 0.687624 0.037536 0.045671
0 0.098243 0.332832 0.040162 0.050990
0 0.528453 0.142498 0.049661 0.047960
0 0.307384 0.329957 0.033949 0.041779
0 0.113106 0.166242 0.039060 0.050782
0 0.316046 0.796599 0.035331 0.045255
0 0.323822 0.712538 0.036574 0.047097
0 0.319142 0.754004 0.036714 0.048732
0 0.729035 0.239312 0.037676 0.047305
0 0.926130 0.363700 0.036434 0.045463
0 0.360351 0.300096 0.036714 0.048732
0 0.103186 0.842782 0.039200 0.052417
0 0.109458 0.208733 0.039060 0.050782
0 0.101891 0.290342 0.039881 0.047721
0 0.929708 0.322027 0.036574 0.047097
0 0.699721 0.574232 0.039340 0.054051
0 0.898820 0.694846 0.036293 0.043829
0 0.851345 0.647689 0.038779 0.047513
0 0.843850 0.728480 0.039741 0.046088
0 0.363589 0.255867 0.033688 0.051377
0 0.145367 0.384075 0.037536 0.045671
0 0.105880 0.250406 0.038919 0.049148
0 0.688507 0.698331 0.035191 0.043621
0 0.149426 0.343323 0.038919 0.049148
0 0.640831 0.646984 0.034229 0.045047
0 0.890904 0.780541 0.040021 0.049356
0 0.887326 0.822214 0.037676 0.047305
0 0.192561 0.434501 0.033127 0.044839
0 0.882724 0.269150 0.039200 0.052417
0 0.184925 0.516928 0.034089 0.043413
0 0.831400 0.260294 0.037676 0.047305
0 0.299678 0.413199 0.035331 0.045255
0 0.821699 0.386339 0.035191 0.043621
0 0.160570 0.220040 0.037957 0.050574
0 0.345008 0.465765 0.031885 0.042997
0 0.116124 0.718177 0.036854 0.050366
0 0.916499 0.488930 0.036293 0.043829
0 0.909273 0.573093 0.034229 0.045047
0 0.168487 0.134346 0.036714 0.048732
0 0.703850 0.532662 0.037536 0.045671
0 0.342192 0.505091 0.035472 0.046889
0 0.089294 0.417502 0.039060 0.050782
0 0.835469 0.212900 0.038237 0.053842
0 0.120893 0.075541 0.037275 0.055268
0 0.853751 0.606625 0.039340 0.054051
0 0.367647 0.215114 0.031744 0.041363
0 0.141239 0.425645 0.036574 0.047097
0 0.937565 0.230508 0.039340 0.054051
0 0.403828 0.393829 0.034370 0.046681
0 0.922482 0.406192 0.038919 0.049148
0 0.608570 0.429150 0.037395 0.044037
0 0.901637 0.655520 0.037676 0.047305
0 0.682313 0.783521 0.037957 0.050574
0 0.773954 0.335810 0.036574 0.047097
0 0.919936 0.448890 0.036714 0.048732
0 0.885139 0.221444 0.040583 0.055892
0 0.828925 0.302175 0.033408 0.048108
0 0.207695 0.271284 0.035331 0.045255
0 0.164839 0.176837 0.038919 0.049148
0 0.188984 0.476174 0.035752 0.050158
0 0.178110 0.602829 0.035612 0.048524
0 0.461204 0.319131 0.032847 0.041571
0 0.172416 0.088587 0.039481 0.055684
0 0.197582 0.395591 0.034510 0.048316
0 0.375775 0.126969 0.036173 0.055060
0 0.512418 0.309698 0.044290 0.048553
0 0.695452 0.617435 0.035331 0.045255
0 0.325694 0.116686 0.039340 0.054051
0 0.872882 0.396830 0.036434 0.045463
0 0.905145 0.614663 0.040162 0.050990
0 0.181898 0.558704 0.035893 0.051793
0 0.895102 0.738154 0.038919 0.049148
0 0.519202 0.243719 0.048559 0.047752
0 0.840202 0.770971 0.040583 0.055892
0 0.878936 0.313275 0.038919 0.049148
0 0.858091 0.562604 0.037676 0.047305
0 0.732893 0.194371 0.038097 0.052209
0 0.333794 0.589865 0.037957 0.050574
0 0.864625 0.479970 0.038919 0.049148
0 0.875288 0.355766 0.036714 0.048732
0 0.127408 0.593260 0.037536 0.045671
0 0.912851 0.531420 0.036854 0.050366
0 0.262045 0.238362 0.032847 0.041571
0 0.134083 0.508992 0.036574 0.047097
0 0.634227 0.730436 0.038097 0.052209
0 0.501734 0.447184 0.046774 0.052238
0 0.371295 0.172623 0.036995 0.052001
0 0.758060 0.501375 0.039741 0.046088
0 0.706666 0.493335 0.036714 0.048732
0 0.254338 0.321605 0.034229 0.045047
0 0.605543 0.470928 0.038919 0.049148
0 0.692565 0.657579 0.036854 0.050366
0 0.131056 0.550770 0.037816 0.048940
0 0.330627 0.633276 0.038919 0.049148
0 0.710865 0.450949 0.035331 0.045255
0 0.564883 0.337868 0.037395 0.044037
0 0.861458 0.523381 0.037676 0.047305
0 0.204257 0.311322 0.035752 0.050158
0 0.476007 0.146716 0.038237 0.053842
0 0.594189 0.596663 0.040021 0.049356
0 0.751596 0.583192 0.038919 0.049148
0 0.579204 0.164533 0.039340 0.054051
0 0.295549 0.454769 0.039060 0.050782
0 0.629836 0.174920 0.037275 0.055268
0 0.338063 0.546660 0.036714 0.048732
0 0.666077 0.359458 0.035331 0.045255
0 0.440359 0.568459 0.039060 0.050782
0 0.651565 0.521963 0.036574 0.047097
0 0.443596 0.524230 0.035752 0.050158
0 0.414220 0.266254 0.035472 0.046889
0 0.250620 0.364913 0.039060 0.050782
0 0.777322 0.296587 0.034370 0.046681
0 0.302704 0.371421 0.036854 0.050366
0 0.647095 0.606648 0.037816 0.048940
0 0.321074 0.163975 0.037676 0.047305
0 0.399699 0.435399 0.035612 0.048524
0 0.200609 0.353814 0.035472 0.046889
0 0.269821 0.154302 0.036574 0.047097
0 0.357535 0.339422 0.035331 0.045255
0 0.601485 0.511680 0.037536 0.045671
0 0.761978 0.462257 0.038919 0.049148
0 0.658991 0.441988 0.035472 0.046889
0 0.662639 0.399498 0.037957 0.050574
0 0.313708 0.249774 0.037816 0.048940
0 0.623291 0.264194 0.036854 0.050366
0 0.784697 0.204148 0.038377 0.055476
0 0.210932 0.227054 0.036995 0.052001
0 0.780628 0.251541 0.038097 0.052209
0 0.457767 0.359169 0.037957 0.050574
0 0.309579 0.291344 0.036574 0.047097
0 0.868273 0.437478 0.038919 0.049148
0 0.722631 0.326953 0.037536 0.045671
0 0.257986 0.279114 0.036995 0.052001
0 0.748018 0.624865 0.038779 0.047513
0 0.572660 0.253808 0.036434 0.045463
0 0.349067 0.425012 0.035472 0.046889
0 0.769895 0.376562 0.037676 0.047305
0 0.473250 0.191866 0.037816 0.048940
0 0.615995 0.349176 0.036574 0.047097
0 0.713892 0.409171 0.036574 0.047097
0 0.718091 0.366784 0.037676 0.047305
0 0.649159 0.563027 0.039060 0.050782
0 0.625767 0.222312 0.036714 0.048732
0 0.611937 0.389929 0.035472 0.046889
0 0.825758 0.345587 0.036854 0.050366
0 0.725177 0.284254 0.038097 0.052209
0 0.352715 0.382522 0.035752 0.050158
0 0.766247 0.419053 0.037957 0.050574
