0 0.444444 0.912295 0.037778 0.050820
0 0.498333 0.453279 0.041111 0.047541
0 0.085000 0.866393 0.036667 0.040984
0 0.137778 0.911475 0.033333 0.042623
0 0.085000 0.909016 0.038889 0.047541
0 0.498889 0.184426 0.042222 0.034426
0 0.498333 0.317213 0.041111 0.037705
0 0.394444 0.871311 0.035556 0.040984
0 0.083333 0.824590 0.035556 0.042623
0 0.342222 0.911475 0.037778 0.049180
0 0.394444 0.911475 0.035556 0.042623
0 0.187778 0.912295 0.035556 0.044262
0 0.445556 0.826230 0.037778 0.049180
0 0.394444 0.827049 0.037778 0.047541
0 0.292222 0.868852 0.035556 0.042623
0 0.187778 0.868852 0.035556 0.042623
0 0.238333 0.913115 0.036667 0.045902
0 0.136667 0.824590 0.035556 0.045902
0 0.237222 0.824590 0.034444 0.045902
0 0.187222 0.824590 0.036667 0.045902
0 0.342222 0.825410 0.035556 0.047541
0 0.291111 0.913934 0.037778 0.044262
0 0.291667 0.826230 0.034444 0.049180
0 0.342778 0.868033 0.034444 0.037705
0 0.280000 0.784426 0.022222 0.034426
0 0.331667 0.783607 0.021111 0.032787
0 0.500000 0.250000 0.044444 0.037705
0 0.497222 0.381148 0.041111 0.031148
0 0.175556 0.783607 0.020000 0.032787
0 0.498333 0.285246 0.041111 0.032787
0 0.072222 0.782787 0.022222 0.034426
0 0.498333 0.150820 0.043333 0.032787
0 0.123889 0.782787 0.021111 0.034426
0 0.382778 0.784426 0.023333 0.034426
0 0.497222 0.353279 0.041111 0.031148
0 0.486111 0.740984 0.021111 0.032787
0 0.137222 0.869672 0.034444 0.044262
0 0.435000 0.783607 0.023333 0.032787
0 0.498889 0.216393 0.042222 0.029508
0 0.237778 0.869672 0.035556 0.044262
0 0.228333 0.783607 0.023333 0.032787
