0 0.685401 0.882147 0.031813 0.027612
0 0.750209 0.791411 0.036202 0.035981
0 0.881472 0.552879 0.037973 0.042442
0 0.669116 0.432040 0.036388 0.023560
0 0.800952 0.830853 0.035806 0.031261
0 0.373750 0.641348 0.034827 0.034240
0 0.340181 0.382246 0.035091 0.037387
0 0.307544 0.763719 0.036466 0.039128
0 0.134764 0.830391 0.036334 0.037554
0 0.622514 0.807658 0.024751 0.031330
0 0.490668 0.731058 0.023958 0.021889
0 0.478995 0.855192 0.024487 0.028183
0 0.497545 0.634125 0.021604 0.023129
0 0.883292 0.523687 0.036070 0.034407
0 0.637779 0.648206 0.023376 0.029590
0 0.478208 0.881053 0.026679 0.030873
0 0.651089 0.492738 0.021297 0.024145
0 0.648873 0.524909 0.022507 0.028181
0 0.645637 0.553966 0.019860 0.028992
0 0.642779 0.584275 0.020251 0.026338
0 0.641772 0.616799 0.021270 0.027642
0 0.677174 0.496842 0.019776 0.024329
0 0.674750 0.527600 0.017169 0.025924
0 0.509258 0.357465 0.031364 0.022262
0 0.505078 0.394535 0.032680 0.024773
0 0.497309 0.509973 0.036423 0.029087
0 0.494705 0.533069 0.033020 0.026623
0 0.493013 0.547846 0.033089 0.012507
0 0.503313 0.562986 0.022803 0.016616
0 0.503801 0.577699 0.025850 0.020121
0 0.487537 0.765085 0.023192 0.020075
0 0.492742 0.713834 0.020493 0.024535
0 0.495911 0.676071 0.022979 0.024869
0 0.496780 0.650729 0.019965 0.018241
0 0.691765 0.813785 0.036466 0.039128
0 0.258265 0.691855 0.033716 0.035647
0 0.356889 0.834796 0.036334 0.037554
0 0.326847 0.541162 0.032341 0.033906
0 0.232684 0.337561 0.039084 0.041035
0 0.702129 0.690272 0.038820 0.037889
0 0.562372 0.385866 0.037709 0.039295
0 0.419569 0.746957 0.033716 0.035647
0 0.617884 0.390942 0.036334 0.037554
0 0.451101 0.401137 0.036466 0.039128
0 0.253605 0.754876 0.037445 0.036148
0 0.598224 0.610268 0.035938 0.032834
0 0.555892 0.478078 0.035091 0.037387
0 0.398691 0.359085 0.035487 0.042108
0 0.208919 0.620778 0.033848 0.037220
0 0.700176 0.721037 0.037445 0.036148
0 0.250833 0.787918 0.035223 0.038960
0 0.590104 0.707034 0.038556 0.034741
0 0.592679 0.676352 0.036202 0.035981
0 0.601354 0.580457 0.037445 0.036148
0 0.198291 0.747439 0.036466 0.039128
0 0.422831 0.715573 0.034959 0.035814
0 0.696914 0.752423 0.036202 0.035981
0 0.202885 0.685205 0.035091 0.037387
0 0.214398 0.555481 0.033716 0.035647
0 0.315597 0.667740 0.036202 0.035981
0 0.578921 0.832824 0.037577 0.037721
0 0.224207 0.431096 0.035223 0.038960
0 0.265498 0.598153 0.035091 0.037387
0 0.434279 0.586635 0.035938 0.032834
0 0.426159 0.683401 0.036334 0.037554
0 0.206213 0.653034 0.036202 0.035981
0 0.195519 0.780481 0.036202 0.035981
0 0.576836 0.865163 0.036202 0.035981
0 0.628483 0.744018 0.028876 0.036552
0 0.768495 0.573492 0.033848 0.037220
0 0.148814 0.677935 0.039084 0.041035
0 0.614622 0.422327 0.034563 0.031094
0 0.644090 0.872614 0.023508 0.031163
0 0.552008 0.509379 0.034827 0.034240
0 0.391969 0.424215 0.037313 0.034574
0 0.833194 0.454100 0.034959 0.035814
0 0.378277 0.579901 0.033320 0.030927
0 0.642005 0.904954 0.027633 0.036385
0 0.565145 0.352823 0.035223 0.038960
0 0.454561 0.367392 0.037841 0.040868
0 0.386754 0.486365 0.037445 0.036148
0 0.389395 0.454897 0.037445 0.036148
0 0.122743 0.321985 0.035487 0.042108
0 0.820547 0.612313 0.033584 0.034073
0 0.778633 0.445173 0.037973 0.042442
0 0.822566 0.580761 0.032605 0.037053
0 0.216219 0.526289 0.034827 0.034240
0 0.323519 0.573334 0.031494 0.038459
0 0.875926 0.618963 0.039931 0.036483
0 0.493573 0.696443 0.021472 0.021555
0 0.299820 0.855765 0.033584 0.034073
0 0.848278 0.933482 0.037445 0.036148
0 0.332128 0.478225 0.032341 0.033906
0 0.280010 0.440191 0.037445 0.036148
0 0.470187 0.787893 0.035264 0.024809
0 0.499458 0.454021 0.036505 0.039600
0 0.511066 0.338153 0.036745 0.027808
0 0.469056 0.805491 0.033903 0.018108
0 0.288817 0.342721 0.036730 0.042275
0 0.439428 0.525271 0.033716 0.035647
0 0.581561 0.801356 0.037577 0.037721
0 0.411450 0.843723 0.033320 0.030927
0 0.362170 0.771859 0.036334 0.037554
0 0.855916 0.842459 0.037220 0.033473
0 0.509744 0.374891 0.034910 0.023518
0 0.852892 0.871011 0.038331 0.032066
0 0.158748 0.552056 0.034549 0.030937
0 0.737651 0.918608 0.039667 0.033335
0 0.487338 0.748272 0.024964 0.019224
0 0.408994 0.872989 0.036175 0.035666
0 0.503494 0.420911 0.036466 0.039128
0 0.583646 0.769017 0.038688 0.036315
0 0.608654 0.485967 0.036466 0.039128
0 0.334147 0.446674 0.036334 0.037554
0 0.740172 0.888555 0.037418 0.035833
0 0.860813 0.776606 0.036109 0.034879
0 0.794135 0.927077 0.038543 0.034584
0 0.858219 0.807524 0.036466 0.039128
0 0.863359 0.746270 0.036188 0.035823
0 0.358974 0.802457 0.037181 0.033001
0 0.305644 0.793855 0.037154 0.032687
0 0.381341 0.550876 0.034959 0.035814
0 0.607256 0.517603 0.033452 0.032500
0 0.368337 0.705859 0.037577 0.037721
0 0.270846 0.534429 0.035223 0.038960
0 0.310052 0.733824 0.036202 0.035981
0 0.228789 0.383977 0.038050 0.058008
0 0.657425 0.713698 0.022979 0.024869
0 0.120103 0.353453 0.034695 0.032667
0 0.804148 0.800254 0.037445 0.036148
0 0.761971 0.636262 0.036334 0.037554
0 0.770580 0.541153 0.032209 0.032333
0 0.137432 0.806086 0.037709 0.039295
0 0.849742 0.901059 0.037577 0.037721
0 0.873907 0.650516 0.036202 0.035981
0 0.815398 0.673677 0.036598 0.040701
0 0.807410 0.768869 0.036202 0.035981
0 0.093764 0.667352 0.035091 0.037387
0 0.683712 0.909765 0.036466 0.039128
0 0.715953 0.533013 0.029327 0.027278
0 0.746458 0.821139 0.038952 0.039462
0 0.795473 0.896149 0.038688 0.036315
0 0.337183 0.410484 0.034112 0.040366
0 0.151097 0.643236 0.037577 0.037721
0 0.831043 0.487226 0.033716 0.035647
0 0.321302 0.607247 0.035091 0.037387
0 0.175417 0.360889 0.033716 0.035647
0 0.751475 0.761349 0.036202 0.035981
0 0.428178 0.651848 0.034827 0.034240
0 0.161461 0.519722 0.035487 0.042108
0 0.318172 0.637058 0.036070 0.034407
0 0.145552 0.709321 0.037313 0.034574
0 0.620006 0.837552 0.024751 0.031330
0 0.812691 0.705932 0.038688 0.036315
0 0.652144 0.776635 0.023243 0.028015
0 0.634451 0.680377 0.024487 0.028183
0 0.632889 0.361931 0.025994 0.031497
0 0.686960 0.369201 0.024751 0.031330
0 0.079120 0.826888 0.037445 0.036148
0 0.708230 0.625058 0.034959 0.035814
0 0.870090 0.681030 0.038820 0.037889
0 0.549989 0.540931 0.033848 0.037220
0 0.817417 0.642124 0.032341 0.033906
0 0.276748 0.471575 0.038952 0.039462
0 0.650059 0.808974 0.022133 0.029422
0 0.095849 0.635013 0.036466 0.039128
0 0.754049 0.730667 0.036334 0.037554
0 0.706079 0.658184 0.036202 0.035981
0 0.086486 0.731611 0.033584 0.034073
0 0.867873 0.714942 0.037709 0.039295
0 0.662033 0.366645 0.027105 0.030091
0 0.757377 0.698496 0.035223 0.038960
0 0.274107 0.503044 0.035938 0.032834
0 0.828468 0.517907 0.036334 0.037554
0 0.798378 0.861534 0.039216 0.042609
0 0.546529 0.574676 0.032473 0.035480
0 0.117039 0.382477 0.036334 0.037554
0 0.329064 0.507250 0.033980 0.038793
0 0.613284 0.902683 0.024619 0.029757
0 0.107032 0.509222 0.034695 0.032667
0 0.097868 0.603461 0.037445 0.036148
0 0.143665 0.739299 0.038820 0.037889
0 0.773776 0.510554 0.033848 0.037220
0 0.759396 0.666943 0.038688 0.036315
0 0.660687 0.682313 0.024751 0.031330
0 0.168183 0.454592 0.035091 0.037387
0 0.625485 0.772256 0.024355 0.026609
0 0.445396 0.461631 0.034827 0.034240
0 0.810117 0.736614 0.038820 0.037889
0 0.669098 0.589565 0.023243 0.028015
0 0.177991 0.330208 0.033848 0.037220
0 0.247571 0.819303 0.033452 0.032500
0 0.616876 0.867365 0.023243 0.028015
0 0.153050 0.612471 0.036202 0.035981
0 0.557223 0.447228 0.034959 0.035814
0 0.663883 0.651715 0.023640 0.032736
0 0.260971 0.659601 0.033584 0.034073
0 0.672312 0.401442 0.036334 0.037554
0 0.825272 0.548506 0.035223 0.038960
0 0.885669 0.495365 0.038820 0.037889
0 0.667277 0.618756 0.022133 0.029422
0 0.085155 0.762461 0.036202 0.035981
0 0.090370 0.700311 0.036334 0.037554
0 0.743553 0.855755 0.036466 0.039128
0 0.670561 0.557142 0.023376 0.029590
0 0.695649 0.782485 0.035938 0.032834
0 0.430753 0.621167 0.035487 0.042108
0 0.710738 0.595163 0.034959 0.035814
0 0.285423 0.375680 0.034959 0.035814
0 0.629880 0.712381 0.025862 0.029924
0 0.140958 0.771555 0.038688 0.036315
0 0.775861 0.478216 0.034959 0.035814
0 0.113645 0.415436 0.034827 0.034240
0 0.302263 0.826656 0.036466 0.039128
0 0.376880 0.611536 0.036334 0.037554
0 0.110449 0.446035 0.033716 0.035647
0 0.721724 0.471732 0.033848 0.037220
0 0.282650 0.408722 0.035223 0.038960
0 0.189550 0.844122 0.037313 0.034574
0 0.877945 0.587411 0.038952 0.039462
0 0.666674 0.461148 0.037841 0.040868
0 0.655340 0.746036 0.024883 0.032903
0 0.364877 0.739604 0.033716 0.035647
0 0.370422 0.673519 0.038952 0.039462
0 0.081827 0.794632 0.037577 0.037721
0 0.395297 0.392044 0.036202 0.035981
0 0.766476 0.605043 0.034827 0.034240
0 0.165608 0.485274 0.037445 0.036148
0 0.416929 0.778426 0.033716 0.035647
0 0.719149 0.502414 0.033716 0.035647
0 0.448460 0.432605 0.036202 0.035981
0 0.647286 0.842016 0.024619 0.029757
0 0.343377 0.351648 0.036202 0.035981
0 0.100442 0.572779 0.034827 0.034240
0 0.559732 0.417334 0.034959 0.035814
0 0.612048 0.453008 0.032473 0.035480
0 0.354249 0.866265 0.036070 0.034407
0 0.200244 0.716674 0.034827 0.034240
0 0.155135 0.580132 0.037577 0.037721
0 0.169514 0.423743 0.034959 0.035814
0 0.104458 0.539904 0.037841 0.040868
0 0.442068 0.493802 0.031494 0.038459
0 0.262858 0.629621 0.035091 0.037387
0 0.889750 0.461704 0.036730 0.042275
0 0.192191 0.812653 0.035091 0.037387
0 0.172776 0.392358 0.036202 0.035981
0 0.724694 0.436331 0.038952 0.039462
0 0.222188 0.462649 0.036202 0.035981
0 0.109051 0.477670 0.033716 0.035647
0 0.245062 0.849198 0.036466 0.039128
0 0.574129 0.897419 0.038820 0.037889
0 0.587596 0.736928 0.038820 0.037889
0 0.313512 0.700079 0.037577 0.037721
0 0.384114 0.517834 0.037445 0.036148
0 0.603928 0.549774 0.037577 0.037721
0 0.211692 0.587736 0.033848 0.037220
0 0.268205 0.565898 0.034959 0.035814
0 0.595385 0.644097 0.036598 0.040701
0 0.414090 0.812255 0.036598 0.040701
0 0.688729 0.849975 0.036466 0.039128
0 0.714000 0.563778 0.036466 0.039128
0 0.219481 0.494904 0.036334 0.037554
0 0.437343 0.557610 0.035091 0.037387
0 0.255624 0.723324 0.036466 0.039128
