0 0.873922 0.573360 0.037188 0.047050
0 0.659952 0.413642 0.024946 0.042502
0 0.926293 0.558179 0.039560 0.049209
0 0.606225 0.385681 0.026603 0.038146
0 0.283998 0.424369 0.038820 0.052201
0 0.590541 0.263247 0.026782 0.039775
0 0.610324 0.428160 0.025507 0.037881
0 0.878568 0.615706 0.040097 0.054096
0 0.768206 0.553802 0.037903 0.053565
0 0.633093 0.379179 0.025507 0.037881
0 0.585649 0.434132 0.029155 0.041935
0 0.274974 0.342121 0.040836 0.051103
0 0.620355 0.509329 0.025864 0.041139
0 0.566326 0.268271 0.026961 0.041404
0 0.594762 0.517194 0.024410 0.037616
0 0.869187 0.530201 0.038081 0.055194
0 0.615798 0.467798 0.025328 0.036253
0 0.678583 0.788661 0.029333 0.043564
0 0.882619 0.190893 0.040275 0.055725
0 0.710309 0.400620 0.026961 0.041404
0 0.735379 0.269994 0.040300 0.046218
0 0.636553 0.420976 0.023492 0.038979
0 0.522838 0.236161 0.036652 0.042163
0 0.952485 0.678907 0.028976 0.040306
0 0.570244 0.309121 0.027700 0.038412
0 0.623636 0.549497 0.025685 0.039510
0 0.579817 0.391236 0.026424 0.036518
0 0.320137 0.286886 0.036652 0.042163
0 0.601669 0.344150 0.026424 0.036518
0 0.923714 0.642400 0.027139 0.043033
0 0.927174 0.684196 0.026961 0.041404
0 0.071049 0.520209 0.025864 0.041139
0 0.330258 0.368869 0.038667 0.041066
0 0.931309 0.598763 0.041014 0.052732
0 0.947929 0.637375 0.026961 0.041404
0 0.590754 0.475530 0.028236 0.043298
0 0.669738 0.708042 0.024767 0.040874
0 0.596743 0.304380 0.025149 0.034624
0 0.655753 0.375367 0.024767 0.040874
0 0.715381 0.867532 0.027318 0.044662
0 0.176905 0.407651 0.039024 0.044324
0 0.705013 0.362611 0.024589 0.039244
0 0.167970 0.326217 0.040860 0.041597
0 0.075337 0.559298 0.028057 0.041670
0 0.695051 0.702752 0.024231 0.035987
0 0.785914 0.258601 0.038642 0.050572
0 0.127097 0.420541 0.039585 0.039703
0 0.684236 0.829927 0.029155 0.041935
0 0.886896 0.234999 0.038463 0.048944
0 0.704903 0.782292 0.028976 0.040306
0 0.720251 0.480974 0.026782 0.039775
0 0.689061 0.873901 0.029155 0.041935
0 0.096821 0.513972 0.026246 0.034889
0 0.382068 0.358838 0.039560 0.049209
0 0.710097 0.824505 0.026043 0.042768
0 0.505946 0.533671 0.032802 0.045989
0 0.079983 0.601643 0.028057 0.041670
0 0.462409 0.147124 0.050170 0.048606
0 0.533047 0.318958 0.037774 0.032922
0 0.279084 0.379581 0.037927 0.044058
0 0.466519 0.184584 0.047975 0.048075
0 0.488243 0.377451 0.048894 0.046712
0 0.699250 0.741026 0.026961 0.041404
0 0.539887 0.735285 0.026424 0.036518
0 0.085370 0.640466 0.028057 0.041670
0 0.249076 0.475455 0.026246 0.034889
0 0.472124 0.245925 0.048869 0.056219
0 0.484669 0.344876 0.048894 0.046712
0 0.469557 0.212272 0.049455 0.042091
0 0.482447 0.319500 0.047618 0.044817
0 0.478683 0.290316 0.047236 0.051067
0 0.495188 0.451007 0.045222 0.052165
0 0.437249 0.389791 0.041932 0.051369
0 0.823477 0.585568 0.039382 0.047581
0 0.891363 0.275716 0.040657 0.049475
0 0.431697 0.344321 0.038284 0.047315
0 0.921468 0.514204 0.042468 0.056255
0 0.726236 0.648391 0.041372 0.055990
0 0.835991 0.248154 0.037188 0.047050
0 0.674962 0.663307 0.041551 0.057618
0 0.528032 0.278374 0.041014 0.052732
0 0.325152 0.327470 0.041014 0.052732
0 0.625970 0.678507 0.041551 0.057618
0 0.667494 0.579846 0.041169 0.063868
0 0.679918 0.241618 0.042468 0.056255
0 0.688215 0.322370 0.041551 0.057618
0 0.376784 0.315811 0.038999 0.053830
0 0.779903 0.214077 0.039178 0.055459
0 0.130378 0.460709 0.041193 0.054361
0 0.818741 0.542408 0.040275 0.055725
0 0.616946 0.596258 0.039178 0.055459
0 0.730185 0.227781 0.040275 0.055725
0 0.427957 0.305099 0.037545 0.050307
0 0.839909 0.289004 0.038642 0.050572
0 0.830617 0.204313 0.038999 0.053830
0 0.181921 0.448236 0.043386 0.054892
0 0.075185 0.434775 0.041754 0.049740
0 0.829041 0.626020 0.039739 0.050838
0 0.739388 0.311658 0.040097 0.054096
0 0.171801 0.366253 0.041014 0.052732
0 0.517834 0.190557 0.040990 0.062239
0 0.778952 0.641486 0.040454 0.057353
0 0.637680 0.333764 0.041372 0.055990
0 0.335451 0.411082 0.041551 0.057618
0 0.269422 0.296650 0.040454 0.057353
0 0.718386 0.571709 0.040633 0.058982
0 0.080111 0.474545 0.043029 0.051634
0 0.537425 0.358861 0.040454 0.057353
0 0.773579 0.597643 0.040836 0.051103
0 0.790191 0.302707 0.040097 0.054096
0 0.315044 0.240468 0.041169 0.063868
0 0.500561 0.494849 0.044125 0.051899
0 0.163056 0.281428 0.040990 0.062239
0 0.122630 0.379824 0.038820 0.052201
0 0.222794 0.353912 0.040275 0.055725
0 0.422583 0.261258 0.039356 0.057087
0 0.233093 0.437524 0.039739 0.050838
0 0.117537 0.333406 0.039356 0.057087
0 0.070819 0.389854 0.043744 0.058149
0 0.387262 0.401052 0.041014 0.052732
0 0.628006 0.255852 0.039535 0.058716
0 0.575987 0.351201 0.028414 0.044927
0 0.673937 0.746315 0.027139 0.043033
0 0.227619 0.397886 0.039203 0.045952
