0 0.244444 0.245066 0.035556 0.042763
0 0.243889 0.789474 0.034444 0.039474
0 0.813333 0.707237 0.035556 0.042763
0 0.090000 0.289474 0.035556 0.039474
0 0.555000 0.749178 0.032222 0.041118
0 0.863889 0.537829 0.036667 0.046053
0 0.915556 0.538651 0.035556 0.044408
0 0.812222 0.538651 0.033333 0.044408
0 0.140556 0.496711 0.036667 0.042763
0 0.863333 0.622533 0.033333 0.037829
0 0.862778 0.663651 0.036667 0.044408
0 0.399444 0.331414 0.032222 0.044408
0 0.296111 0.200658 0.034444 0.049342
0 0.812778 0.665296 0.032222 0.041118
0 0.863333 0.291118 0.035556 0.039474
0 0.089444 0.540296 0.034444 0.037829
0 0.140000 0.453947 0.035556 0.042763
0 0.606111 0.749178 0.036667 0.044408
0 0.915556 0.578947 0.033333 0.039474
0 0.862778 0.581414 0.034444 0.041118
0 0.862778 0.707237 0.036667 0.042763
0 0.503889 0.312500 0.043333 0.039474
0 0.606111 0.916118 0.038889 0.046053
0 0.606667 0.497533 0.035556 0.041118
0 0.142222 0.287007 0.033333 0.037829
0 0.913333 0.203125 0.035556 0.041118
0 0.348333 0.833059 0.036667 0.041118
0 0.812222 0.579770 0.033333 0.037829
0 0.400000 0.872533 0.033333 0.044408
0 0.400000 0.413651 0.033333 0.037829
0 0.192778 0.245066 0.032222 0.042763
0 0.140000 0.790296 0.033333 0.037829
0 0.915000 0.291941 0.034444 0.041118
0 0.399444 0.583059 0.034444 0.041118
0 0.348333 0.667763 0.034444 0.042763
0 0.245000 0.499178 0.034444 0.041118
0 0.915000 0.412829 0.034444 0.039474
0 0.502222 0.246711 0.044444 0.039474
0 0.606667 0.705592 0.035556 0.042763
0 0.503889 0.180921 0.045556 0.036184
0 0.554444 0.833059 0.033333 0.041118
0 0.760556 0.413651 0.032222 0.037829
0 0.140556 0.916118 0.036667 0.046053
0 0.555556 0.665296 0.035556 0.037829
0 0.400000 0.787007 0.031111 0.041118
0 0.606111 0.873355 0.034444 0.039474
0 0.348333 0.873355 0.036667 0.039474
0 0.865000 0.828125 0.034444 0.044408
0 0.090000 0.497533 0.035556 0.044408
0 0.090000 0.456414 0.033333 0.041118
0 0.191667 0.332237 0.034444 0.042763
0 0.761111 0.329770 0.035556 0.041118
0 0.503333 0.146382 0.044444 0.032895
0 0.140556 0.872533 0.038889 0.037829
0 0.554444 0.500000 0.035556 0.039474
0 0.915556 0.372533 0.035556 0.041118
0 0.863889 0.749178 0.036667 0.041118
0 0.504444 0.348684 0.042222 0.032895
0 0.503889 0.279605 0.041111 0.032895
0 0.517222 0.748355 0.025556 0.036184
0 0.865000 0.914474 0.036667 0.042763
0 0.088333 0.874178 0.034444 0.044408
0 0.502778 0.212171 0.045556 0.029605
0 0.865000 0.871711 0.034444 0.042763
0 0.090000 0.749178 0.037778 0.024671
0 0.555000 0.537829 0.036667 0.026316
0 0.864444 0.788651 0.033333 0.034539
0 0.862778 0.373355 0.036667 0.023026
0 0.503333 0.497533 0.040000 0.031250
0 0.089444 0.833059 0.036667 0.037829
0 0.140556 0.539474 0.034444 0.042763
0 0.606111 0.791118 0.036667 0.046053
0 0.504444 0.378289 0.042222 0.036184
0 0.555000 0.791118 0.032222 0.042763
0 0.400000 0.746711 0.031111 0.036184
0 0.348889 0.708882 0.035556 0.039474
0 0.090556 0.201480 0.036667 0.054276
0 0.915556 0.331414 0.035556 0.041118
0 0.606111 0.834704 0.036667 0.041118
0 0.555556 0.876645 0.035556 0.042763
0 0.140000 0.580592 0.035556 0.039474
0 0.090000 0.329770 0.037778 0.044408
0 0.863333 0.495066 0.033333 0.039474
0 0.554444 0.707237 0.031111 0.042763
0 0.554444 0.375822 0.033333 0.041118
0 0.912778 0.155428 0.036667 0.050987
0 0.090833 0.919408 0.035000 0.046053
0 0.347778 0.199836 0.033333 0.047697
0 0.555000 0.624178 0.036667 0.044408
0 0.348333 0.455592 0.034444 0.042763
0 0.347222 0.245888 0.034444 0.041118
0 0.811667 0.290296 0.034444 0.044408
0 0.606111 0.248355 0.034444 0.042763
0 0.605556 0.204770 0.035556 0.044408
0 0.400556 0.455592 0.034444 0.042763
0 0.243333 0.663651 0.035556 0.041118
0 0.348333 0.412829 0.032222 0.042763
0 0.192222 0.289474 0.033333 0.042763
0 0.811667 0.414474 0.034444 0.042763
0 0.348333 0.329770 0.036667 0.044408
0 0.813333 0.621711 0.035556 0.046053
0 0.656667 0.250822 0.033333 0.044408
0 0.657222 0.157072 0.034444 0.047697
0 0.811667 0.456414 0.034444 0.044408
0 0.140000 0.622533 0.037778 0.044408
0 0.862778 0.411184 0.036667 0.046053
0 0.811111 0.247533 0.033333 0.041118
0 0.607778 0.582237 0.035556 0.042763
0 0.348333 0.287829 0.034444 0.042763
0 0.554444 0.415296 0.033333 0.041118
0 0.450556 0.155428 0.034444 0.047697
0 0.244444 0.706414 0.035556 0.041118
0 0.657222 0.203947 0.036667 0.046053
0 0.140556 0.831414 0.036667 0.044408
0 0.760000 0.374178 0.035556 0.044408
0 0.348889 0.582237 0.035556 0.042763
0 0.142778 0.156250 0.038889 0.042763
0 0.348889 0.370066 0.033333 0.039474
0 0.296667 0.288651 0.035556 0.044408
0 0.087778 0.622533 0.035556 0.044408
0 0.707778 0.250000 0.035556 0.042763
0 0.140556 0.328125 0.034444 0.044408
0 0.555000 0.457237 0.034444 0.042763
0 0.863333 0.247533 0.035556 0.044408
0 0.245000 0.455592 0.036667 0.046053
0 0.088889 0.789474 0.037778 0.046053
0 0.244444 0.288651 0.035556 0.044408
0 0.140000 0.708059 0.037778 0.041118
0 0.090000 0.412829 0.035556 0.042763
0 0.400000 0.541941 0.035556 0.044408
0 0.913889 0.247533 0.036667 0.044408
0 0.811667 0.333882 0.034444 0.042763
0 0.347778 0.497533 0.033333 0.044408
0 0.244444 0.156250 0.037778 0.046053
0 0.243889 0.623355 0.032222 0.039474
0 0.760556 0.455592 0.034444 0.046053
0 0.400556 0.246711 0.034444 0.042763
0 0.915556 0.621711 0.035556 0.046053
0 0.348889 0.540296 0.035556 0.041118
0 0.605556 0.157895 0.035556 0.046053
0 0.244444 0.749178 0.033333 0.041118
0 0.142778 0.244243 0.034444 0.044408
0 0.862778 0.203125 0.036667 0.044408
0 0.245000 0.831414 0.036667 0.044408
0 0.089444 0.710526 0.036667 0.046053
0 0.244444 0.581414 0.035556 0.041118
0 0.554444 0.578125 0.035556 0.044408
0 0.707222 0.206414 0.034444 0.044408
0 0.349444 0.790296 0.036667 0.044408
0 0.140000 0.750000 0.035556 0.042763
0 0.862778 0.454770 0.034444 0.041118
0 0.140000 0.666118 0.035556 0.042763
0 0.606667 0.414474 0.035556 0.042763
0 0.245000 0.371711 0.036667 0.046053
0 0.503333 0.451480 0.040000 0.047697
0 0.554444 0.333882 0.033333 0.042763
0 0.090556 0.248355 0.036667 0.039474
0 0.760556 0.249178 0.034444 0.044408
0 0.607222 0.539474 0.036667 0.042763
0 0.088889 0.666118 0.035556 0.042763
0 0.399444 0.666118 0.032222 0.042763
0 0.090000 0.371711 0.035556 0.039474
0 0.400000 0.498355 0.035556 0.042763
0 0.606111 0.333882 0.032222 0.039474
0 0.607222 0.458059 0.036667 0.041118
0 0.606667 0.623355 0.035556 0.042763
0 0.761667 0.290296 0.034444 0.037829
0 0.244444 0.201480 0.037778 0.044408
0 0.193333 0.199836 0.033333 0.047697
0 0.348889 0.747533 0.035556 0.041118
0 0.141667 0.372533 0.034444 0.044408
0 0.606111 0.664474 0.034444 0.042763
0 0.606667 0.374178 0.033333 0.041118
0 0.863333 0.335526 0.037778 0.049342
0 0.863333 0.156250 0.035556 0.046053
0 0.400556 0.707237 0.034444 0.042763
0 0.142778 0.199836 0.036667 0.044408
0 0.760556 0.203947 0.034444 0.046053
0 0.348889 0.625822 0.033333 0.041118
0 0.297778 0.330592 0.035556 0.042763
0 0.244444 0.918586 0.040000 0.044408
0 0.244444 0.875000 0.037778 0.042763
0 0.811667 0.374178 0.034444 0.037829
0 0.244444 0.330592 0.033333 0.039474
0 0.400556 0.916941 0.036667 0.044408
0 0.811667 0.203125 0.034444 0.047697
0 0.088889 0.580592 0.035556 0.039474
0 0.348333 0.915296 0.036667 0.047697
0 0.760556 0.159539 0.034444 0.046053
0 0.399444 0.373355 0.032222 0.042763
0 0.760556 0.500822 0.034444 0.044408
0 0.399444 0.828947 0.032222 0.042763
0 0.400000 0.624178 0.033333 0.041118
0 0.140556 0.413651 0.032222 0.041118
0 0.451111 0.245066 0.033333 0.039474
0 0.915000 0.455592 0.034444 0.042763
0 0.295000 0.245066 0.036667 0.039474
0 0.914444 0.497533 0.035556 0.041118
0 0.244444 0.415296 0.035556 0.037829
0 0.244444 0.540296 0.035556 0.044408
0 0.811667 0.497533 0.034444 0.037829
0 0.555556 0.287007 0.035556 0.047697
0 0.399444 0.201480 0.036667 0.047697
0 0.707778 0.158717 0.037778 0.047697
0 0.400000 0.288651 0.033333 0.041118
0 0.400000 0.152138 0.037778 0.047697
0 0.451667 0.201480 0.036667 0.044408
0 0.606111 0.292763 0.034444 0.042763
