0 0.555000 0.284653 0.034444 0.041254
0 0.553889 0.659241 0.034444 0.044554
0 0.400556 0.146040 0.036667 0.047855
0 0.605000 0.326733 0.036667 0.042904
0 0.605556 0.198020 0.035556 0.042904
0 0.860000 0.283828 0.035556 0.042904
0 0.860000 0.192244 0.035556 0.047855
0 0.554444 0.577558 0.035556 0.042904
0 0.810556 0.490924 0.032222 0.041254
0 0.400000 0.284653 0.035556 0.044554
0 0.605000 0.240099 0.034444 0.041254
0 0.245000 0.490924 0.036667 0.041254
0 0.706667 0.325083 0.033333 0.039604
0 0.605000 0.283003 0.034444 0.041254
0 0.605556 0.148515 0.035556 0.052805
0 0.810556 0.745050 0.036667 0.044554
0 0.555556 0.323432 0.033333 0.039604
0 0.706667 0.490924 0.033333 0.044554
0 0.296111 0.281353 0.036667 0.044554
0 0.810556 0.408416 0.032222 0.041254
0 0.706667 0.407591 0.033333 0.042904
0 0.758333 0.194719 0.034444 0.046205
0 0.452222 0.240924 0.035556 0.042904
0 0.452222 0.283828 0.035556 0.042904
0 0.246111 0.240099 0.032222 0.044554
0 0.913333 0.239274 0.037778 0.046205
0 0.912778 0.407591 0.034444 0.042904
0 0.092778 0.236799 0.034444 0.041254
0 0.808889 0.326733 0.033333 0.042904
0 0.191111 0.828383 0.035556 0.039604
0 0.193333 0.191419 0.035556 0.049505
0 0.913333 0.190594 0.035556 0.047855
0 0.860000 0.238449 0.033333 0.044554
0 0.347778 0.279703 0.035556 0.044554
0 0.554444 0.194719 0.035556 0.046205
0 0.554444 0.146040 0.033333 0.047855
0 0.912778 0.282178 0.034444 0.039604
0 0.244444 0.322607 0.031111 0.041254
0 0.143333 0.279703 0.035556 0.047855
0 0.400000 0.194719 0.035556 0.046205
0 0.655556 0.193069 0.033333 0.039604
0 0.244444 0.406766 0.033333 0.044554
0 0.400000 0.240099 0.033333 0.044554
0 0.808333 0.282178 0.034444 0.046205
0 0.242222 0.702145 0.035556 0.044554
0 0.861111 0.406766 0.033333 0.044554
0 0.811111 0.575908 0.033333 0.042904
0 0.191667 0.574257 0.034444 0.042904
0 0.348889 0.147690 0.035556 0.051155
0 0.811111 0.617987 0.033333 0.041254
0 0.706111 0.146865 0.038889 0.046205
0 0.244444 0.449670 0.035556 0.041254
0 0.246667 0.194719 0.035556 0.042904
0 0.758333 0.283828 0.034444 0.039604
0 0.707222 0.365512 0.032222 0.041254
0 0.348889 0.364686 0.035556 0.042904
0 0.758889 0.146040 0.033333 0.051155
0 0.912778 0.364686 0.032222 0.042904
0 0.913333 0.448845 0.033333 0.039604
0 0.706111 0.240099 0.032222 0.041254
0 0.502778 0.443894 0.041111 0.046205
0 0.193889 0.280528 0.034444 0.042904
0 0.451667 0.325908 0.036667 0.041254
0 0.450000 0.448845 0.035556 0.042904
0 0.244444 0.363861 0.031111 0.037954
0 0.297778 0.238449 0.033333 0.041254
0 0.707778 0.617987 0.033333 0.041254
0 0.193333 0.406766 0.033333 0.041254
0 0.348889 0.235974 0.035556 0.042904
0 0.861111 0.490099 0.031111 0.039604
0 0.245000 0.281353 0.030000 0.037954
0 0.348333 0.408416 0.034444 0.041254
0 0.861111 0.533003 0.033333 0.042904
0 0.192222 0.490099 0.031111 0.039604
0 0.606667 0.410066 0.031111 0.041254
0 0.090556 0.407591 0.036667 0.039604
0 0.861111 0.576733 0.033333 0.041254
0 0.193333 0.322607 0.033333 0.041254
0 0.191667 0.916667 0.036667 0.044554
0 0.862222 0.660891 0.035556 0.037954
0 0.555556 0.492574 0.033333 0.037954
0 0.915000 0.870462 0.038889 0.041254
0 0.090556 0.449670 0.034444 0.044554
0 0.556111 0.405941 0.034444 0.046205
0 0.089444 0.534653 0.032222 0.039604
0 0.708333 0.825908 0.036667 0.021452
0 0.515000 0.741749 0.023333 0.028053
0 0.514444 0.721947 0.022222 0.018152
0 0.193889 0.363861 0.034444 0.044554
0 0.861667 0.871287 0.034444 0.046205
0 0.503333 0.483498 0.042222 0.029703
0 0.192222 0.701320 0.035556 0.042904
0 0.296111 0.533003 0.034444 0.042904
0 0.811667 0.784653 0.034444 0.024752
0 0.504444 0.368894 0.044444 0.034488
0 0.504444 0.338284 0.044444 0.026403
0 0.246667 0.146865 0.033333 0.052805
0 0.296111 0.660066 0.034444 0.042904
0 0.453333 0.147690 0.031111 0.047855
0 0.347778 0.616337 0.033333 0.041254
0 0.913889 0.827558 0.034444 0.044554
0 0.243333 0.657591 0.035556 0.044554
0 0.242778 0.786304 0.034444 0.041254
0 0.706667 0.576733 0.031111 0.041254
0 0.555000 0.534653 0.034444 0.042904
0 0.296111 0.573432 0.034444 0.037954
0 0.297778 0.194719 0.031111 0.042904
0 0.347222 0.701320 0.034444 0.039604
0 0.812222 0.825083 0.033333 0.039604
0 0.553889 0.617987 0.034444 0.037954
0 0.192778 0.448020 0.032222 0.041254
0 0.862222 0.917492 0.035556 0.042904
0 0.707222 0.702970 0.034444 0.042904
0 0.347222 0.532178 0.034444 0.041254
0 0.915000 0.785479 0.034444 0.039604
0 0.244444 0.616337 0.035556 0.037954
0 0.707778 0.743399 0.035556 0.041254
0 0.504444 0.202970 0.044444 0.029703
0 0.758333 0.240099 0.034444 0.044554
0 0.654444 0.284653 0.035556 0.044554
0 0.655556 0.237624 0.035556 0.046205
0 0.758889 0.324257 0.033333 0.041254
0 0.555556 0.240924 0.035556 0.042904
0 0.706667 0.284653 0.035556 0.047855
0 0.087222 0.869637 0.038889 0.042904
0 0.504444 0.169967 0.040000 0.039604
0 0.452778 0.195545 0.034444 0.047855
0 0.809444 0.365512 0.032222 0.037954
0 0.090000 0.613861 0.037778 0.042904
0 0.087222 0.916667 0.038889 0.047855
0 0.088333 0.745875 0.036667 0.042904
0 0.296667 0.321782 0.035556 0.033003
0 0.091667 0.193894 0.034444 0.041254
0 0.451667 0.366337 0.032222 0.039604
0 0.089444 0.659241 0.036667 0.044554
0 0.555000 0.363036 0.032222 0.039604
0 0.861667 0.700495 0.032222 0.041254
0 0.451111 0.493399 0.035556 0.046205
0 0.860556 0.448020 0.032222 0.037954
0 0.295556 0.363036 0.035556 0.042904
0 0.915000 0.914191 0.034444 0.042904
0 0.088333 0.826733 0.034444 0.039604
0 0.504444 0.136139 0.042222 0.034653
0 0.196111 0.531353 0.027778 0.039604
0 0.707778 0.916667 0.035556 0.044554
0 0.089444 0.363036 0.034444 0.046205
0 0.088333 0.785479 0.034444 0.039604
0 0.191111 0.870462 0.035556 0.044554
0 0.091111 0.493399 0.035556 0.042904
0 0.089444 0.573432 0.034444 0.037954
0 0.295000 0.704620 0.036667 0.046205
0 0.503889 0.271452 0.043333 0.031353
0 0.810556 0.533003 0.034444 0.042904
0 0.088333 0.702145 0.036667 0.041254
0 0.860556 0.323432 0.032222 0.039604
0 0.556111 0.451320 0.034444 0.041254
0 0.242222 0.827558 0.035556 0.041254
0 0.915000 0.746700 0.034444 0.041254
0 0.090556 0.320132 0.036667 0.039604
0 0.192222 0.660891 0.035556 0.041254
0 0.860000 0.363861 0.033333 0.041254
0 0.812778 0.867162 0.032222 0.044554
0 0.861111 0.619637 0.033333 0.044554
0 0.348333 0.448845 0.034444 0.039604
0 0.503889 0.237624 0.043333 0.039604
0 0.347222 0.740924 0.034444 0.042904
0 0.505000 0.304455 0.043333 0.041254
0 0.707222 0.448020 0.032222 0.037954
0 0.243333 0.915017 0.037778 0.044554
0 0.708333 0.787954 0.036667 0.047855
0 0.347778 0.490924 0.033333 0.041254
0 0.707222 0.660066 0.034444 0.042904
0 0.296667 0.490924 0.031111 0.044554
0 0.655000 0.325908 0.032222 0.037954
0 0.192222 0.742574 0.035556 0.039604
0 0.349444 0.322607 0.032222 0.041254
0 0.091667 0.278878 0.034444 0.039604
0 0.347222 0.574257 0.036667 0.042904
0 0.808333 0.193069 0.032222 0.042904
0 0.296111 0.614686 0.034444 0.044554
0 0.242778 0.868812 0.036667 0.044554
0 0.861667 0.785479 0.034444 0.039604
0 0.347222 0.830858 0.036667 0.044554
0 0.296111 0.448020 0.034444 0.037954
0 0.811111 0.659241 0.033333 0.041254
0 0.348889 0.195545 0.035556 0.041254
0 0.347222 0.786304 0.034444 0.044554
0 0.606111 0.368812 0.032222 0.041254
0 0.346667 0.659241 0.035556 0.044554
0 0.553889 0.702145 0.034444 0.044554
0 0.915000 0.705446 0.034444 0.044554
0 0.914444 0.661716 0.035556 0.042904
0 0.190556 0.784653 0.032222 0.044554
0 0.708333 0.867162 0.036667 0.051155
0 0.655556 0.367162 0.033333 0.044554
0 0.706667 0.194719 0.035556 0.049505
0 0.192222 0.617987 0.035556 0.044554
0 0.245000 0.533003 0.034444 0.039604
0 0.758889 0.409241 0.031111 0.039604
0 0.193889 0.237624 0.032222 0.042904
0 0.091667 0.146040 0.034444 0.051155
0 0.811111 0.448845 0.031111 0.039604
0 0.811667 0.913366 0.034444 0.047855
0 0.861667 0.828383 0.034444 0.042904
0 0.862222 0.743399 0.033333 0.041254
0 0.912222 0.490099 0.031111 0.039604
0 0.451667 0.406766 0.032222 0.041254
0 0.912778 0.575083 0.034444 0.044554
0 0.242222 0.745050 0.035556 0.041254
0 0.707778 0.534653 0.033333 0.042904
0 0.808889 0.237624 0.033333 0.042904
0 0.912222 0.321782 0.033333 0.042904
0 0.912778 0.532178 0.034444 0.041254
0 0.245000 0.575083 0.034444 0.044554
0 0.811111 0.701320 0.031111 0.042904
0 0.913889 0.618812 0.034444 0.042904
0 0.759444 0.365512 0.032222 0.041254
0 0.297778 0.145215 0.035556 0.052805
0 0.296111 0.406766 0.036667 0.044554
