0 0.908338 0.320806 0.034392 0.043423
0 0.180800 0.534108 0.026452 0.039157
0 0.195568 0.366316 0.024334 0.040513
0 0.326653 0.347946 0.023227 0.040372
0 0.322438 0.265942 0.024143 0.037235
0 0.264890 0.647195 0.023131 0.038733
0 0.345733 0.263797 0.026261 0.035880
0 0.857491 0.366911 0.034201 0.040145
0 0.245719 0.317823 0.020536 0.031896
0 0.360183 0.512054 0.021738 0.033676
0 0.918935 0.483713 0.036511 0.042066
0 0.248151 0.359609 0.023227 0.040372
0 0.280089 0.438903 0.026261 0.035880
0 0.316543 0.174247 0.023418 0.043649
0 0.331518 0.431518 0.023036 0.037094
0 0.116151 0.333523 0.023036 0.037094
0 0.916093 0.444455 0.035404 0.041925
0 0.189832 0.698864 0.025631 0.043931
0 0.198506 0.407211 0.025441 0.040654
0 0.771974 0.670015 0.037905 0.047123
0 0.278158 0.855983 0.023036 0.037094
0 0.201269 0.866616 0.026452 0.039157
0 0.174828 0.450676 0.024048 0.035597
0 0.456945 0.373425 0.024048 0.035597
0 0.295659 0.304025 0.023761 0.030682
0 0.767759 0.588012 0.034392 0.043423
0 0.271133 0.313757 0.020632 0.033535
0 0.352380 0.387586 0.022655 0.030540
0 0.205170 0.952786 0.028953 0.044355
0 0.605735 0.276034 0.023227 0.040372
0 0.930953 0.690184 0.032083 0.041501
0 0.288473 0.602092 0.026357 0.037518
0 0.348859 0.719853 0.026166 0.034241
0 0.259568 0.565332 0.024238 0.038874
0 0.257737 0.524295 0.023131 0.038733
0 0.196575 0.824292 0.026452 0.039157
0 0.277056 0.396368 0.025345 0.039015
0 0.449839 0.251344 0.024143 0.037235
0 0.282521 0.480689 0.026548 0.040795
0 0.283118 0.941195 0.023036 0.037094
0 0.263613 0.606087 0.023131 0.038733
0 0.413996 0.545636 0.025155 0.035738
0 0.251765 0.440864 0.023131 0.038733
0 0.182726 0.576783 0.025155 0.035738
0 0.184510 0.617001 0.021929 0.036953
0 0.234660 0.568509 0.022941 0.035456
0 0.852674 0.284159 0.036511 0.042066
0 0.166302 0.285031 0.024238 0.038874
0 0.263912 0.180135 0.024238 0.038874
0 0.223872 0.402326 0.022845 0.033817
0 0.436802 0.918292 0.027655 0.040937
0 0.346474 0.678886 0.024524 0.043790
0 0.491046 0.279105 0.044985 0.036641
0 0.192264 0.740650 0.027560 0.039298
0 0.249333 0.399079 0.022655 0.030540
0 0.339178 0.553528 0.023857 0.032319
0 0.487088 0.211100 0.047105 0.035285
0 0.160311 0.191697 0.025536 0.042293
0 0.761091 0.502193 0.035785 0.048480
0 0.187906 0.656188 0.026166 0.034241
0 0.928425 0.646760 0.032560 0.049695
0 0.927195 0.606471 0.036129 0.035511
0 0.861896 0.452192 0.038095 0.050401
0 0.201487 0.908684 0.026357 0.037518
0 0.163173 0.240857 0.020345 0.028619
0 0.290304 0.643128 0.025250 0.037376
0 0.285440 0.559556 0.025059 0.034100
0 0.497269 0.376453 0.043983 0.038302
0 0.529395 0.746352 0.022273 0.023986
0 0.528203 0.725868 0.022368 0.025624
0 0.750323 0.298038 0.033285 0.043282
0 0.782066 0.833811 0.036797 0.046982
0 0.406747 0.421097 0.024773 0.029184
0 0.266630 0.226837 0.024334 0.040513
0 0.494957 0.346290 0.044985 0.036641
0 0.501785 0.492344 0.041665 0.036217
0 0.753309 0.339753 0.039107 0.048903
0 0.649851 0.353774 0.035690 0.046841
0 0.699667 0.347420 0.035690 0.046841
0 0.803773 0.334968 0.038000 0.048762
0 0.791183 0.118664 0.038191 0.052039
0 0.689604 0.174542 0.038191 0.052039
0 0.077453 0.339284 0.036988 0.050260
0 0.740260 0.125158 0.038191 0.052039
0 0.704846 0.426825 0.034488 0.045061
0 0.645035 0.271021 0.035594 0.045202
0 0.642507 0.227597 0.035881 0.050119
0 0.742979 0.171860 0.038095 0.050401
0 0.590983 0.233342 0.034678 0.048339
0 0.745554 0.216105 0.037905 0.047123
0 0.723389 0.716657 0.038000 0.048762
0 0.549789 0.406981 0.036892 0.048621
0 0.696728 0.306525 0.036797 0.046982
0 0.433311 0.877467 0.030060 0.044496
0 0.798956 0.252215 0.035690 0.046841
0 0.410429 0.465200 0.027560 0.039298
0 0.748034 0.258710 0.033285 0.043282
0 0.718620 0.634724 0.035785 0.048480
0 0.899067 0.151953 0.038668 0.060233
0 0.853541 0.327795 0.035690 0.046841
0 0.800835 0.294072 0.034488 0.045061
0 0.418717 0.626750 0.025441 0.040654
0 0.227917 0.443081 0.026548 0.040795
0 0.214697 0.235112 0.024334 0.040513
0 0.759260 0.461155 0.031892 0.038224
0 0.841504 0.111421 0.036988 0.050260
0 0.779730 0.793664 0.036511 0.042066
0 0.921272 0.523860 0.036797 0.046982
0 0.350549 0.346549 0.024524 0.043790
0 0.362615 0.553840 0.024238 0.038874
0 0.900172 0.199687 0.036606 0.043705
0 0.424979 0.255341 0.023131 0.038733
0 0.416381 0.586603 0.025345 0.039015
0 0.355872 0.428412 0.023036 0.037094
0 0.421755 0.209528 0.024620 0.045429
0 0.777297 0.751878 0.036797 0.046982
0 0.237646 0.610224 0.026548 0.040795
0 0.710073 0.507049 0.031167 0.044637
0 0.254751 0.482579 0.024334 0.040513
0 0.257800 0.946900 0.027560 0.039298
0 0.428323 0.753465 0.025155 0.035738
0 0.336888 0.514200 0.024238 0.038874
0 0.354782 0.802464 0.026643 0.042434
0 0.217176 0.277717 0.024143 0.037235
0 0.647924 0.311098 0.034392 0.043423
0 0.934587 0.733468 0.037178 0.053537
0 0.443992 0.160469 0.025345 0.039015
0 0.356708 0.845140 0.027560 0.039298
0 0.377070 0.342342 0.024238 0.038874
0 0.430011 0.792044 0.024143 0.037235
0 0.430882 0.375924 0.023036 0.037094
0 0.082270 0.422036 0.032465 0.048056
0 0.243239 0.275218 0.022941 0.035456
0 0.586243 0.142326 0.036071 0.053395
0 0.232228 0.526723 0.025441 0.040654
0 0.483778 0.144664 0.046283 0.040059
0 0.343711 0.219482 0.025345 0.039015
0 0.328485 0.388984 0.024334 0.040513
0 0.323763 0.307869 0.021834 0.035315
0 0.268067 0.692188 0.024334 0.040513
0 0.340945 0.171961 0.025536 0.042293
0 0.484626 0.178398 0.044355 0.044693
0 0.249616 0.815877 0.026261 0.035880
0 0.546248 0.144951 0.026548 0.040795
0 0.089662 0.549034 0.039012 0.047264
0 0.460750 0.457957 0.023952 0.033958
0 0.237993 0.185092 0.023322 0.042011
0 0.284353 0.521725 0.025250 0.037376
0 0.419590 0.162756 0.023418 0.043649
0 0.177861 0.493212 0.025345 0.039015
0 0.279436 0.897092 0.027465 0.037659
0 0.252287 0.861759 0.026452 0.039157
0 0.341151 0.597023 0.025250 0.037376
0 0.240536 0.650301 0.025155 0.035738
0 0.395693 0.212027 0.025631 0.043931
0 0.242053 0.695506 0.025250 0.037376
0 0.140601 0.332056 0.025250 0.037376
0 0.272693 0.771663 0.024238 0.038874
0 0.764725 0.545476 0.038095 0.050401
0 0.222136 0.362927 0.024143 0.037235
0 0.555900 0.320359 0.023227 0.040372
0 0.274529 0.352944 0.025441 0.040654
0 0.246268 0.777509 0.021738 0.033676
0 0.274524 0.812701 0.025536 0.042293
0 0.170059 0.368744 0.021834 0.035315
0 0.553974 0.277683 0.024524 0.043790
0 0.194386 0.326846 0.024334 0.040513
0 0.092600 0.589929 0.039928 0.044129
0 0.551637 0.237536 0.026261 0.035880
0 0.351892 0.762388 0.025250 0.037376
0 0.357751 0.470269 0.024048 0.035597
0 0.167723 0.328597 0.024334 0.040513
0 0.270356 0.731515 0.024143 0.037235
0 0.254070 0.901977 0.025250 0.037376
0 0.459425 0.416030 0.024429 0.042152
0 0.172492 0.410529 0.024334 0.040513
0 0.374638 0.300556 0.019906 0.039948
0 0.229844 0.485756 0.025250 0.037376
0 0.194095 0.781687 0.024238 0.038874
0 0.319261 0.220949 0.023131 0.038733
0 0.361763 0.931989 0.030155 0.046135
0 0.269807 0.271829 0.025536 0.042293
0 0.849926 0.246540 0.035404 0.041925
0 0.785147 0.877166 0.038000 0.048762
0 0.439840 0.501069 0.024238 0.038874
0 0.923847 0.568104 0.036988 0.050260
0 0.431938 0.834720 0.027655 0.040937
0 0.859827 0.407059 0.036892 0.048621
0 0.844823 0.158871 0.035881 0.050119
0 0.084750 0.464642 0.034488 0.045061
0 0.421798 0.670104 0.024238 0.038874
0 0.359093 0.886106 0.029965 0.042858
0 0.905448 0.280729 0.035594 0.045202
0 0.549157 0.194931 0.026452 0.039157
0 0.721558 0.675620 0.034297 0.041784
0 0.493554 0.312627 0.044355 0.044693
0 0.430207 0.335565 0.021834 0.035315
0 0.487936 0.244834 0.045558 0.046473
0 0.435023 0.418317 0.024524 0.043790
0 0.452223 0.292311 0.022120 0.040231
0 0.343994 0.636281 0.026548 0.040795
0 0.093515 0.634385 0.041607 0.054101
0 0.332891 0.474265 0.025441 0.040654
0 0.446663 0.206352 0.025155 0.035738
0 0.732516 0.883052 0.036797 0.046982
0 0.246145 0.737080 0.026452 0.039157
0 0.392421 0.165396 0.026643 0.042434
0 0.349176 0.303803 0.024334 0.040513
0 0.087182 0.506428 0.036797 0.046982
0 0.910770 0.362592 0.036701 0.045343
0 0.424326 0.713529 0.026548 0.040795
0 0.454055 0.333348 0.025441 0.040654
0 0.639235 0.180966 0.034869 0.051615
0 0.080945 0.380110 0.036606 0.043705
0 0.755741 0.381540 0.036606 0.043705
0 0.220258 0.321070 0.025536 0.042293
0 0.725869 0.759263 0.035594 0.045202
0 0.412164 0.504599 0.026452 0.039157
0 0.403733 0.340591 0.024238 0.038874
0 0.713058 0.548765 0.034583 0.046700
0 0.240711 0.231794 0.025441 0.040654
0 0.730179 0.842905 0.034488 0.045061
0 0.715491 0.590551 0.036701 0.045343
0 0.400242 0.299766 0.024238 0.038874
0 0.552412 0.452045 0.039202 0.050542
0 0.398316 0.257090 0.025536 0.042293
0 0.903616 0.239693 0.036701 0.045343
0 0.846941 0.204825 0.036988 0.050260
0 0.464241 0.498782 0.026738 0.044072
0 0.793996 0.167005 0.035881 0.050119
0 0.546565 0.361170 0.035976 0.051757
0 0.436997 0.461812 0.025345 0.039015
0 0.796982 0.208720 0.036701 0.045343
0 0.702004 0.387567 0.035404 0.041925
0 0.913756 0.404308 0.037905 0.047123
0 0.694296 0.264738 0.032274 0.044778
0 0.499763 0.448029 0.043725 0.052745
0 0.775466 0.710841 0.037714 0.043846
0 0.707230 0.467791 0.036701 0.045343
0 0.651224 0.396520 0.040309 0.050683
0 0.728301 0.801048 0.035690 0.046841
0 0.588962 0.189028 0.033190 0.041643
0 0.427870 0.295417 0.024334 0.040513
0 0.758078 0.421687 0.034488 0.045061
0 0.770096 0.628159 0.036701 0.045343
0 0.691816 0.222133 0.034678 0.048339
0 0.405059 0.382519 0.024334 0.040513
