0 0.476454 0.294792 0.032124 0.033545
0 0.486374 0.379165 0.028688 0.025418
0 0.482890 0.364703 0.030800 0.033360
0 0.531354 0.782009 0.026355 0.028151
0 0.472559 0.263077 0.033606 0.035282
0 0.488078 0.402530 0.027048 0.022130
0 0.217868 0.782499 0.036727 0.040305
0 0.490049 0.421925 0.030169 0.027155
0 0.272072 0.774146 0.031273 0.038015
0 0.164563 0.793088 0.029792 0.036279
0 0.306016 0.665553 0.034930 0.035466
0 0.290607 0.520577 0.041392 0.034839
0 0.286554 0.487312 0.040541 0.039309
0 0.729108 0.204447 0.038682 0.046697
0 0.273972 0.891896 0.038840 0.048248
0 0.293809 0.558682 0.041487 0.048618
0 0.279298 0.415941 0.040225 0.036206
0 0.855544 0.371688 0.041865 0.039494
0 0.852074 0.337554 0.041865 0.039494
0 0.218633 0.895688 0.044670 0.041414
0 0.469356 0.224973 0.032124 0.033545
0 0.282453 0.446972 0.040225 0.036206
0 0.211645 0.820347 0.041172 0.045515
0 0.214848 0.858451 0.044670 0.041414
0 0.297012 0.596787 0.041708 0.037943
0 0.798611 0.346591 0.037893 0.038939
0 0.466517 0.197045 0.031808 0.030442
0 0.266748 0.814227 0.037200 0.044960
0 0.301884 0.631512 0.041865 0.039494
0 0.269792 0.850781 0.040698 0.040860
0 0.163530 0.901807 0.046941 0.050908
0 0.845245 0.263764 0.041014 0.043963
0 0.859330 0.408925 0.039217 0.039124
0 0.173037 0.466967 0.040541 0.039309
0 0.156353 0.831212 0.043820 0.045885
0 0.849928 0.303236 0.039217 0.039124
0 0.792443 0.272709 0.040698 0.040860
0 0.308981 0.701331 0.044828 0.042966
0 0.794905 0.310131 0.038051 0.040490
0 0.157470 0.320440 0.041708 0.037943
0 0.169331 0.430506 0.040698 0.040860
0 0.787176 0.234105 0.041014 0.043963
0 0.217099 0.352242 0.042812 0.048803
0 0.161255 0.357677 0.042023 0.041045
0 0.154268 0.282335 0.043820 0.045885
0 0.166286 0.393954 0.042181 0.042597
0 0.274931 0.379573 0.044986 0.044517
0 0.271491 0.339141 0.043662 0.044333
0 0.472255 0.244238 0.027169 0.010737
