0 0.654136 0.483396 0.036510 0.041378
0 0.703517 0.434630 0.035480 0.044604
0 0.596269 0.234726 0.033178 0.041197
0 0.494569 0.236137 0.045433 0.043503
0 0.081575 0.171347 0.038934 0.049716
0 0.656709 0.564726 0.033138 0.039553
0 0.194253 0.635113 0.036592 0.044665
0 0.189542 0.467493 0.035399 0.041318
0 0.239599 0.423626 0.035317 0.038030
0 0.857414 0.385945 0.034329 0.042900
0 0.449850 0.495319 0.034248 0.039613
0 0.552539 0.488916 0.035480 0.044604
0 0.752204 0.268222 0.034248 0.039613
0 0.547826 0.321296 0.036510 0.041378
0 0.548845 0.362387 0.036510 0.041378
0 0.559288 0.738718 0.036673 0.047953
0 0.905827 0.253292 0.037824 0.049656
0 0.907009 0.300958 0.037743 0.046369
0 0.695503 0.133875 0.034533 0.051119
0 0.697272 0.227593 0.033260 0.044484
0 0.298556 0.671415 0.038934 0.049716
0 0.653097 0.441484 0.036551 0.043021
0 0.451868 0.576678 0.034289 0.041257
0 0.805309 0.392067 0.034329 0.042900
0 0.550974 0.403417 0.034370 0.044544
0 0.550923 0.446212 0.034289 0.041257
0 0.251102 0.842692 0.033341 0.047772
0 0.290716 0.332797 0.033219 0.042840
0 0.290089 0.374800 0.034370 0.044544
0 0.648294 0.315015 0.035440 0.042961
0 0.655135 0.523665 0.036551 0.043021
0 0.287526 0.159333 0.037783 0.048013
0 0.193214 0.593200 0.036551 0.043021
0 0.698886 0.270297 0.034370 0.044544
0 0.288597 0.247328 0.035521 0.046248
0 0.861108 0.512473 0.035521 0.046248
0 0.643398 0.139998 0.038894 0.048073
0 0.802110 0.263042 0.036673 0.047953
0 0.296437 0.585947 0.034329 0.042900
0 0.647789 0.272250 0.034329 0.042900
0 0.187895 0.378707 0.036592 0.044665
0 0.297456 0.627037 0.034248 0.039613
0 0.858989 0.427005 0.035440 0.042961
0 0.133177 0.212158 0.035643 0.051179
0 0.134913 0.259793 0.036592 0.044665
0 0.750075 0.227192 0.036632 0.046309
0 0.243231 0.547691 0.034329 0.042900
0 0.337452 0.154976 0.035643 0.051179
0 0.596733 0.275847 0.034370 0.044544
0 0.754705 0.391525 0.035440 0.042961
0 0.240577 0.463074 0.033260 0.044484
0 0.697261 0.182333 0.033301 0.046128
0 0.450869 0.536409 0.036632 0.046309
0 0.245330 0.632338 0.034370 0.044544
0 0.249044 0.759689 0.033219 0.042840
0 0.856395 0.344854 0.034329 0.042900
0 0.242192 0.505778 0.034289 0.041257
0 0.810413 0.553082 0.036714 0.049595
0 0.803230 0.308243 0.034329 0.042900
0 0.544021 0.145397 0.033423 0.051058
0 0.558290 0.698449 0.036469 0.039734
0 0.294379 0.502943 0.036510 0.041378
0 0.289121 0.290914 0.036592 0.044665
0 0.340270 0.246166 0.036632 0.046309
0 0.186383 0.340112 0.035358 0.039674
0 0.236955 0.294572 0.034329 0.042900
0 0.860008 0.468095 0.035440 0.042961
0 0.746066 0.132774 0.040086 0.051420
0 0.239670 0.381654 0.037743 0.046369
0 0.850471 0.173185 0.037702 0.044725
0 0.849824 0.124667 0.038934 0.049716
0 0.184798 0.253791 0.034452 0.047832
0 0.652078 0.400393 0.036551 0.043021
0 0.646195 0.230368 0.035562 0.047892
0 0.755765 0.434260 0.037743 0.046369
0 0.189057 0.425550 0.036632 0.046309
0 0.238570 0.337276 0.035521 0.046248
0 0.448811 0.453406 0.036592 0.044665
0 0.657708 0.604995 0.037702 0.044725
0 0.342430 0.333279 0.036551 0.043021
0 0.245855 0.675925 0.035440 0.042961
0 0.597813 0.319404 0.036632 0.046309
0 0.393011 0.243300 0.037743 0.046369
0 0.556120 0.655775 0.034411 0.046188
0 0.593946 0.141039 0.037865 0.051300
0 0.445714 0.328490 0.036592 0.044665
0 0.339703 0.200936 0.035480 0.044604
0 0.520013 0.746612 0.021708 0.025801
0 0.519429 0.723026 0.021680 0.024650
0 0.341925 0.290514 0.037743 0.046369
0 0.444552 0.281647 0.036714 0.049595
0 0.753132 0.350464 0.036551 0.043021
0 0.500280 0.444026 0.042225 0.048254
0 0.649908 0.357719 0.036632 0.046309
0 0.546303 0.237441 0.037702 0.044725
0 0.747824 0.181231 0.038934 0.049716
0 0.234754 0.205816 0.036796 0.052883
0 0.247984 0.716955 0.035440 0.042961
0 0.544667 0.193915 0.034411 0.046188
0 0.244270 0.589604 0.036592 0.044665
0 0.447155 0.409058 0.037783 0.048013
0 0.186454 0.298139 0.035480 0.044604
0 0.393557 0.287709 0.036632 0.046309
0 0.390800 0.198984 0.037743 0.046369
0 0.390154 0.150466 0.038975 0.051360
0 0.236471 0.252629 0.035480 0.044604
0 0.452412 0.621086 0.037783 0.048013
0 0.645095 0.185990 0.037702 0.044725
0 0.292209 0.460269 0.036592 0.044665
0 0.752668 0.309344 0.035440 0.042961
0 0.292280 0.418296 0.036551 0.043021
0 0.344064 0.376805 0.037783 0.048013
0 0.854821 0.303793 0.035440 0.042961
0 0.703054 0.393508 0.034207 0.037970
0 0.852106 0.216711 0.036714 0.049595
0 0.083240 0.260955 0.037783 0.048013
0 0.555575 0.611366 0.033138 0.039553
0 0.853741 0.260237 0.035480 0.044604
0 0.249487 0.799988 0.034289 0.041257
0 0.293712 0.543302 0.035440 0.042961
0 0.498823 0.340418 0.044119 0.035226
0 0.499516 0.368359 0.044119 0.035226
0 0.807840 0.471753 0.033178 0.041197
0 0.806862 0.432306 0.030876 0.037789
0 0.501854 0.485086 0.040707 0.031757
0 0.494309 0.203234 0.046218 0.030416
0 0.701500 0.353270 0.035521 0.046248
0 0.298526 0.715031 0.034289 0.041257
0 0.195272 0.676203 0.034289 0.041257
0 0.200509 0.887410 0.034248 0.039613
0 0.871572 0.889626 0.037702 0.044725
0 0.871067 0.846862 0.036592 0.044665
0 0.493515 0.171184 0.044200 0.038512
0 0.302683 0.882682 0.036673 0.047953
0 0.706274 0.523355 0.036673 0.047953
0 0.907492 0.342901 0.036510 0.041378
0 0.560409 0.783918 0.036551 0.043021
0 0.492659 0.136667 0.044200 0.038512
0 0.084673 0.385961 0.034289 0.041257
0 0.561428 0.825008 0.036632 0.046309
0 0.197906 0.759999 0.037620 0.041438
0 0.552920 0.526750 0.036347 0.034803
0 0.495980 0.270623 0.044078 0.033582
0 0.705214 0.480621 0.034370 0.044544
0 0.198410 0.802763 0.036673 0.047953
0 0.087954 0.518273 0.038771 0.043142
0 0.085732 0.428695 0.036673 0.047953
0 0.554515 0.568632 0.037743 0.046369
0 0.300573 0.752774 0.034289 0.041257
0 0.862722 0.555179 0.036632 0.046309
0 0.804824 0.350124 0.035562 0.047892
0 0.196332 0.718938 0.036592 0.044665
0 0.561316 0.865338 0.036510 0.041378
0 0.863166 0.595478 0.035317 0.038030
0 0.867969 0.721946 0.034289 0.041257
0 0.595149 0.189526 0.035603 0.049535
0 0.562972 0.909686 0.037865 0.051300
0 0.870644 0.807385 0.035399 0.041318
0 0.192175 0.551287 0.036592 0.044665
0 0.201549 0.929323 0.036673 0.047953
0 0.447227 0.367085 0.035195 0.033099
0 0.865265 0.680125 0.033219 0.042840
0 0.868434 0.763067 0.037702 0.044725
0 0.864740 0.636538 0.036592 0.044665
0 0.305984 0.926117 0.036551 0.043021
0 0.089013 0.561007 0.038853 0.046429
0 0.302168 0.794657 0.035440 0.042961
0 0.083149 0.302105 0.035317 0.038030
0 0.547363 0.280175 0.035399 0.041318
0 0.086873 0.474717 0.038812 0.044785
0 0.084744 0.343988 0.036632 0.046309
0 0.198956 0.847171 0.037702 0.044725
0 0.287517 0.203772 0.033178 0.041197
0 0.184222 0.163301 0.035480 0.044604
0 0.304359 0.838153 0.035480 0.044604
0 0.908511 0.383991 0.036673 0.047953
0 0.190581 0.509406 0.035440 0.042961
0 0.184767 0.207708 0.034370 0.044544
0 0.497926 0.304257 0.044282 0.041800
0 0.808839 0.512022 0.035358 0.039674
0 0.081565 0.215785 0.036551 0.043021
0 0.701016 0.311327 0.034289 0.041257
