0 0.886076 0.525566 0.034264 0.035612
0 0.831408 0.590178 0.032967 0.032419
0 0.889710 0.810340 0.032967 0.032419
0 0.833036 0.615461 0.035609 0.041970
0 0.514000 0.600158 0.022851 0.024269
0 0.774373 0.496592 0.034170 0.029284
0 0.886999 0.587264 0.034264 0.035612
0 0.516080 0.697435 0.019078 0.022597
0 0.519425 0.879350 0.020375 0.025791
0 0.833300 0.716738 0.032967 0.032419
0 0.887309 0.649768 0.035538 0.037224
0 0.834351 0.745199 0.031718 0.032389
0 0.389016 0.477339 0.034170 0.029284
0 0.109971 0.419139 0.032967 0.032419
0 0.830140 0.463604 0.034217 0.032449
0 0.891293 0.874396 0.034241 0.034031
0 0.514534 0.677690 0.021554 0.021075
0 0.888073 0.617306 0.035467 0.032479
0 0.511830 0.580427 0.024030 0.019553
0 0.889201 0.776327 0.035491 0.034061
0 0.888921 0.841219 0.035538 0.037224
0 0.889989 0.745448 0.035420 0.029314
0 0.717159 0.349201 0.036906 0.045164
0 0.773403 0.431729 0.034217 0.032449
0 0.774572 0.468101 0.035561 0.038807
0 0.887793 0.682199 0.035467 0.032479
0 0.111081 0.451555 0.029147 0.027583
0 0.836097 0.778390 0.034264 0.035612
0 0.113884 0.639022 0.034170 0.029284
0 0.885095 0.459914 0.031694 0.030806
0 0.388770 0.502665 0.033015 0.035582
0 0.281506 0.603354 0.032967 0.032419
0 0.226061 0.699636 0.029076 0.022837
0 0.518434 0.854844 0.021601 0.024239
0 0.835344 0.811642 0.034217 0.032449
0 0.888278 0.714629 0.035538 0.037224
0 0.115584 0.669049 0.034217 0.032449
0 0.280923 0.731556 0.032967 0.032419
0 0.884645 0.429855 0.031694 0.030806
0 0.117821 0.860486 0.032967 0.032419
0 0.225763 0.637923 0.032873 0.026090
0 0.116747 0.830443 0.031718 0.032389
0 0.831214 0.493646 0.032967 0.032419
0 0.669124 0.815625 0.034122 0.026120
0 0.884148 0.396633 0.036788 0.037254
0 0.167473 0.418552 0.030397 0.027613
0 0.835666 0.874937 0.035467 0.032479
0 0.833452 0.685083 0.036764 0.035672
0 0.832342 0.652667 0.035491 0.034061
0 0.776394 0.589914 0.032920 0.029254
0 0.448539 0.820910 0.030373 0.026030
0 0.835193 0.843298 0.035467 0.032479
0 0.663125 0.372651 0.030515 0.035522
0 0.720633 0.497879 0.031670 0.029225
0 0.281086 0.700691 0.034288 0.037194
0 0.443971 0.473647 0.034241 0.034031
0 0.280122 0.510807 0.030444 0.030776
0 0.116262 0.798012 0.031741 0.033971
0 0.284193 0.824848 0.031718 0.032389
0 0.284357 0.793985 0.030491 0.033941
0 0.720183 0.467821 0.031718 0.032389
0 0.665619 0.497614 0.034170 0.029284
0 0.116425 0.767148 0.032967 0.032419
0 0.173115 0.795859 0.032967 0.032419
0 0.280432 0.573311 0.031718 0.032389
0 0.394022 0.853868 0.032967 0.032419
0 0.336806 0.664540 0.034241 0.034031
0 0.340153 0.888393 0.036717 0.032509
0 0.664568 0.469153 0.032967 0.032419
0 0.281203 0.666663 0.035514 0.035642
0 0.388555 0.446489 0.036788 0.037254
0 0.339784 0.821934 0.035467 0.032479
0 0.668639 0.783195 0.034193 0.030866
0 0.612545 0.627074 0.034217 0.032449
0 0.338365 0.727014 0.032967 0.032419
0 0.284538 0.889725 0.035514 0.035642
0 0.227784 0.731247 0.034312 0.038777
0 0.609870 0.406370 0.032944 0.030836
0 0.615384 0.816913 0.034217 0.032449
0 0.556930 0.628406 0.030468 0.032359
0 0.112489 0.545683 0.034217 0.032449
0 0.168291 0.515069 0.034193 0.030866
0 0.395131 0.886284 0.034241 0.034031
0 0.228590 0.826971 0.032991 0.034001
0 0.224168 0.573077 0.034170 0.029284
0 0.668154 0.750764 0.034217 0.032449
0 0.333354 0.475507 0.032920 0.029254
0 0.611435 0.594657 0.032991 0.034001
0 0.334428 0.505549 0.034217 0.032449
0 0.720931 0.559591 0.035561 0.038807
0 0.670199 0.845669 0.035514 0.035642
0 0.392590 0.758157 0.032991 0.034001
0 0.447908 0.695112 0.032944 0.030836
0 0.223246 0.511379 0.034217 0.032449
0 0.447732 0.725184 0.034193 0.030866
0 0.172029 0.765024 0.034241 0.034031
0 0.337291 0.696971 0.034217 0.032449
0 0.339656 0.855171 0.034264 0.035612
0 0.111402 0.514850 0.032991 0.034001
0 0.775944 0.559856 0.035514 0.035642
0 0.334797 0.572008 0.035467 0.032479
0 0.391796 0.663222 0.031694 0.030806
0 0.278551 0.447543 0.034193 0.030866
0 0.333056 0.413794 0.034217 0.032449
0 0.666898 0.624980 0.032944 0.030836
0 0.388175 0.379239 0.032967 0.032419
0 0.559664 0.853064 0.034264 0.035612
0 0.665444 0.527688 0.035514 0.035642
0 0.278090 0.416693 0.031718 0.032389
0 0.332559 0.380572 0.036764 0.035672
0 0.391335 0.632374 0.031765 0.035552
0 0.222784 0.480529 0.034193 0.030866
0 0.115940 0.734717 0.035538 0.037224
0 0.667372 0.656620 0.032991 0.034001
0 0.558671 0.786621 0.034312 0.038777
0 0.610156 0.467292 0.034217 0.032449
0 0.559191 0.821425 0.034217 0.032449
0 0.171532 0.731802 0.034241 0.034031
0 0.167228 0.485817 0.032967 0.032419
0 0.613619 0.657116 0.035467 0.032479
0 0.225599 0.668788 0.034288 0.037194
0 0.443650 0.410353 0.030444 0.030776
0 0.332280 0.445464 0.034217 0.032449
0 0.612855 0.689577 0.032991 0.034001
0 0.555475 0.531114 0.030444 0.030776
0 0.387410 0.411700 0.035491 0.034061
0 0.555808 0.595199 0.031718 0.032389
0 0.391656 0.695669 0.033015 0.035582
0 0.610653 0.500514 0.034264 0.035612
0 0.445992 0.566971 0.032991 0.034001
0 0.334937 0.539562 0.034241 0.034031
0 0.167356 0.452580 0.034312 0.038777
0 0.555948 0.562753 0.032991 0.034001
0 0.609373 0.373148 0.035538 0.037224
0 0.224665 0.606299 0.036811 0.038837
0 0.552532 0.376092 0.036788 0.037254
0 0.390826 0.598361 0.034241 0.034031
0 0.514872 0.658454 0.022773 0.019049
0 0.499487 0.507530 0.039157 0.028613
0 0.513684 0.620817 0.021556 0.021233
0 0.497533 0.376857 0.033988 0.017103
0 0.503720 0.790548 0.031606 0.024953
0 0.497108 0.348381 0.036818 0.039311
0 0.498722 0.456352 0.031746 0.034287
0 0.514604 0.640577 0.022777 0.019365
0 0.498228 0.423288 0.034241 0.034031
0 0.886201 0.492092 0.035460 0.032004
0 0.886604 0.556722 0.030599 0.029468
0 0.498432 0.395510 0.030175 0.021978
0 0.501240 0.531503 0.031094 0.021604
0 0.501490 0.547837 0.028425 0.009347
0 0.503481 0.806332 0.031905 0.008133
0 0.449327 0.790032 0.032991 0.034001
0 0.118342 0.895290 0.035514 0.035642
0 0.443807 0.504512 0.032967 0.032419
0 0.611575 0.562211 0.034217 0.032449
0 0.281384 0.762404 0.032944 0.030836
0 0.222451 0.416444 0.032873 0.026090
0 0.721707 0.527922 0.032920 0.029254
0 0.172975 0.828304 0.034193 0.030866
0 0.394138 0.819840 0.034241 0.034031
0 0.776855 0.620762 0.035585 0.040388
0 0.829667 0.431963 0.031718 0.032389
0 0.114795 0.699929 0.031694 0.030806
0 0.446956 0.756855 0.031741 0.033971
0 0.446325 0.631056 0.031718 0.032389
0 0.284041 0.856503 0.030468 0.032359
0 0.829819 0.400309 0.033015 0.035582
0 0.774204 0.401642 0.034264 0.035612
0 0.776072 0.526619 0.034217 0.032449
0 0.228292 0.765259 0.034193 0.030866
0 0.230197 0.892610 0.036764 0.035672
0 0.110917 0.482419 0.032967 0.032419
0 0.393677 0.788991 0.034217 0.032449
0 0.449509 0.885773 0.035467 0.032479
0 0.336356 0.634482 0.031694 0.030806
0 0.557701 0.721758 0.034217 0.032449
0 0.560126 0.883913 0.034146 0.027703
0 0.718472 0.437002 0.034193 0.030866
0 0.338686 0.790308 0.031718 0.032389
0 0.169651 0.606034 0.031718 0.032389
0 0.557549 0.753414 0.027921 0.029135
0 0.664756 0.439871 0.031694 0.030806
0 0.555639 0.500249 0.031718 0.032389
0 0.611126 0.532154 0.031718 0.032389
0 0.279923 0.539298 0.034241 0.034031
0 0.113551 0.574936 0.032944 0.030836
0 0.229087 0.860193 0.032991 0.034001
0 0.389728 0.566736 0.032896 0.027673
0 0.555189 0.470192 0.034217 0.032449
0 0.667056 0.719138 0.032967 0.032419
0 0.338850 0.759445 0.032991 0.034001
0 0.228117 0.795332 0.032991 0.034001
0 0.444905 0.536136 0.031718 0.032389
0 0.173472 0.861526 0.034288 0.037194
0 0.169190 0.575185 0.029194 0.030746
0 0.169488 0.636898 0.032991 0.034001
0 0.831063 0.525302 0.034217 0.032449
0 0.615729 0.881790 0.032967 0.032419
0 0.553642 0.408509 0.035420 0.029314
0 0.113423 0.608172 0.034241 0.034031
0 0.280729 0.635024 0.032967 0.032419
0 0.557287 0.694073 0.034193 0.030866
0 0.443790 0.377907 0.036764 0.035672
0 0.610319 0.436428 0.030444 0.030776
0 0.448387 0.852566 0.034264 0.035612
0 0.557403 0.660046 0.033015 0.035582
0 0.831559 0.558524 0.034264 0.035612
0 0.667220 0.688275 0.031741 0.033971
0 0.171707 0.701730 0.030444 0.030776
0 0.392141 0.728100 0.032944 0.030836
0 0.670094 0.880487 0.034217 0.032449
0 0.612703 0.721232 0.031694 0.030806
0 0.613685 0.786885 0.034217 0.032449
0 0.615256 0.850150 0.033015 0.035582
0 0.165785 0.389316 0.032967 0.032419
0 0.443486 0.441216 0.031718 0.032389
0 0.170609 0.670105 0.031741 0.033971
0 0.666565 0.560894 0.034217 0.032449
0 0.717987 0.404571 0.034312 0.038777
0 0.223707 0.542227 0.034241 0.034031
0 0.447446 0.664263 0.033015 0.035582
0 0.663610 0.405083 0.033038 0.037164
0 0.279024 0.479182 0.034241 0.034031
0 0.666413 0.592549 0.032967 0.032419
0 0.554103 0.439358 0.035491 0.034061
0 0.222603 0.384790 0.034312 0.038777
0 0.389279 0.536678 0.032991 0.034001
0 0.335258 0.602857 0.035491 0.034061
0 0.613188 0.753663 0.031765 0.035552
0 0.278194 0.381874 0.035514 0.035642
0 0.222924 0.448084 0.033015 0.035582
0 0.445852 0.599416 0.034217 0.032449
0 0.168104 0.544351 0.032967 0.032419
