0 0.509843 0.630630 0.020574 0.020566
0 0.498821 0.560193 0.034195 0.017274
0 0.504252 0.379073 0.036935 0.025457
0 0.507691 0.669004 0.020102 0.021491
0 0.507362 0.650778 0.021804 0.019994
0 0.102733 0.837261 0.032370 0.039606
0 0.500108 0.517265 0.031977 0.026482
0 0.505893 0.345188 0.035643 0.023974
0 0.278001 0.561380 0.030784 0.028320
0 0.506233 0.709311 0.023148 0.023216
0 0.663205 0.522093 0.033330 0.030021
0 0.884044 0.561996 0.032128 0.031542
0 0.157538 0.865941 0.033377 0.031602
0 0.162904 0.707857 0.034816 0.037986
0 0.107895 0.644253 0.033520 0.036345
0 0.278689 0.538453 0.033899 0.048994
0 0.113237 0.486960 0.029725 0.034584
0 0.877919 0.745378 0.030879 0.031482
0 0.109421 0.614241 0.032271 0.036285
0 0.719786 0.491559 0.034484 0.026918
0 0.436687 0.755055 0.034674 0.033244
0 0.821386 0.774331 0.034721 0.034824
0 0.663838 0.542707 0.036302 0.045953
0 0.114067 0.459289 0.032176 0.033124
0 0.829383 0.528493 0.033425 0.033184
0 0.509820 0.610519 0.019353 0.021455
0 0.499349 0.855447 0.020602 0.021515
0 0.110298 0.584990 0.034532 0.028500
0 0.873178 0.903492 0.035970 0.034884
0 0.827810 0.560086 0.034674 0.033244
0 0.489166 0.798746 0.029583 0.029841
0 0.822959 0.742737 0.035970 0.034884
0 0.437611 0.724223 0.032128 0.031542
0 0.501668 0.465245 0.034769 0.036405
0 0.875722 0.776941 0.035970 0.034884
0 0.435715 0.787468 0.034816 0.037986
0 0.722307 0.428344 0.033425 0.033184
0 0.509812 0.589935 0.020697 0.024677
0 0.381474 0.781696 0.033472 0.034764
0 0.161909 0.741061 0.034721 0.034824
0 0.214024 0.838570 0.032223 0.034704
0 0.162437 0.681709 0.032176 0.033124
0 0.826586 0.621781 0.033330 0.030021
0 0.109950 0.554889 0.034721 0.034824
0 0.875075 0.840247 0.035876 0.031722
0 0.874174 0.870288 0.035970 0.034884
0 0.439089 0.695792 0.030879 0.031482
0 0.819142 0.870019 0.033330 0.030021
0 0.879397 0.716948 0.034627 0.031662
0 0.501112 0.880074 0.020744 0.026258
0 0.434814 0.817510 0.032128 0.031542
0 0.766450 0.770899 0.034674 0.033244
0 0.448201 0.412798 0.032128 0.031542
0 0.392316 0.440990 0.034674 0.033244
0 0.389471 0.535858 0.032081 0.029961
0 0.708044 0.862306 0.033472 0.034764
0 0.542238 0.885216 0.033425 0.033184
0 0.602816 0.700492 0.033377 0.031602
0 0.170901 0.462020 0.033425 0.033184
0 0.215320 0.774505 0.035923 0.033304
0 0.550306 0.637008 0.032081 0.029961
0 0.220591 0.619582 0.032081 0.029961
0 0.172221 0.397164 0.034864 0.039568
0 0.881246 0.655283 0.037220 0.034945
0 0.774399 0.526643 0.033377 0.031602
0 0.711789 0.737396 0.033377 0.031602
0 0.764553 0.834145 0.034674 0.033244
0 0.544410 0.791899 0.034674 0.033244
0 0.762957 0.866528 0.035970 0.034884
0 0.598771 0.856265 0.034674 0.033244
0 0.600644 0.793809 0.034627 0.031662
0 0.667441 0.422540 0.033425 0.033184
0 0.887117 0.438637 0.035970 0.034884
0 0.443759 0.540051 0.033425 0.033184
0 0.713314 0.707385 0.032223 0.034704
0 0.554557 0.516080 0.033377 0.031602
0 0.448548 0.380355 0.033520 0.036345
0 0.271205 0.746312 0.035970 0.034884
0 0.222740 0.527056 0.033377 0.031602
0 0.282442 0.434127 0.032176 0.033124
0 0.650886 0.891229 0.033377 0.031602
0 0.281470 0.466541 0.032318 0.037866
0 0.273978 0.653816 0.033425 0.033184
0 0.165859 0.588451 0.033425 0.033184
0 0.543811 0.853624 0.032176 0.033124
0 0.167756 0.525206 0.033425 0.033184
0 0.276499 0.590601 0.032176 0.033124
0 0.273678 0.684678 0.034721 0.034824
0 0.390696 0.474164 0.033425 0.033184
0 0.772574 0.587517 0.035828 0.030141
0 0.716088 0.614887 0.034579 0.030081
0 0.776343 0.461816 0.033377 0.031602
0 0.220291 0.650445 0.033472 0.034764
0 0.708992 0.830683 0.033377 0.031602
0 0.221815 0.557889 0.033425 0.033184
0 0.658654 0.673881 0.033425 0.033184
0 0.389123 0.505757 0.032176 0.033124
0 0.218718 0.682037 0.034721 0.034824
0 0.830308 0.497661 0.035876 0.031722
0 0.221492 0.589541 0.034674 0.033244
0 0.440038 0.664169 0.030974 0.034644
0 0.772850 0.557445 0.034674 0.033244
0 0.597198 0.887857 0.033425 0.033184
0 0.226834 0.432247 0.033377 0.031602
0 0.777892 0.431014 0.034674 0.033244
0 0.387598 0.598313 0.034627 0.031662
0 0.334763 0.503937 0.033377 0.031602
0 0.718562 0.553254 0.033425 0.033184
0 0.662677 0.581445 0.033377 0.031602
0 0.657177 0.764857 0.033377 0.031602
0 0.555529 0.483667 0.033520 0.036345
0 0.383552 0.691541 0.034721 0.034824
0 0.392663 0.408547 0.035970 0.034884
0 0.612805 0.388247 0.032271 0.036285
0 0.557868 0.384815 0.034721 0.034824
0 0.601545 0.763768 0.032128 0.031542
0 0.333214 0.534739 0.034674 0.033244
0 0.503128 0.438856 0.032179 0.017840
0 0.502036 0.421441 0.033315 0.019931
0 0.504776 0.401828 0.035544 0.022754
0 0.504236 0.366056 0.033294 0.019251
0 0.499124 0.540905 0.028489 0.021641
0 0.507369 0.689754 0.021051 0.019026
0 0.385172 0.658367 0.033377 0.031602
0 0.826839 0.592500 0.034721 0.034824
0 0.103525 0.769133 0.034674 0.033244
0 0.823836 0.713487 0.035828 0.030141
0 0.820414 0.806743 0.032176 0.033124
0 0.768251 0.710816 0.034674 0.033244
0 0.382375 0.751654 0.035970 0.034884
0 0.885016 0.529583 0.032176 0.033124
0 0.767350 0.740857 0.034674 0.033244
0 0.880322 0.686116 0.034674 0.033244
0 0.102530 0.802337 0.034769 0.036405
0 0.213701 0.870224 0.033377 0.031602
0 0.159711 0.772624 0.037220 0.034945
0 0.719581 0.519259 0.036065 0.038046
0 0.105374 0.707469 0.032081 0.029961
0 0.164081 0.647744 0.030879 0.031482
0 0.818842 0.900882 0.034627 0.031662
0 0.762633 0.898181 0.037125 0.031782
0 0.433866 0.849133 0.034627 0.031662
0 0.272778 0.714720 0.034627 0.031662
0 0.218465 0.711319 0.033330 0.030021
0 0.380502 0.814109 0.035923 0.033304
0 0.379230 0.877384 0.037172 0.033364
0 0.214901 0.809320 0.034769 0.036405
0 0.104474 0.737510 0.034674 0.033244
0 0.825709 0.651031 0.033377 0.031602
0 0.433566 0.879995 0.033425 0.033184
0 0.106299 0.676636 0.032223 0.034704
0 0.269333 0.871312 0.039623 0.031902
0 0.158416 0.836690 0.036018 0.036465
0 0.875976 0.810204 0.035970 0.034884
0 0.834520 0.398899 0.033520 0.036345
0 0.544111 0.822761 0.030879 0.031482
0 0.881546 0.624421 0.035828 0.030141
0 0.171826 0.431188 0.033377 0.031602
0 0.769776 0.680805 0.033425 0.033184
0 0.765525 0.801731 0.034721 0.034824
0 0.657176 0.702312 0.032081 0.029961
0 0.269586 0.842032 0.035923 0.033304
0 0.820091 0.838397 0.033425 0.033184
0 0.164310 0.619254 0.032223 0.034704
0 0.115039 0.426876 0.034721 0.034824
0 0.707072 0.894720 0.033425 0.033184
0 0.557521 0.417259 0.033425 0.033184
0 0.279226 0.499685 0.032128 0.031542
0 0.166784 0.557619 0.033472 0.034764
0 0.386650 0.629936 0.034721 0.034824
0 0.886193 0.469469 0.035828 0.030141
0 0.883095 0.593618 0.034721 0.034824
0 0.885940 0.498751 0.034721 0.034824
0 0.714887 0.675792 0.033377 0.031602
0 0.831603 0.433595 0.034674 0.033244
0 0.379530 0.846522 0.035970 0.034884
0 0.270905 0.777175 0.034674 0.033244
0 0.283556 0.396971 0.034816 0.037986
0 0.553680 0.545332 0.033330 0.030021
0 0.771697 0.616768 0.033377 0.031602
0 0.710541 0.799881 0.034674 0.033244
0 0.270557 0.809618 0.033472 0.034764
0 0.770725 0.649181 0.033425 0.033184
0 0.887536 0.403822 0.037314 0.038106
0 0.723880 0.396751 0.037457 0.042850
0 0.158787 0.803456 0.037172 0.033364
0 0.382651 0.721582 0.034627 0.031662
0 0.332890 0.566392 0.036018 0.036465
0 0.394283 0.375373 0.034721 0.034824
0 0.442187 0.571643 0.032176 0.033124
0 0.654031 0.828042 0.033377 0.031602
0 0.711465 0.769049 0.034721 0.034824
0 0.716965 0.585636 0.034627 0.031662
0 0.831904 0.465277 0.034674 0.033244
0 0.660179 0.643870 0.034579 0.030081
0 0.388546 0.566691 0.034721 0.034824
0 0.599695 0.825432 0.034721 0.034824
0 0.604017 0.639588 0.032081 0.029961
0 0.223664 0.496224 0.033425 0.033184
0 0.227228 0.398223 0.034769 0.036405
0 0.440986 0.632547 0.033377 0.031602
0 0.110969 0.520894 0.034769 0.036405
0 0.825361 0.683475 0.034769 0.036405
0 0.441887 0.602506 0.030879 0.031482
0 0.607764 0.577223 0.033377 0.031602
0 0.275551 0.622223 0.032176 0.033124
0 0.654980 0.796420 0.033472 0.034764
0 0.657501 0.733205 0.032223 0.034704
0 0.652459 0.859636 0.032223 0.034704
0 0.335711 0.472314 0.033472 0.034764
0 0.170000 0.492061 0.033425 0.033184
0 0.550511 0.609308 0.033377 0.031602
0 0.608988 0.515529 0.034627 0.031662
0 0.217517 0.742941 0.036018 0.036465
0 0.715187 0.644930 0.034674 0.033244
0 0.775371 0.494230 0.033520 0.036345
0 0.337655 0.407487 0.035970 0.034884
0 0.668413 0.390127 0.033472 0.034764
0 0.546908 0.729474 0.033377 0.031602
0 0.665821 0.455714 0.034769 0.036405
0 0.446304 0.476044 0.032128 0.031542
0 0.115434 0.392851 0.036018 0.036465
0 0.545335 0.761067 0.034721 0.034824
0 0.602493 0.732145 0.034721 0.034824
0 0.610537 0.484726 0.033425 0.033184
0 0.604342 0.670480 0.032223 0.034704
0 0.613035 0.422301 0.032223 0.034704
0 0.611485 0.453104 0.030927 0.033064
0 0.337308 0.439931 0.034674 0.033244
0 0.721264 0.463129 0.036018 0.036465
0 0.549358 0.668630 0.032176 0.033124
0 0.606166 0.547061 0.038469 0.035005
0 0.552131 0.576134 0.034721 0.034824
0 0.661728 0.613068 0.033472 0.034764
0 0.547184 0.699403 0.032128 0.031542
0 0.338074 0.372672 0.037314 0.038106
0 0.556501 0.451254 0.033472 0.034764
0 0.225261 0.463840 0.032223 0.034704
0 0.664849 0.488128 0.034721 0.034824
0 0.447229 0.445212 0.032176 0.033124
0 0.606815 0.608846 0.033377 0.031602
0 0.444708 0.508427 0.033425 0.033184
0 0.778911 0.397020 0.037314 0.038106
