0 0.770912 0.482713 0.033806 0.032369
0 0.403094 0.889781 0.040046 0.032822
0 0.494713 0.453788 0.035308 0.035312
0 0.393876 0.700107 0.036431 0.035393
0 0.401039 0.858234 0.036445 0.035710
0 0.514310 0.622423 0.028299 0.020633
0 0.523018 0.856115 0.022181 0.022866
0 0.495972 0.507821 0.034804 0.026930
0 0.823584 0.415495 0.035054 0.032459
0 0.884218 0.537885 0.035197 0.035619
0 0.717653 0.550767 0.036231 0.030971
0 0.721911 0.644758 0.033806 0.032369
0 0.768857 0.451165 0.035054 0.032459
0 0.618587 0.809953 0.034983 0.030880
0 0.332298 0.543077 0.037693 0.035800
0 0.387832 0.539046 0.033949 0.035529
0 0.227432 0.646574 0.033735 0.030789
0 0.227579 0.677469 0.036445 0.035710
0 0.670706 0.744360 0.035126 0.034040
0 0.601194 0.398354 0.035054 0.032459
0 0.343819 0.797406 0.035054 0.032459
0 0.346498 0.828910 0.035197 0.035619
0 0.825198 0.478773 0.032558 0.032278
0 0.710830 0.358700 0.035197 0.035619
0 0.719891 0.614000 0.037765 0.037380
0 0.891005 0.729162 0.036445 0.035710
0 0.828168 0.544330 0.034983 0.030880
0 0.181328 0.872595 0.036445 0.035710
0 0.672101 0.775164 0.035197 0.035619
0 0.829420 0.571975 0.035197 0.035619
0 0.893315 0.793975 0.035197 0.035619
0 0.709364 0.326316 0.037622 0.034221
0 0.275043 0.481461 0.036374 0.034130
0 0.218702 0.453852 0.036374 0.034130
0 0.764457 0.354015 0.035269 0.037199
0 0.892436 0.760756 0.036445 0.035710
0 0.713804 0.451991 0.037836 0.038959
0 0.232751 0.805468 0.035197 0.035619
0 0.672944 0.807592 0.033735 0.030789
0 0.348880 0.895302 0.033663 0.029210
0 0.766619 0.387933 0.031454 0.035347
0 0.234807 0.837017 0.038941 0.035891
0 0.667625 0.648698 0.032415 0.029119
0 0.183383 0.904144 0.035054 0.032459
0 0.178501 0.810198 0.036374 0.034130
0 0.105507 0.428786 0.032773 0.037017
0 0.879265 0.442359 0.036231 0.030971
0 0.877134 0.381496 0.035340 0.038778
0 0.489029 0.340724 0.039156 0.040630
0 0.340221 0.704160 0.033949 0.035529
0 0.163204 0.458673 0.035197 0.035619
0 0.712210 0.402976 0.037304 0.054666
0 0.385777 0.507498 0.032558 0.032278
0 0.391609 0.636243 0.034983 0.030880
0 0.890198 0.697524 0.035197 0.035619
0 0.381781 0.377828 0.034093 0.038687
0 0.822153 0.383902 0.035197 0.035619
0 0.782028 0.769562 0.037622 0.034221
0 0.337180 0.637023 0.033735 0.030789
0 0.176457 0.778887 0.037600 0.033747
0 0.609221 0.589384 0.033821 0.032685
0 0.231184 0.743217 0.035147 0.034513
0 0.232572 0.773863 0.035047 0.032302
0 0.607778 0.557521 0.033928 0.035054
0 0.175025 0.747270 0.037617 0.034110
0 0.657571 0.426753 0.035126 0.034040
0 0.880661 0.473163 0.036302 0.032550
0 0.238293 0.900159 0.035197 0.035619
0 0.236274 0.869400 0.036374 0.034130
0 0.517109 0.678254 0.023596 0.019205
0 0.515746 0.640576 0.021917 0.019226
0 0.513379 0.600770 0.021142 0.024097
0 0.494054 0.407859 0.033969 0.020320
0 0.492868 0.389956 0.035596 0.023272
0 0.395892 0.730787 0.035047 0.032302
0 0.492174 0.368706 0.039660 0.024292
0 0.525375 0.880510 0.024820 0.026206
0 0.511736 0.579422 0.024663 0.022731
0 0.516598 0.659105 0.024591 0.021151
0 0.877974 0.413846 0.036238 0.031128
0 0.495109 0.426579 0.036647 0.026434
0 0.497619 0.530364 0.035909 0.023862
0 0.499177 0.550934 0.034539 0.021086
0 0.335232 0.607845 0.035197 0.035619
0 0.617887 0.780684 0.036302 0.032550
0 0.516611 0.700867 0.026319 0.031825
0 0.564337 0.814683 0.033949 0.035529
0 0.509602 0.794883 0.033806 0.032369
0 0.442773 0.508116 0.033806 0.032369
0 0.107046 0.462749 0.035197 0.035619
0 0.443366 0.535015 0.030062 0.032097
0 0.675699 0.868410 0.031454 0.035347
0 0.161880 0.429449 0.035269 0.037199
0 0.896837 0.857907 0.036374 0.034130
0 0.763025 0.322421 0.037622 0.034221
0 0.889498 0.668254 0.036374 0.034130
0 0.340921 0.733429 0.034983 0.030880
0 0.674411 0.839976 0.031167 0.029029
0 0.381483 0.412717 0.032415 0.029119
0 0.273131 0.453072 0.037479 0.031061
0 0.894818 0.827148 0.037693 0.035800
0 0.392968 0.666257 0.035269 0.037199
0 0.562353 0.784715 0.035197 0.035619
0 0.179825 0.839423 0.033949 0.035529
0 0.384970 0.475859 0.031454 0.035347
0 0.108477 0.494343 0.035054 0.032459
0 0.167605 0.555824 0.034983 0.030880
0 0.886493 0.601907 0.036374 0.034130
0 0.767498 0.421152 0.035054 0.032459
0 0.725616 0.740374 0.035126 0.034040
0 0.785734 0.865178 0.033806 0.032369
0 0.599656 0.364391 0.035555 0.043517
0 0.439144 0.441814 0.035197 0.035619
0 0.615832 0.749135 0.035197 0.035619
0 0.331455 0.510649 0.036374 0.034130
0 0.885650 0.569478 0.037693 0.035800
0 0.549735 0.464692 0.033735 0.030789
0 0.338683 0.670197 0.034021 0.037108
0 0.440682 0.475778 0.035126 0.034040
0 0.230330 0.710552 0.036445 0.035710
0 0.875596 0.347533 0.035269 0.037199
0 0.447437 0.694000 0.031382 0.033768
0 0.824391 0.447135 0.033949 0.035529
0 0.655189 0.360360 0.036517 0.037289
0 0.115040 0.625411 0.033949 0.035529
0 0.565144 0.846322 0.037693 0.035800
0 0.172045 0.681500 0.037693 0.035800
0 0.174796 0.714582 0.037693 0.035800
0 0.782800 0.800411 0.038941 0.035891
0 0.784303 0.833584 0.036445 0.035710
0 0.398912 0.825105 0.037693 0.035800
0 0.666194 0.617105 0.037836 0.038959
0 0.164599 0.489477 0.035126 0.034040
0 0.836131 0.733937 0.036517 0.037289
0 0.342424 0.766603 0.035269 0.037199
0 0.347413 0.862918 0.034021 0.037108
0 0.446483 0.631467 0.035197 0.035619
0 0.171862 0.649815 0.035197 0.035619
0 0.887995 0.635081 0.036517 0.037289
0 0.397226 0.760247 0.035197 0.035619
0 0.447290 0.663106 0.033949 0.035529
0 0.819990 0.349984 0.036660 0.040449
0 0.383467 0.442685 0.033949 0.035529
0 0.719601 0.579946 0.037693 0.035800
0 0.335049 0.576160 0.035197 0.035619
0 0.275886 0.513890 0.037693 0.035800
0 0.715379 0.486744 0.037693 0.035800
0 0.832318 0.635952 0.035126 0.034040
0 0.669899 0.712721 0.034021 0.037108
0 0.724221 0.709571 0.035197 0.035619
0 0.109872 0.525146 0.035126 0.034040
0 0.611284 0.621091 0.037836 0.038959
0 0.662671 0.553172 0.033878 0.033949
0 0.445711 0.600618 0.033878 0.033949
0 0.169807 0.618267 0.036302 0.032550
0 0.269465 0.385980 0.036588 0.038869
0 0.668360 0.678758 0.034093 0.038687
0 0.881504 0.505592 0.037622 0.034221
0 0.555090 0.624377 0.035126 0.034040
0 0.664691 0.583931 0.035054 0.032459
0 0.327786 0.415822 0.034983 0.030880
0 0.438265 0.408596 0.033949 0.035529
0 0.457380 0.885841 0.033806 0.032369
0 0.659554 0.456721 0.036374 0.034130
0 0.826701 0.511947 0.035340 0.038778
0 0.271735 0.422268 0.037836 0.038959
0 0.604716 0.462287 0.033878 0.033949
0 0.398105 0.793466 0.036445 0.035710
0 0.553476 0.561098 0.035126 0.034040
0 0.545227 0.365173 0.034021 0.037108
0 0.621593 0.876300 0.035126 0.034040
0 0.602697 0.431528 0.035197 0.035619
0 0.330024 0.479055 0.036374 0.034130
0 0.775389 0.609179 0.036445 0.035710
0 0.565951 0.877961 0.036445 0.035710
0 0.559201 0.687474 0.037622 0.034221
0 0.218375 0.419009 0.039299 0.043789
0 0.452172 0.757052 0.035126 0.034040
0 0.833785 0.668336 0.035197 0.035619
0 0.779754 0.705540 0.033949 0.035529
0 0.221819 0.550304 0.036374 0.034130
0 0.772308 0.513518 0.033878 0.033949
0 0.436031 0.373098 0.037908 0.040540
0 0.830263 0.604404 0.036517 0.037289
0 0.111963 0.557485 0.036302 0.032550
0 0.612751 0.653473 0.034983 0.030880
0 0.221047 0.519455 0.037693 0.035800
0 0.834040 0.701600 0.037693 0.035800
0 0.166173 0.524230 0.037908 0.040540
0 0.614365 0.716752 0.035126 0.034040
0 0.620090 0.843127 0.035269 0.037199
0 0.450776 0.726248 0.032701 0.035438
0 0.613522 0.684323 0.033949 0.035529
0 0.780597 0.737968 0.035269 0.037199
0 0.557110 0.655135 0.036445 0.035710
0 0.453603 0.788645 0.035126 0.034040
0 0.778323 0.673946 0.033949 0.035529
0 0.223910 0.582642 0.035197 0.035619
0 0.606076 0.492301 0.033878 0.033949
0 0.113502 0.591448 0.034021 0.037108
0 0.326211 0.381069 0.035412 0.040358
0 0.329181 0.446626 0.037693 0.035800
0 0.219580 0.487071 0.037765 0.037380
0 0.776856 0.641562 0.033878 0.033949
0 0.656799 0.395904 0.036588 0.038869
0 0.388675 0.571475 0.035126 0.034040
0 0.561475 0.751496 0.036445 0.035710
0 0.661021 0.489105 0.033949 0.035529
0 0.662524 0.522278 0.033949 0.035529
0 0.224717 0.614282 0.036445 0.035710
0 0.559384 0.719157 0.037622 0.034221
0 0.550506 0.495542 0.035197 0.035619
0 0.456573 0.854203 0.032701 0.035438
0 0.548375 0.434678 0.036374 0.034130
0 0.454446 0.821075 0.033949 0.035529
0 0.775206 0.577495 0.036445 0.035710
0 0.773151 0.545947 0.035197 0.035619
0 0.168340 0.585883 0.036517 0.037289
0 0.552080 0.530295 0.035197 0.035619
0 0.723378 0.677142 0.036517 0.037289
0 0.716881 0.519918 0.037693 0.035800
0 0.389554 0.604694 0.036517 0.037289
0 0.606990 0.526309 0.035197 0.035619
0 0.444868 0.568189 0.035197 0.035619
0 0.546872 0.401505 0.036517 0.037289
0 0.554247 0.591948 0.036445 0.035710
